2.379999999999999893e+00
3.979999999999999982e+00
4.919999999999999929e+00
5.790000000000000036e+00
5.910000000000000142e+00
2.899999999999999911e+00
2.549999999999999822e+00
1.719999999999999973e+00
4.160000000000000142e+00
2.040000000000000036e+00
5.200000000000000178e+00
1.449999999999999956e+00
1.629999999999999893e+00
5.049999999999999822e+00
4.049999999999999822e+00
6.110000000000000320e+00
4.480000000000000426e+00
4.199999999999999845e-01
3.819999999999999840e+00
8.100000000000000533e-01
2.120000000000000107e+00
8.000000000000000444e-01
2.109999999999999876e+00
3.910000000000000142e+00
2.899999999999999911e+00
2.069999999999999840e+00
2.990000000000000213e+00
4.450000000000000178e+00
1.100000000000000006e-01
5.500000000000000000e+00
1.360000000000000098e+00
4.199999999999999845e-01
4.209999999999999964e+00
3.459999999999999964e+00
5.330000000000000071e+00
3.799999999999999822e+00
2.080000000000000071e+00
6.190000000000000391e+00
1.060000000000000053e+00
3.689999999999999947e+00
