2.029999999999999805e+00
1.570000000000000062e+00
3.459999999999999964e+00
5.540000000000000036e+00
1.459999999999999964e+00
1.209999999999999964e+00
8.000000000000000444e-01
5.299999999999999822e+00
4.740000000000000213e+00
2.310000000000000053e+00
1.459999999999999964e+00
5.519999999999999574e+00
6.500000000000000222e-01
1.760000000000000009e+00
4.160000000000000142e+00
4.030000000000000249e+00
4.299999999999999822e+00
1.310000000000000053e+00
2.410000000000000142e+00
1.459999999999999964e+00
2.450000000000000178e+00
2.200000000000000011e-01
4.919999999999999929e+00
8.800000000000000044e-01
3.600000000000000089e+00
4.429999999999999716e+00
5.080000000000000071e+00
5.000000000000000000e-01
2.290000000000000036e+00
4.240000000000000213e+00
8.999999999999999667e-02
1.060000000000000053e+00
3.560000000000000053e+00
2.759999999999999787e+00
3.330000000000000071e+00
3.549999999999999822e+00
1.810000000000000053e+00
9.499999999999999556e-01
5.740000000000000213e+00
3.549999999999999822e+00
