4.900000000000000355e+00
2.830000000000000071e+00
4.139999999999999680e+00
5.610000000000000320e+00
5.600000000000000533e-01
1.439999999999999947e+00
2.279999999999999805e+00
1.750000000000000000e+00
2.850000000000000089e+00
2.200000000000000178e+00
3.649999999999999911e+00
4.600000000000000200e-01
1.350000000000000089e+00
3.060000000000000053e+00
1.760000000000000009e+00
2.049999999999999822e+00
2.220000000000000195e+00
5.919999999999999929e+00
2.600000000000000089e-01
4.150000000000000355e+00
2.509999999999999787e+00
6.080000000000000071e+00
1.489999999999999991e+00
1.270000000000000018e+00
8.100000000000000533e-01
1.229999999999999982e+00
1.939999999999999947e+00
3.799999999999999822e+00
1.810000000000000053e+00
5.690000000000000391e+00
3.750000000000000000e+00
3.290000000000000036e+00
2.209999999999999964e+00
3.859999999999999876e+00
4.000000000000000000e+00
3.600000000000000089e+00
5.940000000000000391e+00
1.159999999999999920e+00
9.899999999999999911e-01
6.199999999999999956e-01
