4.969999999999999751e+00
5.879999999999999893e+00
3.040000000000000036e+00
3.209999999999999964e+00
4.580000000000000071e+00
4.669999999999999929e+00
2.470000000000000195e+00
4.299999999999999822e+00
5.500000000000000444e-01
5.999999999999999778e-01
2.149999999999999911e+00
1.770000000000000018e+00
4.959999999999999964e+00
5.570000000000000284e+00
4.099999999999999756e-01
2.509999999999999787e+00
3.310000000000000053e+00
2.279999999999999805e+00
1.699999999999999956e+00
6.190000000000000391e+00
3.439999999999999947e+00
2.589999999999999858e+00
5.900000000000000355e+00
6.110000000000000320e+00
4.150000000000000355e+00
6.099999999999999645e+00
7.500000000000000000e-01
2.660000000000000142e+00
2.500000000000000000e-01
1.280000000000000027e+00
2.490000000000000213e+00
1.550000000000000044e+00
5.480000000000000426e+00
5.879999999999999893e+00
4.209999999999999964e+00
3.390000000000000124e+00
1.139999999999999902e+00
2.569999999999999840e+00
1.860000000000000098e+00
4.540000000000000036e+00
