4.259999999999999787e+00
3.750000000000000000e+00
2.270000000000000018e+00
1.419999999999999929e+00
5.999999999999999778e-01
2.200000000000000011e-01
5.250000000000000000e+00
4.000000000000000000e+00
3.609999999999999876e+00
2.899999999999999911e+00
2.899999999999999911e+00
2.080000000000000071e+00
2.419999999999999929e+00
5.269999999999999574e+00
4.860000000000000320e+00
4.250000000000000000e+00
6.999999999999999556e-01
3.870000000000000107e+00
4.049999999999999822e+00
5.969999999999999751e+00
1.379999999999999893e+00
5.780000000000000249e+00
4.690000000000000391e+00
5.179999999999999716e+00
1.629999999999999893e+00
2.299999999999999822e+00
5.429999999999999716e+00
5.120000000000000107e+00
3.939999999999999947e+00
3.000000000000000000e+00
5.100000000000000089e-01
6.129999999999999893e+00
3.120000000000000107e+00
1.719999999999999973e+00
5.690000000000000391e+00
4.620000000000000107e+00
3.910000000000000142e+00
4.490000000000000213e+00
3.310000000000000053e+00
4.219999999999999751e+00
