2.810000000000000053e+00
5.089999999999999858e+00
4.990000000000000213e+00
4.000000000000000222e-01
5.820000000000000284e+00
3.890000000000000124e+00
6.300000000000000044e-01
2.569999999999999840e+00
8.900000000000000133e-01
4.599999999999999645e+00
1.590000000000000080e+00
4.480000000000000426e+00
2.000000000000000042e-02
6.300000000000000044e-01
4.129999999999999893e+00
3.490000000000000213e+00
4.940000000000000391e+00
4.070000000000000284e+00
3.599999999999999867e-01
8.000000000000000167e-02
3.120000000000000107e+00
3.499999999999999778e-01
3.529999999999999805e+00
6.129999999999999893e+00
5.559999999999999609e+00
1.739999999999999991e+00
2.950000000000000178e+00
4.309999999999999609e+00
5.300000000000000266e-01
1.770000000000000018e+00
1.919999999999999929e+00
7.800000000000000266e-01
2.540000000000000036e+00
2.339999999999999858e+00
4.900000000000000355e+00
3.300000000000000155e-01
3.370000000000000107e+00
3.410000000000000142e+00
5.400000000000000355e-01
4.500000000000000111e-01
