5.790000000000000036e+00
1.860000000000000098e+00
4.299999999999999822e+00
3.359999999999999876e+00
5.919999999999999929e+00
4.509999999999999787e+00
5.459999999999999964e+00
1.909999999999999920e+00
6.049999999999999822e+00
5.400000000000000355e+00
2.450000000000000178e+00
7.700000000000000178e-01
5.200000000000000178e+00
4.209999999999999964e+00
3.939999999999999947e+00
4.990000000000000213e+00
2.620000000000000107e+00
2.899999999999999800e-01
4.629999999999999893e+00
3.279999999999999805e+00
5.000000000000000278e-02
3.459999999999999964e+00
6.209999999999999964e+00
3.950000000000000178e+00
4.709999999999999964e+00
4.179999999999999716e+00
3.060000000000000053e+00
4.849999999999999645e+00
1.780000000000000027e+00
2.430000000000000160e+00
3.279999999999999805e+00
3.089999999999999858e+00
5.980000000000000426e+00
1.080000000000000071e+00
1.570000000000000062e+00
5.040000000000000036e+00
3.839999999999999858e+00
2.089999999999999858e+00
5.139999999999999680e+00
3.400000000000000244e-01
