3.939999999999999947e+00
5.030000000000000249e+00
5.429999999999999716e+00
1.610000000000000098e+00
4.820000000000000284e+00
3.279999999999999805e+00
4.400000000000000022e-01
2.250000000000000000e+00
5.959999999999999964e+00
5.339999999999999858e+00
4.900000000000000355e+00
1.429999999999999938e+00
4.969999999999999751e+00
4.269999999999999574e+00
2.870000000000000107e+00
5.620000000000000107e+00
3.950000000000000178e+00
5.400000000000000355e+00
2.899999999999999800e-01
2.490000000000000213e+00
1.100000000000000089e+00
3.220000000000000195e+00
3.990000000000000213e+00
5.160000000000000142e+00
4.199999999999999845e-01
4.250000000000000000e+00
4.080000000000000071e+00
2.479999999999999982e+00
2.250000000000000000e+00
1.600000000000000033e-01
6.070000000000000284e+00
4.690000000000000391e+00
3.339999999999999858e+00
5.179999999999999716e+00
3.060000000000000053e+00
5.040000000000000036e+00
5.719999999999999751e+00
5.889999999999999680e+00
1.929999999999999938e+00
1.370000000000000107e+00
