5.459999999999999964e+00
2.390000000000000124e+00
4.879999999999999893e+00
3.450000000000000178e+00
6.219999999999999751e+00
2.009999999999999787e+00
3.640000000000000124e+00
9.599999999999999645e-01
6.179999999999999716e+00
4.280000000000000249e+00
3.259999999999999787e+00
3.540000000000000036e+00
3.819999999999999840e+00
1.320000000000000062e+00
4.080000000000000071e+00
5.469999999999999751e+00
2.279999999999999805e+00
1.500000000000000000e+00
3.790000000000000036e+00
2.620000000000000107e+00
2.879999999999999893e+00
3.740000000000000213e+00
5.019999999999999574e+00
1.959999999999999964e+00
5.650000000000000355e+00
1.959999999999999964e+00
2.770000000000000018e+00
3.729999999999999982e+00
5.839999999999999858e+00
1.050000000000000044e+00
1.340000000000000080e+00
3.640000000000000124e+00
1.510000000000000009e+00
3.100000000000000089e+00
3.959999999999999964e+00
5.019999999999999574e+00
5.879999999999999893e+00
5.370000000000000107e+00
2.299999999999999822e+00
3.779999999999999805e+00
