8.000000000000000167e-02
5.490000000000000213e+00
1.199999999999999956e-01
1.010000000000000009e+00
2.770000000000000018e+00
3.100000000000000089e+00
4.969999999999999751e+00
7.000000000000000666e-02
4.599999999999999645e+00
4.440000000000000391e+00
2.910000000000000142e+00
4.849999999999999645e+00
4.769999999999999574e+00
4.519999999999999574e+00
3.169999999999999929e+00
6.209999999999999964e+00
4.379999999999999893e+00
5.639999999999999680e+00
6.120000000000000107e+00
2.560000000000000053e+00
2.879999999999999893e+00
2.490000000000000213e+00
5.570000000000000284e+00
3.459999999999999964e+00
4.419999999999999929e+00
5.919999999999999929e+00
6.059999999999999609e+00
5.250000000000000000e+00
3.720000000000000195e+00
3.359999999999999876e+00
5.339999999999999858e+00
4.490000000000000213e+00
2.899999999999999911e+00
3.509999999999999787e+00
4.120000000000000107e+00
5.139999999999999680e+00
5.000000000000000000e-01
1.370000000000000107e+00
2.009999999999999787e+00
5.440000000000000391e+00
