1.799999999999999933e-01
1.100000000000000006e-01
5.830000000000000071e+00
5.629999999999999893e+00
3.300000000000000155e-01
2.899999999999999800e-01
5.389999999999999680e+00
4.209999999999999964e+00
2.569999999999999840e+00
3.520000000000000018e+00
1.939999999999999947e+00
2.080000000000000071e+00
9.000000000000000222e-01
2.220000000000000195e+00
4.299999999999999822e+00
6.089999999999999858e+00
4.690000000000000391e+00
1.310000000000000053e+00
4.000000000000000083e-02
1.899999999999999911e+00
5.169999999999999929e+00
4.480000000000000426e+00
5.000000000000000000e-01
1.479999999999999982e+00
2.689999999999999947e+00
5.509999999999999787e+00
1.459999999999999964e+00
6.250000000000000000e+00
1.770000000000000018e+00
4.549999999999999822e+00
2.099999999999999922e-01
3.189999999999999947e+00
1.550000000000000044e+00
3.430000000000000160e+00
3.939999999999999947e+00
3.459999999999999964e+00
1.610000000000000098e+00
2.250000000000000000e+00
3.740000000000000213e+00
2.549999999999999822e+00
