3.649999999999999911e+00
3.509999999999999787e+00
3.779999999999999805e+00
4.299999999999999822e+00
5.200000000000000178e-01
5.559999999999999609e+00
6.049999999999999822e+00
9.899999999999999911e-01
4.620000000000000107e+00
4.290000000000000036e+00
1.860000000000000098e+00
3.709999999999999964e+00
3.950000000000000178e+00
2.990000000000000213e+00
3.700000000000000178e+00
6.280000000000000249e+00
4.169999999999999929e+00
4.629999999999999893e+00
4.150000000000000355e+00
2.509999999999999787e+00
6.059999999999999609e+00
5.740000000000000213e+00
6.600000000000000311e-01
5.120000000000000107e+00
1.439999999999999947e+00
8.199999999999999512e-01
2.680000000000000160e+00
5.500000000000000444e-01
2.000000000000000111e-01
2.259999999999999787e+00
3.500000000000000000e+00
4.019999999999999574e+00
9.699999999999999734e-01
1.300000000000000044e-01
4.199999999999999845e-01
1.709999999999999964e+00
6.059999999999999609e+00
5.400000000000000355e-01
3.560000000000000053e+00
6.049999999999999822e+00
