8.699999999999999956e-01
3.560000000000000053e+00
2.000000000000000000e+00
3.400000000000000244e-01
2.899999999999999800e-01
5.269999999999999574e+00
2.569999999999999840e+00
1.260000000000000009e+00
5.219999999999999751e+00
3.089999999999999858e+00
4.700000000000000178e+00
5.370000000000000107e+00
3.660000000000000142e+00
2.689999999999999947e+00
3.000000000000000000e+00
3.900000000000000133e-01
1.649999999999999911e+00
5.200000000000000178e+00
1.929999999999999938e+00
9.000000000000000222e-01
4.179999999999999716e+00
4.440000000000000391e+00
1.000000000000000056e-01
5.070000000000000284e+00
4.860000000000000320e+00
3.700000000000000178e+00
5.500000000000000444e-01
5.250000000000000000e+00
1.929999999999999938e+00
2.350000000000000089e+00
5.219999999999999751e+00
1.700000000000000122e-01
1.780000000000000027e+00
1.060000000000000053e+00
2.620000000000000107e+00
4.610000000000000320e+00
3.500000000000000000e+00
2.419999999999999929e+00
2.229999999999999982e+00
5.540000000000000036e+00
