2.080000000000000071e+00
4.799999999999999822e-01
4.809999999999999609e+00
1.580000000000000071e+00
4.799999999999999822e-01
7.199999999999999734e-01
1.909999999999999920e+00
5.230000000000000426e+00
4.540000000000000036e+00
1.949999999999999956e+00
2.830000000000000071e+00
1.399999999999999911e+00
5.089999999999999858e+00
2.520000000000000018e+00
4.080000000000000071e+00
3.779999999999999805e+00
3.009999999999999787e+00
1.689999999999999947e+00
1.030000000000000027e+00
9.100000000000000311e-01
4.790000000000000036e+00
1.540000000000000036e+00
5.000000000000000000e-01
1.800000000000000044e+00
3.080000000000000071e+00
6.000000000000000000e+00
4.610000000000000320e+00
1.010000000000000009e+00
1.159999999999999920e+00
3.810000000000000053e+00
6.600000000000000311e-01
2.089999999999999858e+00
3.300000000000000155e-01
5.919999999999999929e+00
2.160000000000000142e+00
3.919999999999999929e+00
1.800000000000000044e+00
1.669999999999999929e+00
8.999999999999999667e-02
5.099999999999999645e+00
