2.390000000000000124e+00
1.050000000000000044e+00
5.000000000000000000e+00
2.250000000000000000e+00
4.379999999999999893e+00
6.240000000000000213e+00
5.480000000000000426e+00
3.899999999999999911e+00
4.349999999999999645e+00
1.340000000000000080e+00
3.229999999999999982e+00
2.089999999999999858e+00
5.129999999999999893e+00
2.870000000000000107e+00
4.950000000000000178e+00
6.230000000000000426e+00
1.379999999999999893e+00
3.709999999999999964e+00
2.770000000000000018e+00
4.320000000000000284e+00
3.390000000000000124e+00
4.000000000000000083e-02
2.500000000000000000e-01
6.400000000000000133e-01
9.499999999999999556e-01
3.240000000000000213e+00
2.080000000000000071e+00
3.509999999999999787e+00
5.620000000000000107e+00
2.459999999999999964e+00
3.479999999999999982e+00
8.100000000000000533e-01
4.719999999999999751e+00
1.489999999999999991e+00
6.230000000000000426e+00
5.919999999999999929e+00
2.180000000000000160e+00
2.200000000000000011e-01
8.900000000000000133e-01
3.520000000000000018e+00
