2.700000000000000178e+00
1.770000000000000018e+00
1.560000000000000053e+00
3.020000000000000018e+00
1.649999999999999911e+00
3.879999999999999893e+00
2.779999999999999805e+00
4.459999999999999964e+00
4.320000000000000284e+00
2.129999999999999893e+00
5.730000000000000426e+00
5.490000000000000213e+00
3.870000000000000107e+00
4.570000000000000284e+00
3.399999999999999911e+00
3.209999999999999964e+00
1.830000000000000071e+00
6.049999999999999822e+00
3.339999999999999858e+00
1.300000000000000044e+00
2.089999999999999858e+00
2.310000000000000053e+00
5.830000000000000071e+00
1.340000000000000080e+00
3.959999999999999964e+00
4.110000000000000320e+00
5.519999999999999574e+00
1.899999999999999911e+00
6.169999999999999929e+00
4.450000000000000178e+00
2.270000000000000018e+00
6.240000000000000213e+00
5.580000000000000071e+00
5.280000000000000249e+00
1.820000000000000062e+00
2.500000000000000000e-01
1.700000000000000122e-01
5.339999999999999858e+00
1.770000000000000018e+00
3.609999999999999876e+00
