1.050999999999999934e+00
1.197999999999999954e+00
-1.930000000000000049e-01
1.620000000000000051e-01
9.379999999999999449e-01
2.174999999999999822e+00
1.139999999999999902e+00
1.723999999999999977e+00
1.677000000000000046e+00
2.234999999999999876e+00
4.369999999999999996e-01
1.457000000000000073e+00
8.599999999999999312e-02
1.034999999999999920e+00
1.153999999999999915e+00
2.584999999999999964e+00
1.643000000000000016e+00
1.133999999999999897e+00
6.400000000000000133e-02
1.524000000000000021e+00
2.093999999999999861e+00
2.520000000000000018e-01
1.754999999999999893e+00
7.009999999999999565e-01
6.660000000000000364e-01
1.445999999999999952e+00
1.393999999999999906e+00
1.852000000000000091e+00
2.444999999999999840e+00
2.097999999999999865e+00
2.785000000000000142e+00
2.055000000000000160e+00
1.272999999999999909e+00
1.439000000000000057e+00
5.809999999999999609e-01
2.950000000000000178e+00
7.219999999999999751e-01
1.780999999999999917e+00
1.068000000000000060e+00
1.721999999999999975e+00
