1.953000000000000069e+00
2.512000000000000011e+00
1.344000000000000083e+00
1.576000000000000068e+00
8.669999999999999929e-01
2.537999999999999812e+00
1.542999999999999927e+00
2.451000000000000068e+00
2.634999999999999787e+00
2.541999999999999815e+00
9.900000000000000466e-02
8.409999999999999698e-01
1.397000000000000020e+00
1.004000000000000004e+00
2.755999999999999783e+00
2.693999999999999950e+00
2.087000000000000188e+00
7.429999999999999938e-01
1.891000000000000014e+00
2.774999999999999911e+00
2.115000000000000213e+00
2.572000000000000064e+00
3.201999999999999957e+00
2.523000000000000131e+00
2.319999999999999840e+00
2.549999999999999822e+00
1.548999999999999932e+00
1.977999999999999980e+00
2.938000000000000167e+00
2.138999999999999790e+00
1.727999999999999980e+00
1.512999999999999901e+00
1.768999999999999906e+00
2.623000000000000220e+00
2.746999999999999886e+00
2.083000000000000185e+00
2.806999999999999940e+00
1.701000000000000068e+00
2.927999999999999936e+00
1.522999999999999909e+00
