6.870000000000000551e-01
5.070000000000000062e-01
2.109999999999999931e-01
1.580999999999999961e+00
1.019999999999999934e-01
1.314000000000000057e+00
1.241000000000000103e+00
7.850000000000000311e-01
6.860000000000000542e-01
4.829999999999999849e-01
9.320000000000000506e-01
1.385000000000000009e+00
1.887000000000000011e+00
1.346999999999999975e+00
8.419999999999999707e-01
1.141999999999999904e+00
7.590000000000000080e-01
1.622000000000000108e+00
9.519999999999999574e-01
6.039999999999999813e-01
1.608000000000000096e+00
1.393999999999999906e+00
3.529999999999999805e-01
1.885999999999999899e+00
8.509999999999999787e-01
6.500000000000000222e-01
6.350000000000000089e-01
4.209999999999999853e-01
1.048000000000000043e+00
1.165999999999999925e+00
9.889999999999999902e-01
9.569999999999999618e-01
1.411000000000000032e+00
1.040000000000000036e+00
8.199999999999999512e-01
1.429999999999999938e+00
1.485999999999999988e+00
1.280999999999999917e+00
9.669999999999999707e-01
5.879999999999999671e-01
