3.056999999999999940e+00
1.576000000000000068e+00
2.439999999999999947e+00
2.838000000000000078e+00
1.409000000000000030e+00
2.375999999999999890e+00
1.401000000000000023e+00
1.737999999999999989e+00
1.512000000000000011e+00
1.463999999999999968e+00
6.400000000000000133e-01
2.791999999999999815e+00
1.010000000000000009e+00
2.918000000000000149e+00
3.112999999999999989e+00
2.634999999999999787e+00
8.489999999999999769e-01
2.968999999999999861e+00
1.957999999999999963e+00
2.096000000000000085e+00
9.579999999999999627e-01
2.702999999999999847e+00
3.137000000000000011e+00
9.849999999999999867e-01
2.978000000000000203e+00
2.428999999999999826e+00
1.645000000000000018e+00
3.310000000000000053e+00
1.370999999999999996e+00
2.222999999999999865e+00
3.569999999999999840e-01
1.691999999999999948e+00
1.536999999999999922e+00
1.937999999999999945e+00
2.051000000000000156e+00
2.645000000000000018e+00
2.213999999999999968e+00
2.004000000000000004e+00
2.592999999999999972e+00
3.119000000000000217e+00
