1.135999999999999899e+00
1.754999999999999893e+00
1.312999999999999945e+00
2.799999999999999822e+00
1.935000000000000053e+00
2.073999999999999844e+00
1.594000000000000083e+00
1.687000000000000055e+00
1.508999999999999897e+00
1.633000000000000007e+00
1.606000000000000094e+00
5.749999999999999556e-01
1.665000000000000036e+00
1.358999999999999986e+00
1.102000000000000091e+00
1.052000000000000046e+00
9.849999999999999867e-01
7.620000000000000107e-01
1.068000000000000060e+00
1.864999999999999991e+00
1.044999999999999929e+00
9.220000000000000417e-01
1.475000000000000089e+00
1.360000000000000098e+00
1.155999999999999917e+00
2.295999999999999819e+00
3.069999999999999951e-01
1.338999999999999968e+00
1.645999999999999908e+00
2.470000000000000195e+00
1.951000000000000068e+00
1.995999999999999996e+00
1.276000000000000023e+00
1.790999999999999925e+00
1.497999999999999998e+00
1.675000000000000044e+00
2.565999999999999837e+00
1.364000000000000101e+00
1.534999999999999920e+00
2.031000000000000139e+00
