1.252000000000000002e+00
4.979999999999999982e-01
1.953000000000000069e+00
8.930000000000000160e-01
1.729999999999999982e+00
3.890000000000000124e-01
2.197000000000000064e+00
1.030000000000000027e+00
1.487000000000000099e+00
1.574999999999999956e+00
7.459999999999999964e-01
1.550999999999999934e+00
1.340000000000000080e+00
7.550000000000000044e-01
1.645000000000000018e+00
1.229000000000000092e+00
7.249999999999999778e-01
2.549999999999999822e+00
2.083000000000000185e+00
1.562000000000000055e+00
2.677000000000000046e+00
1.106999999999999984e+00
1.038999999999999924e+00
5.809999999999999609e-01
2.850000000000000089e+00
1.000000000000000000e+00
2.734999999999999876e+00
1.504000000000000004e+00
1.354999999999999982e+00
8.679999999999999938e-01
1.322000000000000064e+00
1.223000000000000087e+00
1.310999999999999943e+00
7.439999999999999947e-01
1.340999999999999970e+00
1.558000000000000052e+00
1.379000000000000004e+00
2.310000000000000053e+00
8.609999999999999876e-01
1.030000000000000027e+00
