1.116000000000000103e+00
2.358000000000000096e+00
8.209999999999999520e-01
1.927000000000000046e+00
1.497999999999999998e+00
1.076000000000000068e+00
1.203000000000000069e+00
2.508000000000000007e+00
8.479999999999999760e-01
1.955999999999999961e+00
2.599000000000000199e+00
2.126999999999999780e+00
2.149000000000000021e+00
1.489000000000000101e+00
1.489000000000000101e+00
2.464999999999999858e+00
1.167000000000000037e+00
2.208000000000000185e+00
1.237000000000000099e+00
2.123000000000000220e+00
1.921999999999999931e+00
-3.860000000000000098e-01
8.469999999999999751e-01
1.858000000000000096e+00
1.425999999999999934e+00
1.268999999999999906e+00
2.803999999999999826e+00
1.294000000000000039e+00
1.582000000000000073e+00
1.469999999999999973e+00
1.641000000000000014e+00
2.757000000000000117e+00
1.887999999999999901e+00
1.372000000000000108e+00
1.532000000000000028e+00
9.549999999999999600e-01
1.935000000000000053e+00
2.549999999999999822e+00
1.943000000000000060e+00
1.586999999999999966e+00
