1.010999999999999899e+00
7.489999999999999991e-01
1.794000000000000039e+00
1.215999999999999970e+00
1.836000000000000076e+00
2.080000000000000071e+00
1.616999999999999993e+00
1.191000000000000059e+00
1.495999999999999996e+00
1.502999999999999892e+00
1.616999999999999993e+00
9.969999999999999973e-01
2.181000000000000050e+00
1.598000000000000087e+00
2.771999999999999797e+00
2.117999999999999883e+00
1.346000000000000085e+00
1.927000000000000046e+00
9.350000000000000533e-01
-4.700000000000000011e-02
1.112000000000000099e+00
1.038999999999999924e+00
1.961999999999999966e+00
8.419999999999999707e-01
1.336000000000000076e+00
1.046000000000000041e+00
1.437999999999999945e+00
1.217000000000000082e+00
1.562000000000000055e+00
4.989999999999999991e-01
9.270000000000000462e-01
1.701999999999999957e+00
1.949000000000000066e+00
1.481000000000000094e+00
1.643999999999999906e+00
1.695999999999999952e+00
9.190000000000000391e-01
8.539999999999999813e-01
1.786000000000000032e+00
1.421000000000000041e+00
