1.068000000000000060e+00
1.086999999999999966e+00
1.254999999999999893e+00
1.227000000000000091e+00
1.528999999999999915e+00
1.078000000000000069e+00
7.960000000000000409e-01
1.383000000000000007e+00
2.458000000000000185e+00
1.100000000000000006e-01
3.439999999999999725e-01
1.643000000000000016e+00
1.040000000000000036e+00
1.344000000000000083e+00
8.980000000000000204e-01
1.062000000000000055e+00
1.502999999999999892e+00
1.461000000000000076e+00
1.296999999999999931e+00
1.086000000000000076e+00
8.439999999999999725e-01
5.929999999999999716e-01
1.542000000000000037e+00
1.276999999999999913e+00
1.469999999999999973e+00
2.040000000000000036e+00
9.929999999999999938e-01
8.050000000000000488e-01
1.993000000000000105e+00
1.157000000000000028e+00
1.272999999999999909e+00
1.243000000000000105e+00
1.112000000000000099e+00
1.788000000000000034e+00
1.252999999999999892e+00
7.199999999999999734e-01
1.679999999999999938e+00
1.925999999999999934e+00
2.999999999999999889e-01
1.661999999999999922e+00
