1.050999999999999934e+00
1.703999999999999959e+00
1.409999999999999920e+00
1.155000000000000027e+00
1.191000000000000059e+00
1.205000000000000071e+00
3.559999999999999831e-01
9.180000000000000382e-01
1.102000000000000091e+00
1.169999999999999929e+00
2.108999999999999986e+00
9.260000000000000453e-01
1.788000000000000034e+00
6.039999999999999813e-01
2.059999999999999887e-01
1.239000000000000101e+00
1.320000000000000062e+00
1.641999999999999904e+00
1.143999999999999906e+00
1.054999999999999938e+00
9.080000000000000293e-01
1.443999999999999950e+00
1.114000000000000101e+00
2.650000000000000133e-01
1.116999999999999993e+00
3.699999999999999956e-01
1.385000000000000009e+00
1.522000000000000020e+00
1.266999999999999904e+00
2.153000000000000025e+00
1.838000000000000078e+00
1.909999999999999920e+00
1.951000000000000068e+00
1.312999999999999945e+00
7.520000000000000018e-01
2.158999999999999808e+00
5.649999999999999467e-01
4.969999999999999973e-01
2.254000000000000004e+00
2.347999999999999865e+00
