1.233999999999999986e+00
1.139999999999999902e+00
1.576000000000000068e+00
1.153000000000000025e+00
1.975999999999999979e+00
2.080000000000000071e+00
1.076999999999999957e+00
1.945999999999999952e+00
5.700000000000000205e-02
3.411000000000000032e+00
3.733000000000000096e+00
1.221000000000000085e+00
2.396999999999999797e+00
2.685000000000000053e+00
8.990000000000000213e-01
1.961000000000000076e+00
3.051000000000000156e+00
3.583000000000000185e+00
1.304999999999999938e+00
2.244000000000000217e+00
2.855999999999999872e+00
2.789000000000000146e+00
1.794999999999999929e+00
2.279999999999999805e+00
2.386000000000000121e+00
2.214999999999999858e+00
2.056999999999999940e+00
1.512999999999999901e+00
1.697000000000000064e+00
2.563000000000000167e+00
1.159000000000000030e+00
1.405000000000000027e+00
2.056000000000000050e+00
2.841000000000000192e+00
1.921999999999999931e+00
1.860999999999999988e+00
8.820000000000000062e-01
1.495999999999999996e+00
2.535000000000000142e+00
2.017999999999999794e+00
