8.439999999999999725e-01
1.596000000000000085e+00
4.040000000000000258e-01
6.219999999999999973e-01
9.080000000000000293e-01
7.940000000000000391e-01
2.516999999999999904e+00
1.381999999999999895e+00
1.070999999999999952e+00
1.560999999999999943e+00
5.140000000000000124e-01
1.300999999999999934e+00
1.437000000000000055e+00
1.717999999999999972e+00
2.043000000000000149e+00
6.149999999999999911e-01
8.569999999999999840e-01
1.332000000000000073e+00
1.766999999999999904e+00
6.929999999999999494e-01
1.661000000000000032e+00
2.782999999999999918e+00
2.137999999999999901e+00
1.487000000000000099e+00
1.526000000000000023e+00
2.096999999999999975e+00
2.173999999999999932e+00
1.808999999999999941e+00
2.750000000000000000e+00
2.128000000000000114e+00
1.762999999999999901e+00
1.429999999999999938e+00
1.645999999999999908e+00
1.764999999999999902e+00
1.657999999999999918e+00
1.951999999999999957e+00
1.824000000000000066e+00
2.093999999999999861e+00
1.872999999999999998e+00
1.592999999999999972e+00
