1.818999999999999950e+00
3.395000000000000018e+00
1.620999999999999996e+00
1.885000000000000009e+00
2.670999999999999819e+00
1.320000000000000062e+00
1.102999999999999980e+00
2.657999999999999918e+00
2.487000000000000099e+00
2.451999999999999957e+00
1.836999999999999966e+00
3.561999999999999833e+00
2.950000000000000178e+00
1.068999999999999950e+00
8.060000000000000497e-01
1.469000000000000083e+00
-1.089999999999999997e-01
2.105999999999999872e+00
3.435999999999999943e+00
1.570000000000000062e+00
3.346000000000000085e+00
1.508999999999999897e+00
8.090000000000000524e-01
1.903000000000000025e+00
2.468999999999999861e+00
4.044999999999999929e+00
1.860000000000000098e+00
1.899000000000000021e+00
2.709999999999999964e+00
2.722999999999999865e+00
1.618999999999999995e+00
1.131000000000000005e+00
1.838999999999999968e+00
6.760000000000000453e-01
1.594999999999999973e+00
3.140000000000000124e+00
2.189999999999999947e+00
1.171999999999999931e+00
2.173000000000000043e+00
2.358999999999999986e+00
