9.499999999999999556e-01
1.379999999999999893e+00
6.089999999999999858e-01
2.134999999999999787e+00
1.516999999999999904e+00
6.250000000000000000e-01
4.949999999999999956e-01
1.693000000000000060e+00
3.260000000000000120e-01
1.250999999999999890e+00
1.326999999999999957e+00
1.620000000000000107e+00
1.064000000000000057e+00
9.489999999999999547e-01
2.099999999999999922e-01
6.610000000000000320e-01
1.627999999999999892e+00
1.131999999999999895e+00
5.180000000000000160e-01
7.520000000000000018e-01
2.402000000000000135e+00
1.790999999999999925e+00
2.242999999999999883e+00
1.419999999999999929e+00
1.120000000000000107e+00
9.010000000000000231e-01
1.737000000000000099e+00
8.030000000000000471e-01
1.899999999999999911e+00
1.278000000000000025e+00
5.070000000000000062e-01
1.272999999999999909e+00
1.862999999999999989e+00
1.197000000000000064e+00
1.163999999999999924e+00
1.445000000000000062e+00
1.538999999999999924e+00
1.794999999999999929e+00
8.040000000000000480e-01
1.038999999999999924e+00
