9.869999999999999885e-01
1.433999999999999941e+00
1.151000000000000023e+00
2.157999999999999918e+00
1.905000000000000027e+00
2.107000000000000206e+00
8.669999999999999929e-01
1.828999999999999959e+00
2.962000000000000188e+00
6.410000000000000142e-01
2.608999999999999986e+00
1.989000000000000101e+00
1.435999999999999943e+00
2.439000000000000057e+00
2.793000000000000149e+00
2.128000000000000114e+00
2.436999999999999833e+00
2.193999999999999950e+00
2.737999999999999989e+00
1.925999999999999934e+00
4.859999999999999876e-01
2.585999999999999854e+00
1.981999999999999984e+00
1.135000000000000009e+00
1.209999999999999964e+00
8.159999999999999476e-01
1.294999999999999929e+00
1.538999999999999924e+00
1.729999999999999982e+00
2.020999999999999908e+00
1.270999999999999908e+00
1.120999999999999996e+00
1.772000000000000020e+00
2.329000000000000181e+00
1.959999999999999964e+00
1.679000000000000048e+00
6.390000000000000124e-01
2.298999999999999932e+00
3.140000000000000013e-01
1.266999999999999904e+00
