2.050000000000000000e+04
4.035400000000000000e+04
5.910500000000000000e+04
8.006200000000000000e+04
9.991600000000000000e+04
1.208730000000000000e+05
1.385210000000000000e+05
1.605810000000000000e+05
1.793320000000000000e+05
1.980830000000000000e+05
2.201430000000000000e+05
2.388940000000000000e+05
2.587480000000000000e+05
2.786020000000000000e+05
2.984560000000000000e+05
3.183100000000000000e+05
3.381640000000000000e+05
3.580180000000000000e+05
3.756660000000000000e+05
3.977260000000000000e+05
