6.413000000000000000e+03
2.185500000000000000e+04
3.619400000000000000e+04
5.163600000000000000e+04
6.597500000000000000e+04
8.031400000000000000e+04
9.465300000000000000e+04
1.100950000000000000e+05
1.244340000000000000e+05
1.398760000000000000e+05
1.542150000000000000e+05
1.685540000000000000e+05
1.839960000000000000e+05
1.983350000000000000e+05
2.126740000000000000e+05
2.270130000000000000e+05
2.424550000000000000e+05
2.567940000000000000e+05
2.722360000000000000e+05
2.865750000000000000e+05
