4.773000000000000000e+03
1.580300000000000000e+04
2.573000000000000000e+04
3.676000000000000000e+04
4.889300000000000000e+04
5.771700000000000000e+04
6.874700000000000000e+04
8.088000000000000000e+04
9.080700000000000000e+04
1.007340000000000000e+05
1.128670000000000000e+05
1.250000000000000000e+05
1.349270000000000000e+05
1.470600000000000000e+05
1.580900000000000000e+05
1.702230000000000000e+05
1.812530000000000000e+05
1.933860000000000000e+05
2.055190000000000000e+05
2.165490000000000000e+05
