5.092000000000000000e+03
1.832800000000000000e+04
3.156400000000000000e+04
4.590300000000000000e+04
5.913900000000000000e+04
7.237500000000000000e+04
8.561100000000000000e+04
9.884700000000000000e+04
1.131860000000000000e+05
1.264220000000000000e+05
1.396580000000000000e+05
1.528940000000000000e+05
1.661300000000000000e+05
1.804690000000000000e+05
1.937050000000000000e+05
2.069410000000000000e+05
2.190740000000000000e+05
2.323100000000000000e+05
2.455460000000000000e+05
2.587820000000000000e+05
