5.289000000000000000e+03
2.073100000000000000e+04
3.507000000000000000e+04
5.051200000000000000e+04
6.374800000000000000e+04
7.808700000000000000e+04
9.242600000000000000e+04
1.056620000000000000e+05
1.200010000000000000e+05
1.354430000000000000e+05
1.497820000000000000e+05
1.652240000000000000e+05
1.806660000000000000e+05
1.939020000000000000e+05
2.082410000000000000e+05
2.225800000000000000e+05
2.380220000000000000e+05
2.523610000000000000e+05
2.667000000000000000e+05
2.821420000000000000e+05
