6.272000000000000000e+03
3.274400000000000000e+04
4.487700000000000000e+04
5.811300000000000000e+04
7.796700000000000000e+04
8.789400000000000000e+04
9.782100000000000000e+04
1.110570000000000000e+05
1.264990000000000000e+05
1.419410000000000000e+05
1.529710000000000000e+05
1.673100000000000000e+05
1.882670000000000000e+05
2.081210000000000000e+05
2.312840000000000000e+05
2.665800000000000000e+05
2.864340000000000000e+05
2.985670000000000000e+05
3.162150000000000000e+05
3.272450000000000000e+05
