1.234300000000000000e+04
2.668200000000000000e+04
3.550600000000000000e+04
5.425700000000000000e+04
6.969900000000000000e+04
7.852300000000000000e+04
9.175900000000000000e+04
1.016860000000000000e+05
1.292610000000000000e+05
1.447030000000000000e+05
1.590420000000000000e+05
1.910290000000000000e+05
1.998530000000000000e+05
2.086770000000000000e+05
2.241190000000000000e+05
2.417670000000000000e+05
2.583120000000000000e+05
2.748570000000000000e+05
2.947110000000000000e+05
3.046380000000000000e+05
