3.494000000000000000e+03
1.673000000000000000e+04
2.555400000000000000e+04
3.879000000000000000e+04
5.533500000000000000e+04
6.526200000000000000e+04
7.298300000000000000e+04
8.732200000000000000e+04
9.835200000000000000e+04
1.060730000000000000e+05
1.137940000000000000e+05
1.237210000000000000e+05
1.325450000000000000e+05
1.413690000000000000e+05
1.501930000000000000e+05
1.623260000000000000e+05
1.711500000000000000e+05
1.799740000000000000e+05
1.921070000000000000e+05
1.998280000000000000e+05
