2.291600000000000000e+04
4.828500000000000000e+04
7.365400000000000000e+04
9.240500000000000000e+04
1.067440000000000000e+05
1.563790000000000000e+05
1.773360000000000000e+05
2.644730000000000000e+05
2.777090000000000000e+05
3.107990000000000000e+05
3.328590000000000000e+05
3.471980000000000000e+05
3.670520000000000000e+05
3.902150000000000000e+05
4.177900000000000000e+05
4.365410000000000000e+05
4.497770000000000000e+05
4.762490000000000000e+05
5.005150000000000000e+05
5.225750000000000000e+05
