1.728700000000000000e+04
3.052300000000000000e+04
4.375900000000000000e+04
6.030400000000000000e+04
7.684900000000000000e+04
1.044240000000000000e+05
1.253810000000000000e+05
1.364110000000000000e+05
1.485440000000000000e+05
1.628830000000000000e+05
2.036940000000000000e+05
2.224450000000000000e+05
2.367840000000000000e+05
2.577410000000000000e+05
2.786980000000000000e+05
2.930370000000000000e+05
3.073760000000000000e+05
3.195090000000000000e+05
3.371570000000000000e+05
3.537020000000000000e+05
