1.242400000000000000e+04
2.345400000000000000e+04
3.558700000000000000e+04
4.661700000000000000e+04
5.764700000000000000e+04
6.867700000000000000e+04
7.970700000000000000e+04
9.073700000000000000e+04
1.017670000000000000e+05
1.127970000000000000e+05
1.238270000000000000e+05
1.348570000000000000e+05
1.458870000000000000e+05
1.569170000000000000e+05
1.679470000000000000e+05
1.789770000000000000e+05
1.900070000000000000e+05
2.010370000000000000e+05
2.120670000000000000e+05
2.230970000000000000e+05
