2.989000000000000000e+03
1.732800000000000000e+04
3.166700000000000000e+04
4.490300000000000000e+04
5.924200000000000000e+04
7.358100000000000000e+04
8.681700000000000000e+04
1.011560000000000000e+05
1.154950000000000000e+05
1.298340000000000000e+05
1.430700000000000000e+05
1.574090000000000000e+05
1.717480000000000000e+05
1.849840000000000000e+05
1.993230000000000000e+05
2.136620000000000000e+05
2.280010000000000000e+05
2.412370000000000000e+05
2.555760000000000000e+05
2.699150000000000000e+05
