1.105500000000000000e+04
2.760000000000000000e+04
4.414500000000000000e+04
5.958700000000000000e+04
7.613200000000000000e+04
9.157400000000000000e+04
1.081190000000000000e+05
1.246640000000000000e+05
1.401060000000000000e+05
1.566510000000000000e+05
1.720930000000000000e+05
1.886380000000000000e+05
2.040800000000000000e+05
2.206250000000000000e+05
2.371700000000000000e+05
2.526120000000000000e+05
2.691570000000000000e+05
2.845990000000000000e+05
3.011440000000000000e+05
3.165860000000000000e+05
