4.641000000000000000e+03
2.118600000000000000e+04
3.883400000000000000e+04
5.648200000000000000e+04
7.413000000000000000e+04
9.067500000000000000e+04
1.083230000000000000e+05
1.259710000000000000e+05
1.425160000000000000e+05
1.601640000000000000e+05
1.778120000000000000e+05
1.954600000000000000e+05
2.120050000000000000e+05
2.296530000000000000e+05
2.473010000000000000e+05
2.638460000000000000e+05
2.814940000000000000e+05
2.991420000000000000e+05
3.167900000000000000e+05
3.333350000000000000e+05
