1.411400000000000000e+04
2.845300000000000000e+04
4.168900000000000000e+04
5.602800000000000000e+04
7.036700000000000000e+04
8.470600000000000000e+04
1.001480000000000000e+05
1.144870000000000000e+05
1.277230000000000000e+05
1.453710000000000000e+05
1.586070000000000000e+05
1.729460000000000000e+05
1.883880000000000000e+05
2.016240000000000000e+05
2.181690000000000000e+05
2.347140000000000000e+05
2.479500000000000000e+05
2.622890000000000000e+05
2.766280000000000000e+05
2.909670000000000000e+05
