1.253700000000000000e+04
3.239100000000000000e+04
5.003900000000000000e+04
6.989300000000000000e+04
8.754100000000000000e+04
1.051890000000000000e+05
1.250430000000000000e+05
1.437940000000000000e+05
1.614420000000000000e+05
1.790900000000000000e+05
1.989440000000000000e+05
2.176950000000000000e+05
2.353430000000000000e+05
2.540940000000000000e+05
2.717420000000000000e+05
2.926990000000000000e+05
3.092440000000000000e+05
3.257890000000000000e+05
3.467460000000000000e+05
3.632910000000000000e+05
