1.267900000000000000e+04
2.591500000000000000e+04
4.025400000000000000e+04
5.238700000000000000e+04
6.452000000000000000e+04
7.665300000000000000e+04
8.768300000000000000e+04
9.981600000000000000e+04
1.119490000000000000e+05
1.251850000000000000e+05
1.373180000000000000e+05
1.505540000000000000e+05
1.637900000000000000e+05
1.770260000000000000e+05
1.891590000000000000e+05
2.012920000000000000e+05
2.145280000000000000e+05
2.277640000000000000e+05
2.398970000000000000e+05
2.542360000000000000e+05
