8.322000000000000000e+03
2.266100000000000000e+04
3.369100000000000000e+04
4.692700000000000000e+04
5.906000000000000000e+04
7.229600000000000000e+04
8.553200000000000000e+04
9.766500000000000000e+04
1.109010000000000000e+05
1.241370000000000000e+05
1.373730000000000000e+05
1.495060000000000000e+05
1.627420000000000000e+05
1.748750000000000000e+05
1.892140000000000000e+05
2.013470000000000000e+05
2.134800000000000000e+05
2.278190000000000000e+05
2.388490000000000000e+05
2.531880000000000000e+05
