6.710000000000000000e+03
1.663700000000000000e+04
3.097600000000000000e+04
4.862400000000000000e+04
5.744800000000000000e+04
6.627200000000000000e+04
7.619900000000000000e+04
8.612600000000000000e+04
9.715600000000000000e+04
1.114950000000000000e+05
1.368640000000000000e+05
1.467910000000000000e+05
1.578210000000000000e+05
1.677480000000000000e+05
1.798810000000000000e+05
1.909110000000000000e+05
2.030440000000000000e+05
2.118680000000000000e+05
2.228980000000000000e+05
2.339280000000000000e+05
