1.243999999999999995e+00
1.864999999999999991e+00
1.060999999999999943e+00
1.893999999999999906e+00
5.070000000000000062e-01
1.086999999999999966e+00
1.717999999999999972e+00
7.019999999999999574e-01
1.756000000000000005e+00
1.393999999999999906e+00
1.677999999999999936e+00
1.750000000000000000e+00
2.680000000000000160e+00
8.479999999999999760e-01
2.076999999999999957e+00
1.324000000000000066e+00
2.730999999999999872e+00
1.473999999999999977e+00
7.930000000000000382e-01
1.629000000000000004e+00
1.794000000000000039e+00
1.659999999999999920e+00
1.661000000000000032e+00
1.213000000000000078e+00
1.377000000000000002e+00
1.201000000000000068e+00
9.370000000000000551e-01
2.128000000000000114e+00
1.133999999999999897e+00
4.289999999999999925e-01
5.949999999999999734e-01
1.891999999999999904e+00
1.675999999999999934e+00
1.687000000000000055e+00
1.362999999999999989e+00
2.258000000000000007e+00
4.729999999999999760e-01
1.082999999999999963e+00
1.016999999999999904e+00
1.243999999999999995e+00
