5.949999999999999734e-01
1.429000000000000048e+00
5.090000000000000080e-01
7.259999999999999787e-01
9.150000000000000355e-01
1.167000000000000037e+00
5.290000000000000258e-01
1.520000000000000018e+00
6.520000000000000240e-01
8.699999999999999400e-02
9.290000000000000480e-01
1.639999999999999902e+00
1.340000000000000080e+00
8.419999999999999707e-01
8.679999999999999938e-01
1.356000000000000094e+00
1.403000000000000025e+00
1.729999999999999982e+00
1.189999999999999947e+00
1.276999999999999913e+00
1.437999999999999945e+00
1.237000000000000099e+00
1.139999999999999902e+00
1.838999999999999968e+00
8.120000000000000551e-01
1.090000000000000080e+00
7.489999999999999991e-01
1.018999999999999906e+00
1.532999999999999918e+00
1.247999999999999998e+00
1.260000000000000009e+00
1.262999999999999901e+00
5.000000000000000000e-01
1.155999999999999917e+00
1.020000000000000018e+00
8.920000000000000151e-01
1.322999999999999954e+00
4.989999999999999991e-01
1.399000000000000021e+00
1.608000000000000096e+00
