2.520999999999999908e+00
5.749999999999999556e-01
1.812999999999999945e+00
2.255999999999999783e+00
1.171000000000000041e+00
1.540999999999999925e+00
2.204000000000000181e+00
1.933999999999999941e+00
2.790000000000000258e-01
2.012000000000000011e+00
2.282000000000000028e+00
2.541999999999999815e+00
2.494000000000000217e+00
3.659999999999999920e-01
1.832000000000000073e+00
1.792999999999999927e+00
1.471000000000000085e+00
1.451000000000000068e+00
1.596000000000000085e+00
1.322999999999999954e+00
1.806999999999999940e+00
1.477000000000000091e+00
2.283999999999999808e+00
1.979000000000000092e+00
2.549999999999999822e+00
1.725999999999999979e+00
2.120000000000000107e+00
2.709999999999999964e+00
2.427000000000000046e+00
2.960999999999999854e+00
1.764999999999999902e+00
2.462000000000000188e+00
2.998000000000000220e+00
1.374000000000000110e+00
1.467000000000000082e+00
1.667000000000000037e+00
1.558000000000000052e+00
2.821000000000000174e+00
2.060000000000000053e+00
8.429999999999999716e-01
