2.303999999999999826e+00
1.925000000000000044e+00
7.429999999999999938e-01
2.741000000000000103e+00
1.844999999999999973e+00
1.274999999999999911e+00
2.967000000000000082e+00
8.030000000000000471e-01
2.585999999999999854e+00
2.130999999999999783e+00
1.316000000000000059e+00
1.528999999999999915e+00
1.762999999999999901e+00
1.445000000000000062e+00
2.640000000000000124e+00
2.908999999999999808e+00
2.047000000000000153e+00
3.060000000000000053e+00
1.786999999999999922e+00
2.351999999999999869e+00
1.463000000000000078e+00
5.070000000000000062e-01
3.052999999999999936e+00
2.488999999999999879e+00
2.141999999999999904e+00
3.404999999999999805e+00
2.467999999999999972e+00
1.241000000000000103e+00
2.422000000000000153e+00
6.069999999999999840e-01
2.310000000000000053e+00
3.365000000000000213e+00
3.176000000000000156e+00
3.064999999999999947e+00
2.672000000000000153e+00
2.568000000000000060e+00
2.902000000000000135e+00
1.701000000000000068e+00
1.519999999999999962e-01
1.284000000000000030e+00
