1.461999999999999966e+00
2.169999999999999929e+00
1.588000000000000078e+00
7.479999999999999982e-01
1.002000000000000002e+00
6.600000000000000311e-01
2.116999999999999993e+00
3.890000000000000124e-01
1.798000000000000043e+00
1.844999999999999973e+00
8.169999999999999485e-01
1.856000000000000094e+00
1.616000000000000103e+00
1.786999999999999922e+00
1.673000000000000043e+00
6.879999999999999449e-01
2.729999999999999982e+00
2.359999999999999876e-01
2.507000000000000117e+00
4.829999999999999849e-01
2.362999999999999989e+00
2.778000000000000025e+00
1.953000000000000069e+00
2.274000000000000021e+00
1.622999999999999998e+00
2.451000000000000068e+00
8.100000000000000533e-01
8.269999999999999574e-01
1.618999999999999995e+00
1.300000000000000044e+00
5.230000000000000204e-01
1.723000000000000087e+00
6.959999999999999520e-01
1.562999999999999945e+00
1.074999999999999956e+00
1.971999999999999975e+00
2.632000000000000117e+00
1.272999999999999909e+00
2.125000000000000000e+00
2.197000000000000064e+00
