1.739999999999999991e+00
8.429999999999999716e-01
1.302999999999999936e+00
2.149000000000000021e+00
9.829999999999999849e-01
2.335999999999999854e+00
1.054999999999999938e+00
7.550000000000000044e-01
1.074000000000000066e+00
1.411999999999999922e+00
1.961000000000000076e+00
9.429999999999999494e-01
3.930000000000000160e-01
1.766000000000000014e+00
9.639999999999999680e-01
2.482000000000000206e+00
6.029999999999999805e-01
4.299999999999999933e-01
6.870000000000000551e-01
1.171999999999999931e+00
1.008000000000000007e+00
1.828000000000000069e+00
1.167000000000000037e+00
1.006999999999999895e+00
1.201000000000000068e+00
7.439999999999999947e-01
1.320000000000000062e-01
2.250999999999999890e+00
2.108000000000000096e+00
1.818000000000000060e+00
1.451000000000000068e+00
9.749999999999999778e-01
1.649000000000000021e+00
1.004000000000000004e+00
2.091000000000000192e+00
1.377999999999999892e+00
1.798000000000000043e+00
1.899999999999999953e-02
1.116999999999999993e+00
8.699999999999999956e-01
