2.262000000000000011e+00
1.381999999999999895e+00
-2.250000000000000056e-01
1.497000000000000108e+00
2.411000000000000032e+00
1.780000000000000027e+00
2.213000000000000078e+00
1.296999999999999931e+00
3.640000000000000124e+00
1.389000000000000012e+00
2.771999999999999797e+00
9.679999999999999716e-01
1.034000000000000030e+00
1.483000000000000096e+00
1.637999999999999901e+00
2.254999999999999893e+00
2.802000000000000046e+00
1.485000000000000098e+00
8.509999999999999787e-01
1.762000000000000011e+00
3.430000000000000160e+00
1.278999999999999915e+00
7.520000000000000018e-01
1.866000000000000103e+00
1.530000000000000027e+00
1.302000000000000046e+00
1.784000000000000030e+00
2.899999999999999911e+00
1.951000000000000068e+00
3.569999999999999840e-01
1.195000000000000062e+00
2.270000000000000018e+00
2.281000000000000139e+00
1.282999999999999918e+00
9.330000000000000515e-01
1.425000000000000044e+00
6.680000000000000382e-01
2.169999999999999929e+00
1.711000000000000076e+00
1.449000000000000066e+00
