1.379999999999999893e+00
1.965000000000000080e+00
1.887999999999999901e+00
1.766000000000000014e+00
8.669999999999999929e-01
1.977999999999999980e+00
5.899999999999999689e-01
2.322999999999999954e+00
1.889999999999999902e+00
1.352000000000000091e+00
1.733999999999999986e+00
2.008000000000000007e+00
1.028999999999999915e+00
5.570000000000000506e-01
1.762999999999999901e+00
8.569999999999999840e-01
1.784999999999999920e+00
2.017999999999999794e+00
7.019999999999999574e-01
1.058999999999999941e+00
1.141000000000000014e+00
1.887999999999999901e+00
2.109999999999999931e-01
1.215000000000000080e+00
1.389999999999999902e+00
2.170999999999999819e+00
4.060000000000000275e-01
2.149999999999999911e+00
1.856000000000000094e+00
6.780000000000000471e-01
7.389999999999999902e-01
1.455999999999999961e+00
1.576000000000000068e+00
1.550000000000000044e+00
8.169999999999999485e-01
1.306999999999999940e+00
8.269999999999999574e-01
9.489999999999999547e-01
1.048999999999999932e+00
1.548000000000000043e+00
