1.665000000000000036e+00
1.963999999999999968e+00
1.006000000000000005e+00
1.590000000000000080e+00
2.653000000000000025e+00
2.394000000000000128e+00
2.569999999999999840e+00
2.810999999999999943e+00
1.534000000000000030e+00
2.841000000000000192e+00
1.957999999999999963e+00
1.167999999999999927e+00
2.770999999999999908e+00
8.269999999999999574e-01
5.400000000000000355e-01
2.209999999999999964e+00
1.965999999999999970e+00
1.596999999999999975e+00
1.475000000000000089e+00
3.423999999999999932e+00
3.040999999999999925e+00
2.290999999999999925e+00
1.233000000000000096e+00
3.322999999999999954e+00
2.142999999999999794e+00
2.112000000000000099e+00
2.384999999999999787e+00
1.723999999999999977e+00
2.281000000000000139e+00
2.071000000000000174e+00
3.185000000000000053e+00
-5.399999999999999939e-02
1.014000000000000012e+00
2.244000000000000217e+00
3.290999999999999925e+00
1.862000000000000099e+00
3.520999999999999908e+00
2.221999999999999975e+00
2.769000000000000128e+00
3.380999999999999783e+00
