1.052999999999999936e+00
1.711000000000000076e+00
2.032999999999999918e+00
1.114000000000000101e+00
1.330999999999999961e+00
9.400000000000000022e-02
2.096999999999999975e+00
1.864000000000000101e+00
1.800000000000000044e+00
1.167999999999999927e+00
4.430000000000000049e-01
2.029999999999999805e+00
1.862999999999999989e+00
1.312999999999999945e+00
1.282000000000000028e+00
2.422000000000000153e+00
9.639999999999999680e-01
1.669999999999999929e+00
2.924999999999999822e+00
1.901000000000000023e+00
1.772999999999999909e+00
1.542999999999999927e+00
1.423999999999999932e+00
1.697999999999999954e+00
1.385000000000000009e+00
2.660000000000000142e+00
1.399000000000000021e+00
1.290000000000000036e+00
8.619999999999999885e-01
1.141000000000000014e+00
1.614000000000000101e+00
2.032999999999999918e+00
2.005999999999999783e+00
1.175999999999999934e+00
7.610000000000000098e-01
1.572000000000000064e+00
1.260999999999999899e+00
1.689999999999999947e+00
1.711999999999999966e+00
1.530000000000000027e+00
