2.072999999999999954e+00
2.254999999999999893e+00
1.221000000000000085e+00
2.153999999999999915e+00
-5.769999999999999574e-01
1.580000000000000071e+00
1.195999999999999952e+00
1.002000000000000002e+00
5.430000000000000382e-01
2.440999999999999837e+00
6.089999999999999858e-01
1.588000000000000078e+00
1.701000000000000068e+00
2.027000000000000135e+00
1.268000000000000016e+00
1.044999999999999929e+00
6.460000000000000187e-01
2.849999999999999756e-01
1.907999999999999918e+00
2.064999999999999947e+00
1.431000000000000050e+00
1.530000000000000027e+00
1.074000000000000066e+00
1.580000000000000071e+00
2.273000000000000131e+00
2.051000000000000156e+00
1.687000000000000055e+00
2.415999999999999925e+00
1.290999999999999925e+00
2.404999999999999805e+00
2.179999999999999993e-01
2.347999999999999865e+00
2.830999999999999961e+00
1.118999999999999995e+00
1.844999999999999973e+00
1.870999999999999996e+00
1.691999999999999948e+00
7.349999999999999867e-01
1.489999999999999991e+00
1.739999999999999991e+00
