6.780000000000000471e-01
8.559999999999999831e-01
1.431000000000000050e+00
1.112999999999999989e+00
6.650000000000000355e-01
1.302999999999999936e+00
1.725999999999999979e+00
5.100000000000000089e-01
1.104000000000000092e+00
6.919999999999999485e-01
1.245000000000000107e+00
1.290000000000000036e+00
1.883000000000000007e+00
1.334999999999999964e+00
8.369999999999999662e-01
8.509999999999999787e-01
6.069999999999999840e-01
1.798999999999999932e+00
1.491999999999999993e+00
1.012999999999999901e+00
2.879999999999999782e-01
1.453999999999999959e+00
9.270000000000000462e-01
8.199999999999999512e-01
1.155999999999999917e+00
6.049999999999999822e-01
8.000000000000000444e-01
7.560000000000000053e-01
1.782000000000000028e+00
1.268999999999999906e+00
8.820000000000000062e-01
1.524000000000000021e+00
9.799999999999999822e-01
1.973000000000000087e+00
1.102999999999999980e+00
1.709999999999999964e+00
1.913000000000000034e+00
2.310000000000000109e-01
1.473000000000000087e+00
5.999999999999999778e-01
