1.044000000000000039e+00
4.839999999999999858e-01
1.457000000000000073e+00
1.268999999999999906e+00
1.443000000000000060e+00
1.485000000000000098e+00
8.659999999999999920e-01
8.990000000000000213e-01
1.639999999999999902e+00
7.720000000000000195e-01
1.719000000000000083e+00
1.181000000000000050e+00
1.312999999999999945e+00
1.409000000000000030e+00
6.929999999999999494e-01
9.389999999999999458e-01
1.915000000000000036e+00
1.387000000000000011e+00
4.789999999999999813e-01
1.963000000000000078e+00
1.372999999999999998e+00
5.480000000000000426e-01
1.939000000000000057e+00
8.249999999999999556e-01
2.039000000000000146e+00
1.645999999999999908e+00
2.060000000000000053e+00
1.362000000000000099e+00
1.231000000000000094e+00
9.579999999999999627e-01
1.036999999999999922e+00
1.389999999999999902e+00
5.030000000000000027e-01
1.239999999999999991e+00
2.700000000000000178e+00
1.528999999999999915e+00
2.036000000000000032e+00
1.364999999999999991e+00
1.580999999999999961e+00
1.012000000000000011e+00
