2.400999999999999801e+00
2.153000000000000025e+00
2.366999999999999993e+00
1.963999999999999968e+00
2.940999999999999837e+00
1.270999999999999908e+00
2.241999999999999993e+00
2.398000000000000131e+00
3.164000000000000146e+00
1.568999999999999950e+00
1.328000000000000069e+00
4.719999999999999751e-01
1.344000000000000083e+00
2.262000000000000011e+00
2.234999999999999876e+00
2.395999999999999908e+00
2.500999999999999890e+00
1.804000000000000048e+00
2.346000000000000085e+00
2.107000000000000206e+00
3.188000000000000167e+00
2.851999999999999869e+00
2.637999999999999901e+00
2.531000000000000139e+00
2.080000000000000071e+00
1.840000000000000080e+00
2.350000000000000089e+00
2.149000000000000021e+00
2.595000000000000195e+00
7.790000000000000258e-01
2.221000000000000085e+00
1.719999999999999973e+00
1.552999999999999936e+00
3.064000000000000057e+00
1.647000000000000020e+00
2.609999999999999876e+00
1.832999999999999963e+00
1.639999999999999902e+00
2.521999999999999797e+00
1.931999999999999940e+00
