1.477000000000000091e+00
1.401000000000000023e+00
1.086000000000000076e+00
2.383999999999999897e+00
9.839999999999999858e-01
1.473999999999999977e+00
5.370000000000000329e-01
1.909000000000000030e+00
2.556999999999999940e+00
1.828000000000000069e+00
8.010000000000000453e-01
9.599999999999999645e-01
1.499000000000000110e+00
1.963000000000000078e+00
1.100000000000000089e+00
1.625999999999999890e+00
2.001999999999999780e+00
7.439999999999999947e-01
1.717999999999999972e+00
1.358000000000000096e+00
2.419999999999999929e-01
1.377999999999999892e+00
1.171999999999999931e+00
1.985999999999999988e+00
1.856999999999999984e+00
4.490000000000000102e-01
1.830000000000000071e+00
2.117999999999999883e+00
2.092999999999999972e+00
9.030000000000000249e-01
6.680000000000000382e-01
1.141000000000000014e+00
1.425999999999999934e+00
1.483000000000000096e+00
1.096999999999999975e+00
1.844000000000000083e+00
1.661999999999999922e+00
8.409999999999999698e-01
1.812999999999999945e+00
1.921000000000000041e+00
