1.739999999999999991e+00
8.050000000000000488e-01
1.909999999999999920e+00
1.598999999999999977e+00
2.398000000000000131e+00
1.395999999999999908e+00
1.840999999999999970e+00
1.762000000000000011e+00
1.850999999999999979e+00
1.989999999999999991e+00
1.056999999999999940e+00
9.310000000000000497e-01
2.278000000000000025e+00
1.143999999999999906e+00
9.459999999999999520e-01
7.259999999999999787e-01
1.995999999999999996e+00
7.660000000000000142e-01
1.425999999999999934e+00
2.067000000000000171e+00
1.741999999999999993e+00
1.274999999999999911e+00
1.836999999999999966e+00
7.780000000000000249e-01
2.250999999999999890e+00
5.719999999999999529e-01
1.790999999999999925e+00
1.469000000000000083e+00
1.185000000000000053e+00
1.776999999999999913e+00
9.759999999999999787e-01
1.711999999999999966e+00
2.076999999999999957e+00
1.689000000000000057e+00
1.870000000000000107e+00
1.241000000000000103e+00
1.237000000000000099e+00
1.568999999999999950e+00
8.990000000000000213e-01
8.429999999999999716e-01
