1.302999999999999936e+00
2.899999999999999800e-01
9.370000000000000551e-01
8.910000000000000142e-01
1.602000000000000091e+00
1.625999999999999890e+00
1.290999999999999925e+00
1.407000000000000028e+00
1.036999999999999922e+00
1.780000000000000027e+00
1.161999999999999922e+00
2.760000000000000231e-01
1.568000000000000060e+00
7.249999999999999778e-01
8.299999999999999600e-01
9.869999999999999885e-01
1.070000000000000062e+00
1.066000000000000059e+00
1.425000000000000044e+00
8.980000000000000204e-01
1.526000000000000023e+00
9.729999999999999760e-01
4.729999999999999760e-01
8.900000000000000133e-01
4.620000000000000218e-01
2.220000000000000029e-01
7.299999999999999822e-01
1.447000000000000064e+00
3.679999999999999938e-01
1.933000000000000052e+00
1.380000000000000115e-01
7.560000000000000053e-01
6.740000000000000435e-01
1.534000000000000030e+00
4.839999999999999858e-01
9.609999999999999654e-01
1.233000000000000096e+00
1.445999999999999952e+00
1.070999999999999952e+00
8.229999999999999538e-01
