8.229999999999999538e-01
1.530999999999999917e+00
1.739000000000000101e+00
1.532999999999999918e+00
1.510999999999999899e+00
2.213000000000000078e+00
1.802999999999999936e+00
1.374000000000000110e+00
1.931999999999999940e+00
2.388999999999999790e+00
2.498000000000000220e+00
1.582999999999999963e+00
5.749999999999999556e-01
1.685000000000000053e+00
1.151999999999999913e+00
1.110999999999999988e+00
1.776000000000000023e+00
2.091000000000000192e+00
1.604999999999999982e+00
3.880000000000000115e-01
1.286999999999999922e+00
2.146999999999999797e+00
1.806999999999999940e+00
1.701999999999999957e+00
1.457000000000000073e+00
9.310000000000000497e-01
1.352000000000000091e+00
1.100000000000000089e+00
2.027000000000000135e+00
1.868000000000000105e+00
1.804000000000000048e+00
1.991000000000000103e+00
9.879999999999999893e-01
1.231000000000000094e+00
1.471999999999999975e+00
4.269999999999999907e-01
1.848000000000000087e+00
2.505999999999999783e+00
1.278999999999999915e+00
2.346999999999999975e+00
