1.447000000000000064e+00
4.779999999999999805e-01
2.480999999999999872e+00
2.138999999999999790e+00
1.518999999999999906e+00
1.637000000000000011e+00
1.633000000000000007e+00
2.446000000000000174e+00
1.812999999999999945e+00
8.299999999999999600e-01
2.185000000000000053e+00
1.931000000000000050e+00
1.816000000000000059e+00
1.594999999999999973e+00
1.407999999999999918e+00
2.564000000000000057e+00
2.660000000000000142e+00
2.190999999999999837e+00
9.879999999999999893e-01
2.198999999999999844e+00
1.377000000000000002e+00
3.056999999999999940e+00
1.497999999999999998e+00
7.720000000000000195e-01
4.000000000000000083e-02
1.366999999999999993e+00
2.451000000000000068e+00
1.429000000000000048e+00
1.223000000000000087e+00
2.761000000000000121e+00
2.959000000000000075e+00
1.264000000000000012e+00
2.136000000000000121e+00
1.836999999999999966e+00
1.298999999999999932e+00
2.258999999999999897e+00
1.056000000000000050e+00
1.582000000000000073e+00
1.048999999999999932e+00
9.300000000000000488e-01
