2.878000000000000114e+00
3.384999999999999787e+00
1.153000000000000025e+00
1.961000000000000076e+00
1.534000000000000030e+00
4.079999999999999738e-01
2.370000000000000107e+00
1.020999999999999908e+00
2.055000000000000160e+00
2.408999999999999808e+00
2.573999999999999844e+00
2.088999999999999968e+00
2.862999999999999989e+00
2.626999999999999780e+00
2.660000000000000142e+00
1.312000000000000055e+00
2.024000000000000021e+00
1.522000000000000020e+00
3.189000000000000057e+00
3.210000000000000075e-01
2.388999999999999790e+00
7.389999999999999902e-01
7.379999999999999893e-01
1.993999999999999995e+00
1.439999999999999947e+00
2.020999999999999908e+00
8.409999999999999698e-01
2.480999999999999872e+00
1.754999999999999893e+00
2.181999999999999940e+00
2.091000000000000192e+00
1.338999999999999968e+00
1.181000000000000050e+00
3.854000000000000092e+00
2.111000000000000210e+00
2.673000000000000043e+00
1.400000000000000133e-01
1.165000000000000036e+00
1.995000000000000107e+00
2.689999999999999947e+00
