6.284644006747326372e+00
5.238281235715687600e+00
4.375727675087276225e+00
6.624263324301472800e+00
5.411056083518974269e+00
4.047358054113487924e+00
nan
5.348365209923684915e+00
4.298799434165000655e+00
6.286923331026214257e+00
5.357363899913439198e+00
4.033112083572325979e+00
6.452402273673401467e+00
5.904184294957520507e+00
5.603730335735457757e+00
6.110959496696146687e+00
5.464448310791517827e+00
4.308771613543814105e+00
5.469110408118490696e+00
6.439116988080579418e+00
6.342629477315904651e+00
5.464650734004562693e+00
6.041586810473435598e+00
6.274237619507459840e+00
nan
6.563434221041953620e+00
6.907495562178250559e+00
6.207434233646692334e+00
6.434486260205227737e+00
6.435085136945840389e+00
6.184144824385064076e+00
6.562721801368822661e+00
6.430863417328035680e+00
6.014181688709780538e+00
6.820617723042274427e+00
7.051034029183629315e+00
6.017386651998578806e+00
5.196966999495135298e+00
5.898942541034161380e+00
6.626436415349697739e+00
nan
nan
6.766411010084779853e+00
5.768919224027314385e+00
5.899892380082865984e+00
6.228238967731831721e+00
5.583967281855223952e+00
5.944059895847621178e+00
6.305883908322792664e+00
5.391762322343051750e+00
5.713723926536804498e+00
6.060483155721085424e+00
5.706232431302320052e+00
6.237085242372927496e+00
5.492072199956999690e+00
5.584485354522373157e+00
6.314981349756497053e+00
6.087214209616639948e+00
6.517016155390055410e+00
6.868977732065872921e+00
nan
6.555871605426208504e+00
6.729148741194919126e+00
5.789643204786820263e+00
5.583967281855223952e+00
6.352218417977566034e+00
6.085178840226559416e+00
nan
6.164893166620554865e+00
5.739166043912815596e+00
5.952835020865107296e+00
6.268624999522105057e+00
5.456960792025968843e+00
6.097959046022439544e+00
6.263435971249182721e+00
5.503732908349901365e+00
5.949792217925402582e+00
6.167290053155410234e+00
6.543331628323002747e+00
6.790923903583967025e+00
nan
5.622038849639846347e+00
5.446480900328082519e+00
5.980449789643286884e+00
5.763927370588914911e+00
5.776551003535020712e+00
6.294163017237913493e+00
5.904243719560710701e+00
6.619506280924010611e+00
6.841302674843708687e+00
6.256082023347015131e+00
6.249433150006083793e+00
5.893718426266287835e+00
6.238035081421632100e+00
6.066589133130488420e+00
5.893718426266287835e+00
nan
7.288557069288694734e+00
7.107612730510506793e+00
6.246108713335619456e+00
6.419454339724171454e+00
6.245633793811267154e+00
6.934267104121953906e+00
6.770894787744797583e+00
nan
6.407581351615366572e+00
6.585201253723088399e+00
6.470745648354208512e+00
6.294070293369939506e+00
6.025685676777170485e+00
5.699149538731813180e+00
5.682413573909682825e+00
5.865653890780506252e+00
5.495590619492734419e+00
nan
6.320217111973311042e+00
5.499933209769834797e+00
5.298160727966592987e+00
5.189052265655006657e+00
5.091729723722400180e+00
6.182267911640735747e+00
6.030244986919525374e+00
5.702949305224276344e+00
5.488658960912955465e+00
5.422488944943588685e+00
5.493419324354183786e+00
5.428964075171787584e+00
5.846419528112045683e+00
5.746764247572925477e+00
6.290425080517020540e+00
7.199294036243623296e+00
6.350500200472989576e+00
nan
nan
5.810975308642850834e+00
5.764342023817641270e+00
5.930168902424952648e+00
6.085297119840991087e+00
6.338649360714463832e+00
6.585792702519485786e+00
6.176484425502423825e+00
nan
6.481229874235324040e+00
6.051101880217954587e+00
6.233871151921837495e+00
5.590558801401300570e+00
5.591787319625439068e+00
5.915152500071463315e+00
6.295022541625789003e+00
6.223569472137181258e+00
7.116813882082295706e+00
nan
6.790463520157780763e+00
6.570125905662190569e+00
6.408122507386782907e+00
6.456815901794534795e+00
6.563111464906199011e+00
6.780300301693310772e+00
6.566424186407953556e+00
6.958988965072482102e+00
6.568128272901368803e+00
6.872012083910163938e+00
4.219769681499634828e+00
5.037683168928817068e+00
5.393021602200619213e+00
4.370131263887313544e+00
5.282974054587522339e+00
6.041606174751722236e+00
nan
6.559124963432719113e+00
nan
4.390296374061755103e+00
5.160328611758169259e+00
nan
5.507268128941653629e+00
5.784498170246584969e+00
6.038756819133705989e+00
4.087819721445141496e+00
4.874915796846739369e+00
5.595682020532072976e+00
5.754887381719584027e+00
5.193687047371147614e+00
nan
5.474254683775994224e+00
5.187988013078919991e+00
4.970979356619745104e+00
nan
5.639025869920837764e+00
5.454231165182388708e+00
5.914069794418679749e+00
5.769289510886011385e+00
5.947968626194977126e+00
6.351526647095450784e+00
5.795342239079046109e+00
6.006323561568580160e+00
5.410581718696356290e+00
5.193279973493130974e+00
5.783389472524114616e+00
5.554040055658700403e+00
6.038466264881539480e+00
6.224226295882348658e+00
6.015900510449407435e+00
6.197614401189434297e+00
5.594241835484842440e+00
6.831094124323563221e+00
6.817743346113299907e+00
6.721374784463262309e+00
6.105596585896959638e+00
6.241517335343336192e+00
6.881391714209323496e+00
6.464380887687164901e+00
6.575855064669205774e+00
6.236939969752583579e+00
6.646250830721703196e+00
6.508734232645451812e+00
6.718744369179765030e+00
