6.413727815018233969e+00
6.163471351046034385e+00
6.058944375612123956e+00
nan
5.588056407363380274e+00
5.678305638913088593e+00
nan
nan
nan
6.399387680012381452e+00
6.450392736898724166e+00
5.765832193341209333e+00
nan
6.455502295824867787e+00
6.060979876877894412e+00
5.602590947764127804e+00
nan
5.621311603471522034e+00
nan
5.932986379854336079e+00
4.865687007234983597e+00
6.813851778460064068e+00
5.269593000352713830e+00
5.027679965789610961e+00
nan
nan
nan
5.909333621508134904e+00
nan
5.495352600934526599e+00
nan
nan
5.617624471570641376e+00
nan
5.873388447380699873e+00
5.239410634433506075e+00
6.318106836264846038e+00
5.212219605405443268e+00
6.012002897374234323e+00
6.439942543103256867e+00
5.912725903824936680e+00
6.963252200003378078e+00
nan
nan
nan
6.160899472602380911e+00
5.736530760290269981e+00
6.494594088188753389e+00
nan
nan
6.964518843548823668e+00
5.537572275680705758e+00
5.329524727920436078e+00
6.422395406098392101e+00
nan
5.175162959291283116e+00
5.299955892527734136e+00
nan
5.778359691124864028e+00
6.161506136074440754e+00
nan
nan
nan
nan
5.290057574878630930e+00
5.921356866545682607e+00
nan
6.465447729577780578e+00
6.016473271170820425e+00
6.251852135452830694e+00
4.782150425020271101e+00
4.962331960407924569e+00
nan
4.925129193142545603e+00
5.030922953667092301e+00
6.228231250113418938e+00
5.007280317897035538e+00
5.117999458794889378e+00
nan
nan
nan
6.631058900610562468e+00
5.147212377287459617e+00
5.114352275334038467e+00
nan
5.320948248777818357e+00
5.286681693859208053e+00
6.103928111277429736e+00
5.799704564332697210e+00
5.791360705254346541e+00
nan
nan
5.915575420971048715e+00
7.255934009985626432e+00
5.829470884292673460e+00
5.665292831637440685e+00
nan
nan
nan
5.614612133824428142e+00
5.353398935391743052e+00
5.216968800648965399e+00
nan
nan
7.112372622338590133e+00
7.144802841287210882e+00
5.988161533926316338e+00
5.913675742873640395e+00
nan
nan
6.545871783717720938e+00
6.673890695972317211e+00
6.854966240139697575e+00
7.045080019921584835e+00
nan
nan
nan
nan
4.198076453103758432e+00
5.196413903203167095e+00
nan
nan
6.043016364053007017e+00
6.342138991683367699e+00
4.761141041175724453e+00
5.372846403121792846e+00
nan
6.115531310800536247e+00
5.430114028446681118e+00
nan
5.983630828778625066e+00
5.604147696691311964e+00
nan
nan
nan
nan
4.794490989315649543e+00
5.009276946545306863e+00
nan
nan
5.852704598189312435e+00
6.540415314773921907e+00
5.690925746760863824e+00
5.264847799408329365e+00
6.315685128734281228e+00
6.027908485435828467e+00
5.912761556752320402e+00
6.801030613002497560e+00
6.258383405000495614e+00
5.764591834166211015e+00
nan
nan
nan
nan
6.199287271778786135e+00
6.112659170655473595e+00
nan
6.430184306580749798e+00
6.218745185051444579e+00
nan
6.335630493426014809e+00
6.401546292502354518e+00
nan
4.438956102108488011e+00
4.007158545869220490e+00
3.287110363343884067e+00
4.243507535568860511e+00
4.473028189414988809e+00
nan
nan
nan
nan
4.742689208943655643e+00
4.390040707040245849e+00
nan
nan
nan
6.491537719651854665e+00
4.115443466241008430e+00
4.287820074243888335e+00
5.677429333522939103e+00
4.792488334914013492e+00
5.514913003872209174e+00
6.477120833500444874e+00
5.456731622721346042e+00
5.316316649968193531e+00
nan
nan
nan
4.717431859297068542e+00
5.113896377401433213e+00
5.262831539203756570e+00
nan
6.522165091222195343e+00
6.143143854080717503e+00
5.048706361126830799e+00
5.286225795926601911e+00
5.756034404859424747e+00
6.012731532350507280e+00
5.864546797117230703e+00
5.623436062945125435e+00
6.016268698032913420e+00
5.850192950416692739e+00
5.912323184792006359e+00
nan
nan
nan
6.445444800831443999e+00
6.258433237458461917e+00
5.587927934159696797e+00
nan
6.552687094819489744e+00
5.921528995958599495e+00
nan
6.632055423634229285e+00
6.048218492489326081e+00
