5.667214565524318459e+00
6.238273670506288227e+00
6.304450182693379645e+00
5.759241869808459313e+00
6.146595361347188202e+00
5.609555133602631471e+00
5.688743889003635701e+00
5.813084539379221205e+00
5.639951514850830350e+00
5.835649860980154813e+00
6.051943701620766447e+00
6.303605838769819059e+00
6.767742924555303574e+00
6.886464094182516149e+00
7.017920798102469604e+00
6.313516413501472080e+00
6.604491348714799592e+00
6.777282779887570108e+00
5.905462362813977961e+00
5.724612046235380447e+00
5.567998659061012212e+00
6.033466975225646678e+00
5.708890326462630505e+00
5.391097425537633825e+00
6.509538924126577086e+00
5.717537272337643195e+00
5.731221962157325933e+00
6.673051665323672665e+00
6.158924554957602382e+00
5.394744873651517558e+00
6.811577204782875761e+00
6.132590674338246117e+00
5.741252444470505978e+00
6.837441150441398108e+00
6.156173253997371475e+00
5.909035057709175476e+00
5.826751502801286620e+00
5.913791430059943011e+00
5.936790542160906625e+00
5.698299556457188331e+00
6.028206511701879933e+00
5.447533299430483922e+00
5.496195982175176908e+00
5.656905461315979267e+00
6.037184725481038683e+00
5.862700511675744686e+00
6.019439072495600840e+00
6.185803188998614033e+00
6.507152256132483714e+00
6.248707607739786951e+00
6.106890730493706343e+00
5.855686070919753128e+00
5.861625166782585161e+00
6.026224661799801652e+00
6.302631251591362727e+00
6.175836162246008954e+00
6.613913676677278808e+00
6.089652087641324485e+00
6.146593602245724597e+00
6.116057466179993796e+00
6.699792396760166469e+00
6.514851603605228192e+00
6.260015888492461933e+00
6.257635653573748513e+00
6.489574136486339739e+00
6.709286131459288427e+00
6.043456607009908055e+00
6.394411907332873568e+00
6.252817967376838482e+00
6.906172206334288965e+00
6.497504322249127995e+00
6.917426017052731524e+00
5.885282860863453536e+00
6.105270784870924672e+00
6.586555332776406146e+00
5.471625120310021018e+00
4.885294739663128105e+00
5.861784051252625360e+00
5.472360511848783915e+00
5.755756433266043359e+00
5.904232694639050649e+00
6.131639026348607580e+00
5.724888997322677753e+00
5.977338691582339436e+00
6.551915290750893739e+00
5.756231316895942030e+00
5.912093554525426065e+00
5.743719989651834723e+00
5.922915470990117726e+00
5.853530148371931752e+00
5.453553240083179432e+00
6.392231310634338470e+00
6.378156083743007798e+00
5.646222393063118794e+00
5.814955563648931403e+00
5.656522017047420192e+00
6.050013519308398813e+00
6.962252245718672405e+00
6.325275760472832687e+00
5.848117956185758359e+00
6.253353482813791331e+00
nan
5.930612917461676403e+00
6.754971905688005762e+00
6.153870574700539109e+00
6.630734628290186450e+00
7.136885932194509508e+00
6.025772550227095792e+00
6.180950140404426918e+00
6.030339556504110021e+00
6.030127765216577451e+00
5.824330318641480986e+00
5.800764762953365405e+00
5.974765717806377552e+00
5.884581156108279920e+00
5.440934767388014848e+00
5.741919459581128926e+00
5.442877381436137085e+00
5.890722261844702601e+00
6.050074385239369690e+00
6.644637328746888727e+00
6.485825716048936762e+00
6.375326413774289769e+00
5.661490217379860468e+00
5.738893541996427317e+00
5.589673829203080757e+00
6.096480807333213292e+00
5.841306497667312136e+00
6.242620329541018087e+00
5.923610100469012707e+00
6.338490131165627872e+00
6.094038364065116120e+00
6.013369890571578225e+00
6.838930426018736242e+00
6.409113545649631760e+00
5.617287007261844600e+00
6.646787406085980621e+00
6.802753985691268213e+00
6.071310072542546621e+00
nan
6.692844038626901693e+00
6.071310072542546621e+00
6.641359637161325935e+00
6.408706471771616009e+00
5.837387992329425401e+00
5.496469971341770844e+00
5.916011388079377653e+00
5.832638438087094812e+00
5.910568496612770950e+00
6.016694327242043450e+00
6.374562577137053765e+00
6.031188938606846683e+00
6.207611976031627066e+00
6.709406151221383396e+00
6.531241400889372883e+00
6.887221815379623635e+00
6.366488334925090697e+00
6.364082363165299405e+00
6.348188155239878228e+00
6.738378432099603188e+00
6.532191168149168448e+00
6.019068924863804071e+00
5.563168238705983093e+00
5.915056558320715752e+00
5.441906011483211181e+00
5.397653270164170181e+00
5.575488652809790224e+00
5.384508594682930749e+00
5.561800346403984463e+00
5.856103796947291329e+00
5.437021124947017725e+00
5.836290735005007946e+00
6.099382192214956255e+00
5.687778633804978057e+00
5.904229386004265834e+00
6.050647909479591746e+00
6.034605577874755156e+00
6.062904893036086484e+00
6.438950097725880894e+00
6.033384356240706126e+00
6.129028055405930431e+00
6.507980186713901993e+00
5.801324155060816778e+00
5.463924984371709037e+00
5.374429384121016895e+00
5.382211319890311430e+00
6.187778095958723412e+00
6.028434719569038869e+00
6.247617948160790746e+00
6.028626866700039777e+00
5.875453578770541085e+00
6.031923894914045015e+00
5.699363579721331341e+00
5.698802003579151787e+00
5.862700511675744686e+00
6.029065299838493708e+00
6.182292543122829720e+00
6.187995201734860728e+00
6.011327751472025582e+00
5.896420926932842477e+00
6.072492512577274404e+00
6.220439705392546870e+00
5.734008971920879105e+00
5.727833675526936119e+00
6.150080608114777192e+00
6.035224126579657344e+00
5.903354379580349587e+00
5.858031394274650694e+00
5.591949392223698467e+00
5.730569063122572970e+00
6.291978005417989017e+00
6.191123321490890064e+00
6.640085438672078233e+00
5.864320475595568460e+00
5.443377052425788065e+00
5.887853849871735434e+00
