5.763456629295092171e+00
5.513403352376197830e+00
5.777929908053748065e+00
6.149743974324273665e+00
5.577469360450154845e+00
5.325134396965774286e+00
nan
5.906053303700632640e+00
5.555676733846951265e+00
6.275129046973090041e+00
5.658043174285499077e+00
5.818339576091347887e+00
7.163378854559319997e+00
6.515662987889018432e+00
6.373713475274767504e+00
6.081774288477609147e+00
6.091962640013402819e+00
6.762267975636301998e+00
5.929635883359757997e+00
6.188497947025633827e+00
nan
6.313245845814860147e+00
5.989023522743936567e+00
6.221303625145856664e+00
6.960587657457846689e+00
6.943392066969614973e+00
6.703391613643510993e+00
5.944571517143870665e+00
6.376573832776948336e+00
7.058836522851063222e+00
6.375739681911542611e+00
6.561541026201794580e+00
6.708457336815115468e+00
5.802682996194800324e+00
6.235646447310398521e+00
6.551842062093022889e+00
6.388997540664509422e+00
6.243677235820441318e+00
6.022956953802376390e+00
5.150158380817337900e+00
5.468143129736105834e+00
5.469293167925879828e+00
nan
6.781597161295556120e+00
6.065040661992513904e+00
6.105370882341395244e+00
6.320836084136350230e+00
6.108877858023907592e+00
6.908468313636518587e+00
6.636485918155978325e+00
6.591963758289860031e+00
6.436780084338728614e+00
6.350647457349315239e+00
6.269321995498806643e+00
5.728027682538587406e+00
5.906009454006028392e+00
6.451299841791122702e+00
6.110790236341754778e+00
6.479332303804001825e+00
6.227325097402703236e+00
nan
6.711852902926838560e+00
6.600451164934739268e+00
6.116789649410771190e+00
6.691906282904046321e+00
6.410171736073780657e+00
6.807922034961317870e+00
6.815575327045358733e+00
6.774378455377959796e+00
7.436060583287206427e+00
7.323359282482729604e+00
6.827894544745104710e+00
5.612975767315935727e+00
6.197133715222419070e+00
6.122165683232614342e+00
5.967308255576372567e+00
6.196373821008573479e+00
6.274004239732645871e+00
nan
6.739318236801016049e+00
5.969512978976551310e+00
6.332519372862348561e+00
6.592278706421957679e+00
6.544301294735383578e+00
7.487726169383948083e+00
7.451339115174031136e+00
7.374732005888370523e+00
6.183844776179972413e+00
6.482853939628238749e+00
6.404267880697821269e+00
5.529715909777879190e+00
5.899620247203647416e+00
5.734895143031845777e+00
5.522117689660360540e+00
6.561826318667899116e+00
6.071347817295272620e+00
5.541113239954157166e+00
6.085120852512099887e+00
6.066332940036603283e+00
5.731611472900519644e+00
6.100665595973701727e+00
6.067244735901815567e+00
6.122919808952733689e+00
6.460785486167484493e+00
6.228632604044435084e+00
6.722636468228317952e+00
6.819869060130494987e+00
6.609763275703274488e+00
6.264843706147814828e+00
5.970327126732582812e+00
6.401418363551707458e+00
5.611532458543303292e+00
5.757427488530126425e+00
5.903567010737931220e+00
6.572164573401026999e+00
6.256500062977950805e+00
6.426656943988709791e+00
5.504478964387548245e+00
5.819709791866600312e+00
5.866523287838459666e+00
6.270542371235953816e+00
6.122165683232614342e+00
6.420957909696483057e+00
5.818312591741491957e+00
5.760684079554255987e+00
5.971548348366631842e+00
5.685776988327474690e+00
5.588796773367738169e+00
6.005267634595638171e+00
5.690843051868840874e+00
5.494145113641316414e+00
5.836671203450607415e+00
nan
5.960465594283006929e+00
5.929280510699285855e+00
5.874065683281589401e+00
5.055575904961299827e+00
5.520374800232042745e+00
5.924726318695253013e+00
5.603167967776462532e+00
5.926905913077524346e+00
5.917549395344984475e+00
5.596725708213931227e+00
5.930230349747990459e+00
5.121148862199857987e+00
5.228138593283706115e+00
5.575940384581249631e+00
5.771372803122686079e+00
5.743387331722965783e+00
6.115923883769699643e+00
nan
6.813300149883015244e+00
6.804557194080388172e+00
5.945823128736128282e+00
6.267658859130286864e+00
6.442193596999659988e+00
6.133158989764198488e+00
6.273357462689062913e+00
6.148218411425649066e+00
5.587010527190298781e+00
6.271457928169470009e+00
6.437919321280491047e+00
5.806471118451030478e+00
6.360804048127429944e+00
5.587677681397383189e+00
5.315013147101472768e+00
5.798359523257294867e+00
5.376406338706990695e+00
6.651249987570444944e+00
6.227169430059053212e+00
5.521324639280747348e+00
6.085024755273460428e+00
5.890724626922201779e+00
5.618615296126612257e+00
6.148394567905731023e+00
6.098251327922502796e+00
5.720383765630654871e+00
6.315253211239625131e+00
6.020821858041708552e+00
6.118502018330469028e+00
5.384687379585291644e+00
5.438331756523141713e+00
5.559597791750550577e+00
5.396085050553454110e+00
5.307249394895546146e+00
5.307533914570039535e+00
6.271513855300375972e+00
6.109526056362099666e+00
6.271075483340061929e+00
5.792373302677248148e+00
5.955208359730281842e+00
6.164112725023462858e+00
5.944488372906182150e+00
5.629913669671164911e+00
5.958954647596542031e+00
6.111069717825476921e+00
6.111279666551097556e+00
5.948433720549008541e+00
6.240532891865891330e+00
nan
nan
6.231492902996560446e+00
5.967070535708453249e+00
5.816241909974649182e+00
6.710612313071120383e+00
5.966256387952421747e+00
5.818977496060062649e+00
6.587196812855031780e+00
5.666242939854504002e+00
5.814418185917706872e+00
nan
6.421772057452516336e+00
6.388891263854452163e+00
6.667770626690376012e+00
6.333437025923006836e+00
5.988583833355672681e+00
