nan
5.797859087028554015e+00
5.227077493434412858e+00
nan
4.883496054554019139e+00
5.372771671233198987e+00
nan
nan
nan
nan
5.424684146720387901e+00
5.946132772298486024e+00
nan
nan
7.337660837805252356e+00
7.672520562930458254e+00
6.051567389206391923e+00
6.139400559174426064e+00
6.163837567447130183e+00
5.930210589273986699e+00
5.923863310756228628e+00
5.712421882965259101e+00
5.825870783028609168e+00
5.925616798597483914e+00
nan
nan
nan
6.614032109410114657e+00
6.085405091000303024e+00
6.252642280991677737e+00
nan
6.572470320994478143e+00
6.406949211022181068e+00
6.457725866992586106e+00
6.154672693465721878e+00
5.769118008765410366e+00
nan
6.831367139504990860e+00
6.279929400694495456e+00
5.856734263753400782e+00
5.030163770342293006e+00
5.013353043148244481e+00
nan
nan
nan
7.727561912623361451e+00
5.033700936024699146e+00
5.796642525604853269e+00
nan
nan
6.622789523399600142e+00
7.287525972124367257e+00
6.086597254154060721e+00
5.619285361067239748e+00
nan
7.063943920631622575e+00
5.724394093492996660e+00
7.492317133663231488e+00
6.229357703776406296e+00
5.331727388666371859e+00
nan
nan
nan
nan
7.493626966957911861e+00
6.087015061010987438e+00
nan
nan
6.096339600175735285e+00
4.022140536822959689e+00
7.678484840406246903e+00
7.125147088019634367e+00
nan
4.881517173120429653e+00
4.293225249159452694e+00
6.340354752281061934e+00
4.570798609249961508e+00
5.074043534708918557e+00
nan
nan
nan
nan
5.009435277539928677e+00
5.308533280525649545e+00
nan
nan
6.086501864303036413e+00
6.407704199010394674e+00
5.030121703667175481e+00
4.881892215220207554e+00
nan
6.343394328258174397e+00
5.950527248663615154e+00
6.342244366533009270e+00
5.355997864002479680e+00
5.370625078388442830e+00
nan
nan
nan
7.080981686662854102e+00
6.144720823080833227e+00
5.887613333963949813e+00
nan
6.716314268304168777e+00
6.368129754930956565e+00
7.948303468011056694e+00
7.330790792513870002e+00
6.540459173456126152e+00
nan
6.059016069507427993e+00
5.971565178437749921e+00
nan
6.393619219643981388e+00
5.508864708326292714e+00
nan
nan
nan
nan
5.776625718622952377e+00
5.351816738543936580e+00
nan
5.914879327910143481e+00
5.821271960043882920e+00
6.194940160729769829e+00
5.560420606227025608e+00
5.507598192440950946e+00
nan
5.921228208194786014e+00
5.493325716753455268e+00
6.695274235375479499e+00
5.986292183031037162e+00
nan
nan
nan
nan
7.705652537453016038e+00
5.686143043640447203e+00
5.690892238883969334e+00
nan
nan
6.438415570214329975e+00
7.127048373754997002e+00
6.089349719815464468e+00
5.963021126337778810e+00
nan
5.744558145135767901e+00
5.269757446388829258e+00
7.062894622480568430e+00
5.799648809960622486e+00
5.884398524543456688e+00
nan
nan
nan
nan
6.428442260202933412e+00
6.103491051715333349e+00
nan
nan
6.045235235241886329e+00
7.185340858382895490e+00
5.979168390165753522e+00
6.046923809632421154e+00
5.305467795846844581e+00
5.339472899765357994e+00
5.619208004023557024e+00
4.358706594724049310e+00
5.339065799512203725e+00
4.894663442817307697e+00
nan
nan
nan
5.526807696070503262e+00
5.286956967108485728e+00
5.435629578684221030e+00
nan
6.090165766581423057e+00
5.987585997221115619e+00
nan
5.808045291145667477e+00
5.941589629009707885e+00
5.924759165669958527e+00
4.897634551661314006e+00
4.961198485906834321e+00
nan
4.957253138264007930e+00
4.961198485906834321e+00
nan
nan
nan
6.880190202484621764e+00
5.607358755409569184e+00
5.663470366329752537e+00
nan
6.079923728627988133e+00
6.084307448231127680e+00
6.487102523563766709e+00
5.366254177236907452e+00
5.599029688163604135e+00
5.094250508876454475e+00
5.345015133862896839e+00
5.704342365056231046e+00
4.782008217760498781e+00
5.480163661364265693e+00
5.628207410310984038e+00
nan
nan
nan
6.349436887101434834e+00
5.316112888523749191e+00
nan
nan
6.084668370218278000e+00
6.217683437170888894e+00
5.924939347520119526e+00
nan
6.788923546726541858e+00
