nan
5.853258415166644468e+00
5.204577840553053392e+00
7.737962467873137129e+00
5.078167314280974232e+00
5.814466215363758295e+00
nan
nan
nan
5.533106457432463543e+00
5.110422356964889445e+00
4.689119593182340395e+00
nan
nan
8.208758377661203198e+00
7.896688460583398239e+00
4.693774512371152952e+00
3.665366763281188156e+00
6.071971834478185670e+00
5.650342324998838706e+00
4.715693112473939408e+00
5.533413093862792564e+00
5.589662752882761154e+00
4.906191345420301886e+00
nan
nan
nan
6.668470757064547172e+00
5.413658469120661287e+00
4.121403753282296911e+00
nan
5.782429349384109685e+00
4.917045945588185418e+00
5.726230420749786276e+00
5.162894270541516839e+00
3.321962450917648635e+00
nan
5.205076044219231868e+00
6.224843595834478549e+00
3.212941258368025910e+00
5.017754958477937066e+00
7.088076711839005561e+00
nan
nan
nan
9.164505371700100156e+00
nan
7.326230670875696127e+00
nan
nan
nan
6.639520875420525492e+00
5.931564699501610249e+00
4.903898966618376321e+00
8.000794986247329987e+00
nan
5.534647884626108905e+00
7.948186680577392416e+00
nan
3.286378856342801136e+00
nan
nan
nan
nan
8.037093842342713401e+00
9.080587021249364454e+00
nan
nan
nan
3.123128245549585458e+00
6.942879258235247875e+00
7.354919437563214757e+00
7.845792968040852244e+00
nan
3.453977094941201642e+00
3.591196682600345191e+00
9.101118740747832447e+00
6.189163292405403638e+00
nan
nan
nan
8.064455692734055603e+00
7.738033373908218771e+00
6.118415553428029341e+00
nan
nan
8.412214468272271262e+00
8.914235001968306094e+00
8.048602573292662044e+00
6.911183272968953517e+00
7.051524464758723632e+00
nan
4.280723154875749614e+00
8.625608351885965419e+00
6.506937995276629749e+00
5.840122325223563671e+00
nan
nan
4.369889143549979593e+00
7.782677882672463632e+00
nan
5.126123994862247457e+00
nan
nan
4.761414988555621619e+00
7.059414609556353248e+00
7.111814763490282409e+00
3.810758056675483729e+00
6.580420677249650296e+00
8.124816086086518396e+00
nan
6.361577760428156481e+00
7.221837412030577497e+00
nan
nan
nan
nan
5.925601637072838379e+00
4.838013360324172396e+00
4.448627700704189891e+00
nan
7.261485213306359654e+00
7.106559639834335584e+00
5.200114571672420638e+00
6.656856243850681309e+00
6.722636137515536348e+00
6.782115049193980560e+00
5.437561639102283628e+00
6.625623063369573629e+00
4.720763286605460962e+00
4.125140689020285301e+00
5.946741783172896589e+00
nan
nan
nan
5.226084605081835477e+00
5.023081348194303075e+00
5.997806056767274185e+00
nan
6.991112946557665353e+00
7.458153095363617702e+00
nan
5.453756961612436172e+00
6.032456813849172761e+00
7.940453810154130210e+00
6.629857040093495968e+00
5.118375016364497654e+00
6.840722922267120865e+00
5.901862019424317651e+00
5.357724588587203129e+00
nan
nan
nan
5.019402051160875899e+00
5.643387019661473936e+00
4.729302443335814843e+00
nan
6.719201883539259512e+00
5.684110368890891607e+00
nan
6.040107538500889106e+00
5.668050116209281342e+00
nan
6.453741072972013271e+00
5.445359386977542293e+00
nan
4.694787447274363146e+00
4.336879535171539679e+00
nan
nan
nan
8.208551882735601879e+00
5.640077951385704225e+00
3.990179668102346255e+00
nan
6.453005724466287063e+00
5.352386239234073528e+00
6.615055903048018493e+00
4.830091572328028882e+00
3.681268886890175729e+00
7.615895758107923186e+00
6.863619052800510545e+00
nan
6.970089773176542103e+00
6.689453405362544736e+00
8.392012293960688041e+00
nan
nan
nan
6.922996628896827431e+00
5.350384016552847122e+00
4.744702264712185702e+00
nan
nan
nan
6.158107979767693863e+00
nan
5.768030418298891959e+00
nan
8.563753040708032671e+00
7.141965522843689129e+00
nan
6.228983980076030491e+00
6.841816383453100059e+00
nan
nan
nan
nan
7.036465130974292492e+00
6.498924486870812700e+00
nan
nan
7.549921394262227636e+00
8.352181402430129964e+00
6.714700112103866303e+00
6.936800288323539121e+00
