7.742962337334056144e-01
7.714480082995023302e-01
5.492432695246263208e-01
-7.955506845835222940e-01
-2.752748386581091999e-01
-5.926361998836777722e-01
-2.724266132242041394e-01
-2.752748386581091999e-01
-5.926361998836777722e-01
-7.955506845835222940e-01
-7.988736142564110132e-01
-5.926361998836777722e-01
-2.724266132242041394e-01
2.483239369401926133e-01
-2.195539476443064686e-02
1.297895009331706540e+00
nan
1.119924074643892986e+00
-2.724266132242041394e-01
2.483239369401926133e-01
-2.195539476443064686e-02
-7.955506845835222940e-01
-7.988736142564110132e-01
-5.926361998836777722e-01
-2.724266132242041394e-01
2.483239369401926133e-01
-2.195539476443064686e-02
-2.724266132242041394e-01
-2.752748386581091999e-01
-2.195539476443064686e-02
1.821019080691015368e+00
-7.988736142564110132e-01
-1.163834864172734740e+00
2.506974581351135711e-01
2.483239369401926133e-01
5.492432695246263208e-01
-2.724266132242041394e-01
-2.752748386581091999e-01
-5.926361998836777722e-01
2.506974581351135711e-01
2.483239369401926133e-01
-2.195539476443064686e-02
1.821019080691015368e+00
nan
5.492432695246263208e-01
-2.724266132242041394e-01
-2.752748386581091999e-01
-5.926361998836777722e-01
7.742962337334056144e-01
7.714480082995023302e-01
5.492432695246263208e-01
2.506974581351135711e-01
2.483239369401926133e-01
-2.195539476443064686e-02
-7.955506845835222940e-01
-2.752748386581091999e-01
-5.926361998836777722e-01
-2.724266132242041394e-01
-2.752748386581091999e-01
-5.926361998836777722e-01
-7.955506845835222940e-01
1.295046783897804588e+00
-1.163834864172734740e+00
-7.955506845835222940e-01
-2.752748386581091999e-01
-5.926361998836777722e-01
nan
-1.845121756975030003e+00
2.833002208341254047e+00
-7.955506845835222940e-01
-2.752748386581091999e-01
-2.305714333581038389e+00
1.297895009331706540e+00
1.295046783897804588e+00
1.119924074643892986e+00
-2.724266132242041394e-01
-2.752748386581091999e-01
-5.926361998836777722e-01
2.506974581351135711e-01
2.483239369401926133e-01
-2.195539476443064686e-02
-2.365872307139433417e+00
-1.321997685615720508e+00
-2.876395138700285514e+00
-7.955506845835222940e-01
-2.752748386581091999e-01
-5.926361998836777722e-01
-2.724266132242041394e-01
-2.752748386581091999e-01
-2.195539476443064686e-02
7.742962337334056144e-01
7.714480082995023302e-01
5.492432695246263208e-01
-7.955506845835222940e-01
-2.752748386581091999e-01
-5.926361998836777722e-01
-7.955506845835222940e-01
-7.988736142564110132e-01
-5.926361998836777722e-01
7.742962337334056144e-01
-1.845121756975030003e+00
-5.926361998836777722e-01
7.742962337334056144e-01
2.341769630855415230e+00
5.492432695246263208e-01
-2.888996378498751127e+00
-7.988736142564110132e-01
-1.735033528461791708e+00
nan
1.295046783897804588e+00
2.833002208341254047e+00
2.506974581351135711e-01
2.483239369401926133e-01
-2.195539476443064686e-02
2.344617856289316293e+00
nan
5.492432695246263208e-01
2.867741927648643774e+00
2.483239369401926133e-01
-1.163834864172734740e+00
-1.198013569379502652e+00
-8.354258406580794549e-01
-8.382740660919862918e-01
nan
7.344210776588413481e-01
1.255171627823229663e+00
2.227624838845419397e+00
1.781618628855444975e+00
1.778770403421530588e+00
5.150645643178584088e-01
2.112970062995320752e-01
2.084487808656221297e-01
-5.613409997118878891e-02
2.112970062995320752e-01
2.084487808656221297e-01
-6.268149050904456843e-01
-1.358549912017407379e+00
-1.361398137451294010e+00
1.656426174556372644e+00
-8.354258406580794549e-01
-1.361398137451294010e+00
-1.198013569379502652e+00
-8.354258406580794549e-01
-8.382740660919862918e-01
nan
7.344210776588413481e-01
1.778770403421530588e+00
-5.613409997118878891e-02
2.112970062995320752e-01
2.084487808656221297e-01
-5.613409997118878891e-02
-3.118270650597776417e-01
2.084487808656221297e-01
1.085745369437114860e+00
-8.354258406580794549e-01
-1.884996913049594491e+00
nan
1.781618628855444975e+00
2.301894474780857180e+00
-5.613409997118878891e-02
2.112970062995320752e-01
2.084487808656221297e-01
-5.613409997118878891e-02
2.112970062995320752e-01
2.084487808656221297e-01
nan
1.781618628855444975e+00
2.301894474780857180e+00
-6.268149050904456843e-01
-3.118270650597776417e-01
-3.151499947326783513e-01
-6.268149050904456843e-01
-3.118270650597776417e-01
-3.151499947326783513e-01
-1.198013569379502652e+00
-1.882148687615690763e+00
-1.884996913049594491e+00
5.150645643178584088e-01
2.112970062995320752e-01
2.084487808656221297e-01
-6.268149050904456843e-01
-3.118270650597776417e-01
-3.151499947326783513e-01
nan
1.258019853257143161e+00
1.778770403421530588e+00
-1.768694374498759547e+00
-1.358549912017407379e+00
-8.382740660919862918e-01
-1.198013569379502652e+00
-8.354258406580794549e-01
-8.382740660919862918e-01
2.227624838845419397e+00
nan
7.320475564639221666e-01
1.085745369437114860e+00
7.344210776588413481e-01
7.320475564639221666e-01
5.150645643178584088e-01
2.112970062995320752e-01
2.084487808656221297e-01
-5.613409997118878891e-02
2.112970062995320752e-01
2.084487808656221297e-01
-5.613409997118878891e-02
2.112970062995320752e-01
2.084487808656221297e-01
2.227624838845419397e+00
2.304742700214754692e+00
2.825493250379138566e+00
-6.268149050904456843e-01
-3.118270650597776417e-01
-3.151499947326783513e-01
1.085745369437114860e+00
7.344210776588413481e-01
7.320475564639221666e-01
-2.339893038787806301e+00
-2.928871534573320723e+00
-8.382740660919862918e-01
5.150645643178584088e-01
2.112970062995320752e-01
2.084487808656221297e-01
-1.198013569379502652e+00
-8.354258406580794549e-01
-8.382740660919862918e-01
5.150645643178584088e-01
2.112970062995320752e-01
7.320475564639221666e-01
-5.613409997118878891e-02
-1.358549912017407379e+00
-2.931719760007202691e+00
1.656426174556372644e+00
1.258019853257143161e+00
1.255171627823229663e+00
5.150645643178584088e-01
2.112970062995320752e-01
2.084487808656221297e-01
nan
7.344210776588413481e-01
1.778770403421530588e+00
-5.362447476370668653e-02
-5.669179446174421599e-02
1.937329494571589095e-01
-5.369464214698314031e-01
-5.395755526395848989e-01
-8.529898975004712725e-01
-5.362447476370668653e-02
-5.669179446174421599e-02
1.937329494571589095e-01
9.125812301202413934e-01
9.095139104222038640e-01
1.239981092175777455e+00
9.125812301202413934e-01
9.095139104222038640e-01
7.168570208164681823e-01
9.125812301202413934e-01
1.392835857128329025e+00
1.763579867774079268e+00
-5.369464214698314031e-01
-5.395755526395848989e-01
-8.529898975004712725e-01
1.878786935004198355e+00
nan
7.168570208164681823e-01
-5.362447476370668653e-02
-5.669179446174421599e-02
-3.298658261411433479e-01
-5.362447476370668653e-02
-5.669179446174421599e-02
-3.298658261411433479e-01
9.125812301202413934e-01
9.095139104222038640e-01
1.239981092175777455e+00
-5.362447476370668653e-02
-5.669179446174421599e-02
-3.298658261411433479e-01
-5.362447476370668653e-02
-5.669179446174421599e-02
1.937329494571589095e-01
-5.362447476370668653e-02
-5.669179446174421599e-02
-3.298658261411433479e-01
-5.362447476370668653e-02
-5.669179446174421599e-02
-3.298658261411433479e-01
9.125812301202413934e-01
9.095139104222038640e-01
1.239981092175777455e+00
-1.503152126353779705e+00
-2.955308909113606219e+00
-1.376588673098754656e+00
9.125812301202413934e-01
1.875719615306152832e+00
1.937329494571589095e-01
-1.020268368175947238e+00
-1.022897499345709615e+00
-1.376588673098754656e+00
1.395464988298074083e+00
1.875719615306152832e+00
1.239981092175777455e+00
-5.369464214698314031e-01
-1.022897499345709615e+00
-8.529898975004712725e-01
-1.503152126353779705e+00
1.875719615306152832e+00
-8.529898975004712725e-01
-5.362447476370668653e-02
-5.395755526395848989e-01
-3.298658261411433479e-01
-5.369464214698314031e-01
-1.022897499345709615e+00
-8.529898975004712725e-01
-5.362447476370668653e-02
-5.669179446174421599e-02
1.937329494571589095e-01
-1.503152126353779705e+00
-1.022897499345709615e+00
-1.376588673098754656e+00
9.125812301202413934e-01
9.095139104222038640e-01
1.239981092175777455e+00
9.125812301202413934e-01
9.095139104222038640e-01
1.239981092175777455e+00
-5.362447476370668653e-02
-5.669179446174421599e-02
1.937329494571589095e-01
4.292592834141255587e-01
4.266301522443631811e-01
1.937329494571589095e-01
1.878786935004198355e+00
nan
-1.376588673098754656e+00
-5.362447476370668653e-02
-5.669179446174421599e-02
-3.298658261411433479e-01
9.125812301202413934e-01
9.095139104222038640e-01
1.239981092175777455e+00
-5.362447476370668653e-02
-5.669179446174421599e-02
1.937329494571589095e-01
4.292592834141255587e-01
4.266301522443631811e-01
7.168570208164681823e-01
-5.369464214698314031e-01
-5.395755526395848989e-01
-3.298658261411433479e-01
-1.020268368175947238e+00
-1.505781257523533423e+00
-2.423311520056384616e+00
4.292592834141255587e-01
4.266301522443631811e-01
1.937329494571589095e-01
-5.369464214698314031e-01
-5.395755526395848989e-01
-8.529898975004712725e-01
-5.369464214698314031e-01
-5.395755526395848989e-01
-8.529898975004712725e-01
-1.453680641509608851e+00
-1.456528866943500367e+00
-1.608158031860851045e+00
1.686772721906624639e+00
nan
nan
-1.976132251604738599e-01
4.278570801235943577e-01
1.049201018365071292e-01
-8.253621107916568889e-01
-8.282103362255495149e-01
-4.662785624525489503e-01
1.058454191188672233e+00
2.311673382103909269e+00
nan
4.307053055574892042e-01
1.055605965754776498e+00
6.756009069557631364e-01
-8.253621107916568889e-01
-2.004614505943678182e-01
-4.662785624525489503e-01
-1.976132251604738599e-01
-2.004614505943678182e-01
1.049201018365071292e-01
-2.081429527140791880e+00
4.278570801235943577e-01
6.756009069557631364e-01
-1.976132251604738599e-01
-2.004614505943678182e-01
1.049201018365071292e-01
-8.253621107916568889e-01
-8.282103362255495149e-01
-4.662785624525489503e-01
-1.453680641509608851e+00
-1.456528866943500367e+00
-1.608158031860851045e+00
-1.453680641509608851e+00
-8.282103362255495149e-01
-1.036959367571804957e+00
-1.453680641509608851e+00
1.055605965754776498e+00
2.959359845772367770e+00
-1.976132251604738599e-01
4.278570801235943577e-01
1.049201018365071292e-01
-1.976132251604738599e-01
4.278570801235943577e-01
1.049201018365071292e-01
4.307053055574892042e-01
1.055605965754776498e+00
1.246799571244809002e+00
4.307053055574892042e-01
1.055605965754776498e+00
1.246799571244809002e+00
4.307053055574892042e-01
4.278570801235943577e-01
6.756009069557631364e-01
1.058454191188672233e+00
1.683924496472727128e+00
1.817480376364065009e+00
-1.976132251604738599e-01
4.278570801235943577e-01
1.049201018365071292e-01
4.307053055574892042e-01
1.055605965754776498e+00
1.246799571244809002e+00
-8.253621107916568889e-01
-8.282103362255495149e-01
-4.662785624525489503e-01
-1.976132251604738599e-01
-2.004614505943678182e-01
1.049201018365071292e-01
-1.453680641509608851e+00
-1.456528866943500367e+00
-1.608158031860851045e+00
-1.976132251604738599e-01
4.278570801235943577e-01
6.756009069557631364e-01
-8.253621107916568889e-01
-2.004614505943678182e-01
-4.662785624525489503e-01
-2.081429527140791880e+00
-2.084277752574682729e+00
-2.750037501269163354e+00
-8.253621107916568889e-01
-8.282103362255495149e-01
-1.036959367571804957e+00
2.314521607537807668e+00
-2.004614505943678182e-01
-1.608158031860851045e+00
-1.976132251604738599e-01
4.278570801235943577e-01
1.049201018365071292e-01
-1.453680641509608851e+00
-8.282103362255495149e-01
-1.036959367571804957e+00
-2.709748057858754944e+00
-8.282103362255495149e-01
-2.178838836980107274e+00
1.058454191188672233e+00
1.055605965754776498e+00
1.246799571244809002e+00
4.307053055574892042e-01
1.055605965754776498e+00
1.246799571244809002e+00
4.307053055574892042e-01
4.278570801235943577e-01
6.756009069557631364e-01
4.307053055574892042e-01
1.055605965754776498e+00
6.756009069557631364e-01
-1.453680641509608851e+00
2.311673382103909269e+00
1.049201018365071292e-01
-1.976132251604738599e-01
-2.004614505943678182e-01
-4.662785624525489503e-01
nan
2.939422267735090522e+00
nan
-7.293215679157816211e-02
-2.430906787880112496e+00
-1.648712878095792478e+00
3.197669249071477537e-01
3.169186994732551277e-01
3.140704740393478467e-01
3.197669249071477537e-01
3.169186994732551277e-01
3.140704740393478467e-01
-4.656312384903040780e-01
-4.681234357449675088e-01
1.884154744475776688e+00
7.121099784266293753e-01
7.092617529927376374e-01
7.064135275588432350e-01
3.067236384081264866e+00
3.064388158647378901e+00
-1.256369824576311078e+00
2.674893330561783245e+00
-7.578038222547167635e-02
-8.636707428775851625e-01
-7.293215679157816211e-02
-7.578038222547167635e-02
-7.862860765937806917e-02
7.121099784266293753e-01
7.092617529927376374e-01
7.064135275588432350e-01
7.121099784266293753e-01
7.092617529927376374e-01
7.064135275588432350e-01
2.674893330561783245e+00
nan
1.099112609257555384e+00
7.121099784266293753e-01
7.092617529927376374e-01
3.140704740393478467e-01
-8.579742920097852554e-01
-8.608225174436805460e-01
-4.709716611788592466e-01
nan
7.092617529927376374e-01
1.491455662777050328e+00
-7.293215679157816211e-02
-7.578038222547167635e-02
-7.862860765937806917e-02
-7.293215679157816211e-02
3.169186994732551277e-01
-7.862860765937806917e-02
-8.579742920097852554e-01
2.672045105127882181e+00
2.668840851514739931e+00
-1.643016427227992793e+00
-2.430906787880112496e+00
-4.709716611788592466e-01
7.121099784266293753e-01
1.101604806512219703e+00
7.064135275588432350e-01
-7.293215679157816211e-02
-7.578038222547167635e-02
-7.862860765937806917e-02
-4.656312384903040780e-01
-4.681234357449675088e-01
-4.709716611788592466e-01
3.197669249071477537e-01
7.092617529927376374e-01
3.140704740393478467e-01
-7.293215679157816211e-02
3.169186994732551277e-01
-7.862860765937806917e-02
1.104809060125354847e+00
1.101604806512219703e+00
1.099112609257555384e+00
-7.293215679157816211e-02
-7.578038222547167635e-02
-7.862860765937806917e-02
2.674893330561783245e+00
-4.681234357449675088e-01
1.099112609257555384e+00
1.497152113644850679e+00
1.494303888210946951e+00
1.099112609257555384e+00
1.104809060125354847e+00
1.101604806512219703e+00
7.064135275588432350e-01
1.497152113644850679e+00
1.494303888210946951e+00
1.491455662777050328e+00
-7.293215679157816211e-02
-7.578038222547167635e-02
-7.862860765937806917e-02
-7.293215679157816211e-02
-2.430906787880112496e+00
-1.648712878095792478e+00
-7.293215679157816211e-02
-7.578038222547167635e-02
-7.862860765937806917e-02
3.067236384081264866e+00
-7.578038222547167635e-02
1.099112609257555384e+00
-4.656312384903040780e-01
-4.681234357449675088e-01
-4.709716611788592466e-01
-1.250317345529266877e+00
-2.038207706181385692e+00
-2.826098066833495182e+00
1.889851195343562829e+00
-4.681234357449675088e-01
-1.256369824576311078e+00
3.197669249071477537e-01
7.092617529927376374e-01
3.140704740393478467e-01
-7.293215679157816211e-02
-7.578038222547167635e-02
-7.862860765937806917e-02
-2.035359480747488181e+00
3.169186994732551277e-01
-8.636707428775851625e-01
-7.293215679157816211e-02
-7.578038222547167635e-02
-7.862860765937806917e-02
nan
6.173590123256222917e-01
1.870198439849670713e+00
-2.173609215021601315e-01
-1.057397542806557400e+00
-1.897813927502143505e+00
-6.358601785896222935e-01
-6.388982857191094489e-01
-6.415566294574142070e-01
-2.173609215021601315e-01
-6.388982857191094489e-01
-6.415566294574142070e-01
-6.358601785896222935e-01
-6.388982857191094489e-01
-6.415566294574142070e-01
nan
6.173590123256222917e-01
2.289077460328311275e+00
nan
-1.894775820372662345e+00
nan
-6.358601785896222935e-01
-6.388982857191094489e-01
-6.415566294574142070e-01
-6.358601785896222935e-01
-6.388982857191094489e-01
-6.415566294574142070e-01
-6.358601785896222935e-01
-6.388982857191094489e-01
-6.415566294574142070e-01
6.200173560639279380e-01
1.035858269413070687e+00
1.033199925674776587e+00
1.457395633630016007e+00
nan
1.451699182762223650e+00
1.457395633630016007e+00
1.035858269413070687e+00
1.033199925674776587e+00
-2.173609215021601315e-01
-2.203990286316614977e-01
-2.230573723699524891e-01
1.038896376542568945e+00
6.173590123256222917e-01
6.143209051961355804e-01
6.200173560639279380e-01
1.035858269413070687e+00
1.033199925674776587e+00
2.015180989764657760e-01
1.984799918469803970e-01
1.958216481086738625e-01
2.015180989764657760e-01
-2.203990286316614977e-01
-2.230573723699524891e-01
1.038896376542568945e+00
6.173590123256222917e-01
6.143209051961355804e-01
-2.173609215021601315e-01
-2.203990286316614977e-01
-6.415566294574142070e-01
1.038896376542568945e+00
6.173590123256222917e-01
6.143209051961355804e-01
2.015180989764657760e-01
-2.203990286316614977e-01
-2.230573723699524891e-01
1.875894890717463070e+00
3.129493845023906928e+00
nan
-2.173609215021601315e-01
2.710614824545265478e+00
-2.230573723699524891e-01
2.015180989764657760e-01
-2.203990286316614977e-01
-2.230573723699524891e-01
2.015180989764657760e-01
1.984799918469803970e-01
1.958216481086738625e-01
6.200173560639279380e-01
6.173590123256222917e-01
6.143209051961355804e-01
2.015180989764657760e-01
1.984799918469803970e-01
1.958216481086738625e-01
2.294773911196103633e+00
1.873236546979175188e+00
1.451699182762223650e+00
1.038896376542568945e+00
1.035858269413070687e+00
1.451699182762223650e+00
-2.173609215021601315e-01
-2.203990286316614977e-01
-2.230573723699524891e-01
2.015180989764657760e-01
-2.203990286316614977e-01
-2.230573723699524891e-01
6.200173560639279380e-01
1.984799918469803970e-01
1.958216481086738625e-01
2.015180989764657760e-01
1.984799918469803970e-01
1.958216481086738625e-01
2.015180989764657760e-01
1.984799918469803970e-01
1.958216481086738625e-01
2.015180989764657760e-01
1.984799918469803970e-01
1.958216481086738625e-01
1.038896376542568945e+00
6.173590123256222917e-01
6.143209051961355804e-01
6.200173560639279380e-01
6.173590123256222917e-01
6.143209051961355804e-01
-6.358601785896222935e-01
-6.388982857191094489e-01
-6.415566294574142070e-01
-6.358601785896222935e-01
-6.388982857191094489e-01
-6.415566294574142070e-01
-8.149457434905453823e-01
-1.608755561672177592e+00
-3.063416278879386390e+00
-3.665536823254074150e-01
-1.596660986103883850e-01
7.654881731961493685e-02
5.306373293525443735e-01
3.232176595674354225e-01
5.253477678324456335e-01
5.306373293525443735e-01
3.232176595674354225e-01
5.253477678324456335e-01
-1.263744694003375191e+00
-6.425498567882121925e-01
-8.206421943583390721e-01
-8.149457434905453823e-01
-6.425498567882121925e-01
-3.718432438455083755e-01
9.794362798653741820e-01
1.289861552979684411e+00
1.422538779510399642e+00
-3.665536823254074150e-01
-1.596660986103883850e-01
7.654881731961493685e-02
-8.149457434905453823e-01
-6.425498567882121925e-01
-3.718432438455083755e-01
8.224526818740640621e-02
3.232176595674354225e-01
5.253477678324456335e-01
5.306373293525443735e-01
8.065396062735601390e-01
9.737398289975844889e-01
5.306373293525443735e-01
8.065396062735601390e-01
9.737398289975844889e-01
9.794362798653741820e-01
8.065396062735601390e-01
1.422538779510399642e+00
-1.712136755168497171e+00
3.232176595674354225e-01
2.319729791188369639e+00
5.306373293525443735e-01
8.065396062735601390e-01
9.737398289975844889e-01
8.224526818740640621e-02
3.232176595674354225e-01
7.654881731961493685e-02
9.794362798653741820e-01
8.065396062735601390e-01
1.422538779510399642e+00
8.224526818740640621e-02
3.232176595674354225e-01
7.654881731961493685e-02
-8.149457434905453823e-01
-6.425498567882121925e-01
-3.718432438455083755e-01
9.794362798653741820e-01
8.065396062735601390e-01
1.422538779510399642e+00
-3.665536823254074150e-01
-1.596660986103883850e-01
-3.718432438455083755e-01
-8.149457434905453823e-01
-6.425498567882121925e-01
-3.718432438455083755e-01
5.306373293525443735e-01
3.232176595674354225e-01
5.253477678324456335e-01
-3.665536823254074150e-01
-1.596660986103883850e-01
7.654881731961493685e-02
-8.149457434905453823e-01
-6.425498567882121925e-01
-8.206421943583390721e-01
9.794362798653741820e-01
8.065396062735601390e-01
9.737398289975844889e-01
8.224526818740640621e-02
-1.608755561672177592e+00
1.870930840675538498e+00
5.306373293525443735e-01
8.065396062735601390e-01
9.737398289975844889e-01
-3.665536823254074150e-01
-1.125871803494336687e+00
-1.269441144871170213e+00
-3.665536823254074150e-01
-1.596660986103883850e-01
-3.718432438455083755e-01
-1.712136755168497171e+00
-1.608755561672177592e+00
-1.269441144871170213e+00
-3.665536823254074150e-01
-1.596660986103883850e-01
7.654881731961493685e-02
-1.263744694003375191e+00
-1.596660986103883850e-01
-1.717833206036293303e+00
1.427828341030496162e+00
1.772745311157508219e+00
nan
-1.712136755168497171e+00
3.232176595674354225e-01
1.422538779510399642e+00
8.224526818740640621e-02
-1.596660986103883850e-01
7.654881731961493685e-02
8.224526818740640621e-02
-1.596660986103883850e-01
7.654881731961493685e-02
-3.665536823254074150e-01
-6.425498567882121925e-01
-3.718432438455083755e-01
-3.665536823254074150e-01
-1.596660986103883850e-01
-3.718432438455083755e-01
-2.609734656194156788e+00
1.289861552979684411e+00
-1.269441144871170213e+00
-1.381335715488594129e+00
-2.830892579647221297e+00
-1.158794368253345031e+00
-1.750934851205041998e+00
1.774877828661885815e+00
3.028097019577110416e+00
-2.732084790295803423e-01
-3.187577469489513149e-01
-3.214160906872418622e-01
4.656547070581438241e-01
5.186205306171536300e-01
9.344614439662928262e-01
-6.424725294008699628e-01
-1.156136024515041383e+00
-1.158794368253345031e+00
1.943381079233592601e+00
nan
2.190718742011021902e+00
-1.381335715488594129e+00
-7.372570040363992661e-01
1.353340464444934277e+00
4.656547070581438241e-01
9.374995510957804257e-01
9.344614439662928262e-01
8.349187574294205660e-01
1.774877828661885815e+00
nan
-6.424725294008699628e-01
-1.156136024515041383e+00
-1.158794368253345031e+00
4.656547070581438241e-01
5.186205306171536300e-01
9.344614439662928262e-01
9.639065668686752630e-02
5.186205306171536300e-01
5.155824234876518197e-01
-1.012071665117304509e+00
-1.993514302081131229e+00
-2.415051666298074107e+00
2.682244265321330090e+00
-7.372570040363992661e-01
nan
-6.424725294008699628e-01
-1.156136024515041383e+00
-1.158794368253345031e+00
-2.732084790295803423e-01
-7.372570040363992661e-01
-7.402951111658833128e-01
9.639065668686752630e-02
1.001212735296905798e-01
9.708316640020475674e-02
9.639065668686752630e-02
5.186205306171536300e-01
5.155824234876518197e-01
-1.012071665117304509e+00
-1.575015044993683277e+00
-1.577673388731971160e+00
4.656547070581438241e-01
5.186205306171536300e-01
9.344614439662928262e-01
1.204517893145868435e+00
2.611876342836781717e+00
nan
4.656547070581438241e-01
9.374995510957804257e-01
1.353340464444934277e+00
-6.424725294008699628e-01
-1.156136024515041383e+00
-1.158794368253345031e+00
-2.859397173009214033e+00
-7.372570040363992661e-01
5.155824234876518197e-01
8.349187574294205660e-01
1.355998808183243476e+00
1.771839721532381340e+00
2.312980214950040470e+00
nan
2.190718742011021902e+00
9.639065668686752630e-02
1.001212735296905798e-01
9.708316640020475674e-02
-6.424725294008699628e-01
-1.156136024515041383e+00
-1.158794368253345031e+00
-2.732084790295803423e-01
-7.372570040363992661e-01
-3.214160906872418622e-01
-1.012071665117304509e+00
1.001212735296905798e-01
2.190718742011021902e+00
4.656547070581438241e-01
5.186205306171536300e-01
9.344614439662928262e-01
1.204517893145868435e+00
nan
-1.996172645819432878e+00
-1.012071665117304509e+00
-1.575015044993683277e+00
-1.996172645819432878e+00
-2.732084790295803423e-01
-3.187577469489513149e-01
9.708316640020475674e-02
-2.732084790295803423e-01
-3.187577469489513149e-01
-3.214160906872418622e-01
8.349187574294205660e-01
1.355998808183243476e+00
1.771839721532381340e+00
-2.732084790295803423e-01
-3.187577469489513149e-01
-3.214160906872418622e-01
8.349187574294205660e-01
1.355998808183243476e+00
2.609217999098484064e+00
9.639065668686752630e-02
1.001212735296905798e-01
5.155824234876518197e-01
-2.732084790295803423e-01
-7.372570040363992661e-01
-3.214160906872418622e-01
1.494965083400968453e+00
6.869506537605287733e-01
2.325739233862080368e+00
1.493820105578791413e-01
1.633518781622456117e-01
-8.999412261194050799e-02
1.493820105578791413e-01
1.633518781622456117e-01
-8.999412261194050799e-02
-2.994169399549506672e-01
-3.597721931970823128e-01
-5.728778807897816350e-01
-2.994169399549506672e-01
-3.597721931970823128e-01
-5.728778807897816350e-01
1.493820105578791413e-01
-3.597721931970823128e-01
-8.999412261194050799e-02
5.977740717230006773e-01
1.633518781622456117e-01
3.933278240941842085e-01
-7.482158904677804756e-01
-1.406495040154693843e+00
-1.056199827495889032e+00
1.493820105578791413e-01
-3.597721931970823128e-01
-8.999412261194050799e-02
-2.994169399549506672e-01
-8.833709687953845702e-01
-5.728778807897816350e-01
1.493820105578791413e-01
-3.597721931970823128e-01
-8.999412261194050799e-02
1.943764033913782718e+00
-3.597721931970823128e-01
nan
1.493820105578791413e-01
-3.597721931970823128e-01
-8.999412261194050799e-02
-7.482158904677804756e-01
-1.406495040154693843e+00
-1.539083585673729937e+00
-2.994169399549506672e-01
-3.597721931970823128e-01
-5.728778807897816350e-01
5.977740717230006773e-01
1.633518781622456117e-01
3.933278240941842085e-01
-2.994169399549506672e-01
-2.453692591351297914e+00
-1.539083585673729937e+00
1.046573022235830486e+00
1.733673500718158955e+00
2.325739233862080368e+00
5.977740717230006773e-01
1.210074725119857142e+00
1.359095340449831824e+00
2.392156095078919797e+00
nan
-2.988611237263802956e+00
nan
1.210074725119857142e+00
8.762115822720075720e-01
2.840955045591750050e+00
-1.406495040154693843e+00
3.933278240941842085e-01
-2.994169399549506672e-01
-1.406495040154693843e+00
-1.539083585673729937e+00
-2.994169399549506672e-01
-8.833709687953845702e-01
-5.728778807897816350e-01
1.493820105578791413e-01
-3.597721931970823128e-01
-8.999412261194050799e-02
1.494965083400968453e+00
1.733673500718158955e+00
1.842417287155956096e+00
1.493820105578791413e-01
1.633518781622456117e-01
-8.999412261194050799e-02
5.977740717230006773e-01
6.869506537605287733e-01
3.933278240941842085e-01
-2.994169399549506672e-01
-8.833709687953845702e-01
-5.728778807897816350e-01
2.840955045591750050e+00
1.733673500718158955e+00
-5.728778807897816350e-01
5.977740717230006773e-01
6.869506537605287733e-01
8.762115822720075720e-01
5.977740717230006773e-01
1.633518781622456117e-01
3.933278240941842085e-01
5.977740717230006773e-01
1.633518781622456117e-01
3.933278240941842085e-01
-2.994169399549506672e-01
-8.833709687953845702e-01
-5.728778807897816350e-01
1.493820105578791413e-01
-3.597721931970823128e-01
-5.728778807897816350e-01
-2.994169399549506672e-01
-8.833709687953845702e-01
-5.728778807897816350e-01
5.977740717230006773e-01
6.869506537605287733e-01
3.933278240941842085e-01
-1.196607951632902456e+00
2.779921643436777501e+00
-8.999412261194050799e-02
5.977740717230006773e-01
6.869506537605287733e-01
8.762115822720075720e-01
-2.994169399549506672e-01
-3.597721931970823128e-01
-5.728778807897816350e-01
4.525145745941960840e-01
4.496663491602972407e-01
6.291316774524071676e-01
3.715624081366275533e-03
4.496663491602972407e-01
2.106324203649454496e-01
2.695288659115221641e+00
-2.690705636386395483e+00
3.141266510150670932e+00
2.246896597950099661e+00
-4.479315518653645967e-01
3.141266510150670932e+00
4.525145745941960840e-01
8.980584103254205530e-01
6.291316774524071676e-01
-8.934753875965855130e-01
-8.963236130304874649e-01
-1.045624877679783626e+00
3.715624081366275533e-03
4.496663491602972407e-01
2.106324203649454496e-01
-4.446764370837716918e-01
-4.479315518653645967e-01
-2.082466001136809020e-01
-4.446764370837716918e-01
8.673986474665440483e-04
-2.082466001136809020e-01
-8.934753875965855130e-01
-8.963236130304874649e-01
-1.045624877679783626e+00
1.349298696924440044e+00
1.795249422003390549e+00
1.885009212105941856e+00
3.715624081366275533e-03
8.673986474665440483e-04
2.106324203649454496e-01
3.144087609628051005e+00
nan
-1.045624877679783626e+00
4.525145745941960840e-01
4.496663491602972407e-01
6.291316774524071676e-01
3.715624081366275533e-03
4.496663491602972407e-01
2.106324203649454496e-01
-1.341867448761723258e+00
4.496663491602972407e-01
-1.464124134767230689e+00
-4.446764370837716918e-01
8.673986474665440483e-04
-2.082466001136809020e-01
3.715624081366275533e-03
4.496663491602972407e-01
2.106324203649454496e-01
-4.446764370837716918e-01
2.692440433681344558e+00
1.885009212105941856e+00
3.715624081366275533e-03
8.673986474665440483e-04
-2.082466001136809020e-01
-8.934753875965855130e-01
-8.963236130304874649e-01
-6.267458572011426199e-01
1.798097647437269408e+00
1.346857360838251694e+00
1.466509955018495681e+00
-4.446764370837716918e-01
-4.479315518653645967e-01
-2.082466001136809020e-01
9.009066357593180641e-01
8.980584103254205530e-01
1.048010697931048618e+00
9.009066357593180641e-01
1.346857360838251694e+00
1.048010697931048618e+00
3.715624081366275533e-03
8.673986474665440483e-04
2.106324203649454496e-01
3.715624081366275533e-03
8.673986474665440483e-04
2.106324203649454496e-01
-4.446764370837716918e-01
-4.479315518653645967e-01
-2.082466001136809020e-01
-1.341867448761723258e+00
-1.793514624708441696e+00
-6.267458572011426199e-01
-8.934753875965855130e-01
-8.963236130304874649e-01
-6.267458572011426199e-01
2.695288659115221641e+00
-8.963236130304874649e-01
-2.720381432811959765e+00
-8.934753875965855130e-01
-8.963236130304874649e-01
-6.267458572011426199e-01
3.715624081366275533e-03
4.496663491602972407e-01
2.106324203649454496e-01
3.715624081366275533e-03
8.673986474665440483e-04
2.106324203649454496e-01
9.009066357593180641e-01
1.346857360838251694e+00
1.048010697931048618e+00
2.246896597950099661e+00
2.692440433681344558e+00
2.722767253063224757e+00
9.009066357593180641e-01
8.980584103254205530e-01
1.048010697931048618e+00
-4.446764370837716918e-01
-4.479315518653645967e-01
-2.082466001136809020e-01
4.525145745941960840e-01
4.496663491602972407e-01
6.291316774524071676e-01
-4.446764370837716918e-01
-4.479315518653645967e-01
-2.082466001136809020e-01
1.549320713320142318e+00
-9.110224907161446062e-01
1.441255689504586712e+00
-1.036532895314320246e+00
-5.183234090174178021e-01
-5.211716344513090959e-01
-2.514594352834940150e+00
2.229146050156705527e+00
nan
-2.976697092265960798e-01
-1.259803554979357365e-01
-1.288285809318279185e-01
4.411934768611414093e-01
2.667187262007910675e-01
2.635144725876537031e-01
8.104575272324181512e-01
6.590617797202873440e-01
6.562135542863796189e-01
8.104575272324181512e-01
6.590617797202873440e-01
6.562135542863796189e-01
-2.976697092265960798e-01
-1.259803554979357365e-01
-1.288285809318279185e-01
-1.406132031030768115e+00
6.590617797202873440e-01
1.048912635985105091e+00
-2.976697092265960798e-01
-1.259803554979357365e-01
-1.288285809318279185e-01
-6.672688449430306257e-01
-5.183234090174178021e-01
-5.211716344513090959e-01
nan
2.667187262007910675e-01
nan
-1.036532895314320246e+00
-5.183234090174178021e-01
-5.211716344513090959e-01
4.411934768611414093e-01
2.667187262007910675e-01
2.635144725876537031e-01
7.159434114469354071e-02
2.667187262007910675e-01
2.635144725876537031e-01
1.918919849036590186e+00
nan
-2.483954986586463853e+00
4.411934768611414093e-01
2.667187262007910675e-01
2.635144725876537031e-01
7.159434114469354071e-02
2.667187262007910675e-01
2.635144725876537031e-01
8.104575272324181512e-01
6.590617797202873440e-01
6.562135542863796189e-01
8.104575272324181512e-01
6.590617797202873440e-01
1.048912635985105091e+00
-1.036532895314320246e+00
-1.696064625934353698e+00
-1.698912851368242549e+00
-6.672688449430306257e-01
-5.183234090174178021e-01
-5.211716344513090959e-01
7.159434114469354071e-02
2.667187262007910675e-01
2.635144725876537031e-01
4.411934768611414093e-01
2.667187262007910675e-01
6.562135542863796189e-01
4.411934768611414093e-01
-1.303721572414871410e+00
-1.698912851368242549e+00
-1.406132031030768115e+00
-2.088407679453835986e+00
-2.876298040105945031e+00
1.179721577603694449e+00
-5.183234090174178021e-01
-9.138707161500350118e-01
-1.036532895314320246e+00
-5.183234090174178021e-01
-5.211716344513090959e-01
-2.514594352834940150e+00
-5.183234090174178021e-01
-9.138707161500350118e-01
-6.672688449430306257e-01
-5.183234090174178021e-01
-5.211716344513090959e-01
-2.976697092265960798e-01
-1.259803554979357365e-01
-1.288285809318279185e-01
-2.976697092265960798e-01
-1.259803554979357365e-01
-1.288285809318279185e-01
7.159434114469354071e-02
2.667187262007910675e-01
2.635144725876537031e-01
4.411934768611414093e-01
2.667187262007910675e-01
2.635144725876537031e-01
7.159434114469354071e-02
-1.259803554979357365e-01
-1.288285809318279185e-01
2.657783035124314353e+00
-1.696064625934353698e+00
1.441255689504586712e+00
4.411934768611414093e-01
-9.110224907161446062e-01
-1.306213769669530622e+00
4.411934768611414093e-01
2.667187262007910675e-01
2.635144725876537031e-01
7.159434114469354071e-02
-1.259803554979357365e-01
2.635144725876537031e-01
-2.976697092265960798e-01
-1.259803554979357365e-01
-1.288285809318279185e-01
1.336470974857491889e+00
1.579869327287646286e+00
nan
-3.160994032106327900e-01
-5.135763666275883210e-01
-5.866808194309780511e-01
1.667164938393261409e+00
2.626433939498939552e+00
nan
1.006076824525296232e+00
8.817376264899108307e-01
2.160788639743139505e+00
6.753828609895271562e-01
5.329882455837045008e-01
9.834034510054507905e-01
1.429474712156242333e-02
1.842388646774981709e-01
1.983613157872432531e-01
1.336470974857491889e+00
2.277684558592720343e+00
nan
-6.467933667464023095e-01
-8.626422170264436140e-01
-9.790238729504592285e-01
1.006076824525296232e+00
1.230803476888779002e+00
nan
-2.630057708350308499e+00
-8.626422170264436140e-01
-1.939817377322521352e-01
6.753828609895271562e-01
5.329882455837045008e-01
9.834034510054507905e-01
3.446888974537576367e-01
-8.626422170264436140e-01
-1.764422036347911282e+00
-3.160994032106327900e-01
-1.648269857213695566e-01
-5.866808194309780511e-01
6.753828609895271562e-01
8.817376264899108307e-01
1.376102532704176262e+00
6.753828609895271562e-01
5.329882455837045008e-01
1.376102532704176262e+00
-3.160994032106327900e-01
-5.135763666275883210e-01
-5.866808194309780511e-01
-3.160994032106327900e-01
-5.135763666275883210e-01
-5.866808194309780511e-01
-9.771875170786095133e-01
-1.560457448331530328e+00
-2.941807225085599775e+00
1.429474712156242333e-02
-1.648269857213695566e-01
1.983613157872432531e-01
1.429474712156242333e-02
-1.648269857213695566e-01
-1.939817377322521352e-01
-3.160994032106327900e-01
-5.135763666275883210e-01
-5.866808194309780511e-01
1.429474712156242333e-02
-1.648269857213695566e-01
-1.939817377322521352e-01
1.429474712156242333e-02
1.842388646774981709e-01
1.983613157872432531e-01
-1.968969594482343766e+00
-8.626422170264436140e-01
-2.549108143386874303e+00
6.753828609895271562e-01
8.817376264899108307e-01
1.376102532704176262e+00
3.446888974537576367e-01
1.842388646774981709e-01
5.910603974859554022e-01
1.006076824525296232e+00
8.817376264899108307e-01
1.768445586223657884e+00
3.446888974537576367e-01
1.842388646774981709e-01
5.910603974859554022e-01
-6.467933667464023095e-01
-8.626422170264436140e-01
-9.790238729504592285e-01
1.429474712156242333e-02
-1.648269857213695566e-01
-1.939817377322521352e-01
1.429474712156242333e-02
-1.648269857213695566e-01
-1.939817377322521352e-01
1.429474712156242333e-02
-1.648269857213695566e-01
-1.939817377322521352e-01
1.667164938393261409e+00
2.626433939498939552e+00
nan
1.429474712156242333e-02
1.842388646774981709e-01
1.983613157872432531e-01
3.446888974537576367e-01
1.842388646774981709e-01
5.910603974859554022e-01
6.753828609895271562e-01
5.329882455837045008e-01
9.834034510054507905e-01
-3.160994032106327900e-01
-1.648269857213695566e-01
-1.939817377322521352e-01
1.667164938393261409e+00
2.626433939498939552e+00
nan
-3.160994032106327900e-01
-5.135763666275883210e-01
-5.866808194309780511e-01
-9.771875170786095133e-01
-1.211391597932662378e+00
-1.371722954649185366e+00
-3.838238746388791256e-01
3.111431312322947562e-01
3.079784363057336272e-01
-1.081955575436615025e+00
-3.869885695654398106e-01
-3.895203255066910231e-01
1.011806587971268989e+00
1.008641893044705640e+00
1.703608898915882186e+00
3.136748871735335342e-01
3.111431312322947562e-01
1.005477198118158277e+00
2.407437050581417992e+00
nan
1.703608898915882186e+00
-1.081955575436615025e+00
-3.869885695654398106e-01
-3.895203255066910231e-01
3.136748871735335342e-01
3.111431312322947562e-01
1.005477198118158277e+00
-1.081955575436615025e+00
-3.869885695654398106e-01
-3.895203255066910231e-01
-1.081955575436615025e+00
-1.084487331377863129e+00
-1.087652026304414488e+00
-1.081955575436615025e+00
-3.869885695654398106e-01
-3.895203255066910231e-01
3.104935812393842198e+00
-2.480117793988008579e+00
-1.087652026304414488e+00
3.104935812393842198e+00
nan
2.401740599713617641e+00
1.011806587971268989e+00
1.008641893044705640e+00
1.005477198118158277e+00
2.407437050581417992e+00
nan
1.703608898915882186e+00
-1.081955575436615025e+00
-1.084487331377863129e+00
-1.087652026304414488e+00
-1.081955575436615025e+00
-1.084487331377863129e+00
-1.087652026304414488e+00
-3.838238746388791256e-01
-3.869885695654398106e-01
-3.895203255066910231e-01
3.136748871735335342e-01
2.404272355654864413e+00
-1.087652026304414488e+00
3.136748871735335342e-01
3.111431312322947562e-01
3.079784363057336272e-01
-1.081955575436615025e+00
-1.084487331377863129e+00
-1.087652026304414488e+00
-3.838238746388791256e-01
-3.869885695654398106e-01
-3.895203255066910231e-01
-1.081955575436615025e+00
-1.084487331377863129e+00
-3.895203255066910231e-01
1.709305349783694083e+00
-1.084487331377863129e+00
-1.785150788116839360e+00
-1.081955575436615025e+00
-3.869885695654398106e-01
-3.895203255066910231e-01
-3.838238746388791256e-01
-3.869885695654398106e-01
-3.895203255066910231e-01
-1.081955575436615025e+00
-1.084487331377863129e+00
-3.895203255066910231e-01
3.136748871735335342e-01
3.111431312322947562e-01
1.005477198118158277e+00
-3.838238746388791256e-01
3.111431312322947562e-01
3.079784363057336272e-01
-1.779454337249039675e+00
-1.782619032175585261e+00
-1.087652026304414488e+00
-3.838238746388791256e-01
-3.869885695654398106e-01
-3.895203255066910231e-01
3.136748871735335342e-01
3.111431312322947562e-01
3.079784363057336272e-01
3.136748871735335342e-01
1.008641893044705640e+00
1.005477198118158277e+00
3.136748871735335342e-01
3.111431312322947562e-01
3.079784363057336272e-01
-1.081955575436615025e+00
-1.084487331377863129e+00
-1.087652026304414488e+00
-1.081955575436615025e+00
-1.084487331377863129e+00
-1.087652026304414488e+00
-3.838238746388791256e-01
-3.869885695654398106e-01
-3.895203255066910231e-01
-1.081955575436615025e+00
-1.084487331377863129e+00
-1.087652026304414488e+00
3.136748871735335342e-01
3.111431312322947562e-01
3.079784363057336272e-01
-1.779454337249039675e+00
-1.782619032175585261e+00
-1.087652026304414488e+00
3.136748871735335342e-01
1.008641893044705640e+00
1.005477198118158277e+00
5.480521934341009427e-01
2.522798055983961341e-01
5.429253876530815148e-01
-1.964082639264175478e+00
-2.538981119621912974e+00
2.426741689633396426e+00
5.480521934341009427e-01
2.522798055983961341e-01
5.429253876530815148e-01
1.176370724152051572e+00
1.647910268208543805e+00
1.170674273284263656e+00
-7.080152229150429299e-01
-4.458518951993397650e-01
-8.539314306488066109e-02
-7.080152229150429299e-01
2.345409030020968899e+00
-7.131420286960623578e-01
-7.969669219708075403e-02
-1.143350657011764859e+00
-1.341460559414013209e+00
-7.969669219708075403e-02
-4.458518951993397650e-01
-8.539314306488066109e-02
-7.969669219708075403e-02
-4.458518951993397650e-01
-8.539314306488066109e-02
-1.335764108546224849e+00
9.497785674108207843e-01
-7.131420286960623578e-01
5.480521934341009427e-01
2.522798055983961341e-01
5.429253876530815148e-01
-7.969669219708075403e-02
-4.458518951993397650e-01
-8.539314306488066109e-02
-7.969669219708075403e-02
2.522798055983961341e-01
5.429253876530815148e-01
-7.080152229150429299e-01
-4.458518951993397650e-01
-8.539314306488066109e-02
5.480521934341009427e-01
2.522798055983961341e-01
5.429253876530815148e-01
-1.335764108546224849e+00
-1.143350657011764859e+00
-7.131420286960623578e-01
-7.969669219708075403e-02
-4.458518951993397650e-01
-8.539314306488066109e-02
-7.080152229150429299e-01
-1.143350657011764859e+00
-7.131420286960623578e-01
-1.335764108546224849e+00
-1.841482357809488324e+00
-1.341460559414013209e+00
-7.969669219708075403e-02
-4.458518951993397650e-01
-8.539314306488066109e-02
1.176370724152051572e+00
1.647910268208543805e+00
1.170674273284263656e+00
3.060187026132366483e+00
9.497785674108207843e-01
3.054490575264577679e+00
1.804119609783233713e+00
1.647910268208543805e+00
1.170674273284263656e+00
1.176370724152051572e+00
9.497785674108207843e-01
1.170674273284263656e+00
1.176370724152051572e+00
-1.143350657011764859e+00
-1.341460559414013209e+00
5.480521934341009427e-01
2.522798055983961341e-01
5.429253876530815148e-01
-7.080152229150429299e-01
-1.143350657011764859e+00
-7.131420286960623578e-01
5.480521934341009427e-01
2.522798055983961341e-01
5.429253876530815148e-01
-1.335764108546224849e+00
-1.143350657011764859e+00
-7.131420286960623578e-01
1.176370724152051572e+00
9.497785674108207843e-01
1.170674273284263656e+00
-7.080152229150429299e-01
-1.143350657011764859e+00
-7.131420286960623578e-01
5.480521934341009427e-01
2.522798055983961341e-01
5.429253876530815148e-01
-7.969669219708075403e-02
-4.458518951993397650e-01
-8.539314306488066109e-02
-7.080152229150429299e-01
-4.458518951993397650e-01
-8.539314306488066109e-02
-7.969669219708075403e-02
2.522798055983961341e-01
-8.539314306488066109e-02
-1.335764108546224849e+00
-1.143350657011764859e+00
-7.131420286960623578e-01
-7.969669219708075403e-02
-4.458518951993397650e-01
-8.539314306488066109e-02
2.431868495414415854e+00
-1.841482357809488324e+00
3.054490575264577679e+00
-1.335764108546224849e+00
-1.143350657011764859e+00
-7.131420286960623578e-01
-7.969669219708075403e-02
2.522798055983961341e-01
5.429253876530815148e-01
-3.831909356535732059e-01
3.878191683099321274e-01
3.092443142763618980e-01
1.012439526956572244e+00
3.079799092691501983e+00
nan
nan
3.878191683099321274e-01
nan
-1.081322636451307773e+00
-1.406562855045975891e+00
-1.086386148333796431e+00
1.709938288768995562e+00
nan
-1.086386148333796431e+00
3.105568751379141901e+00
nan
1.704874776886507348e+00
-1.778821398263731091e+00
-2.303346977376238058e+00
-1.784517849131518563e+00
1.012439526956572244e+00
nan
nan
-3.831909356535732059e-01
-5.089649540203295963e-01
-3.882544475360618641e-01
3.143078261588505562e-01
1.285417069335593965e+00
1.007376015074084030e+00
2.407437050581419768e+00
nan
1.007376015074084030e+00
-3.831909356535732059e-01
nan
-1.784517849131518563e+00
3.105568751379141901e+00
nan
3.092443142763618980e-01
1.012439526956572244e+00
nan
3.092443142763618980e-01
-1.081322636451307773e+00
-1.406562855045975891e+00
-1.086386148333796431e+00
-1.081322636451307773e+00
-2.303346977376238058e+00
-1.784517849131518563e+00
3.143078261588505562e-01
1.285417069335593965e+00
1.007376015074084030e+00
3.105568751379141901e+00
3.079799092691501983e+00
1.007376015074084030e+00
2.407437050581419768e+00
nan
3.092443142763618980e-01
-3.831909356535732059e-01
3.878191683099321274e-01
-3.882544475360618641e-01
1.012439526956572244e+00
nan
3.092443142763618980e-01
nan
-2.303346977376238058e+00
nan
3.105568751379141901e+00
3.079799092691501983e+00
1.704874776886507348e+00
-3.831909356535732059e-01
-5.089649540203295963e-01
-3.882544475360618641e-01
3.143078261588505562e-01
1.285417069335593965e+00
3.092443142763618980e-01
1.012439526956572244e+00
-1.406562855045975891e+00
-1.784517849131518563e+00
-3.831909356535732059e-01
-5.089649540203295963e-01
-3.882544475360618641e-01
nan
-5.089649540203295963e-01
2.403006477684241915e+00
-3.831909356535732059e-01
-5.089649540203295963e-01
-3.882544475360618641e-01
nan
nan
nan
-3.831909356535732059e-01
3.878191683099321274e-01
3.092443142763618980e-01
1.709938288768995562e+00
3.878191683099321274e-01
3.100505239496665233e+00
3.105568751379141901e+00
3.079799092691501983e+00
1.007376015074084030e+00
3.105568751379141901e+00
3.079799092691501983e+00
1.007376015074084030e+00
-1.081322636451307773e+00
-1.406562855045975891e+00
-1.086386148333796431e+00
-3.831909356535732059e-01
-5.089649540203295963e-01
-3.882544475360618641e-01
-1.081322636451307773e+00
-2.303346977376238058e+00
-1.784517849131518563e+00
-2.476953099061453223e+00
3.878191683099321274e-01
1.704874776886507348e+00
-3.831909356535732059e-01
-1.406562855045975891e+00
-3.882544475360618641e-01
3.105568751379141901e+00
nan
1.704874776886507348e+00
-1.469148124370840414e-01
-1.497630378709837728e-01
-7.809297940228345780e-01
-1.469148124370840414e-01
-1.497630378709837728e-01
-7.809297940228345780e-01
1.108582958825279796e+00
1.105734733391380509e+00
1.102886507957480333e+00
-1.469148124370840414e-01
-1.497630378709837728e-01
-7.809297940228345780e-01
4.808340731940980994e-01
4.779858477601983680e-01
-1.526112633048835043e-01
1.108582958825279796e+00
4.779858477601983680e-01
4.751376223262981924e-01
-7.752333431550346710e-01
-7.780815685889344024e-01
-7.809297940228345780e-01
-1.469148124370840414e-01
-1.497630378709837728e-01
-1.526112633048835043e-01
1.108582958825279796e+00
2.990120680458474567e+00
nan
4.808340731940980994e-01
4.779858477601983680e-01
4.751376223262981924e-01
-2.031300759504178544e+00
2.990120680458474567e+00
4.751376223262981924e-01
-1.469148124370840414e-01
-1.497630378709837728e-01
-1.526112633048835043e-01
1.108582958825279796e+00
1.105734733391380509e+00
4.751376223262981924e-01
-7.752333431550346710e-01
-7.780815685889344024e-01
-7.809297940228345780e-01
-1.402982228786216590e+00
-1.405830454220116543e+00
-1.408678679654016497e+00
-2.659049645135360684e+00
-1.405830454220116543e+00
-2.664746096003160147e+00
-7.752333431550346710e-01
-7.780815685889344024e-01
-7.809297940228345780e-01
1.736901489543230426e+00
1.734053264109331138e+00
2.359523569393393139e+00
-7.752333431550346710e-01
2.362371794827292426e+00
-7.809297940228345780e-01
-1.469148124370840414e-01
-7.780815685889344024e-01
-7.809297940228345780e-01
nan
1.105734733391380509e+00
2.987272455024575279e+00
-1.402982228786216590e+00
-1.405830454220116543e+00
-2.036997210371978007e+00
1.108582958825279796e+00
1.105734733391380509e+00
1.102886507957480333e+00
-7.752333431550346710e-01
-1.405830454220116543e+00
-1.408678679654016497e+00
-1.402982228786216590e+00
4.779858477601983680e-01
2.359523569393393139e+00
1.736901489543230426e+00
nan
-1.526112633048835043e-01
4.808340731940980994e-01
-1.497630378709837728e-01
-1.526112633048835043e-01
-1.469148124370840414e-01
-1.497630378709837728e-01
-1.526112633048835043e-01
-7.752333431550346710e-01
-1.405830454220116543e+00
-1.408678679654016497e+00
-1.469148124370840414e-01
-1.497630378709837728e-01
-1.526112633048835043e-01
-7.752333431550346710e-01
-7.780815685889344024e-01
-7.809297940228345780e-01
-1.469148124370840414e-01
-1.497630378709837728e-01
-1.526112633048835043e-01
nan
-1.405830454220116543e+00
4.751376223262981924e-01
4.808340731940980994e-01
-1.497630378709837728e-01
-1.526112633048835043e-01
-2.031300759504178544e+00
nan
1.731205038675430963e+00
-7.752333431550346710e-01
-1.405830454220116543e+00
-1.408678679654016497e+00
-7.752333431550346710e-01
-7.780815685889344024e-01
-1.408678679654016497e+00
2.992968905892374742e+00
2.362371794827292426e+00
-7.809297940228345780e-01
-1.469148124370840414e-01
-1.497630378709837728e-01
-1.526112633048835043e-01
-1.469148124370840414e-01
-1.497630378709837728e-01
-1.526112633048835043e-01
4.603211624214020858e-02
2.846570690777485702e-01
4.887277265394702752e-01
4.944241774072630768e-01
7.675408272555896971e-01
9.375266770522996396e-01
9.432231279200946616e-01
1.250862773961713970e+00
1.386325627565129892e+00
2.737605151276017779e+00
-1.647754340690148034e+00
1.834717688730251872e+00
-4.027668342706909321e-01
-1.986648776283588269e-01
4.033566537434829513e-02
4.944241774072630768e-01
-1.164870582512324226e+00
-1.305247407468741239e+00
9.432231279200946616e-01
7.675408272555896971e-01
9.375266770522996396e-01
4.944241774072630768e-01
2.846570690777485702e-01
4.887277265394702752e-01
4.603211624214020858e-02
2.846570690777485702e-01
4.887277265394702752e-01
-4.027668342706909321e-01
-1.986648776283588269e-01
4.033566537434829513e-02
-8.515657847835216288e-01
-1.164870582512324226e+00
-8.568553463036034934e-01
-8.515657847835216288e-01
-1.164870582512324226e+00
-8.568553463036034934e-01
4.944241774072630768e-01
2.846570690777485702e-01
4.887277265394702752e-01
4.603211624214020858e-02
-1.986648776283588269e-01
4.033566537434829513e-02
4.944241774072630768e-01
2.846570690777485702e-01
4.887277265394702752e-01
9.432231279200946616e-01
7.675408272555896971e-01
9.375266770522996396e-01
-4.027668342706909321e-01
-1.986648776283588269e-01
4.033566537434829513e-02
-8.515657847835216288e-01
-6.815486358061995098e-01
-4.080563957907736850e-01
-4.027668342706909321e-01
-1.986648776283588269e-01
4.033566537434829513e-02
4.603211624214020858e-02
-1.986648776283588269e-01
4.033566537434829513e-02
1.391615189085233517e+00
1.250862773961713970e+00
1.386325627565129892e+00
-8.515657847835216288e-01
-6.815486358061995098e-01
-4.080563957907736850e-01
4.944241774072630768e-01
2.846570690777485702e-01
4.887277265394702752e-01
-8.515657847835216288e-01
-6.815486358061995098e-01
-4.080563957907736850e-01
-4.027668342706909321e-01
-6.815486358061995098e-01
-4.080563957907736850e-01
-8.515657847835216288e-01
-6.815486358061995098e-01
-4.080563957907736850e-01
-1.748349907113767809e+00
-1.164870582512324226e+00
-8.568553463036034934e-01
-8.515657847835216288e-01
-6.815486358061995098e-01
-4.080563957907736850e-01
4.603211624214020858e-02
-1.986648776283588269e-01
4.033566537434829513e-02
4.944241774072630768e-01
2.846570690777485702e-01
4.887277265394702752e-01
4.603211624214020858e-02
-1.986648776283588269e-01
4.033566537434829513e-02
2.737605151276017779e+00
-1.647754340690148034e+00
1.834717688730251872e+00
4.603211624214020858e-02
-1.986648776283588269e-01
4.033566537434829513e-02
9.432231279200946616e-01
7.675408272555896971e-01
1.386325627565129892e+00
4.603211624214020858e-02
-1.986648776283588269e-01
4.887277265394702752e-01
1.391615189085233517e+00
1.250862773961713970e+00
2.731908700408219204e+00
-4.027668342706909321e-01
-1.986648776283588269e-01
4.033566537434829513e-02
4.944241774072630768e-01
2.846570690777485702e-01
4.887277265394702752e-01
9.432231279200946616e-01
7.675408272555896971e-01
9.375266770522996396e-01
9.432231279200946616e-01
7.675408272555896971e-01
9.375266770522996396e-01
-1.382340971524091078e+00
nan
-1.757301472763161510e+00
9.538540065137368629e-02
9.898198335613050958e-02
8.968894978356756198e-02
8.339135013939285024e-01
9.363602609222185791e-01
8.288872212164646314e-01
1.942375823198102758e+00
nan
1.198151271587741817e+00
9.538540065137368629e-02
9.898198335613050958e-02
8.968894978356756198e-02
9.538540065137368629e-02
9.898198335613050958e-02
8.968894978356756198e-02
9.538540065137368629e-02
9.898198335613050958e-02
8.968894978356756198e-02
1.203512637110376815e+00
1.354859518009680741e+00
1.198151271587741817e+00
9.538540065137368629e-02
-1.576154335167239351e+00
-2.865428709222177961e+00
9.538540065137368629e-02
9.898198335613050958e-02
8.968894978356756198e-02
8.339135013939285024e-01
9.363602609222185791e-01
8.288872212164646314e-01
-2.742137350650746264e-01
-3.198970371225104969e-01
-2.795751005877096240e-01
9.538540065137368629e-02
9.898198335613050958e-02
8.968894978356756198e-02
8.339135013939285024e-01
9.363602609222185791e-01
8.288872212164646314e-01
-1.013076921152800569e+00
-7.383962942099571158e-01
-1.018438286675435567e+00
2.681239009285842023e+00
9.363602609222185791e-01
1.567750407304190574e+00
-6.434777854363651350e-01
-7.383962942099571158e-01
-1.018438286675435567e+00
4.646494510226513164e-01
5.174812404435926716e-01
4.592880855000158746e-01
-2.742137350650746264e-01
3.029616073141856880e+00
-2.795751005877096240e-01
8.339135013939285024e-01
9.363602609222185791e-01
8.288872212164646314e-01
-2.742137350650746264e-01
-1.157275314688598344e+00
-1.757301472763161510e+00
9.538540065137368629e-02
9.898198335613050958e-02
8.968894978356756198e-02
1.203512637110376815e+00
1.354859518009680741e+00
1.198151271587741817e+00
-1.382340971524091078e+00
-2.413152849342133255e+00
-2.795751005877096240e-01
4.646494510226513164e-01
5.174812404435926716e-01
4.592880855000158746e-01
-2.742137350650746264e-01
-3.198970371225104969e-01
-2.795751005877096240e-01
1.573111772826825572e+00
2.192237795575768367e+00
2.675877643763207026e+00
8.339135013939285024e-01
9.363602609222185791e-01
8.288872212164646314e-01
1.203512637110376815e+00
1.354859518009680741e+00
1.198151271587741817e+00
-2.742137350650746264e-01
-3.198970371225104969e-01
-2.795751005877096240e-01
-2.742137350650746264e-01
-3.198970371225104969e-01
-2.795751005877096240e-01
-6.434777854363651350e-01
-2.832031869820774261e+00
8.288872212164646314e-01
-2.742137350650746264e-01
-3.198970371225104969e-01
-6.488391509589872541e-01
4.646494510226513164e-01
-1.157275314688598344e+00
4.592880855000158746e-01
-2.742137350650746264e-01
-3.198970371225104969e-01
-6.488391509589872541e-01
-2.742137350650746264e-01
-3.198970371225104969e-01
-6.488391509589872541e-01
4.646494510226513164e-01
9.898198335613050958e-02
4.592880855000158746e-01
1.573111772826825572e+00
1.773738538488321304e+00
1.937014457675481083e+00
9.538540065137368629e-02
-3.198970371225104969e-01
-2.795751005877096240e-01
8.339135013939285024e-01
-1.157275314688598344e+00
8.288872212164646314e-01
4.895415052348703888e-01
4.866932798009715455e-01
4.838450543670864690e-01
-4.076495064430813997e-01
-8.588897930421053317e-01
-8.617380184760032868e-01
9.383404557477001973e-01
9.354922303138026862e-01
9.326440048799007343e-01
-4.076495064430813997e-01
-8.588897930421053317e-01
-1.310536968988832873e+00
1.386732516912822177e+00
2.281075303156895551e+00
3.545299320194850168e-02
4.895415052348703888e-01
9.354922303138026862e-01
9.326440048799007343e-01
-4.076495064430813997e-01
-4.104977318769824635e-01
-4.133459573108813068e-01
1.835124578077944157e+00
nan
4.838450543670864690e-01
-4.076495064430813997e-01
-4.104977318769824635e-01
-8.617380184760032868e-01
4.114944406973242153e-02
3.789432928814040480e-02
3.545299320194850168e-02
-4.076495064430813997e-01
-4.104977318769824635e-01
-4.133459573108813068e-01
-4.076495064430813997e-01
-4.104977318769824635e-01
-4.133459573108813068e-01
2.732722479103603774e+00
3.178266314834849560e+00
3.545299320194850168e-02
1.386732516912822177e+00
1.832683241991756695e+00
1.829835016557868066e+00
-1.304840518121049175e+00
-1.756080804720075328e+00
-2.207727980666784440e+00
4.895415052348703888e-01
4.866932798009715455e-01
4.838450543670864690e-01
-1.753232579286170933e+00
-1.307688743554936472e+00
3.175418089400941390e+00
4.114944406973242153e-02
3.789432928814040480e-02
3.545299320194850168e-02
1.386732516912822177e+00
1.832683241991756695e+00
nan
-4.076495064430813997e-01
-4.104977318769824635e-01
-4.133459573108813068e-01
-4.076495064430813997e-01
-4.104977318769824635e-01
-8.617380184760032868e-01
-4.076495064430813997e-01
-4.104977318769824635e-01
-4.133459573108813068e-01
-4.076495064430813997e-01
-4.104977318769824635e-01
-4.133459573108813068e-01
4.895415052348703888e-01
4.866932798009715455e-01
4.838450543670864690e-01
4.114944406973242153e-02
3.789432928814040480e-02
3.545299320194850168e-02
4.895415052348703888e-01
4.866932798009715455e-01
4.838450543670864690e-01
9.383404557477001973e-01
1.383884291478925554e+00
1.381036066045037813e+00
-8.560415676082193670e-01
-1.756080804720075328e+00
9.326440048799007343e-01
4.895415052348703888e-01
4.866932798009715455e-01
9.326440048799007343e-01
nan
-1.756080804720075328e+00
1.829835016557868066e+00
2.283923528590773522e+00
nan
1.829835016557868066e+00
-4.076495064430813997e-01
-8.588897930421053317e-01
-8.617380184760032868e-01
-4.076495064430813997e-01
-4.104977318769824635e-01
-4.133459573108813068e-01
-4.076495064430813997e-01
-4.104977318769824635e-01
-4.133459573108813068e-01
4.114944406973242153e-02
3.789432928814040480e-02
3.545299320194850168e-02
-8.560415676082193670e-01
-2.204879755232890481e+00
-4.133459573108813068e-01
1.835124578077944157e+00
nan
2.278227077722990046e+00
4.895415052348703888e-01
9.354922303138026862e-01
9.326440048799007343e-01
9.383404557477001973e-01
9.354922303138026862e-01
9.326440048799007343e-01
4.895415052348703888e-01
4.866932798009715455e-01
4.838450543670864690e-01
-2.169811581109892806e-01
-2.200192652404742155e-01
-1.744262199903268140e-02
2.713652931674743307e+00
-1.057397542806562285e+00
1.776532512009178610e+00
-1.054359435677079126e+00
-1.057397542806562285e+00
-9.146336336769844699e-01
-1.054359435677079126e+00
-1.057397542806562285e+00
-9.146336336769844699e-01
1.457395633630011567e+00
1.454737289891716578e+00
1.328140450844056630e+00
-2.169811581109892806e-01
-2.200192652404742155e-01
-1.744262199903268140e-02
-1.473238456155721243e+00
-1.894775820372650355e+00
-1.811824645354936036e+00
-6.358601785896165204e-01
-6.388982857191152220e-01
-4.662415725118465026e-01
6.203971194551156643e-01
1.988597552381667910e-01
4.309494391661052859e-01
2.015180989764737696e-01
1.988597552381667910e-01
-1.744262199903268140e-02
-1.473238456155721243e+00
1.988597552381667910e-01
1.328140450844056630e+00
6.203971194551156643e-01
6.173590123256138540e-01
4.309494391661052859e-01
-1.054359435677079126e+00
-1.057397542806562285e+00
-9.146336336769844699e-01
1.038896376542563615e+00
6.173590123256138540e-01
8.797483896789350943e-01
2.015180989764737696e-01
1.988597552381667910e-01
4.309494391661052859e-01
2.015180989764737696e-01
-2.200192652404742155e-01
-1.744262199903268140e-02
-1.054359435677079126e+00
2.710994587936445654e+00
-4.662415725118465026e-01
2.015180989764737696e-01
1.988597552381667910e-01
4.309494391661052859e-01
-1.473238456155721243e+00
1.873616310370342930e+00
-1.363432584189814278e+00
-1.473238456155721243e+00
-1.057397542806562285e+00
-9.146336336769844699e-01
2.015180989764737696e-01
1.988597552381667910e-01
4.309494391661052859e-01
6.203971194551156643e-01
1.988597552381667910e-01
4.309494391661052859e-01
-1.891737713243169194e+00
-1.894775820372650355e+00
1.328140450844056630e+00
-6.358601785896165204e-01
-6.388982857191152220e-01
-4.662415725118465026e-01
2.015180989764737696e-01
-2.200192652404742155e-01
-1.744262199903268140e-02
-2.729495754200453206e+00
1.873616310370342930e+00
-9.146336336769844699e-01
1.457395633630011567e+00
6.173590123256138540e-01
8.797483896789350943e-01
2.015180989764737696e-01
-2.200192652404742155e-01
-1.744262199903268140e-02
-6.358601785896165204e-01
-6.388982857191152220e-01
-4.662415725118465026e-01
1.876274654108653905e+00
1.454737289891716578e+00
3.122522474199960207e+00
-6.358601785896165204e-01
-6.388982857191152220e-01
-4.662415725118465026e-01
-2.169811581109892806e-01
-2.200192652404742155e-01
-1.744262199903268140e-02
-2.169811581109892806e-01
-2.200192652404742155e-01
-4.662415725118465026e-01
-6.358601785896165204e-01
-6.388982857191152220e-01
-4.662415725118465026e-01
1.038896376542563615e+00
6.173590123256138540e-01
8.797483896789350943e-01
6.203971194551156643e-01
1.988597552381667910e-01
4.309494391661052859e-01
2.015180989764737696e-01
-2.200192652404742155e-01
-1.744262199903268140e-02
-2.729495754200453206e+00
-6.388982857191152220e-01
-9.146336336769844699e-01
-1.054359435677079126e+00
-1.475896799894009126e+00
-1.363432584189814278e+00
1.038896376542563615e+00
6.173590123256138540e-01
8.797483896789350943e-01
