7.971948246956812589e-01
7.943465992617824156e-01
1.145843510763316253e+00
-2.495280222619342680e-01
-2.523762476958331114e-01
-5.667167637642425149e-01
-2.495280222619342680e-01
-2.523762476958331114e-01
-5.667167637642425149e-01
-2.495280222619342680e-01
-2.523762476958331114e-01
-5.667167637642425149e-01
2.740707533363648807e-01
2.712225279024664815e-01
3.964041355008607326e-03
-1.296250869219548685e+00
1.841069446219395722e+00
nan
2.740707533363648807e-01
2.712225279024664815e-01
3.964041355008607326e-03
-7.726520936212493140e-01
-7.755003190551490455e-01
-5.667167637642425149e-01
2.740707533363648807e-01
2.712225279024664815e-01
3.964041355008607326e-03
-2.495280222619342680e-01
-2.523762476958331114e-01
3.964041355008607326e-03
7.971948246956812589e-01
-7.755003190551490455e-01
-1.708596233172549939e+00
7.971948246956812589e-01
7.943465992617824156e-01
5.751627056440651309e-01
-2.495280222619342680e-01
-2.523762476958331114e-01
-5.667167637642425149e-01
2.740707533363648807e-01
2.712225279024664815e-01
3.964041355008607326e-03
1.843917671653295010e+00
2.887792293177010805e+00
nan
-2.495280222619342680e-01
-2.523762476958331114e-01
-5.667167637642425149e-01
7.971948246956812589e-01
7.943465992617824156e-01
1.145843510763316253e+00
2.740707533363648807e-01
2.712225279024664815e-01
3.964041355008607326e-03
-2.495280222619342680e-01
-2.523762476958331114e-01
-5.667167637642425149e-01
-2.495280222619342680e-01
-2.523762476958331114e-01
3.964041355008607326e-03
-2.495280222619342680e-01
2.364193517578711656e+00
-5.667167637642425149e-01
-2.495280222619342680e-01
-2.523762476958331114e-01
-5.667167637642425149e-01
nan
-1.299099094653446196e+00
1.717042175052372777e+00
2.367516447251595046e+00
-7.755003190551490455e-01
-2.850475702580855142e+00
1.320793600293979075e+00
1.317945374860081564e+00
1.717042175052372777e+00
-2.495280222619342680e-01
-2.523762476958331114e-01
-5.667167637642425149e-01
2.740707533363648807e-01
2.712225279024664815e-01
5.751627056440651309e-01
2.890640518610908316e+00
-2.523762476958331114e-01
1.717042175052372777e+00
-2.495280222619342680e-01
-2.523762476958331114e-01
-5.667167637642425149e-01
2.740707533363648807e-01
2.712225279024664815e-01
3.964041355008607326e-03
7.971948246956812589e-01
7.943465992617824156e-01
1.145843510763316253e+00
-2.495280222619342680e-01
-2.523762476958331114e-01
-5.667167637642425149e-01
-2.495280222619342680e-01
-2.523762476958331114e-01
-5.667167637642425149e-01
-1.819849644817846945e+00
-1.299099094653446196e+00
5.751627056440651309e-01
-2.866097787536479036e+00
2.887792293177010805e+00
nan
-7.726520936212493140e-01
-1.299099094653446196e+00
2.287722980171623455e+00
-2.495280222619342680e-01
1.841069446219395722e+00
nan
2.740707533363648807e-01
2.712225279024664815e-01
3.964041355008607326e-03
1.843917671653295010e+00
1.841069446219395722e+00
nan
-1.296250869219548685e+00
-1.299099094653446196e+00
-1.708596233172549939e+00
-1.331853687143276899e+00
-6.029669056502191538e-01
-8.139513624127738822e-01
7.615920067719512687e-01
1.680792033166394361e+00
nan
-8.087296157839611865e-01
1.109593368877340502e+00
1.802618402861770441e+00
2.379932311736534523e-01
5.389125637580862715e-01
2.322967803058557656e-01
2.379932311736534523e-01
-3.176824136116529473e-02
2.322967803058557656e-01
-8.087296157839611865e-01
-1.744846375058525911e+00
-1.860674209370389409e+00
1.807840149490584025e+00
-6.029669056502191538e-01
-1.337550138011073475e+00
-1.331853687143276899e+00
-1.173647710769473163e+00
-8.139513624127738822e-01
2.379932311736534523e-01
2.251990697455448220e+00
nan
-2.851308401856629260e-01
-3.176824136116529473e-02
-2.908272910534601685e-01
-2.851308401856629260e-01
-3.176824136116529473e-02
-2.908272910534601685e-01
7.615920067719512687e-01
-1.173647710769473163e+00
2.849341249819383748e+00
nan
2.822671502574702451e+00
nan
2.379932311736534523e-01
-3.176824136116529473e-02
2.322967803058557656e-01
2.379932311736534523e-01
-3.176824136116529473e-02
2.322967803058557656e-01
nan
2.822671502574702451e+00
nan
-8.087296157839611865e-01
-6.029669056502191538e-01
-2.908272910534601685e-01
-8.087296157839611865e-01
-6.029669056502191538e-01
-2.908272910534601685e-01
-1.331853687143276899e+00
-2.315527180177780142e+00
-2.907397056328004936e+00
2.379932311736534523e-01
5.389125637580862715e-01
2.322967803058557656e-01
-2.851308401856629260e-01
-6.029669056502191538e-01
-2.908272910534601685e-01
1.807840149490584025e+00
nan
-8.139513624127738822e-01
-1.855452462741575603e+00
-1.744846375058525911e+00
-1.337550138011073475e+00
-1.331853687143276899e+00
-1.173647710769473163e+00
-8.139513624127738822e-01
7.615920067719512687e-01
1.680792033166394361e+00
2.849341249819383748e+00
2.855037700687181434e+00
nan
7.558955559041553585e-01
2.379932311736534523e-01
5.389125637580862715e-01
2.322967803058557656e-01
-2.851308401856629260e-01
-3.176824136116529473e-02
-2.908272910534601685e-01
2.379932311736534523e-01
-3.176824136116529473e-02
2.322967803058557656e-01
-2.851308401856629260e-01
1.109593368877340502e+00
1.802618402861770441e+00
-2.851308401856629260e-01
-6.029669056502191538e-01
-2.908272910534601685e-01
2.855037700687181434e+00
nan
2.322967803058557656e-01
7.615920067719512687e-01
-6.029669056502191538e-01
-1.337550138011073475e+00
2.379932311736534523e-01
5.389125637580862715e-01
2.322967803058557656e-01
-8.087296157839611865e-01
-6.029669056502191538e-01
-8.139513624127738822e-01
7.615920067719512687e-01
5.389125637580862715e-01
2.322967803058557656e-01
-8.087296157839611865e-01
-2.315527180177780142e+00
-2.908272910534601685e-01
nan
5.389125637580862715e-01
1.279494331502454507e+00
2.379932311736534523e-01
-3.176824136116529473e-02
2.322967803058557656e-01
7.615920067719512687e-01
2.251990697455448220e+00
nan
8.886228611238147224e-01
7.440279499295794352e-01
1.510675295887200065e+00
-2.251830502292418323e+00
-1.349417743985649176e+00
-2.257526953160214234e+00
2.608739754926370225e-01
2.204291743312811747e-01
8.823567651692405533e-01
nan
2.836998939605824610e+00
nan
2.608739754926370225e-01
1.790750796887195406e+00
nan
-3.674445552253220448e-01
nan
-3.737106511798984343e-01
-1.623511971574459922e+00
-8.262936726263343523e-01
-1.629778067529034757e+00
1.516941391841774234e+00
nan
8.823567651692405533e-01
-3.674445552253220448e-01
-3.026948970280347595e-01
-3.737106511798984343e-01
-3.674445552253220448e-01
-3.026948970280347595e-01
-3.737106511798984343e-01
nan
1.790750796887195406e+00
nan
-3.674445552253220448e-01
-3.026948970280347595e-01
-3.737106511798984343e-01
2.608739754926370225e-01
2.204291743312811747e-01
2.546078795380610771e-01
-3.674445552253220448e-01
-3.026948970280347595e-01
-3.737106511798984343e-01
2.608739754926370225e-01
2.204291743312811747e-01
2.546078795380610771e-01
-1.623511971574459922e+00
nan
-1.629778067529034757e+00
1.516941391841774234e+00
-8.262936726263343523e-01
-2.885845483878173745e+00
-1.623511971574459922e+00
nan
2.766173067149556353e+00
-2.251830502292418323e+00
1.790750796887195406e+00
2.546078795380610771e-01
8.886228611238147224e-01
nan
2.546078795380610771e-01
-9.951934408565015211e-01
-1.349417743985649176e+00
-2.257526953160214234e+00
-3.674445552253220448e-01
1.790750796887195406e+00
-3.737106511798984343e-01
-9.951934408565015211e-01
-8.262936726263343523e-01
-1.001459536811077911e+00
-9.951934408565015211e-01
-1.349417743985649176e+00
-2.257526953160214234e+00
2.608739754926370225e-01
2.204291743312811747e-01
2.546078795380610771e-01
-1.623511971574459922e+00
2.836998939605824610e+00
1.510675295887200065e+00
nan
1.790750796887195406e+00
nan
nan
1.790750796887195406e+00
nan
2.608739754926370225e-01
2.204291743312811747e-01
2.546078795380610771e-01
nan
-8.262936726263343523e-01
1.510675295887200065e+00
1.516941391841774234e+00
nan
2.766173067149556353e+00
-3.674445552253220448e-01
-3.026948970280347595e-01
2.546078795380610771e-01
-2.251830502292418323e+00
nan
-2.257526953160214234e+00
2.608739754926370225e-01
2.204291743312811747e-01
8.823567651692405533e-01
1.516941391841774234e+00
2.836998939605824610e+00
nan
-9.951934408565015211e-01
-8.262936726263343523e-01
-1.001459536811077911e+00
-2.251830502292418323e+00
-2.919739366541562742e+00
-1.001459536811077911e+00
nan
7.440279499295794352e-01
2.138424181518376876e+00
-1.623511971574459922e+00
-1.349417743985649176e+00
-1.629778067529034757e+00
-2.879579387923597356e+00
-1.873016519583948547e+00
-2.885845483878173745e+00
2.986832859401200579e+00
3.832527283024642628e-01
-8.066409171324369076e-01
-4.388055488237192492e-01
nan
2.333242801197018323e+00
1.323931154653341657e-01
-1.403460472958335536e-01
-1.783223864144773962e-01
-1.009486353942973036e+00
-1.187068894253449303e+00
-1.434389802763616162e+00
1.274272584873640923e+00
1.429975575260080234e+00
2.333242801197018323e+00
7.030739205845866202e-01
3.832527283024642628e-01
4.494264992167025241e-01
-1.009486353942973036e+00
-1.187068894253449303e+00
-8.066409171324369076e-01
-4.388055488237192492e-01
-1.403460472958335536e-01
-1.783223864144773962e-01
-4.388055488237192492e-01
1.953099646619393503e+00
2.333242801197018323e+00
-4.388055488237192492e-01
-6.634701186551499319e-01
-1.783223864144773962e-01
-1.009486353942973036e+00
-1.710192965612764127e+00
-2.062708333481572787e+00
-2.151883682521079422e+00
-1.403460472958335536e-01
-1.434389802763616162e+00
-1.580685018232026451e+00
-2.757390516809361980e+00
-8.066409171324369076e-01
nan
9.063767996617801970e-01
1.077745029934662035e+00
1.323931154653341657e-01
-1.403460472958335536e-01
-1.783223864144773962e-01
1.323931154653341657e-01
-1.403460472958335536e-01
4.494264992167025241e-01
7.030739205845866202e-01
9.063767996617801970e-01
1.077745029934662035e+00
1.274272584873640923e+00
9.063767996617801970e-01
1.077745029934662035e+00
7.030739205845866202e-01
3.832527283024642628e-01
4.494264992167025241e-01
1.844953389992894266e+00
1.953099646619393503e+00
2.333242801197018323e+00
1.323931154653341657e-01
-1.403460472958335536e-01
4.494264992167025241e-01
7.030739205845866202e-01
9.063767996617801970e-01
1.077745029934662035e+00
-1.009486353942973036e+00
-1.710192965612764127e+00
-2.062708333481572787e+00
-4.388055488237192492e-01
-6.634701186551499319e-01
-1.783223864144773962e-01
2.416152054281947237e+00
-1.403460472958335536e-01
-1.434389802763616162e+00
1.323931154653341657e-01
-1.403460472958335536e-01
4.494264992167025241e-01
-1.009486353942973036e+00
-6.634701186551499319e-01
-8.066409171324369076e-01
-4.388055488237192492e-01
1.953099646619393503e+00
-1.783223864144773962e-01
-1.580685018232026451e+00
1.953099646619393503e+00
-1.783223864144773962e-01
1.844953389992894266e+00
-1.187068894253449303e+00
4.494264992167025241e-01
1.323931154653341657e-01
-1.403460472958335536e-01
4.494264992167025241e-01
-1.580685018232026451e+00
-2.757390516809361980e+00
-1.783223864144773962e-01
7.030739205845866202e-01
-1.710192965612764127e+00
-1.783223864144773962e-01
1.274272584873640923e+00
9.063767996617801970e-01
1.077745029934662035e+00
7.030739205845866202e-01
9.063767996617801970e-01
1.077745029934662035e+00
1.323931154653341657e-01
3.832527283024642628e-01
4.494264992167025241e-01
7.030739205845866202e-01
3.832527283024642628e-01
4.494264992167025241e-01
-2.151883682521079422e+00
-6.634701186551499319e-01
-2.690457219112752263e+00
-4.388055488237192492e-01
-6.634701186551499319e-01
-1.783223864144773962e-01
nan
1.429975575260080234e+00
nan
-1.102286717171076180e+00
-2.800113898317835748e+00
1.514591605858807810e+00
5.724698379611070642e-01
3.400546425550072804e-01
3.372064171211106576e-01
1.539705808736542281e-01
3.400546425550072804e-01
-5.549266457761570237e-02
5.724698379611070642e-01
1.910138912991429905e+00
1.122248552339319083e+00
5.724698379611070642e-01
7.323976960744942311e-01
7.295494706405958318e-01
3.084604670659382819e+00
-8.376865743619270610e-01
3.372064171211106576e-01
-1.102286717171076180e+00
-1.622728709580138817e+00
2.299633741077019344e+00
1.539705808736542281e-01
-5.264443914371552680e-02
-4.478357180971008766e-01
5.724698379611070642e-01
7.323976960744942311e-01
3.372064171211106576e-01
5.724698379611070642e-01
7.323976960744942311e-01
3.372064171211106576e-01
1.409848115527198686e+00
1.910138912991429905e+00
3.084675876295227326e+00
5.724698379611070642e-01
7.323976960744942311e-01
3.372064171211106576e-01
-2.649084396049841139e-01
-4.449874926632029215e-01
-8.405347997958272366e-01
1.828727136005838361e+00
3.087524101729126613e+00
nan
1.539705808736542281e-01
-5.264443914371552680e-02
-4.478357180971008766e-01
1.539705808736542281e-01
3.400546425550072804e-01
-5.549266457761570237e-02
1.539705808736542281e-01
-5.264443914371552680e-02
3.372064171211106576e-01
-6.834076966924373941e-01
-1.230385656060651645e+00
-1.625576935014037439e+00
9.909690950485599004e-01
7.323976960744942311e-01
7.295494706405958318e-01
1.539705808736542281e-01
-5.264443914371552680e-02
-4.478357180971008766e-01
-2.649084396049841139e-01
-4.449874926632029215e-01
-8.405347997958272366e-01
5.724698379611070642e-01
7.323976960744942311e-01
3.372064171211106576e-01
1.539705808736542281e-01
3.400546425550072804e-01
-5.549266457761570237e-02
9.909690950485599004e-01
1.125096777773218371e+00
1.122248552339319083e+00
1.539705808736542281e-01
-5.264443914371552680e-02
-4.478357180971008766e-01
-1.520785974258528794e+00
-4.449874926632029215e-01
-2.410619070232247196e+00
9.909690950485599004e-01
1.125096777773218371e+00
1.122248552339319083e+00
9.909690950485599004e-01
7.323976960744942311e-01
7.295494706405958318e-01
1.409848115527198686e+00
1.517439831292705321e+00
1.514591605858807810e+00
1.539705808736542281e-01
-5.264443914371552680e-02
-4.478357180971008766e-01
-1.102286717171076180e+00
3.400546425550072804e-01
1.514591605858807810e+00
1.539705808736542281e-01
-5.264443914371552680e-02
-4.478357180971008766e-01
2.666105413571929539e+00
-4.449874926632029215e-01
7.295494706405958318e-01
-2.649084396049841139e-01
-4.449874926632029215e-01
-8.405347997958272366e-01
-6.834076966924373941e-01
-8.376865743619270610e-01
-1.232877853315312855e+00
-1.102286717171076180e+00
-1.622728709580138817e+00
-2.410619070232247196e+00
5.724698379611070642e-01
3.400546425550072804e-01
3.372064171211106576e-01
1.539705808736542281e-01
-5.264443914371552680e-02
-4.478357180971008766e-01
-1.102286717171076180e+00
-1.230385656060651645e+00
3.084675876295227326e+00
1.539705808736542281e-01
3.400546425550072804e-01
-4.478357180971008766e-01
-1.450149983497851958e+00
1.477825762549570321e+00
2.731044953464808245e+00
-1.868649240585304794e+00
-2.290186604802248560e+00
-6.184681567995573559e-01
-6.127717059317605575e-01
-6.154300496700653156e-01
-6.184681567995573559e-01
-6.127717059317605575e-01
-6.154300496700653156e-01
-6.184681567995573559e-01
-6.127717059317605575e-01
-6.154300496700653156e-01
-6.184681567995573559e-01
1.061984849200423575e+00
2.315204040115663275e+00
nan
1.899363126766514753e+00
6.404474849834778105e-01
nan
-6.127717059317605575e-01
-6.154300496700653156e-01
-6.184681567995573559e-01
-6.127717059317605575e-01
-6.154300496700653156e-01
-6.184681567995573559e-01
-6.127717059317605575e-01
-6.154300496700653156e-01
-6.184681567995573559e-01
6.434855921129707390e-01
1.058946742070930647e+00
1.056288398332627665e+00
1.899363126766514753e+00
nan
1.475167418811264675e+00
1.061984849200423575e+00
1.058946742070930647e+00
1.056288398332627665e+00
-1.938926854531208832e-01
-1.969307925826124794e-01
-1.995891363209199021e-01
6.434855921129707390e-01
6.404474849834778105e-01
1.056288398332627665e+00
-2.287528261063943358e+00
-2.709065625280888234e+00
-1.455846434365649644e+00
2.246065716343310648e-01
2.219482278960267507e-01
2.189101207665351545e-01
-1.938926854531208832e-01
-1.969307925826124794e-01
-1.995891363209199021e-01
6.434855921129707390e-01
6.404474849834778105e-01
6.377891412451726083e-01
-6.127717059317605575e-01
-1.969307925826124794e-01
-6.184681567995573559e-01
6.434855921129707390e-01
6.404474849834778105e-01
1.056288398332627665e+00
-1.938926854531208832e-01
-1.969307925826124794e-01
-1.995891363209199021e-01
nan
1.058946742070930647e+00
1.893666675898716178e+00
-2.287528261063943358e+00
-1.034309070148704990e+00
6.377891412451726083e-01
-1.938926854531208832e-01
-1.969307925826124794e-01
-1.995891363209199021e-01
2.246065716343310648e-01
2.219482278960267507e-01
2.189101207665351545e-01
2.246065716343310648e-01
2.219482278960267507e-01
6.377891412451726083e-01
2.246065716343310648e-01
2.219482278960267507e-01
2.189101207665351545e-01
-2.287528261063943358e+00
-6.154300496700653156e-01
-1.036967413887008416e+00
6.434855921129707390e-01
1.058946742070930647e+00
1.475167418811264675e+00
-1.938926854531208832e-01
-1.969307925826124794e-01
-1.995891363209199021e-01
-1.938926854531208832e-01
-1.969307925826124794e-01
-1.995891363209199021e-01
2.246065716343310648e-01
2.219482278960267507e-01
2.189101207665351545e-01
2.246065716343310648e-01
2.219482278960267507e-01
2.189101207665351545e-01
2.246065716343310648e-01
2.219482278960267507e-01
2.189101207665351545e-01
2.246065716343310648e-01
2.219482278960267507e-01
2.189101207665351545e-01
6.434855921129707390e-01
6.404474849834778105e-01
1.056288398332627665e+00
2.246065716343310648e-01
2.219482278960267507e-01
6.377891412451726083e-01
-6.127717059317605575e-01
-6.154300496700653156e-01
-6.184681567995573559e-01
-6.127717059317605575e-01
-6.154300496700653156e-01
-6.184681567995573559e-01
-1.100271049940932055e+00
9.739142663898210373e-01
-1.462397352863615385e+00
-6.173872917631038071e-01
4.027156021007702869e-01
1.079242696922979583e-01
3.488184131208487138e-01
nan
-3.032244271180545514e+00
3.488184131208487138e-01
2.115793735798129127e+00
nan
-6.173872917631038071e-01
-1.310362531596590996e+00
-1.985521424222929543e+00
1.315024118004801679e+00
-1.679652030184834999e-01
-9.387985772653180128e-01
1.315024118004801679e+00
nan
1.677771188009227643e+00
-1.345035335852737823e-01
-1.679652030184834999e-01
-4.156745059059994141e-01
-1.583592996647054774e+00
-1.310362531596590996e+00
-1.462397352863615385e+00
-1.345035335852737823e-01
9.739142663898210373e-01
1.154647116649913485e+00
1.315024118004801679e+00
nan
-4.156745059059994141e-01
3.488184131208487138e-01
nan
6.310483410516165570e-01
8.321403598269716539e-01
nan
1.154647116649913485e+00
3.488184131208487138e-01
4.027156021007702869e-01
-3.032244271180545514e+00
1.315024118004801679e+00
nan
1.079242696922979583e-01
3.488184131208487138e-01
9.739142663898210373e-01
6.310483410516165570e-01
-6.173872917631038071e-01
nan
1.154647116649913485e+00
3.488184131208487138e-01
9.739142663898210373e-01
6.310483410516165570e-01
-1.100271049940932055e+00
-1.310362531596590996e+00
-1.462397352863615385e+00
nan
nan
6.310483410516165570e-01
-1.345035335852737823e-01
-1.679652030184834999e-01
-4.156745059059994141e-01
-6.173872917631038071e-01
-7.391638673075373589e-01
-9.387985772653180128e-01
3.488184131208487138e-01
2.115793735798129127e+00
nan
-6.173872917631038071e-01
4.027156021007702869e-01
1.079242696922979583e-01
-6.173872917631038071e-01
-1.310362531596590996e+00
-1.462397352863615385e+00
nan
-1.881043336715844783e+00
nan
8.321403598269716539e-01
-1.310362531596590996e+00
1.154647116649913485e+00
2.281229822888752423e+00
nan
1.154647116649913485e+00
-6.173872917631038071e-01
-1.881043336715844783e+00
1.154647116649913485e+00
-6.173872917631038071e-01
-1.679652030184834999e-01
-4.156745059059994141e-01
-1.583592996647054774e+00
9.739142663898210373e-01
-9.387985772653180128e-01
-1.345035335852737823e-01
-1.679652030184834999e-01
-4.156745059059994141e-01
-6.173872917631038071e-01
-3.022922806124149986e+00
2.201369963607530345e+00
-1.345035335852737823e-01
nan
2.724494034966843614e+00
-1.345035335852737823e-01
-1.310362531596590996e+00
-1.462397352863615385e+00
-1.345035335852737823e-01
4.027156021007702869e-01
1.079242696922979583e-01
-1.345035335852737823e-01
4.027156021007702869e-01
1.079242696922979583e-01
-2.066476754824885020e+00
-1.310362531596590996e+00
-9.387985772653180128e-01
-1.583592996647054774e+00
-7.391638673075373589e-01
-9.387985772653180128e-01
-3.032682459708836653e+00
1.544595071509075268e+00
-3.032244271180545514e+00
-1.359498228119347729e+00
-2.823255729968258798e+00
-8.636766314462498428e-01
1.965553651948009239e+00
2.672039216559216612e+00
1.491449774208385648e+00
-2.510359063151734738e-01
-4.681293243136273041e-01
-4.709775497475234829e-01
4.874921944273888919e-01
3.169128109045846742e-01
3.140645854706849427e-01
-6.206350420316200101e-01
-8.608284060123501114e-01
-8.636766314462498428e-01
1.226690465860282409e+00
1.494297999642281383e+00
2.276491909426593629e+00
-2.510359063151734738e-01
-2.038569622929286229e+00
-8.636766314462498428e-01
4.874921944273888919e-01
3.169128109045846742e-01
3.140645854706849427e-01
8.570913301438354281e-01
1.101954946122796208e+00
1.099106720688896033e+00
-6.206350420316200101e-01
-8.608284060123501114e-01
-8.636766314462498428e-01
4.874921944273888919e-01
3.169128109045846742e-01
3.140645854706849427e-01
1.182281440561068209e-01
3.169128109045846742e-01
3.140645854706849427e-01
-9.898990924029020810e-01
-1.253171459531837062e+00
-1.256019684965735239e+00
-2.510359063151734738e-01
nan
-2.433760901882669803e+00
-6.206350420316200101e-01
-8.608284060123501114e-01
-8.636766314462498428e-01
-2.510359063151734738e-01
-4.681293243136273041e-01
-4.709775497475234829e-01
1.182281440561068209e-01
-7.578627079413990941e-02
3.140645854706849427e-01
1.182281440561068209e-01
3.169128109045846742e-01
3.140645854706849427e-01
-6.206350420316200101e-01
-8.608284060123501114e-01
-8.636766314462498428e-01
4.874921944273888919e-01
3.169128109045846742e-01
3.140645854706849427e-01
1.226690465860282409e+00
1.101954946122796208e+00
1.099106720688896033e+00
4.874921944273888919e-01
3.169128109045846742e-01
7.064076389901736697e-01
-6.206350420316200101e-01
-8.608284060123501114e-01
-8.636766314462498428e-01
3.073680888407019474e+00
1.494297999642281383e+00
-7.863449622803830863e-02
8.570913301438354281e-01
7.092558644240698484e-01
7.064076389901736697e-01
1.226690465860282409e+00
1.494297999642281383e+00
2.669190991125319989e+00
1.182281440561068209e-01
-7.578627079413990941e-02
-7.863449622803830863e-02
-6.206350420316200101e-01
-8.608284060123501114e-01
-4.709775497475234829e-01
-2.510359063151734738e-01
-4.681293243136273041e-01
-4.709775497475234829e-01
1.182281440561068209e-01
2.279340134860493805e+00
-8.636766314462498428e-01
4.874921944273888919e-01
3.169128109045846742e-01
3.140645854706849427e-01
1.226690465860282409e+00
1.101954946122796208e+00
1.491449774208385648e+00
-6.206350420316200101e-01
-8.608284060123501114e-01
-1.256019684965735239e+00
1.182281440561068209e-01
-7.578627079413990941e-02
-7.863449622803830863e-02
-2.510359063151734738e-01
-4.681293243136273041e-01
-4.709775497475234829e-01
8.570913301438354281e-01
7.092558644240698484e-01
7.064076389901736697e-01
-2.510359063151734738e-01
-4.681293243136273041e-01
-7.863449622803830863e-02
8.570913301438354281e-01
7.092558644240698484e-01
1.099106720688896033e+00
1.182281440561068209e-01
3.169128109045846742e-01
3.140645854706849427e-01
-2.510359063151734738e-01
-4.681293243136273041e-01
-4.709775497475234829e-01
2.808516685266843282e+00
1.868018040709356953e+00
nan
1.919469199922989588e-01
-6.439336905854631254e-02
1.862504691245026045e-01
1.919469199922989588e-01
4.189285776475761836e-01
1.862504691245026045e-01
-3.311771513670174194e-01
-5.472771272363763373e-01
-3.373483064737987647e-01
-3.311771513670174194e-01
-6.439336905854631254e-02
-3.373483064737987647e-01
-3.311771513670174194e-01
-6.439336905854631254e-02
-3.373483064737987647e-01
1.919469199922989588e-01
4.189285776475761836e-01
7.093745404838163182e-01
-8.547759269653170122e-01
-1.030599073942498833e+00
-1.384071153431414514e+00
-3.311771513670174194e-01
-6.439336905854631254e-02
1.862504691245026045e-01
-3.311771513670174194e-01
-5.472771272363763373e-01
-3.373483064737987647e-01
-3.311771513670174194e-01
-6.439336905854631254e-02
-3.373483064737987647e-01
1.919469199922989588e-01
2.351339987415479449e+00
2.279696163039728773e+00
-3.311771513670174194e-01
-6.439336905854631254e-02
1.862504691245026045e-01
-1.377899998324632058e+00
-1.513482832120329080e+00
1.756097387441432289e+00
-3.311771513670174194e-01
-6.439336905854631254e-02
-3.373483064737987647e-01
1.919469199922989588e-01
4.189285776475761836e-01
7.093745404838163182e-01
2.285392613907527348e+00
-1.030599073942498833e+00
1.862504691245026045e-01
1.762268542548213190e+00
2.351339987415479449e+00
nan
1.238669766949914042e+00
1.384696094003234457e+00
1.756097387441432289e+00
2.285392613907527348e+00
-2.479688537004279603e+00
1.756097387441432289e+00
-8.547759269653170122e-01
1.384696094003234457e+00
2.802820234399047372e+00
2.285392613907527348e+00
2.351339987415479449e+00
2.802820234399047372e+00
-1.377899998324632058e+00
-1.513482832120329080e+00
2.802820234399047372e+00
-8.547759269653170122e-01
-5.472771272363763373e-01
-8.604723778331129225e-01
-3.311771513670174194e-01
-6.439336905854631254e-02
1.862504691245026045e-01
nan
1.384696094003234457e+00
nan
1.919469199922989588e-01
4.189285776475761836e-01
1.862504691245026045e-01
7.155456955905972194e-01
9.018123358254044319e-01
7.093745404838163182e-01
-8.547759269653170122e-01
-5.472771272363763373e-01
-8.604723778331129225e-01
-8.547759269653170122e-01
9.018123358254044319e-01
2.802820234399047372e+00
7.155456955905972194e-01
9.018123358254044319e-01
1.232973316082113691e+00
1.919469199922989588e-01
4.189285776475761836e-01
7.093745404838163182e-01
1.919469199922989588e-01
4.189285776475761836e-01
7.093745404838163182e-01
-3.311771513670174194e-01
-5.472771272363763373e-01
-3.373483064737987647e-01
-3.311771513670174194e-01
-6.439336905854631254e-02
-3.373483064737987647e-01
-8.547759269653170122e-01
-5.472771272363763373e-01
-8.604723778331129225e-01
7.155456955905972194e-01
9.018123358254044319e-01
7.093745404838163182e-01
-1.901498773922931651e+00
9.018123358254044319e-01
-8.604723778331129225e-01
7.155456955905972194e-01
9.018123358254044319e-01
1.232973316082113691e+00
-3.311771513670174194e-01
-6.439336905854631254e-02
-3.373483064737987647e-01
1.237026559968817274e+00
1.821131868182108704e+00
2.267082593261038781e+00
2.708208550848643092e-01
9.243477458518540857e-01
9.214995204179530219e-01
7.541428017909868053e-01
1.821131868182108704e+00
4.727005699051267662e-01
-1.178706796505208709e+00
nan
2.715881543773864593e+00
3.169437969736718763e+00
nan
9.214995204179530219e-01
-1.661590554683038734e+00
-2.216024239694841302e+00
-4.244904417728294632e-01
7.541428017909868053e-01
9.243477458518540857e-01
1.369891581583082996e+00
-1.178706796505208709e+00
-8.700342775040583732e-01
-1.321681453450785249e+00
-1.178706796505208709e+00
-8.700342775040583732e-01
-8.728825029379554401e-01
-1.661590554683038734e+00
9.243477458518540857e-01
-1.321681453450785249e+00
2.708208550848643092e-01
nan
1.369891581583082996e+00
-2.120629030929648273e-01
2.715673417389785627e-02
2.430850874000078932e-02
7.541428017909868053e-01
2.715673417389785627e-02
1.818690532095908807e+00
1.237026559968817274e+00
1.821131868182108704e+00
2.715881543773864593e+00
2.708208550848643092e-01
9.243477458518540857e-01
1.369891581583082996e+00
1.720348506674938882e+00
-1.318833228016884851e+00
-4.244904417728294632e-01
-6.953848497990873234e-01
-4.216422163389301758e-01
-8.728825029379554401e-01
7.541428017909868053e-01
9.243477458518540857e-01
1.369891581583082996e+00
-1.661590554683038734e+00
-8.700342775040583732e-01
9.214995204179530219e-01
-6.953848497990873234e-01
-4.216422163389301758e-01
2.430850874000078932e-02
-1.178706796505208709e+00
-2.216024239694841302e+00
2.430850874000078932e-02
-6.953848497990873234e-01
nan
2.715881543773864593e+00
-1.178706796505208709e+00
-8.700342775040583732e-01
-1.770073514615911447e+00
nan
3.167121830372892965e+00
nan
-2.120629030929648273e-01
nan
-1.321681453450785249e+00
-2.120629030929648273e-01
2.715673417389785627e-02
2.430850874000078932e-02
-2.120629030929648273e-01
2.715673417389785627e-02
4.727005699051267662e-01
-2.144474312860868981e+00
-1.767225289182013048e+00
-2.667264526293867455e+00
2.686554211558891403e+00
2.715673417389785627e-02
-2.667264526293867455e+00
-1.661590554683038734e+00
-2.216024239694841302e+00
2.430850874000078932e-02
1.720348506674938882e+00
2.269930818694937180e+00
-8.728825029379554401e-01
-1.178706796505208709e+00
2.718729769207764768e+00
4.727005699051267662e-01
2.708208550848643092e-01
4.755487953390260536e-01
9.214995204179530219e-01
-2.120629030929648273e-01
2.715673417389785627e-02
2.430850874000078932e-02
1.237026559968817274e+00
nan
1.369891581583082996e+00
7.541428017909868053e-01
9.243477458518540857e-01
-2.218872465128739258e+00
nan
2.718729769207764768e+00
nan
-1.661590554683038734e+00
-8.700342775040583732e-01
-1.770073514615911447e+00
7.541428017909868053e-01
1.372739807016980507e+00
1.818690532095908807e+00
-1.178706796505208709e+00
-8.700342775040583732e-01
-1.321681453450785249e+00
2.614457592370573735e+00
-2.775076485831684536e-01
1.858870855181264048e+00
-7.350555178937927536e-01
-2.775076485831684536e-01
-8.889546321720933619e-01
1.358580057717030165e+00
nan
6.811296382643261538e-01
1.023227596722984245e-01
9.175640178811184100e-02
-1.039124969538818277e-01
5.212017801509380988e-01
4.610204521593939120e-01
2.887865847448409795e-01
9.397010372383913790e-01
8.306195878758404483e-01
6.811296382643261538e-01
9.397010372383913790e-01
8.306195878758404483e-01
6.811296382643261538e-01
1.023227596722984245e-01
9.175640178811184100e-02
-4.962555504733705547e-01
nan
4.610204521593939120e-01
1.073828719963052514e+00
1.023227596722984245e-01
9.175640178811184100e-02
-1.039124969538818277e-01
-3.161764974151535235e-01
-2.775076485831684536e-01
-4.962555504733705547e-01
nan
1.939081909680014704e+00
nan
-7.350555178937927536e-01
-2.775076485831684536e-01
-8.889546321720933619e-01
5.212017801509380988e-01
4.610204521593939120e-01
2.887865847448409795e-01
5.212017801509380988e-01
4.610204521593939120e-01
2.887865847448409795e-01
nan
1.200218723592286985e+00
2.643912990399472918e+00
5.212017801509380988e-01
4.610204521593939120e-01
2.887865847448409795e-01
5.212017801509380988e-01
4.610204521593939120e-01
2.887865847448409795e-01
9.397010372383913790e-01
8.306195878758404483e-01
6.811296382643261538e-01
1.358580057717030165e+00
8.306195878758404483e-01
1.073828719963052514e+00
1.023227596722984245e-01
-6.471067842996149899e-01
-1.673996767390305340e+00
-3.161764974151535235e-01
-2.775076485831684536e-01
-4.962555504733705547e-01
5.212017801509380988e-01
4.610204521593939120e-01
2.887865847448409795e-01
9.397010372383913790e-01
4.610204521593939120e-01
2.887865847448409795e-01
-3.161764974151535235e-01
-1.016370834670897061e+00
2.251213908700750110e+00
-1.153934538372431540e+00
-1.385969970387343819e+00
-2.066339820909790959e+00
-7.350555178937927536e-01
-1.016370834670897061e+00
-1.281297685691582533e+00
-7.350555178937927536e-01
-2.775076485831684536e-01
-8.889546321720933619e-01
-7.350555178937927536e-01
-1.016370834670897061e+00
-1.281297685691582533e+00
-3.161764974151535235e-01
-2.775076485831684536e-01
-4.962555504733705547e-01
1.023227596722984245e-01
9.175640178811184100e-02
-4.962555504733705547e-01
1.023227596722984245e-01
9.175640178811184100e-02
-1.039124969538818277e-01
5.212017801509380988e-01
9.175640178811184100e-02
-1.039124969538818277e-01
5.212017801509380988e-01
4.610204521593939120e-01
2.887865847448409795e-01
1.023227596722984245e-01
9.175640178811184100e-02
-1.039124969538818277e-01
1.777079314804483445e+00
nan
-2.851381956128002493e+00
-1.153934538372431540e+00
-1.016370834670897061e+00
-1.281297685691582533e+00
5.212017801509380988e-01
4.610204521593939120e-01
2.887865847448409795e-01
1.023227596722984245e-01
9.175640178811184100e-02
-1.039124969538818277e-01
1.023227596722984245e-01
9.175640178811184100e-02
-1.039124969538818277e-01
-2.550391544833990665e+00
1.951833768648775447e+00
nan
-7.034011222872527114e-01
-8.394271565715305528e-01
-7.090975731550495098e-01
1.513188435975931334e+00
nan
3.990296633039593921e-01
1.513188435975931334e+00
1.602767918249909052e+00
1.507491985108132759e+00
7.743252498882036150e-01
9.049526869448332178e-01
3.990296633039593921e-01
3.546206380047500772e-02
2.071374556397560518e-01
2.976561293267909747e-02
1.143924385604649707e+00
nan
-2.186823945330505836e+00
-7.034011222872527114e-01
-8.394271565715305528e-01
-1.078696708871494270e+00
nan
5.562033060386224470e-01
1.137892849391687555e+00
2.990914808151386772e+00
-1.886308238275473892e+00
3.990296633039593921e-01
4.050611995169215440e-01
5.562033060386224470e-01
3.990296633039593921e-01
-1.811528358746262723e+00
1.254018537343697837e+00
-7.090975731550495098e-01
-3.338019865708061751e-01
-4.906777756653211142e-01
-3.398335227837692152e-01
7.743252498882036150e-01
9.049526869448332178e-01
7.686287990204072607e-01
7.743252498882036150e-01
9.049526869448332178e-01
7.686287990204072607e-01
-3.338019865708061751e-01
-4.906777756653211142e-01
-3.398335227837692152e-01
-7.034011222872527114e-01
-4.906777756653211142e-01
-7.090975731550495098e-01
-1.073000258003698804e+00
2.649648999953852169e+00
-3.398335227837692152e-01
3.546206380047500772e-02
-1.419283947591103434e-01
2.976561293267909747e-02
-3.338019865708061751e-01
-1.419283947591103434e-01
-3.398335227837692152e-01
-7.034011222872527114e-01
-8.394271565715305528e-01
-7.090975731550495098e-01
3.546206380047500772e-02
-1.419283947591103434e-01
-3.398335227837692152e-01
3.546206380047500772e-02
2.071374556397560518e-01
2.976561293267909747e-02
-1.442264308374980653e+00
-2.932872850486760274e+00
-1.447960759242777673e+00
7.743252498882036150e-01
1.254018537343697837e+00
7.686287990204072607e-01
3.546206380047500772e-02
2.071374556397560518e-01
2.976561293267909747e-02
1.143924385604649707e+00
1.602767918249909052e+00
1.137892849391687555e+00
4.050611995169215440e-01
5.562033060386224470e-01
3.990296633039593921e-01
-1.073000258003698804e+00
-1.188493006970396726e+00
-1.078696708871494270e+00
-3.338019865708061751e-01
-1.419283947591103434e-01
-3.398335227837692152e-01
-3.338019865708061751e-01
-1.419283947591103434e-01
-3.398335227837692152e-01
-3.338019865708061751e-01
-1.419283947591103434e-01
-3.398335227837692152e-01
1.513188435975931334e+00
nan
7.686287990204072607e-01
3.546206380047500772e-02
2.071374556397560518e-01
2.976561293267909747e-02
4.050611995169215440e-01
5.562033060386224470e-01
3.990296633039593921e-01
7.743252498882036150e-01
9.049526869448332178e-01
7.686287990204072607e-01
-3.338019865708061751e-01
-4.906777756653211142e-01
-3.398335227837692152e-01
1.513188435975931334e+00
nan
7.686287990204072607e-01
-3.338019865708061751e-01
-4.906777756653211142e-01
-7.090975731550495098e-01
-1.442264308374980653e+00
-1.537242387876607497e+00
2.615619221567144770e+00
2.215814535450870260e+00
3.124353238936896204e+00
nan
-4.753516102352968176e-01
-3.650393870811408092e-01
-8.099163763814178907e-01
nan
1.031224014514322995e+00
nan
nan
-3.650393870811408092e-01
1.544854001093976414e+00
nan
1.031224014514322995e+00
nan
-4.753516102352968176e-01
-3.650393870811408092e-01
-8.099163763814178907e-01
nan
3.330923137165902048e-01
1.544854001093976414e+00
4.214325120949595771e-01
-3.650393870811408092e-01
-8.099163763814178907e-01
-4.753516102352968176e-01
-1.062538148893562351e+00
-8.099163763814178907e-01
-4.753516102352968176e-01
-3.650393870811408092e-01
-8.099163763814178907e-01
3.113412436476526324e+00
3.124353238936896204e+00
3.114938271530399483e+00
nan
1.031224014514322995e+00
nan
nan
-3.650393870811408092e-01
2.330252164491425582e+00
nan
-1.062538148893562351e+00
nan
-1.372949511260952216e+00
-1.062538148893562351e+00
-1.595314539778867058e+00
-4.753516102352968176e-01
-1.062538148893562351e+00
-8.099163763814178907e-01
1.319030413120614753e+00
1.031224014514322995e+00
7.594558376965268032e-01
nan
1.728722776326742760e+00
nan
3.113412436476526324e+00
nan
-2.523026934244709807e-02
-1.372949511260952216e+00
-1.062538148893562351e+00
-1.595314539778867058e+00
1.319030413120614753e+00
1.031224014514322995e+00
7.594558376965268032e-01
-4.753516102352968176e-01
-3.650393870811408092e-01
-8.099163763814178907e-01
1.319030413120614753e+00
-1.062538148893562351e+00
-1.595314539778867058e+00
-4.753516102352968176e-01
-3.650393870811408092e-01
-8.099163763814178907e-01
4.214325120949595771e-01
3.330923137165902048e-01
-2.523026934244709807e-02
-4.753516102352968176e-01
-3.650393870811408092e-01
-8.099163763814178907e-01
nan
3.330923137165902048e-01
1.544854001093976414e+00
2.215814535450870260e+00
2.426854477124474663e+00
3.114938271530399483e+00
-2.270547412286607170e+00
-2.458168611503714907e+00
3.114938271530399483e+00
1.319030413120614753e+00
1.031224014514322995e+00
7.594558376965268032e-01
nan
-2.458168611503714907e+00
7.594558376965268032e-01
nan
3.330923137165902048e-01
2.330252164491425582e+00
nan
-2.458168611503714907e+00
7.594558376965268032e-01
-4.753516102352968176e-01
-1.062538148893562351e+00
-8.099163763814178907e-01
-1.372949511260952216e+00
-1.062538148893562351e+00
-1.595314539778867058e+00
1.319030413120614753e+00
1.031224014514322995e+00
7.594558376965268032e-01
-1.372949511260952216e+00
-1.062538148893562351e+00
-1.595314539778867058e+00
nan
-1.760036910705983670e+00
7.594558376965268032e-01
-2.270547412286607170e+00
-2.458168611503714907e+00
-2.380000646817841403e+00
nan
3.330923137165902048e-01
2.330252164491425582e+00
nan
-1.376204626042550228e+00
2.786595609798667716e-01
-5.404539058672570562e-01
-1.824596687207678203e+00
-1.116970901630284896e+00
3.048310140844565197e+00
2.212559420669271582e+00
2.371788785402443089e+00
nan
1.764167359504143384e+00
nan
nan
1.764167359504143384e+00
2.786595609798667716e-01
1.253928117488654514e+00
8.669763478261880429e-01
-2.513234303225750477e+00
-1.438051806892912010e+00
-2.273395637720505125e+00
3.069920486200175880e+00
-5.404539058672570562e-01
2.661358371182099170e+00
1.674290023590020660e+00
-1.438051806892912010e+00
2.212559420669271582e+00
9.761583227922878692e-01
-1.438051806892912010e+00
-4.790136143645948863e-01
9.761583227922878692e-01
nan
-4.790136143645948863e-01
9.761583227922878692e-01
3.571439951583981198e-01
-4.790136143645948863e-01
-1.815102602428017686e+00
1.253928117488654514e+00
8.669763478261880429e-01
9.761583227922878692e-01
3.048310140844565197e+00
4.181773973133600109e-01
-1.116970901630284896e+00
2.151526018514310579e+00
1.764167359504143384e+00
1.674290023590020660e+00
-5.404539058672570562e-01
-1.824596687207678203e+00
-4.194721398178633542e-01
1.253928117488654514e+00
4.181773973133600109e-01
-4.194721398178633542e-01
-1.438051806892912010e+00
1.764167359504143384e+00
-4.194721398178633542e-01
-2.334835929223167739e+00
-2.721787698885633322e+00
-2.513234303225750477e+00
3.571439951583981198e-01
-4.790136143645948863e-01
-1.815102602428017686e+00
nan
1.764167359504143384e+00
nan
nan
2.212559420669271582e+00
nan
nan
nan
nan
nan
1.315368408991315796e+00
nan
-1.438051806892912010e+00
-2.273395637720505125e+00
3.069920486200175880e+00
nan
2.661358371182099170e+00
nan
-1.438051806892912010e+00
-1.824596687207678203e+00
-4.194721398178633542e-01
nan
-9.278125648774220302e-01
9.761583227922878692e-01
-5.404539058672570562e-01
-1.824596687207678203e+00
-4.194721398178633542e-01
nan
-4.790136143645948863e-01
1.674290023590020660e+00
nan
1.315368408991315796e+00
-4.194721398178633542e-01
nan
3.109750432347225590e+00
nan
nan
-2.721787698885633322e+00
9.761583227922878692e-01
-2.334835929223167739e+00
2.212559420669271582e+00
9.761583227922878692e-01
3.571439951583981198e-01
-4.790136143645948863e-01
-4.194721398178633542e-01
3.571439951583981198e-01
1.764167359504143384e+00
-4.194721398178633542e-01
3.571439951583981198e-01
3.109750432347225590e+00
3.069920486200175880e+00
nan
nan
nan
3.571439951583981198e-01
-1.376204626042550228e+00
-4.194721398178633542e-01
1.253928117488654514e+00
8.669763478261880429e-01
9.761583227922878692e-01
-4.680276019767015683e-01
3.144023035095783847e+00
1.422380307436352354e+00
1.326354421379210002e+00
7.282896786217567531e-01
2.805008380280438196e-01
nan
-2.653211194207929058e+00
nan
-4.680276019767015683e-01
-1.687005489323977203e+00
-8.613786313802616057e-01
-2.262409625332611807e+00
-7.212379729683164875e-01
-1.432577295669315465e+00
nan
1.211611625327878805e+00
nan
4.295702990489536077e-01
1.694495383505709718e+00
3.134940581963911121e+00
-4.680276019767015683e-01
nan
8.511816431472980504e-01
-2.262409625332611807e+00
1.694495383505709718e+00
-8.613786313802616057e-01
4.295702990489536077e-01
-7.212379729683164875e-01
-2.003775959958369768e+00
nan
-7.212379729683164875e-01
8.511816431472980504e-01
nan
-2.653211194207929058e+00
-2.574456765077623555e+00
1.326354421379210002e+00
1.211611625327878805e+00
8.511816431472980504e-01
nan
-2.170327436030098589e+00
-1.432577295669315465e+00
nan
1.211611625327878805e+00
-1.432577295669315465e+00
2.223952322404865178e+00
2.660701088389661351e+00
2.805008380280438196e-01
1.326354421379210002e+00
7.282896786217567531e-01
-2.906978262610073749e-01
-1.365625503002356078e+00
1.211611625327878805e+00
1.993061112555605696e+00
4.295702990489536077e-01
2.454059204439276165e-01
2.805008380280438196e-01
-4.680276019767015683e-01
2.660701088389661351e+00
1.422380307436352354e+00
nan
-2.170327436030098589e+00
-2.003775959958369768e+00
nan
nan
8.511816431472980504e-01
-4.680276019767015683e-01
1.211611625327878805e+00
1.993061112555605696e+00
-2.262409625332611807e+00
-1.687005489323977203e+00
2.805008380280438196e-01
4.295702990489536077e-01
-2.379160262621953237e-01
-2.003775959958369768e+00
-1.365625503002356078e+00
3.144023035095783847e+00
2.805008380280438196e-01
-1.365625503002356078e+00
-1.687005489323977203e+00
2.805008380280438196e-01
-1.365625503002356078e+00
2.177817330211831326e+00
nan
-1.365625503002356078e+00
2.177817330211831326e+00
8.511816431472980504e-01
nan
nan
3.134940581963911121e+00
-4.680276019767015683e-01
3.144023035095783847e+00
1.422380307436352354e+00
-1.365625503002356078e+00
-2.653211194207929058e+00
-2.574456765077623555e+00
-1.365625503002356078e+00
7.282896786217567531e-01
1.422380307436352354e+00
-1.365625503002356078e+00
-2.653211194207929058e+00
-2.003775959958369768e+00
3.120736444735120685e+00
7.282896786217567531e-01
-2.003775959958369768e+00
-2.262409625332611807e+00
-2.170327436030098589e+00
-2.906978262610073749e-01
2.223952322404865178e+00
3.144023035095783847e+00
8.511816431472980504e-01
nan
-2.653211194207929058e+00
3.134940581963911121e+00
2.223952322404865178e+00
nan
nan
nan
7.282896786217567531e-01
2.564259776844660443e+00
-1.236364580836299965e-01
-1.264846835175283957e-01
-4.966906960257722048e-01
-1.236364580836299965e-01
-1.264846835175283957e-01
-4.966906960257722048e-01
1.760179843896686691e+00
3.013399034811923727e+00
nan
-1.236364580836299965e-01
-1.264846835175283957e-01
-4.966906960257722048e-01
5.041124275475485916e-01
5.012642021136506365e-01
8.989397665843785745e-01
1.132430958265507215e+00
1.129582732831608816e+00
2.294570229194532018e+00
-1.379703874432768096e+00
-1.382552099866665829e+00
2.294570229194532018e+00
-1.236364580836299965e-01
-1.264846835175283957e-01
-4.966906960257722048e-01
nan
1.129582732831608816e+00
nan
5.041124275475485916e-01
5.012642021136506365e-01
8.989397665843785745e-01
-1.379703874432768096e+00
2.385650149180747803e+00
2.014410047719570329e-01
-1.236364580836299965e-01
-1.264846835175283957e-01
-4.966906960257722048e-01
1.760179843896686691e+00
1.757331618462788292e+00
2.992701929992264809e+00
-7.519549888015886197e-01
-7.548032142354879070e-01
-1.194189457838193746e+00
-1.379703874432768096e+00
-1.382552099866665829e+00
-1.892321158635926315e+00
-2.008022405150726719e+00
-7.548032142354879070e-01
-1.892321158635926315e+00
-7.519549888015886197e-01
-7.548032142354879070e-01
-4.966906960257722048e-01
2.388498374614644426e+00
nan
2.014410047719570329e-01
5.041124275475485916e-01
3.013399034811923727e+00
8.989397665843785745e-01
-1.236364580836299965e-01
-1.264846835175283957e-01
-4.966906960257722048e-01
1.760179843896686691e+00
nan
8.989397665843785745e-01
1.132430958265507215e+00
-7.548032142354879070e-01
-1.194189457838193746e+00
1.760179843896686691e+00
2.385650149180747803e+00
nan
-1.379703874432768096e+00
-1.382552099866665829e+00
-1.194189457838193746e+00
-2.008022405150726719e+00
-7.548032142354879070e-01
1.597071467382111365e+00
-2.008022405150726719e+00
1.757331618462788292e+00
nan
5.041124275475485916e-01
5.012642021136506365e-01
2.014410047719570329e-01
-1.236364580836299965e-01
-1.264846835175283957e-01
2.014410047719570329e-01
-1.379703874432768096e+00
-1.382552099866665829e+00
-1.892321158635926315e+00
-1.236364580836299965e-01
-1.264846835175283957e-01
2.014410047719570329e-01
-7.519549888015886197e-01
-7.548032142354879070e-01
-4.966906960257722048e-01
5.041124275475485916e-01
5.012642021136506365e-01
2.014410047719570329e-01
nan
-1.382552099866665829e+00
1.597071467382111365e+00
5.041124275475485916e-01
5.012642021136506365e-01
2.014410047719570329e-01
nan
nan
2.294570229194532018e+00
-1.379703874432768096e+00
-1.382552099866665829e+00
-1.194189457838193746e+00
-7.519549888015886197e-01
-7.548032142354879070e-01
-1.194189457838193746e+00
1.760179843896686691e+00
-1.264846835175283957e-01
1.597071467382111365e+00
-1.236364580836299965e-01
-1.264846835175283957e-01
-4.966906960257722048e-01
-1.236364580836299965e-01
-1.264846835175283957e-01
-4.966906960257722048e-01
6.947322633467178932e-02
3.106960111594432306e-01
6.418366481457571382e-02
5.178652874997999866e-01
7.940179578655635062e-01
5.125757259797012466e-01
9.666642380126280187e-01
1.760223662749516471e+00
1.858565688170487284e+00
-8.277177853432826637e-01
2.243107420927344720e+00
5.125757259797012466e-01
-8.277177853432826637e-01
-1.721877470183872383e-01
-3.846152856982500978e-01
5.178652874997999866e-01
-1.138831640430632453e+00
-1.730198358541335857e+00
9.666642380126280187e-01
7.940179578655635062e-01
5.125757259797012466e-01
5.178652874997999866e-01
7.940179578655635062e-01
5.125757259797012466e-01
6.947322633467178932e-02
3.106960111594432306e-01
6.418366481457571382e-02
-8.277177853432826637e-01
-1.721877470183872383e-01
-3.846152856982500978e-01
-1.276109846508410861e+00
-1.621715398608462921e+00
-1.281806297376206105e+00
-1.276109846508410861e+00
-1.621715398608462921e+00
-1.281806297376206105e+00
5.178652874997999866e-01
7.940179578655635062e-01
5.125757259797012466e-01
-3.789188348304546317e-01
-1.721877470183872383e-01
-3.846152856982500978e-01
5.178652874997999866e-01
3.106960111594432306e-01
5.125757259797012466e-01
9.666642380126280187e-01
7.940179578655635062e-01
5.125757259797012466e-01
-8.277177853432826637e-01
-1.721877470183872383e-01
-3.846152856982500978e-01
-2.173300858186366202e+00
-2.104599156786290948e+00
-1.281806297376206105e+00
-3.789188348304546317e-01
-1.721877470183872383e-01
-3.846152856982500978e-01
-3.789188348304546317e-01
-1.721877470183872383e-01
6.418366481457571382e-02
1.863855249690584692e+00
2.726429367633469880e+00
9.613746764925314992e-01
-1.276109846508410861e+00
-6.555096937245097344e-01
-3.846152856982500978e-01
5.178652874997999866e-01
7.940179578655635062e-01
5.125757259797012466e-01
-2.622099808699194234e+00
-1.721877470183872383e-01
-8.330073468633800715e-01
-2.173300858186366202e+00
-1.621715398608462921e+00
-8.330073468633800715e-01
-3.070491869864321544e+00
-6.555096937245097344e-01
-8.330073468633800715e-01
-8.277177853432826637e-01
-1.138831640430632453e+00
-8.330073468633800715e-01
-3.789188348304546317e-01
-6.555096937245097344e-01
-8.330073468633800715e-01
-3.789188348304546317e-01
-1.721877470183872383e-01
6.418366481457571382e-02
5.178652874997999866e-01
7.940179578655635062e-01
5.125757259797012466e-01
6.947322633467178932e-02
3.106960111594432306e-01
6.418366481457571382e-02
2.312654200203410504e+00
-6.555096937245097344e-01
1.409766737657657032e+00
6.947322633467178932e-02
3.106960111594432306e-01
6.418366481457571382e-02
nan
7.940179578655635062e-01
9.613746764925314992e-01
6.947322633467178932e-02
3.106960111594432306e-01
6.418366481457571382e-02
1.415463188525456495e+00
2.726429367633469880e+00
1.409766737657657032e+00
-8.277177853432826637e-01
-1.721877470183872383e-01
-3.846152856982500978e-01
5.178652874997999866e-01
3.106960111594432306e-01
5.125757259797012466e-01
9.666642380126280187e-01
7.940179578655635062e-01
5.125757259797012466e-01
9.666642380126280187e-01
7.940179578655635062e-01
5.125757259797012466e-01
1.496434168717706292e+00
1.885928996803293956e+00
1.490737717849909494e+00
-7.365010171871588796e-02
3.158447263668722194e-01
-7.934655258651046594e-02
1.103735087018981709e+00
1.100886861585084198e+00
7.056955826316979596e-01
1.888777222237192355e+00
nan
7.056955826316979596e-01
-7.365010171871588796e-02
3.158447263668722194e-01
-7.934655258651046594e-02
3.186929518007710627e-01
3.158447263668722194e-01
-7.934655258651046594e-02
-7.365010171871588796e-02
3.158447263668722194e-01
-7.934655258651046594e-02
1.103735087018981709e+00
1.100886861585084198e+00
1.098038636151186687e+00
-2.036433453853861764e+00
-8.615404623708249332e-01
-1.649430823022934423e+00
-7.365010171871588796e-02
-7.649832715261473126e-02
-7.934655258651046594e-02
7.110360053202584574e-01
7.085438080655968029e-01
7.056955826316979596e-01
-4.663491834174395834e-01
-4.691974088513379826e-01
-4.720456342852372700e-01
-7.365010171871588796e-02
-7.649832715261473126e-02
-7.934655258651046594e-02
7.110360053202584574e-01
7.085438080655968029e-01
7.056955826316979596e-01
-8.586922369369269781e-01
-8.615404623708249332e-01
-8.643886878047224442e-01
nan
7.085438080655968029e-01
1.490737717849909494e+00
-8.586922369369269781e-01
-8.615404623708249332e-01
-8.643886878047224442e-01
3.186929518007710627e-01
7.085438080655968029e-01
3.129965009329747083e-01
1.496434168717706292e+00
-8.615404623708249332e-01
-2.042129904721659006e+00
7.110360053202584574e-01
7.085438080655968029e-01
7.056955826316979596e-01
-1.643734372155137402e+00
1.885928996803293956e+00
-4.720456342852372700e-01
-7.365010171871588796e-02
3.158447263668722194e-01
-7.934655258651046594e-02
1.496434168717706292e+00
1.100886861585084198e+00
1.098038636151186687e+00
-4.663491834174395834e-01
-1.646938625768274100e+00
3.060821988286333450e+00
3.186929518007710627e-01
3.158447263668722194e-01
3.129965009329747083e-01
-4.663491834174395834e-01
-7.649832715261473126e-02
-4.720456342852372700e-01
1.888777222237192355e+00
1.885928996803293956e+00
2.275779853068121916e+00
1.103735087018981709e+00
1.100886861585084198e+00
7.056955826316979596e-01
1.103735087018981709e+00
1.100886861585084198e+00
1.098038636151186687e+00
-4.663491834174395834e-01
-7.649832715261473126e-02
-4.720456342852372700e-01
-7.365010171871588796e-02
-7.649832715261473126e-02
-4.720456342852372700e-01
-4.663491834174395834e-01
-2.824323814505971253e+00
1.490737717849909494e+00
-4.663491834174395834e-01
-4.691974088513379826e-01
-4.720456342852372700e-01
2.281476303935917826e+00
-4.691974088513379826e-01
-1.649430823022934423e+00
-4.663491834174395834e-01
-4.691974088513379826e-01
-4.720456342852372700e-01
-4.663491834174395834e-01
-4.691974088513379826e-01
-4.720456342852372700e-01
3.186929518007710627e-01
3.158447263668722194e-01
3.129965009329747083e-01
-7.365010171871588796e-02
2.670971132021505490e+00
-8.643886878047224442e-01
-7.365010171871588796e-02
-7.649832715261473126e-02
-7.934655258651046594e-02
3.066518439154128473e+00
-7.649832715261473126e-02
-1.257087769503449026e+00
5.137963940228020832e-01
2.697984151855168378e-01
5.930099264217902899e-02
-3.838015070028526488e-01
-5.675798623805756726e-01
-8.378900190357772004e-01
9.621884551879293923e-01
6.882976722729696739e-01
5.076930538073050059e-01
-3.838015070028526488e-01
-9.864588828592135705e-01
-1.286688969548607009e+00
-1.729384579845935743e+00
nan
-2.183879981226561018e+00
9.621884551879293923e-01
6.882976722729696739e-01
5.076930538073050059e-01
-3.838015070028526488e-01
-5.675798623805756726e-01
-8.378900190357772004e-01
1.859379466865885178e+00
2.363054227405152474e+00
nan
-3.838015070028526488e-01
-5.675798623805756726e-01
-8.378900190357772004e-01
5.137963940228020832e-01
2.697984151855168378e-01
5.930099264217902899e-02
6.499744350997405107e-02
-5.675798623805756726e-01
-8.378900190357772004e-01
-3.838015070028526488e-01
-5.675798623805756726e-01
-8.378900190357772004e-01
5.137963940228020832e-01
-2.242716180903945755e+00
1.853683015998087491e+00
1.410987405700756980e+00
1.107176692751608904e+00
1.404884065485260791e+00
-8.321935681679808461e-01
-1.404958139946666407e+00
-2.183879981226561018e+00
5.137963940228020832e-01
2.697984151855168378e-01
5.930099264217902899e-02
-3.838015070028526488e-01
-2.242716180903945755e+00
9.564920043201308175e-01
6.499744350997405107e-02
-1.490806052931228365e-01
-3.894979578706507795e-01
1.410987405700756980e+00
1.525675949839060408e+00
1.853683015998087491e+00
6.499744350997405107e-02
-1.490806052931228365e-01
-3.894979578706507795e-01
-3.838015070028526488e-01
-5.675798623805756726e-01
-8.378900190357772004e-01
6.499744350997405107e-02
-5.675798623805756726e-01
-8.378900190357772004e-01
6.499744350997405107e-02
-5.675798623805756726e-01
-8.378900190357772004e-01
5.137963940228020832e-01
2.697984151855168378e-01
5.930099264217902899e-02
5.137963940228020832e-01
2.697984151855168378e-01
5.930099264217902899e-02
5.137963940228020832e-01
2.697984151855168378e-01
5.930099264217902899e-02
9.621884551879293923e-01
1.107176692751608904e+00
9.564920043201308175e-01
-1.280585629333108821e+00
-1.404958139946666407e+00
1.404884065485260791e+00
5.137963940228020832e-01
6.882976722729696739e-01
5.076930538073050059e-01
1.410987405700756980e+00
1.944175206926512800e+00
1.853683015998087491e+00
nan
6.882976722729696739e-01
2.750874027676043276e+00
-3.838015070028526488e-01
-9.864588828592135705e-01
-1.286688969548607009e+00
6.499744350997405107e-02
-5.675798623805756726e-01
-8.378900190357772004e-01
6.499744350997405107e-02
-5.675798623805756726e-01
-8.378900190357772004e-01
5.137963940228020832e-01
2.697984151855168378e-01
5.930099264217902899e-02
-1.280585629333108821e+00
-2.242716180903945755e+00
-1.286688969548607009e+00
2.756570478543840963e+00
2.697984151855168378e-01
nan
9.621884551879293923e-01
6.882976722729696739e-01
5.076930538073050059e-01
9.621884551879293923e-01
6.882976722729696739e-01
5.076930538073050059e-01
5.137963940228020832e-01
2.697984151855168378e-01
5.930099264217902899e-02
-4.346626754653222235e-01
-1.965510291914247532e-01
-1.995891363209159053e-01
1.808518298403416935e+00
3.152962081072942624e+00
-2.711723969019192992e+00
-8.830547366304495327e-01
-1.033929306757517708e+00
-1.036967413887008416e+00
-8.830547366304495327e-01
-1.033929306757517708e+00
-1.036967413887008416e+00
1.359719347890589347e+00
1.478205525940759379e+00
1.056668161723814059e+00
1.413627504750580854e-02
-1.965510291914247532e-01
-1.995891363209159053e-01
-1.780652637656104487e+00
-1.452808327236157160e+00
-1.874345691453100482e+00
-4.346626754653222235e-01
-1.965510291914247532e-01
-6.180883934083705178e-01
4.625283362126340059e-01
6.404474849834795869e-01
2.192898841577215485e-01
1.413627504750580854e-02
2.219482278960263066e-01
2.192898841577215485e-01
-1.331853687143277565e+00
-1.871307584323610218e+00
-1.455466670974459253e+00
4.625283362126340059e-01
6.404474849834795869e-01
6.377891412451761610e-01
-8.830547366304495327e-01
-1.033929306757517708e+00
-1.036967413887008416e+00
9.113272867254611498e-01
1.059326505462119705e+00
6.377891412451761610e-01
1.413627504750580854e-02
2.219482278960263066e-01
2.192898841577215485e-01
1.413627504750580854e-02
2.219482278960263066e-01
-1.995891363209159053e-01
4.625283362126340059e-01
3.152962081072942624e+00
-2.711723969019192992e+00
1.413627504750580854e-02
2.219482278960263066e-01
2.192898841577215485e-01
-4.346626754653222235e-01
-6.154300496700644274e-01
-6.180883934083705178e-01
-8.830547366304495327e-01
-1.033929306757517708e+00
-1.036967413887008416e+00
1.413627504750580854e-02
2.219482278960263066e-01
2.192898841577215485e-01
4.625283362126340059e-01
6.404474849834795869e-01
2.192898841577215485e-01
-1.331853687143277565e+00
-1.033929306757517708e+00
2.312545696377356741e+00
-4.346626754653222235e-01
-1.965510291914247532e-01
-6.180883934083705178e-01
1.413627504750580854e-02
2.219482278960263066e-01
-1.995891363209159053e-01
-1.331853687143277565e+00
2.219482278960263066e-01
-1.874345691453100482e+00
9.113272867254611498e-01
1.059326505462119705e+00
6.377891412451761610e-01
1.413627504750580854e-02
2.219482278960263066e-01
-1.995891363209159053e-01
-8.830547366304495327e-01
-6.154300496700644274e-01
-6.180883934083705178e-01
nan
-1.452808327236157160e+00
2.312545696377356741e+00
-4.346626754653222235e-01
-1.965510291914247532e-01
-6.180883934083705178e-01
1.413627504750580854e-02
2.219482278960263066e-01
-1.995891363209159053e-01
-4.346626754653222235e-01
-1.965510291914247532e-01
-1.995891363209159053e-01
-4.346626754653222235e-01
-6.154300496700644274e-01
-6.180883934083705178e-01
4.625283362126340059e-01
6.404474849834795869e-01
6.377891412451761610e-01
4.625283362126340059e-01
6.404474849834795869e-01
2.192898841577215485e-01
1.413627504750580854e-02
2.219482278960263066e-01
-1.995891363209159053e-01
-2.677436759986360659e+00
6.404474849834795869e-01
-6.180883934083705178e-01
-1.331853687143277565e+00
-1.452808327236157160e+00
-1.455466670974459253e+00
4.625283362126340059e-01
6.404474849834795869e-01
6.377891412451761610e-01
