5.200203013590525281e-01
7.372622230900196527e-01
7.344139976561199212e-01
-5.066050376021502544e-02
-3.094606238675918775e-01
-3.123088493014916089e-01
-5.066050376021502544e-02
2.141381517306917281e-01
-3.123088493014916089e-01
-6.218591680492719931e-01
-3.094606238675918775e-01
-8.354329206608195335e-01
-5.066050376021502544e-02
2.141381517306917281e-01
2.112899262968102043e-01
2.233098435056413145e+00
2.830707917005242713e+00
-8.354329206608195335e-01
-5.066050376021502544e-02
2.141381517306917281e-01
2.112899262968102043e-01
-6.218591680492719931e-01
-3.094606238675918775e-01
-8.354329206608195335e-01
-5.066050376021502544e-02
2.141381517306917281e-01
2.112899262968102043e-01
-5.066050376021502544e-02
2.141381517306917281e-01
-3.123088493014916089e-01
-1.192539973168518674e+00
-1.356183470825221837e+00
1.781136844613731007e+00
5.200203013590525281e-01
7.372622230900196527e-01
7.344139976561199212e-01
-5.066050376021502544e-02
2.141381517306917281e-01
-3.123088493014916089e-01
-5.066050376021502544e-02
2.141381517306917281e-01
2.112899262968102043e-01
1.661899770767356621e+00
2.307109141406940012e+00
nan
-5.066050376021502544e-02
2.141381517306917281e-01
-3.123088493014916089e-01
5.200203013590525281e-01
7.372622230900196527e-01
7.344139976561199212e-01
-5.066050376021502544e-02
7.372622230900196527e-01
2.112899262968102043e-01
-5.066050376021502544e-02
-3.094606238675918775e-01
-3.123088493014916089e-01
-5.066050376021502544e-02
2.141381517306917281e-01
-3.123088493014916089e-01
-1.763738637457575642e+00
7.372622230900196527e-01
-1.359031696259102917e+00
-5.066050376021502544e-02
-3.094606238675918775e-01
-3.123088493014916089e-01
1.661899770767356621e+00
2.307109141406940012e+00
1.781136844613731007e+00
-1.192539973168518674e+00
-3.094606238675918775e-01
-2.405754543216732877e+00
1.091218965648089068e+00
1.260860998688321466e+00
1.781136844613731007e+00
-5.066050376021502544e-02
2.141381517306917281e-01
-3.123088493014916089e-01
5.200203013590525281e-01
7.372622230900196527e-01
2.112899262968102043e-01
-1.192539973168518674e+00
-2.402906317782833145e+00
2.304735620212032821e+00
-5.066050376021502544e-02
-3.094606238675918775e-01
-3.123088493014916089e-01
-5.066050376021502544e-02
2.141381517306917281e-01
-3.123088493014916089e-01
5.200203013590525281e-01
1.260860998688321466e+00
7.344139976561199212e-01
-6.218591680492719931e-01
-3.094606238675918775e-01
-8.354329206608195335e-01
-6.218591680492719931e-01
-3.094606238675918775e-01
-8.354329206608195335e-01
2.803779240175660270e+00
-3.094606238675918775e-01
1.781136844613731007e+00
1.661899770767356621e+00
nan
7.344139976561199212e-01
-1.192539973168518674e+00
2.830707917005242713e+00
2.112899262968102043e-01
-2.905618106865879291e+00
2.830707917005242713e+00
nan
-5.066050376021502544e-02
7.372622230900196527e-01
2.112899262968102043e-01
1.091218965648089068e+00
1.783985070047631183e+00
nan
-1.192539973168518674e+00
-1.356183470825221837e+00
-1.359031696259102917e+00
-1.040687730454958881e+00
-8.700863301065919764e-01
-8.729345555404917079e-01
1.375045626019062439e+00
1.223359363808649292e+00
6.969123627764477469e-01
1.375045626019062439e+00
6.997605882103474784e-01
6.969123627764477469e-01
4.088399211351139151e-01
1.766365168510195538e-01
1.737882914171380300e-01
-7.448202557101080146e-02
-3.469622587472640518e-01
-3.498104841811637833e-01
-2.006893435338907405e+00
-2.964006728260807133e+00
-8.729345555404917079e-01
-2.489777193516731213e+00
-1.393685105704893790e+00
-1.396533331138775091e+00
-1.040687730454958881e+00
-8.700863301065919764e-01
-8.729345555404917079e-01
nan
6.997605882103474784e-01
1.220036434135757020e+00
-7.448202557101080146e-02
-3.469622587472640518e-01
-3.498104841811637833e-01
-7.448202557101080146e-02
-3.469622587472640518e-01
-3.498104841811637833e-01
-7.448202557101080146e-02
-1.393685105704893790e+00
-1.919657402498103016e+00
1.375045626019062439e+00
2.793206282125570539e+00
6.969123627764477469e-01
-7.448202557101080146e-02
-3.469622587472640518e-01
-3.498104841811637833e-01
-7.448202557101080146e-02
-3.469622587472640518e-01
-3.498104841811637833e-01
1.375045626019062439e+00
2.793206282125570539e+00
-2.443256178096405051e+00
-5.573657837488346090e-01
-3.469622587472640518e-01
-3.498104841811637833e-01
-5.573657837488346090e-01
-3.469622587472640518e-01
-3.498104841811637833e-01
-2.973099140222855929e+00
-1.393685105704893790e+00
-1.396533331138775091e+00
4.088399211351139151e-01
1.766365168510195538e-01
1.737882914171380300e-01
-5.573657837488346090e-01
-3.469622587472640518e-01
-3.498104841811637833e-01
1.857929384196903122e+00
1.746483435167959009e+00
1.743635209734058833e+00
-1.040687730454958881e+00
-1.393685105704893790e+00
-8.729345555404917079e-01
-1.040687730454958881e+00
-8.700863301065919764e-01
-8.729345555404917079e-01
8.917236793129550421e-01
6.997605882103474784e-01
6.969123627764477469e-01
8.917236793129550421e-01
6.997605882103474784e-01
1.737882914171380300e-01
4.088399211351139151e-01
1.766365168510195538e-01
1.737882914171380300e-01
-7.448202557101080146e-02
-3.469622587472640518e-01
-3.498104841811637833e-01
-7.448202557101080146e-02
1.766365168510195538e-01
-3.498104841811637833e-01
nan
6.997605882103474784e-01
6.969123627764477469e-01
-5.573657837488346090e-01
-3.469622587472640518e-01
-3.498104841811637833e-01
8.917236793129550421e-01
6.997605882103474784e-01
1.737882914171380300e-01
-1.524009677161083598e+00
-1.393685105704893790e+00
-8.729345555404917079e-01
4.088399211351139151e-01
1.766365168510195538e-01
1.737882914171380300e-01
-1.040687730454958881e+00
-8.700863301065919764e-01
-8.729345555404917079e-01
4.088399211351139151e-01
1.766365168510195538e-01
1.737882914171380300e-01
2.824135089080851202e+00
-3.469622587472640518e-01
-1.396533331138775091e+00
8.917236793129550421e-01
6.997605882103474784e-01
6.969123627764477469e-01
-7.448202557101080146e-02
1.766365168510195538e-01
-3.498104841811637833e-01
1.857929384196903122e+00
1.223359363808649292e+00
6.969123627764477469e-01
1.436106647960677662e-01
1.614459812035722308e-01
1.585977557696724993e-01
-7.535803468818840223e-01
-8.852768657540392994e-01
-8.881250911879390308e-01
1.436106647960677662e-01
-3.621527943947300265e-01
1.585977557696724993e-01
1.040801676474019111e+00
1.208168828161183761e+00
nan
5.924096153088975747e-01
6.845700525629001554e-01
1.728444674086611954e+00
1.040801676474019111e+00
1.731292899520511241e+00
nan
-7.535803468818840223e-01
-8.852768657540392994e-01
-8.881250911879390308e-01
1.937992688151987331e+00
1.614459812035722308e-01
2.251568745445920783e+00
-3.051882857167620422e-01
-3.621527943947300265e-01
-3.650010198286111063e-01
-3.051882857167620422e-01
-3.621527943947300265e-01
-3.650010198286111063e-01
1.040801676474019111e+00
1.208168828161183761e+00
nan
-3.051882857167620422e-01
-3.621527943947300265e-01
-3.650010198286111063e-01
-3.051882857167620422e-01
-3.621527943947300265e-01
1.585977557696724993e-01
-3.051882857167620422e-01
-3.621527943947300265e-01
-3.650010198286111063e-01
-3.051882857167620422e-01
-3.621527943947300265e-01
-3.650010198286111063e-01
1.040801676474019111e+00
1.731292899520511241e+00
nan
1.489600626986849363e+00
-1.408875641352341113e+00
1.728444674086611954e+00
nan
-2.455598488309952643e+00
1.585977557696724993e-01
-1.201972408047005780e+00
-1.932474416950643148e+00
1.728444674086611954e+00
1.489600626986849363e+00
nan
-2.458446713743852374e+00
-1.201972408047005780e+00
-1.408875641352341113e+00
-1.411723866786241066e+00
-2.099163419724973778e+00
-1.408875641352341113e+00
-2.458446713743852374e+00
-3.051882857167620422e-01
-3.621527943947300265e-01
-8.881250911879390308e-01
-7.535803468818840223e-01
-8.852768657540392994e-01
-1.411723866786241066e+00
-3.051882857167620422e-01
-3.621527943947300265e-01
1.585977557696724993e-01
-1.201972408047005780e+00
-1.408875641352341113e+00
2.775167521044222596e+00
1.040801676474019111e+00
1.208168828161183761e+00
nan
1.040801676474019111e+00
1.208168828161183761e+00
nan
-3.051882857167620422e-01
-3.621527943947300265e-01
1.585977557696724993e-01
1.436106647960677662e-01
1.614459812035722308e-01
6.817218271290004239e-01
1.489600626986849363e+00
nan
6.817218271290004239e-01
-3.051882857167620422e-01
-3.621527943947300265e-01
-3.650010198286111063e-01
1.040801676474019111e+00
1.731292899520511241e+00
nan
1.436106647960677662e-01
1.614459812035722308e-01
1.585977557696724993e-01
5.924096153088975747e-01
6.845700525629001554e-01
1.205320602727302237e+00
-3.051882857167620422e-01
-3.621527943947300265e-01
-8.881250911879390308e-01
-7.535803468818840223e-01
-1.932474416950643148e+00
-2.982045489342154188e+00
1.436106647960677662e-01
1.614459812035722308e-01
6.817218271290004239e-01
-7.535803468818840223e-01
-8.852768657540392994e-01
-8.881250911879390308e-01
-7.535803468818840223e-01
-8.852768657540392994e-01
-1.411723866786241066e+00
2.930654736776582503e+00
8.530900574018724924e-01
-8.668583412814849787e-01
1.217576603079221442e+00
nan
nan
7.569713367091779332e-02
-1.931580853167460532e-01
-2.391094556503148283e-01
-1.066182335737385856e+00
-1.763479707872659397e+00
-2.122925757630637733e+00
-4.949836714483493161e-01
1.376688833000174306e+00
1.645276491416776565e+00
6.468957979599747610e-01
3.299659860425632196e-01
3.886394299808548780e-01
-1.066182335737385856e+00
-1.239880932274376013e+00
-1.495176871999445600e+00
-4.949836714483493161e-01
-7.167568609150478665e-01
-2.391094556503148283e-01
1.788257408198468568e+00
nan
1.016957960698815278e+00
-4.949836714483493161e-01
-7.167568609150478665e-01
-8.668583412814849787e-01
-1.066182335737385856e+00
-1.763479707872659397e+00
-2.122925757630637733e+00
-2.208061805145709933e+00
3.299659860425632196e-01
-8.668583412814849787e-01
-2.208061805145709933e+00
1.376688833000174306e+00
-8.668583412814849787e-01
-2.778742610264957058e+00
nan
3.886394299808548780e-01
7.569713367091779332e-02
-7.167568609150478665e-01
-2.391094556503148283e-01
7.569713367091779332e-02
-1.931580853167460532e-01
-2.391094556503148283e-01
6.468957979599747610e-01
8.530900574018724924e-01
3.886394299808548780e-01
6.468957979599747610e-01
8.530900574018724924e-01
3.886394299808548780e-01
7.569713367091779332e-02
3.299659860425632196e-01
3.886394299808548780e-01
1.788257408198468568e+00
1.900287608598477007e+00
2.273025377047946272e+00
7.569713367091779332e-02
-1.931580853167460532e-01
-2.391094556503148283e-01
6.468957979599747610e-01
8.530900574018724924e-01
3.886394299808548780e-01
-1.066182335737385856e+00
-1.763479707872659397e+00
-2.122925757630637733e+00
-4.949836714483493161e-01
-7.167568609150478665e-01
-2.391094556503148283e-01
-2.208061805145709933e+00
3.299659860425632196e-01
-8.668583412814849787e-01
7.569713367091779332e-02
-1.931580853167460532e-01
-2.391094556503148283e-01
-4.949836714483493161e-01
-1.239880932274376013e+00
-8.668583412814849787e-01
-1.066182335737385856e+00
-2.810202554830289579e+00
-8.668583412814849787e-01
-1.636863140856652965e+00
1.900287608598477007e+00
-2.391094556503148283e-01
-4.949836714483493161e-01
8.530900574018724924e-01
-1.495176871999445600e+00
7.569713367091779332e-02
-1.931580853167460532e-01
-2.391094556503148283e-01
-1.636863140856652965e+00
-2.286603779231987321e+00
-2.391094556503148283e-01
-1.066182335737385856e+00
3.299659860425632196e-01
-1.495176871999445600e+00
1.217576603079221442e+00
1.376688833000174306e+00
1.016957960698815278e+00
6.468957979599747610e-01
8.530900574018724924e-01
3.886394299808548780e-01
7.569713367091779332e-02
-1.931580853167460532e-01
3.886394299808548780e-01
6.468957979599747610e-01
3.299659860425632196e-01
3.886394299808548780e-01
2.930654736776582503e+00
3.299659860425632196e-01
-1.495176871999445600e+00
-4.949836714483493161e-01
-1.239880932274376013e+00
-8.668583412814849787e-01
2.359456072487525979e+00
nan
1.645276491416776565e+00
-7.440048842326820733e-01
4.516019663372654591e-01
1.064452119809070396e+00
5.118726504208561678e-01
4.516019663372654591e-01
2.794099845908615265e-01
5.118726504208561678e-01
4.516019663372654591e-01
2.794099845908615265e-01
1.349630691378139957e+00
2.298592388884003412e+00
6.717530381103440362e-01
5.118726504208561678e-01
8.208660167085550796e-01
6.717530381103440362e-01
-1.581383161798771919e+00
4.516019663372654591e-01
2.794099845908615265e-01
-1.581383161798771919e+00
1.559729202796279246e+00
-5.056321506273473432e-01
9.337339333340821668e-02
8.200283062083091323e-02
-1.132890971078652775e-01
5.118726504208561678e-01
8.208660167085550796e-01
6.717530381103440362e-01
5.118726504208561678e-01
8.208660167085550796e-01
6.717530381103440362e-01
1.768129948465587908e+00
2.298592388884003412e+00
nan
5.118726504208561678e-01
8.208660167085550796e-01
6.717530381103440362e-01
-3.251258637540397345e-01
-6.568603554669065758e-01
-8.983312323260741472e-01
2.187008968944230247e+00
nan
-1.132890971078652775e-01
9.337339333340821668e-02
8.200283062083091323e-02
-1.132890971078652775e-01
9.337339333340821668e-02
8.200283062083091323e-02
-1.132890971078652775e-01
3.024387246510319649e+00
-6.568603554669065758e-01
2.634536390245502346e+00
-7.440048842326820733e-01
-1.395723541554630964e+00
1.064452119809070396e+00
9.307516708994976184e-01
8.208660167085550796e-01
1.064452119809070396e+00
9.337339333340821668e-02
8.200283062083091323e-02
-1.132890971078652775e-01
-3.251258637540397345e-01
-6.568603554669065758e-01
-8.983312323260741472e-01
5.118726504208561678e-01
4.516019663372654591e-01
6.717530381103440362e-01
9.337339333340821668e-02
8.200283062083091323e-02
-1.132890971078652775e-01
9.307516708994976184e-01
1.190465152425002948e+00
1.064452119809070396e+00
9.337339333340821668e-02
8.200283062083091323e-02
-1.132890971078652775e-01
-1.581383161798771919e+00
-2.872612197504587073e-01
-2.860758556281988607e+00
1.349630691378139957e+00
1.559729202796279246e+00
1.456795173328567117e+00
9.307516708994976184e-01
1.190465152425002948e+00
1.064452119809070396e+00
1.349630691378139957e+00
1.928993253167555544e+00
1.849494255027279266e+00
9.337339333340821668e-02
8.200283062083091323e-02
-1.132890971078652775e-01
-7.440048842326820733e-01
4.516019663372654591e-01
-2.075716421063779293e+00
9.337339333340821668e-02
8.200283062083091323e-02
-1.132890971078652775e-01
-1.162504141320144679e+00
-2.872612197504587073e-01
-2.860758556281988607e+00
-3.251258637540397345e-01
-6.568603554669065758e-01
-5.056321506273473432e-01
-3.251258637540397345e-01
-1.026124405838183318e+00
-2.075716421063779293e+00
-1.581383161798771919e+00
8.208660167085550796e-01
-8.983312323260741472e-01
5.118726504208561678e-01
4.516019663372654591e-01
2.794099845908615265e-01
9.337339333340821668e-02
8.200283062083091323e-02
-1.132890971078652775e-01
-1.162504141320144679e+00
-2.134586727642355353e+00
-1.132890971078652775e-01
9.337339333340821668e-02
8.200283062083091323e-02
-1.132890971078652775e-01
nan
5.828884045727131813e-01
2.254606852575423481e+00
1.298769522915662833e+00
-2.544898729933748882e-01
-1.513405514776414051e+00
-9.440045616053627242e-01
-6.733688934720158947e-01
-6.760272372103091065e-01
-4.956125004402407441e-01
-6.733688934720158947e-01
-6.760272372103091065e-01
-4.956125004402407441e-01
-6.733688934720158947e-01
-6.760272372103091065e-01
nan
1.420266682138816350e+00
nan
3.093151546271582397e+00
-6.733688934720158947e-01
nan
-9.440045616053627242e-01
-6.733688934720158947e-01
-6.760272372103091065e-01
-9.440045616053627242e-01
-6.733688934720158947e-01
-6.760272372103091065e-01
-9.440045616053627242e-01
-6.733688934720158947e-01
-6.760272372103091065e-01
1.747568473428492197e+00
1.838765939226263413e+00
1.836107595487960431e+00
nan
1.420266682138816350e+00
nan
1.298769522915662833e+00
1.420266682138816350e+00
1.417228575009318980e+00
-4.956125004402407441e-01
-2.544898729933748882e-01
-2.575279801228611554e-01
1.298769522915662833e+00
1.001387661660174899e+00
9.987293179218710293e-01
3.093151546271582397e+00
-2.766624705691638653e+00
2.673485873054050721e+00
4.015785112377110444e-01
1.640093840940872738e-01
1.609712769645867958e-01
-4.722043927511876404e-02
-2.544898729933748882e-01
-2.575279801228611554e-01
8.503774617505408528e-01
1.001387661660174899e+00
9.987293179218710293e-01
-4.956125004402407441e-01
-2.544898729933748882e-01
-2.575279801228611554e-01
1.298769522915662833e+00
1.001387661660174899e+00
9.987293179218710293e-01
-4.722043927511876404e-02
1.640093840940872738e-01
1.609712769645867958e-01
1.747568473428492197e+00
3.095023237270992489e+00
nan
2.195960534593630165e+00
-2.544898729933748882e-01
1.836107595487960431e+00
-4.722043927511876404e-02
1.640093840940872738e-01
1.609712769645867958e-01
-4.722043927511876404e-02
1.640093840940872738e-01
1.609712769645867958e-01
8.503774617505408528e-01
5.828884045727131813e-01
5.798502974432286905e-01
4.015785112377110444e-01
1.640093840940872738e-01
1.609712769645867958e-01
2.644759485106444430e+00
2.257265196313710476e+00
3.091985130141513771e+00
1.747568473428492197e+00
1.838765939226263413e+00
2.254606852575423481e+00
-4.722043927511876404e-02
-2.544898729933748882e-01
-2.575279801228611554e-01
-4.722043927511876404e-02
-2.544898729933748882e-01
-2.575279801228611554e-01
4.015785112377110444e-01
5.828884045727131813e-01
5.798502974432286905e-01
4.015785112377110444e-01
1.640093840940872738e-01
1.609712769645867958e-01
4.015785112377110444e-01
1.640093840940872738e-01
1.609712769645867958e-01
4.015785112377110444e-01
1.640093840940872738e-01
1.609712769645867958e-01
1.298769522915662833e+00
1.001387661660174899e+00
9.987293179218710293e-01
8.503774617505408528e-01
5.828884045727131813e-01
5.798502974432286905e-01
-9.440045616053627242e-01
-6.733688934720158947e-01
-6.760272372103091065e-01
-9.440045616053627242e-01
-6.733688934720158947e-01
-6.760272372103091065e-01
1.393167851582010286e+00
-1.300846519538044976e+00
-3.098076768327856279e+00
4.758477873893651733e-02
4.473655330502879224e-02
4.188832787113661027e-02
4.963837292517663258e-01
9.419275649829801367e-01
9.390793395490888429e-01
4.963837292517663258e-01
4.935355038178586007e-01
4.906872783839508756e-01
-8.496062329390152712e-01
-8.524544583729229963e-01
-8.553026838068307214e-01
-4.008072824262014500e-01
-4.040623972078010162e-01
-4.065037332940009129e-01
1.841966802094839650e+00
1.839118576660948357e+00
1.387878290061918207e+00
-4.008072824262014500e-01
-4.040623972078010162e-01
4.188832787113661027e-02
-8.496062329390152712e-01
-8.524544583729229963e-01
-4.065037332940009129e-01
4.758477873893651733e-02
4.935355038178586007e-01
4.906872783839508756e-01
9.447757904168883059e-01
9.419275649829801367e-01
9.390793395490888429e-01
9.447757904168883059e-01
9.419275649829801367e-01
9.390793395490888429e-01
1.393167851582010286e+00
1.390726515495810389e+00
1.387878290061918207e+00
1.393167851582010286e+00
-2.198037531216012752e+00
-8.553026838068307214e-01
9.447757904168883059e-01
9.419275649829801367e-01
9.390793395490888429e-01
4.758477873893651733e-02
4.473655330502879224e-02
4.906872783839508756e-01
1.393167851582010286e+00
1.390726515495810389e+00
1.387878290061918207e+00
4.758477873893651733e-02
4.473655330502879224e-02
4.906872783839508756e-01
-8.496062329390152712e-01
-8.524544583729229963e-01
-4.065037332940009129e-01
1.393167851582010286e+00
1.390726515495810389e+00
1.387878290061918207e+00
-4.008072824262014500e-01
-4.040623972078010162e-01
4.188832787113661027e-02
-4.008072824262014500e-01
-4.040623972078010162e-01
-4.065037332940009129e-01
4.963837292517663258e-01
4.935355038178586007e-01
4.906872783839508756e-01
4.758477873893651733e-02
4.473655330502879224e-02
4.188832787113661027e-02
-8.496062329390152712e-01
-8.524544583729229963e-01
-8.553026838068307214e-01
9.447757904168883059e-01
1.390726515495810389e+00
1.387878290061918207e+00
-8.496062329390152712e-01
4.935355038178586007e-01
-1.303694744971952701e+00
9.447757904168883059e-01
9.419275649829801367e-01
9.390793395490888429e-01
-1.297998294104153016e+00
1.390726515495810389e+00
-8.553026838068307214e-01
-4.008072824262014500e-01
-4.040623972078010162e-01
4.188832787113661027e-02
-2.643988256294934835e+00
-1.300846519538044976e+00
-2.201292645997612318e+00
-4.008072824262014500e-01
-4.040623972078010162e-01
4.188832787113661027e-02
2.290765752607669903e+00
2.736309588338899701e+00
-4.065037332940009129e-01
-1.297998294104153016e+00
1.839118576660948357e+00
1.836270351227040187e+00
4.963837292517663258e-01
9.419275649829801367e-01
-4.065037332940009129e-01
4.758477873893651733e-02
4.473655330502879224e-02
4.188832787113661027e-02
4.758477873893651733e-02
4.473655330502879224e-02
4.188832787113661027e-02
-4.008072824262014500e-01
-4.040623972078010162e-01
-4.065037332940009129e-01
-4.008072824262014500e-01
-4.040623972078010162e-01
-4.065037332940009129e-01
-4.008072824262014500e-01
-4.040623972078010162e-01
-8.553026838068307214e-01
1.046294682667979536e+00
-1.597533099697643344e+00
-6.083208497530629977e-01
nan
nan
7.376691124377185993e-01
-5.237895877684519697e-01
-9.364449858296786111e-01
-1.505511861431014786e+00
1.046294682667979536e+00
7.164252054420203741e-01
7.376691124377185993e-01
-1.701530804685387865e+00
7.164252054420203741e-01
-6.083208497530629977e-01
nan
1.377513319309985107e+00
nan
2.616378953104398164e+00
2.368995583510157488e+00
-6.083208497530629977e-01
1.438993764366706785e+00
1.046819355774227134e+00
1.186061173602840135e+00
-1.308831722986661061e+00
1.377513319309985107e+00
nan
-1.308831722986661061e+00
-2.589015363897815281e+00
-6.083208497530629977e-01
1.046294682667979536e+00
7.164252054420203741e-01
7.376691124377185993e-01
6.539516291484837041e-01
3.857312419062508546e-01
2.888701619248883468e-01
2.612525474497711109e-01
-1.597533099697643344e+00
-1.595218992402331892e-01
nan
2.368995583510157488e+00
-6.083208497530629977e-01
-1.701530804685387865e+00
5.533709157405564127e-02
-1.505511861431014786e+00
-9.161326412879344794e-01
-1.597533099697643344e+00
2.083252185280792368e+00
6.539516291484837041e-01
3.857312419062508546e-01
2.888701619248883468e-01
6.539516291484837041e-01
3.857312419062508546e-01
2.888701619248883468e-01
-2.486216911724352219e+00
-2.753568719617138782e-01
-1.953903922596152753e+00
1.046294682667979536e+00
7.164252054420203741e-01
7.376691124377185993e-01
1.831336817886189294e+00
nan
-2.851094934274104542e+00
1.831336817886189294e+00
1.377513319309985107e+00
1.634860124115670388e+00
-1.701530804685387865e+00
7.164252054420203741e-01
-6.083208497530629977e-01
nan
2.699689547045927007e+00
nan
3.009078034803124524e+00
3.030083697378121776e+00
nan
nan
1.377513319309985107e+00
nan
2.612525474497711109e-01
5.533709157405564127e-02
-1.595218992402331892e-01
-1.308831722986661061e+00
1.046819355774227134e+00
-6.083208497530629977e-01
-5.237895877684519697e-01
-1.266839136161873824e+00
-1.953903922596152753e+00
-5.237895877684519697e-01
5.533709157405564127e-02
-2.851094934274104542e+00
1.438993764366706785e+00
1.046819355774227134e+00
7.376691124377185993e-01
3.009078034803124524e+00
nan
1.186061173602840135e+00
1.046294682667979536e+00
-9.364449858296786111e-01
1.634860124115670388e+00
-1.310905060697251656e-01
-2.753568719617138782e-01
-6.083208497530629977e-01
-5.237895877684519697e-01
-9.364449858296786111e-01
-1.505511861431014786e+00
nan
-2.919709327433584800e+00
-1.595218992402331892e-01
-5.237895877684519697e-01
-9.364449858296786111e-01
-1.056712910918200965e+00
nan
-2.753568719617138782e-01
1.634860124115670388e+00
6.539516291484837041e-01
3.857312419062508546e-01
2.888701619248883468e-01
-5.237895877684519697e-01
-1.266839136161873824e+00
-1.953903922596152753e+00
nan
nan
-3.023052632448142152e+00
1.310649099086589331e-01
3.615155600795816326e-01
-1.244355177962797043e-01
1.310649099086589331e-01
3.615155600795816326e-01
-1.244355177962797043e-01
-3.920591614506503397e-01
-1.213681980982421749e-01
-6.073192759741208313e-01
-3.920591614506503397e-01
-1.213681980982421749e-01
-6.073192759741208313e-01
-3.920591614506503397e-01
-1.213681980982421749e-01
-6.073192759741208313e-01
1.310649099086589331e-01
3.615155600795816326e-01
3.588864289098276927e-01
-1.438782008408261870e+00
-1.088012091510491608e+00
-1.573524980858068911e+00
-3.920591614506503397e-01
-1.213681980982421749e-01
-1.244355177962797043e-01
-9.151832328099596126e-01
-6.046901448043668914e-01
-6.073192759741208313e-01
-3.920591614506503397e-01
-1.213681980982421749e-01
-6.073192759741208313e-01
1.178262461105262560e+00
2.293926969847495556e+00
1.325092133793793536e+00
-3.920591614506503397e-01
-1.213681980982421749e-01
-1.244355177962797043e-01
2.224985308062874090e+00
-1.213681980982421749e-01
-1.573524980858068911e+00
-3.920591614506503397e-01
-1.213681980982421749e-01
-6.073192759741208313e-01
1.310649099086589331e-01
3.615155600795816326e-01
3.588864289098276927e-01
-9.151832328099596126e-01
-2.537101554572263495e+00
-2.056846927564193628e+00
nan
1.327721264963546588e+00
1.325092133793793536e+00
1.701386532464572277e+00
1.811043211669654873e+00
1.325092133793793536e+00
1.310649099086589331e-01
2.293926969847495556e+00
nan
1.178262461105262560e+00
nan
-2.540168874270318344e+00
-9.151832328099596126e-01
-1.213681980982421749e-01
1.325092133793793536e+00
-2.485504855365872956e+00
3.615155600795816326e-01
-1.090641222680245104e+00
-9.151832328099596126e-01
-6.046901448043668914e-01
-6.073192759741208313e-01
-3.920591614506503397e-01
-1.213681980982421749e-01
-1.244355177962797043e-01
nan
2.777248916553619829e+00
-6.073192759741208313e-01
1.310649099086589331e-01
3.615155600795816326e-01
-1.244355177962797043e-01
6.546636855069607464e-01
8.448375067857059051e-01
3.588864289098276927e-01
-9.151832328099596126e-01
-6.046901448043668914e-01
-6.073192759741208313e-01
2.224985308062874090e+00
nan
-2.056846927564193628e+00
6.546636855069607464e-01
8.448375067857059051e-01
3.588864289098276927e-01
6.546636855069607464e-01
3.615155600795816326e-01
3.588864289098276927e-01
1.310649099086589331e-01
3.615155600795816326e-01
3.588864289098276927e-01
-3.920591614506503397e-01
-6.046901448043668914e-01
-6.073192759741208313e-01
-3.920591614506503397e-01
-1.213681980982421749e-01
-6.073192759741208313e-01
-9.151832328099596126e-01
-6.046901448043668914e-01
-6.073192759741208313e-01
6.546636855069607464e-01
8.448375067857059051e-01
3.588864289098276927e-01
-1.438782008408261870e+00
-2.053779607866139223e+00
-6.073192759741208313e-01
6.546636855069607464e-01
8.448375067857059051e-01
3.588864289098276927e-01
-3.920591614506503397e-01
-1.213681980982421749e-01
-6.073192759741208313e-01
4.174471957980023795e-01
1.788201563503588609e-01
4.113438555825035259e-01
4.174471957980023795e-01
1.788201563503588609e-01
-3.704820558261934238e-02
3.109020230831873732e+00
-1.914815419260472940e+00
-1.831430228938527360e+00
-2.722517900400990509e+00
2.690954989048623069e+00
-2.728621240616497357e+00
4.174471957980023795e-01
5.976991768289852125e-01
4.113438555825035259e-01
-1.376934827557901198e+00
-1.077057378303190927e+00
-1.382631278425712429e+00
4.174471957980023795e-01
1.788201563503588609e-01
-3.704820558261934238e-02
-4.797438158799494090e-01
-2.396791007371028570e-01
-4.854402667477422106e-01
-4.797438158799494090e-01
-2.396791007371028570e-01
-4.854402667477422106e-01
-1.376934827557901198e+00
-1.495936398781831933e+00
-1.382631278425712429e+00
8.662461463108321880e-01
1.435077454395088381e+00
1.757333817773289120e+00
-3.135175471482742893e-02
-2.396791007371028570e-01
-3.704820558261934238e-02
-3.135175471482742893e-02
3.109834009527263632e+00
-2.279822290103666216e+00
4.174471957980023795e-01
5.976991768289852125e-01
4.113438555825035259e-01
4.174471957980023795e-01
1.788201563503588609e-01
-3.704820558261934238e-02
-4.797438158799494090e-01
1.853576711482534556e+00
-9.342392172605733514e-01
-4.797438158799494090e-01
-2.396791007371028570e-01
-4.854402667477422106e-01
4.174471957980023795e-01
1.788201563503588609e-01
-3.704820558261934238e-02
-1.825326888723038943e+00
2.272075968569981619e+00
-2.728621240616497357e+00
-3.135175471482742893e-02
-2.396791007371028570e-01
-4.854402667477422106e-01
-9.281358770450713891e-01
-1.077057378303190927e+00
-9.342392172605733514e-01
-3.135175471482742893e-02
1.853576711482534556e+00
-4.854402667477422106e-01
-4.797438158799494090e-01
-2.396791007371028570e-01
-4.854402667477422106e-01
8.662461463108321880e-01
1.016198433916446930e+00
8.601428060953346666e-01
1.314638207475954168e+00
1.016198433916446930e+00
8.601428060953346666e-01
-3.135175471482742893e-02
-2.396791007371028570e-01
-3.704820558261934238e-02
-3.135175471482742893e-02
1.788201563503588609e-01
-3.704820558261934238e-02
-4.797438158799494090e-01
-6.585581212157438635e-01
-4.854402667477422106e-01
-1.825326888723038943e+00
-2.396791007371028570e-01
-1.831430228938527360e+00
-9.281358770450713891e-01
-1.077057378303190927e+00
-9.342392172605733514e-01
4.174471957980023795e-01
1.435077454395088381e+00
2.654524829451258228e+00
-9.281358770450713891e-01
-1.077057378303190927e+00
-9.342392172605733514e-01
-3.135175471482742893e-02
1.788201563503588609e-01
-3.704820558261934238e-02
-3.135175471482742893e-02
-2.396791007371028570e-01
-3.704820558261934238e-02
1.314638207475954168e+00
1.016198433916446930e+00
8.601428060953346666e-01
-9.281358770450713891e-01
-2.751813933435367066e+00
-4.854402667477422106e-01
8.662461463108321880e-01
1.016198433916446930e+00
4.113438555825035259e-01
-4.797438158799494090e-01
-6.585581212157438635e-01
-4.854402667477422106e-01
4.174471957980023795e-01
1.788201563503588609e-01
-3.704820558261934238e-02
-4.797438158799494090e-01
-2.396791007371028570e-01
-4.854402667477422106e-01
-9.428347547307387444e-01
-2.551432897026991053e+00
2.248329587109338057e+00
-5.501356730320119404e-01
-7.041073891350948522e-01
-1.076387207612868657e+00
2.197333786142111833e+00
nan
1.879065536738047548e+00
-1.577926195125156639e-01
3.475579695262931423e-02
-3.375240215251298359e-01
6.272495157056936499e-01
4.040198473239060561e-01
3.174002884614735009e-02
1.019948597404420454e+00
1.142883033411643545e+00
7.706032149338732928e-01
1.019948597404420454e+00
7.736189830403539247e-01
7.706032149338732928e-01
-1.577926195125156639e-01
-3.348433387638181102e-01
-3.375240215251298359e-01
1.412291650923902075e+00
1.512482169128078091e+00
1.879065536738047548e+00
-1.577926195125156639e-01
3.475579695262931423e-02
-3.375240215251298359e-01
-1.577926195125156639e-01
-3.348433387638181102e-01
-7.071231572415785926e-01
-2.905262078686638993e+00
nan
-2.923712715504769299e+00
-5.501356730320119404e-01
-7.041073891350948522e-01
-1.076387207612868657e+00
6.272495157056936499e-01
4.040198473239060561e-01
4.013391645625961068e-01
2.349064621861973734e-01
4.040198473239060561e-01
3.174002884614735009e-02
1.412291650923902075e+00
2.990208541303539747e+00
nan
6.272495157056936499e-01
4.040198473239060561e-01
4.013391645625961068e-01
2.349064621861973734e-01
4.040198473239060561e-01
3.174002884614735009e-02
1.019948597404420454e+00
1.142883033411643545e+00
7.706032149338732928e-01
1.019948597404420454e+00
1.142883033411643545e+00
1.140202350650321605e+00
-2.120575971647673974e+00
3.475579695262931423e-02
-1.445986343329304313e+00
-5.501356730320119404e-01
-7.041073891350948522e-01
-1.076387207612868657e+00
2.349064621861973734e-01
4.040198473239060561e-01
3.174002884614735009e-02
6.272495157056936499e-01
7.736189830403539247e-01
4.013391645625961068e-01
1.019948597404420454e+00
-1.073706524851542721e+00
1.509466401021599680e+00
-5.501356730320119404e-01
-1.442970575222819241e+00
1.509466401021599680e+00
-1.335177808250220810e+00
-1.442970575222819241e+00
-2.554113579788320543e+00
-5.501356730320119404e-01
-7.041073891350948522e-01
-1.076387207612868657e+00
-1.335177808250220810e+00
-1.442970575222819241e+00
2.248329587109338057e+00
-1.577926195125156639e-01
-3.348433387638181102e-01
-7.071231572415785926e-01
-1.577926195125156639e-01
-3.348433387638181102e-01
-7.071231572415785926e-01
-1.577926195125156639e-01
3.475579695262931423e-02
-3.375240215251298359e-01
2.349064621861973734e-01
3.475579695262931423e-02
3.174002884614735009e-02
2.349064621861973734e-01
4.040198473239060561e-01
3.174002884614735009e-02
2.349064621861973734e-01
3.475579695262931423e-02
-3.375240215251298359e-01
nan
1.512482169128078091e+00
-3.375240215251298359e-01
-1.335177808250220810e+00
-1.812569710939266887e+00
-2.554113579788320543e+00
2.349064621861973734e-01
4.040198473239060561e-01
3.174002884614735009e-02
2.349064621861973734e-01
3.475579695262931423e-02
-3.375240215251298359e-01
-1.577926195125156639e-01
3.475579695262931423e-02
-3.375240215251298359e-01
8.505583014606279413e-01
2.592089919543100862e+00
nan
-5.450721611495206176e-01
-8.969862369822818593e-01
-7.691139460969997899e-01
1.897122913671920763e+00
nan
7.086124260784516515e-01
2.246188764070788935e+00
nan
-2.985703504360190941e+00
8.505583014606279413e-01
8.477100760267339830e-01
7.086124260784516515e-01
1.527430701555538839e-01
1.498948447216599256e-01
-3.025076000927384712e-02
1.548373532765702443e+00
nan
3.393483757071744655e-01
-8.941380115483883451e-01
-1.245735617888500624e+00
-1.507977132184738833e+00
-2.638517855064755224e+00
1.894274688238026805e+00
nan
1.199307682366846706e+00
2.941155769941969034e+00
-2.985703504360190941e+00
8.505583014606279413e-01
8.477100760267339830e-01
3.393483757071744655e-01
2.594938144976994820e+00
1.498948447216599256e-01
-1.138377996468290299e+00
-1.963227802433142877e-01
-5.479203865834141318e-01
-3.995148103805643558e-01
1.199307682366846706e+00
1.196459456932940313e+00
7.086124260784516515e-01
8.505583014606279413e-01
1.196459456932940313e+00
7.086124260784516515e-01
-1.963227802433142877e-01
-5.479203865834141318e-01
-3.995148103805643558e-01
-5.450721611495206176e-01
-5.479203865834141318e-01
-7.691139460969997899e-01
-8.941380115483883451e-01
-1.943550849193574903e+00
-3.995148103805643558e-01
1.527430701555538839e-01
1.498948447216599256e-01
-3.025076000927384712e-02
-1.963227802433142877e-01
-1.991710056772078019e-01
-3.995148103805643558e-01
-5.450721611495206176e-01
-8.969862369822818593e-01
-7.691139460969997899e-01
-1.963227802433142877e-01
-1.991710056772078019e-01
-3.995148103805643558e-01
1.527430701555538839e-01
1.498948447216599256e-01
-3.025076000927384712e-02
-5.450721611495206176e-01
1.196459456932940313e+00
-1.138377996468290299e+00
1.199307682366846706e+00
1.545525307331808484e+00
1.078211561794900852e+00
1.527430701555538839e-01
4.986442256278662555e-01
-3.025076000927384712e-02
1.897122913671920763e+00
1.894274688238026805e+00
2.555937933970365172e+00
5.014924510617597697e-01
4.986442256278662555e-01
3.393483757071744655e-01
-8.941380115483883451e-01
-1.245735617888500624e+00
-1.877241182556016241e+00
-1.963227802433142877e-01
-1.991710056772078019e-01
-3.995148103805643558e-01
-1.963227802433142877e-01
-1.991710056772078019e-01
-3.995148103805643558e-01
-1.963227802433142877e-01
-1.991710056772078019e-01
-3.995148103805643558e-01
1.897122913671920763e+00
nan
7.086124260784516515e-01
1.527430701555538839e-01
1.498948447216599256e-01
-3.025076000927384712e-02
5.014924510617597697e-01
4.986442256278662555e-01
3.393483757071744655e-01
8.505583014606279413e-01
1.196459456932940313e+00
7.086124260784516515e-01
-1.963227802433142877e-01
-1.991710056772078019e-01
-3.995148103805643558e-01
1.897122913671920763e+00
nan
1.078211561794900852e+00
-5.450721611495206176e-01
-5.479203865834141318e-01
-7.691139460969997899e-01
-1.940702623759681167e+00
1.196459456932940313e+00
-7.691139460969997899e-01
2.793308672176952889e-01
2.761661722911519234e-01
2.736344163499078164e-01
-4.188008335800281756e-01
-4.213325895212727268e-01
-4.244972844478280827e-01
2.372460091640268054e+00
nan
2.736344163499078164e-01
9.768296290301199392e-01
9.742978730888758321e-01
1.669264878960055931e+00
nan
2.369295396713725133e+00
nan
-4.188008335800281756e-01
-4.213325895212727268e-01
-4.244972844478280827e-01
9.768296290301199392e-01
9.742978730888758321e-01
1.669264878960055931e+00
-4.188008335800281756e-01
-4.213325895212727268e-01
-4.244972844478280827e-01
-4.188008335800281756e-01
-1.119464290319008626e+00
-1.121996046260252733e+00
-4.188008335800281756e-01
-4.213325895212727268e-01
-4.244972844478280827e-01
-4.188008335800281756e-01
-1.119464290319008626e+00
-1.121996046260252733e+00
nan
nan
-2.517626508870401292e+00
1.674328390842545033e+00
2.369295396713725133e+00
nan
nan
9.742978730888758321e-01
nan
-1.116299595392453270e+00
-1.119464290319008626e+00
-1.121996046260252733e+00
-1.116299595392453270e+00
-1.119464290319008626e+00
-1.121996046260252733e+00
2.793308672176952889e-01
2.761661722911519234e-01
2.736344163499078164e-01
nan
1.671796634901300038e+00
nan
2.793308672176952889e-01
2.761661722911519234e-01
2.736344163499078164e-01
-1.116299595392453270e+00
-1.119464290319008626e+00
-1.121996046260252733e+00
2.793308672176952889e-01
2.761661722911519234e-01
2.736344163499078164e-01
-4.188008335800281756e-01
-4.213325895212727268e-01
-4.244972844478280827e-01
-2.511930058002613819e+00
2.761661722911519234e-01
-1.121996046260252733e+00
-4.188008335800281756e-01
-4.213325895212727268e-01
-4.244972844478280827e-01
-4.188008335800281756e-01
-4.213325895212727268e-01
-4.244972844478280827e-01
-4.188008335800281756e-01
-4.213325895212727268e-01
-4.244972844478280827e-01
9.768296290301199392e-01
9.742978730888758321e-01
1.669264878960055931e+00
2.793308672176952889e-01
2.761661722911519234e-01
2.736344163499078164e-01
-1.116299595392453270e+00
-1.816963052131433276e+00
-1.820127747057976419e+00
2.793308672176952889e-01
2.761661722911519234e-01
2.736344163499078164e-01
9.768296290301199392e-01
9.742978730888758321e-01
9.711331781623329107e-01
9.768296290301199392e-01
1.671796634901300038e+00
2.366763640772481025e+00
2.793308672176952889e-01
9.742978730888758321e-01
9.711331781623329107e-01
-4.188008335800281756e-01
-4.213325895212727268e-01
-1.121996046260252733e+00
-1.116299595392453270e+00
-1.119464290319008626e+00
-1.121996046260252733e+00
2.793308672176952889e-01
2.761661722911519234e-01
2.736344163499078164e-01
-1.116299595392453270e+00
-1.119464290319008626e+00
-1.121996046260252733e+00
9.768296290301199392e-01
9.742978730888758321e-01
9.711331781623329107e-01
-1.116299595392453270e+00
-1.816963052131433276e+00
-1.820127747057976419e+00
9.768296290301199392e-01
1.671796634901300038e+00
2.366763640772481025e+00
5.139613490723760059e-01
9.148016084696513062e-01
5.082648982045943065e-01
-1.143571816455635215e-01
-1.178960554938228933e+00
-7.478025181445628888e-01
-1.143571816455635215e-01
2.166699076719416084e-01
5.082648982045943065e-01
1.141710234703569249e+00
1.612300370282087059e+00
1.136583428922534722e+00
-7.421060672767567645e-01
-4.808288541404941441e-01
-1.194839874265998247e-01
-2.626492014343851267e+00
-1.178960554938228933e+00
-2.632188465211661388e+00
-1.998173483625889313e+00
-1.876459316750640038e+00
-2.632188465211661388e+00
-7.421060672767567645e-01
-4.808288541404941441e-01
-1.194839874265998247e-01
-7.421060672767567645e-01
-4.808288541404941441e-01
-1.194839874265998247e-01
-7.421060672767567645e-01
1.612300370282087059e+00
2.392650845271692361e+00
5.139613490723760059e-01
9.148016084696513062e-01
5.082648982045943065e-01
-1.143571816455635215e-01
2.166699076719416084e-01
-1.194839874265998247e-01
-1.143571816455635215e-01
2.166699076719416084e-01
5.082648982045943065e-01
-7.421060672767567645e-01
-4.808288541404941441e-01
-7.478025181445628888e-01
-1.143571816455635215e-01
2.166699076719416084e-01
5.082648982045943065e-01
-1.370424597994718496e+00
-1.178960554938228933e+00
-7.478025181445628888e-01
-1.143571816455635215e-01
2.166699076719416084e-01
-1.194839874265998247e-01
-7.421060672767567645e-01
-4.808288541404941441e-01
-7.478025181445628888e-01
-1.998173483625889313e+00
2.166699076719416084e-01
-1.375551403775735038e+00
-1.143571816455635215e-01
2.166699076719416084e-01
-1.194839874265998247e-01
1.141710234703569249e+00
1.612300370282087059e+00
1.136583428922534722e+00
5.139613490723760059e-01
nan
-1.375551403775735038e+00
1.770028765421531425e+00
1.612300370282087059e+00
1.764332314553729297e+00
1.141710234703569249e+00
1.612300370282087059e+00
1.136583428922534722e+00
-1.998173483625889313e+00
-1.876459316750640038e+00
-1.375551403775735038e+00
-1.143571816455635215e-01
2.166699076719416084e-01
5.082648982045943065e-01
-7.421060672767567645e-01
-4.808288541404941441e-01
-7.478025181445628888e-01
5.139613490723760059e-01
9.148016084696513062e-01
5.082648982045943065e-01
-1.370424597994718496e+00
-1.178960554938228933e+00
-7.478025181445628888e-01
5.139613490723760059e-01
9.148016084696513062e-01
5.082648982045943065e-01
-7.421060672767567645e-01
-4.808288541404941441e-01
-7.478025181445628888e-01
5.139613490723760059e-01
9.148016084696513062e-01
5.082648982045943065e-01
-1.143571816455635215e-01
2.166699076719416084e-01
-1.194839874265998247e-01
-7.421060672767567645e-01
-4.808288541404941441e-01
-1.194839874265998247e-01
-1.143571816455635215e-01
2.166699076719416084e-01
-1.194839874265998247e-01
-1.370424597994718496e+00
-1.178960554938228933e+00
-7.478025181445628888e-01
-7.421060672767567645e-01
2.166699076719416084e-01
-1.194839874265998247e-01
-2.626492014343851267e+00
9.148016084696513062e-01
2.392650845271692361e+00
-1.370424597994718496e+00
-1.178960554938228933e+00
-7.478025181445628888e-01
-1.143571816455635215e-01
2.166699076719416084e-01
5.082648982045943065e-01
-5.967125331472544758e-02
-8.684248652701258564e-01
-4.232314064771984796e-01
-1.944057200381823503e+00
-8.302670187268601509e-02
2.742673553352124038e-01
1.824145048665593016e+00
nan
2.368029518743092865e+00
-1.316308314750640251e+00
-1.653110972309104199e+00
-1.120730168289609807e+00
-5.967125331472544758e-02
-8.302670187268601509e-02
2.742673553352124038e-01
3.080212465014739109e+00
nan
9.723990561329474147e-01
5.680776323164580255e-01
-8.684248652701258564e-01
-1.120730168289609807e+00
-5.967125331472544758e-02
1.487057568563732168e+00
1.670530756930681093e+00
-6.879897840326885117e-01
-8.684248652701258564e-01
-4.232314064771984796e-01
-5.967125331472544758e-02
-8.302670187268601509e-02
-4.232314064771984796e-01
1.824145048665593016e+00
nan
2.742673553352124038e-01
5.680776323164580255e-01
7.023714615247671489e-01
9.723990561329474147e-01
5.680776323164580255e-01
7.023714615247671489e-01
2.742673553352124038e-01
1.196396163034409987e+00
1.487057568563732168e+00
1.670530756930681093e+00
-1.316308314750640251e+00
-8.684248652701258564e-01
-4.232314064771984796e-01
1.824145048665593016e+00
-8.302670187268601509e-02
-1.120730168289609807e+00
-5.967125331472544758e-02
-8.302670187268601509e-02
2.742673553352124038e-01
-6.879897840326885117e-01
-1.653110972309104199e+00
-1.120730168289609807e+00
5.680776323164580255e-01
7.023714615247671489e-01
2.742673553352124038e-01
-6.879897840326885117e-01
-8.684248652701258564e-01
-4.232314064771984796e-01
1.196396163034409987e+00
1.487057568563732168e+00
9.723990561329474147e-01
3.080212465014739109e+00
-2.437797079348082541e+00
9.723990561329474147e-01
-6.879897840326885117e-01
-1.653110972309104199e+00
-1.120730168289609807e+00
-6.879897840326885117e-01
-8.684248652701258564e-01
-4.232314064771984796e-01
-5.967125331472544758e-02
-8.302670187268601509e-02
-4.232314064771984796e-01
-6.879897840326885117e-01
-2.437797079348082541e+00
1.670530756930681093e+00
-6.879897840326885117e-01
-8.684248652701258564e-01
-4.232314064771984796e-01
nan
7.023714615247671489e-01
9.723990561329474147e-01
-6.879897840326885117e-01
-8.684248652701258564e-01
-4.232314064771984796e-01
1.196396163034409987e+00
-8.302670187268601509e-02
3.066161219540827432e+00
-5.967125331472544758e-02
-8.684248652701258564e-01
-4.232314064771984796e-01
5.680776323164580255e-01
-1.653110972309104199e+00
-1.818861869087344374e+00
-1.316308314750640251e+00
-2.437797079348082541e+00
-1.818861869087344374e+00
-6.879897840326885117e-01
-1.653110972309104199e+00
-1.120730168289609807e+00
-1.316308314750640251e+00
-1.653110972309104199e+00
-1.120730168289609807e+00
-6.879897840326885117e-01
-8.684248652701258564e-01
-4.232314064771984796e-01
1.824145048665593016e+00
-8.302670187268601509e-02
-1.120730168289609807e+00
5.680776323164580255e-01
7.023714615247671489e-01
2.742673553352124038e-01
1.824145048665593016e+00
1.487057568563732168e+00
2.368029518743092865e+00
2.452463579383556080e+00
nan
9.723990561329474147e-01
1.451478023318273358e-01
-4.514835011851601188e-01
-1.872717527533609427e-01
1.451478023318273358e-01
-4.514835011851601188e-01
-1.872717527533609427e-01
1.540145325956680189e+00
6.903959682231399775e-01
4.404771328778109840e-01
1.451478023318273358e-01
-4.514835011851601188e-01
-1.872717527533609427e-01
1.451478023318273358e-01
1.197151631038950725e-01
-1.872717527533609427e-01
8.426465641442537624e-01
6.903959682231399775e-01
4.404771328778109840e-01
1.451478023318273358e-01
6.903959682231399775e-01
4.404771328778109840e-01
1.451478023318273358e-01
1.197151631038950725e-01
-1.872717527533609427e-01
1.540145325956680189e+00
1.261076773342384882e+00
1.068226018508982911e+00
1.451478023318273358e-01
1.197151631038950725e-01
4.404771328778109840e-01
-5.529838984658974610e-01
-1.022164306304425452e+00
-1.443339169102518360e+00
1.451478023318273358e-01
-4.514835011851601188e-01
-1.872717527533609427e-01
8.426465641442537624e-01
6.903959682231399775e-01
4.404771328778109840e-01
-5.529838984658974610e-01
-4.514835011851601188e-01
-8.155902834713240068e-01
-1.250482660278323666e+00
-1.022164306304425452e+00
-8.155902834713240068e-01
-1.250482660278323666e+00
2.974154907039740614e+00
-1.872717527533609427e-01
-5.529838984658974610e-01
-4.514835011851601188e-01
-8.155902834713240068e-01
nan
6.903959682231399775e-01
4.404771328778109840e-01
-1.948614361076061119e+00
-2.735242440001780739e+00
-1.443339169102518360e+00
1.451478023318273358e-01
-4.514835011851601188e-01
-1.872717527533609427e-01
nan
1.261076773342384882e+00
1.696544549226945975e+00
-1.250482660278323666e+00
-1.022164306304425452e+00
-1.443339169102518360e+00
8.426465641442537624e-01
6.903959682231399775e-01
4.404771328778109840e-01
-5.529838984658974610e-01
-4.514835011851601188e-01
-8.155902834713240068e-01
-5.529838984658974610e-01
1.832275437631440518e+00
-1.443339169102518360e+00
1.540145325956680189e+00
1.261076773342384882e+00
1.696544549226945975e+00
1.451478023318273358e-01
1.197151631038950725e-01
-1.872717527533609427e-01
1.451478023318273358e-01
1.197151631038950725e-01
-1.872717527533609427e-01
-1.250482660278323666e+00
-1.022164306304425452e+00
-8.155902834713240068e-01
1.451478023318273358e-01
1.197151631038950725e-01
-1.872717527533609427e-01
-5.529838984658974610e-01
-4.514835011851601188e-01
-8.155902834713240068e-01
1.451478023318273358e-01
1.197151631038950725e-01
-1.872717527533609427e-01
1.540145325956680189e+00
6.903959682231399775e-01
1.068226018508982911e+00
1.451478023318273358e-01
1.197151631038950725e-01
-1.872717527533609427e-01
1.451478023318273358e-01
1.832275437631440518e+00
1.068226018508982911e+00
-5.529838984658974610e-01
-1.022164306304425452e+00
-8.155902834713240068e-01
-5.529838984658974610e-01
-4.514835011851601188e-01
-8.155902834713240068e-01
8.426465641442537624e-01
2.403474101920495265e+00
-1.872717527533609427e-01
1.451478023318273358e-01
1.197151631038950725e-01
-1.872717527533609427e-01
1.451478023318273358e-01
-4.514835011851601188e-01
-1.872717527533609427e-01
1.137162679364633888e-02
8.523401359754601003e-03
-2.370499695673542462e-01
9.085626384716141146e-01
9.057144130377059454e-01
7.295939238448951869e-01
1.805753650149565459e+00
nan
-1.202817485923001639e+00
3.151336722992639672e+00
-2.234250683161286943e+00
1.212477682022718994e+00
-4.370204343714756412e-01
-4.398686598053833663e-01
-7.199337277451780537e-01
2.702944661827517692e+00
-4.398686598053833663e-01
-2.169023190806967261e+00
9.085626384716141146e-01
9.057144130377059454e-01
1.212477682022718994e+00
4.601705773064761473e-01
4.573223518725844094e-01
7.295939238448951869e-01
4.601705773064761473e-01
8.523401359754601003e-03
2.462719771387704704e-01
-4.370204343714756412e-01
-4.398686598053833663e-01
-7.199337277451780537e-01
-8.858193848843054496e-01
-1.337059671483335155e+00
-2.169023190806967261e+00
-1.334618335397135258e+00
-1.785858621996164963e+00
-2.652345137513074658e+00
4.601705773064761473e-01
4.573223518725844094e-01
7.295939238448951869e-01
1.137162679364633888e-02
-4.398686598053833663e-01
-7.199337277451780537e-01
4.601705773064761473e-01
4.573223518725844094e-01
2.462719771387704704e-01
9.085626384716141146e-01
9.057144130377059454e-01
1.212477682022718994e+00
-4.370204343714756412e-01
-4.398686598053833663e-01
-7.199337277451780537e-01
-8.858193848843054496e-01
-8.886676103181971875e-01
-1.202817485923001639e+00
1.137162679364633888e-02
-4.398686598053833663e-01
-7.199337277451780537e-01
1.137162679364633888e-02
-4.398686598053833663e-01
-7.199337277451780537e-01
1.805753650149565459e+00
nan
2.462719771387704704e-01
-4.370204343714756412e-01
-8.886676103181971875e-01
-1.202817485923001639e+00
4.601705773064761473e-01
4.573223518725844094e-01
7.295939238448951869e-01
-8.858193848843054496e-01
-8.886676103181971875e-01
-1.686139432629126134e+00
-8.858193848843054496e-01
-8.886676103181971875e-01
-1.202817485923001639e+00
-8.858193848843054496e-01
-8.886676103181971875e-01
-1.686139432629126134e+00
-8.858193848843054496e-01
-1.337059671483335155e+00
-1.686139432629126134e+00
-8.858193848843054496e-01
-1.337059671483335155e+00
-1.686139432629126134e+00
1.137162679364633888e-02
8.523401359754601003e-03
-2.370499695673542462e-01
4.601705773064761473e-01
4.573223518725844094e-01
7.295939238448951869e-01
1.137162679364633888e-02
8.523401359754601003e-03
-2.370499695673542462e-01
3.151336722992639672e+00
2.700096436393609522e+00
2.662005333612792235e+00
1.137162679364633888e-02
8.523401359754601003e-03
-2.370499695673542462e-01
1.357361588984427492e+00
1.802905424715658178e+00
nan
1.137162679364633888e-02
8.523401359754601003e-03
-2.370499695673542462e-01
4.601705773064761473e-01
nan
-2.169023190806967261e+00
-4.370204343714756412e-01
-4.398686598053833663e-01
-7.199337277451780537e-01
4.601705773064761473e-01
4.573223518725844094e-01
2.462719771387704704e-01
9.085626384716141146e-01
9.057144130377059454e-01
1.212477682022718994e+00
9.085626384716141146e-01
9.057144130377059454e-01
1.212477682022718994e+00
nan
-1.049915465344864796e+00
1.824216254301428641e+00
6.678995595034997734e-02
5.854685645930945981e-02
-1.382110696544676109e-01
9.041682335164527018e-01
7.974100425470354025e-01
6.468310655637399265e-01
2.578924788648628841e+00
7.974100425470354025e-01
1.431873200781947020e+00
6.678995595034997734e-02
5.854685645930945981e-02
-1.382110696544676109e-01
6.678995595034997734e-02
5.854685645930945981e-02
2.541319838650140106e-01
6.678995595034997734e-02
5.854685645930945981e-02
-1.382110696544676109e-01
1.322667490603899765e+00
1.166674092918325911e+00
6.468310655637399265e-01
-1.189467342094378877e+00
7.974100425470354025e-01
-1.315952286571400620e+00
6.678995595034997734e-02
5.854685645930945981e-02
-1.382110696544676109e-01
9.041682335164527018e-01
7.974100425470354025e-01
6.468310655637399265e-01
-3.520890645282759301e-01
-3.110522792571388528e-01
-5.309101513531935268e-01
6.678995595034997734e-02
5.854685645930945981e-02
-1.382110696544676109e-01
9.041682335164527018e-01
7.974100425470354025e-01
6.468310655637399265e-01
-7.705883216157380922e-01
-6.806514149735876096e-01
-5.309101513531935268e-01
1.741166747691346828e+00
1.536273228634761345e+00
1.039174119083221548e+00
-7.705883216157380922e-01
-6.806514149735876096e-01
-5.309101513531935268e-01
4.852892130378121394e-01
4.278109068305866458e-01
2.541319838650140106e-01
-1.607966599181825940e+00
4.278109068305866458e-01
-1.315952286571400620e+00
9.041682335164527018e-01
7.974100425470354025e-01
6.468310655637399265e-01
-2.445724640139108175e+00
-6.806514149735876096e-01
-9.232532048726889151e-01
6.678995595034997734e-02
5.854685645930945981e-02
2.541319838650140106e-01
1.322667490603899765e+00
1.166674092918325911e+00
1.039174119083221548e+00
-1.189467342094378877e+00
-1.788778651432590960e+00
6.468310655637399265e-01
4.852892130378121394e-01
4.278109068305866458e-01
2.541319838650140106e-01
-3.520890645282759301e-01
-3.110522792571388528e-01
-1.382110696544676109e-01
nan
1.166674092918325911e+00
1.039174119083221548e+00
9.041682335164527018e-01
7.974100425470354025e-01
6.468310655637399265e-01
1.322667490603899765e+00
1.166674092918325911e+00
6.468310655637399265e-01
-3.520890645282759301e-01
-3.110522792571388528e-01
-1.382110696544676109e-01
-3.520890645282759301e-01
-3.110522792571388528e-01
-1.382110696544676109e-01
2.578924788648628841e+00
-6.806514149735876096e-01
-1.382110696544676109e-01
-3.520890645282759301e-01
-6.806514149735876096e-01
-5.309101513531935268e-01
-1.189467342094378877e+00
1.166674092918325911e+00
-9.232532048726889151e-01
-3.520890645282759301e-01
-3.110522792571388528e-01
-5.309101513531935268e-01
-3.520890645282759301e-01
-3.110522792571388528e-01
-5.309101513531935268e-01
4.852892130378121394e-01
4.278109068305866458e-01
2.541319838650140106e-01
9.041682335164527018e-01
2.275136414722500611e+00
1.039174119083221548e+00
6.678995595034997734e-02
-3.110522792571388528e-01
-1.382110696544676109e-01
-1.189467342094378877e+00
1.536273228634761345e+00
-9.232532048726889151e-01
4.548810157863845127e-01
4.520327903524763435e-01
2.410137147992630346e-01
-8.907020570567052431e-01
-8.939571718383048093e-01
-7.251919900846854894e-01
9.032730769515060487e-01
9.008317408653061520e-01
7.238974729771041616e-01
-8.907020570567052431e-01
-8.939571718383048093e-01
-7.251919900846854894e-01
2.249263039142287646e+00
4.520327903524763435e-01
2.172986936038876493e+00
4.548810157863845127e-01
9.008317408653061520e-01
7.238974729771041616e-01
-4.423099958915672758e-01
-4.451582213254750009e-01
-2.423082319068443624e-01
1.352072027464336301e+00
2.246414813708396352e+00
nan
-4.423099958915672758e-01
-4.451582213254750009e-01
-2.423082319068443624e-01
6.488954621262532640e-03
3.640729187354807550e-03
2.410137147992630346e-01
-4.423099958915672758e-01
-4.451582213254750009e-01
-2.423082319068443624e-01
-4.423099958915672758e-01
-4.451582213254750009e-01
-2.423082319068443624e-01
-2.236692019247486840e+00
-1.790741294168548770e+00
-1.208513936790809984e+00
2.249263039142287646e+00
nan
-2.174719641674758286e+00
-4.423099958915672758e-01
-1.342349233003426789e+00
-1.208513936790809984e+00
4.548810157863845127e-01
4.520327903524763435e-01
2.410137147992630346e-01
-4.423099958915672758e-01
-2.687932305846516545e+00
-1.691397694968633569e+00
6.488954621262532640e-03
3.640729187354807550e-03
2.410137147992630346e-01
4.548810157863845127e-01
1.349223802030444119e+00
1.690103177861052686e+00
-4.423099958915672758e-01
-4.451582213254750009e-01
-2.423082319068443624e-01
-4.423099958915672758e-01
-4.451582213254750009e-01
-7.251919900846854894e-01
-4.423099958915672758e-01
-4.451582213254750009e-01
-2.423082319068443624e-01
-4.423099958915672758e-01
-4.451582213254750009e-01
-2.423082319068443624e-01
4.548810157863845127e-01
4.520327903524763435e-01
2.410137147992630346e-01
6.488954621262532640e-03
3.640729187354807550e-03
2.410137147992630346e-01
4.548810157863845127e-01
4.520327903524763435e-01
7.238974729771041616e-01
9.032730769515060487e-01
9.008317408653061520e-01
1.207219419683228878e+00
-8.907020570567052431e-01
-1.342349233003426789e+00
-1.691397694968633569e+00
4.548810157863845127e-01
4.520327903524763435e-01
7.238974729771041616e-01
1.800870977977165666e+00
9.008317408653061520e-01
3.139630829451125038e+00
2.249263039142287646e+00
1.349223802030444119e+00
nan
-8.907020570567052431e-01
-8.939571718383048093e-01
-7.251919900846854894e-01
-4.423099958915672758e-01
-4.451582213254750009e-01
-2.423082319068443624e-01
-4.423099958915672758e-01
-4.451582213254750009e-01
-2.423082319068443624e-01
6.488954621262532640e-03
3.640729187354807550e-03
2.410137147992630346e-01
3.146454050820255866e+00
4.520327903524763435e-01
-1.208513936790809984e+00
-4.423099958915672758e-01
3.143605825386347696e+00
-7.251919900846854894e-01
4.548810157863845127e-01
9.008317408653061520e-01
7.238974729771041616e-01
9.032730769515060487e-01
9.008317408653061520e-01
7.238974729771041616e-01
4.548810157863845127e-01
4.520327903524763435e-01
2.410137147992630346e-01
-2.518315292550687978e-01
-4.966177536130267356e-02
-4.386360215659745876e-02
nan
-2.741234810395173582e+00
2.311618831677268560e+00
-6.703307863425167490e-01
-9.468527870392704493e-01
-8.285497091955607019e-01
-6.703307863425167490e-01
-9.468527870392704493e-01
-8.285497091955607019e-01
1.423304789268304837e+00
2.193112309159722884e+00
2.703961885196764392e+00
1.670474912235730969e-01
-4.966177536130267356e-02
-4.386360215659745876e-02
-1.507709063908606817e+00
-1.844043798717222016e+00
1.133877614760335995e+00
-2.518315292550687978e-01
-4.980538365264406409e-01
-4.362066556760790803e-01
5.859265117022149916e-01
8.475292363166491150e-01
7.415345612408543730e-01
1.670474912235730969e-01
3.991371751515111477e-01
3.488354795421284571e-01
1.670474912235730969e-01
8.475292363166491150e-01
2.703961885196764392e+00
5.859265117022149916e-01
8.475292363166491150e-01
7.415345612408543730e-01
-6.703307863425167490e-01
-9.468527870392704493e-01
-8.285497091955607019e-01
1.004425768789663387e+00
1.296328186829478923e+00
1.133877614760335995e+00
1.670474912235730969e-01
3.991371751515111477e-01
3.488354795421284571e-01
1.670474912235730969e-01
-4.966177536130267356e-02
-4.386360215659745876e-02
nan
-1.395244848204392207e+00
3.096660966895489864e+00
1.670474912235730969e-01
3.991371751515111477e-01
3.488354795421284571e-01
1.670474912235730969e-01
-4.966177536130267356e-02
2.311618831677268560e+00
-6.703307863425167490e-01
-9.468527870392704493e-01
-8.285497091955607019e-01
1.670474912235730969e-01
3.991371751515111477e-01
3.488354795421284571e-01
5.859265117022149916e-01
8.475292363166491150e-01
7.415345612408543730e-01
-1.926208320996069645e+00
1.296328186829478923e+00
1.133877614760335995e+00
-2.518315292550687978e-01
-4.980538365264406409e-01
-4.362066556760790803e-01
1.670474912235730969e-01
-4.966177536130267356e-02
-4.386360215659745876e-02
5.859265117022149916e-01
2.193112309159722884e+00
2.703961885196764392e+00
1.004425768789663387e+00
1.296328186829478923e+00
1.133877614760335995e+00
1.670474912235730969e-01
-4.966177536130267356e-02
-4.386360215659745876e-02
-6.703307863425167490e-01
-4.980538365264406409e-01
-8.285497091955607019e-01
-2.763586598562159491e+00
1.744720247994600903e+00
1.918919749978557299e+00
-2.518315292550687978e-01
-4.980538365264406409e-01
-4.362066556760790803e-01
1.670474912235730969e-01
-4.966177536130267356e-02
-4.386360215659745876e-02
-2.518315292550687978e-01
-4.966177536130267356e-02
-4.362066556760790803e-01
-6.703307863425167490e-01
-4.980538365264406409e-01
-8.285497091955607019e-01
5.859265117022149916e-01
8.475292363166491150e-01
7.415345612408543730e-01
5.859265117022149916e-01
8.475292363166491150e-01
7.415345612408543730e-01
1.670474912235730969e-01
-4.966177536130267356e-02
-4.386360215659745876e-02
-1.088830043429964700e+00
-9.468527870392704493e-01
-1.221248790894286396e+00
-1.088830043429964700e+00
-1.395244848204392207e+00
-1.613591844413781784e+00
1.004425768789663387e+00
8.475292363166491150e-01
7.415345612408543730e-01
