7.975069620628785216e-01
5.758200824577972554e-01
7.918105111950786146e-01
-2.492158848947423344e-01
-5.660593869505148312e-01
-2.549123357625324715e-01
-2.492158848947423344e-01
-5.660593869505148312e-01
-2.549123357625324715e-01
-2.492158848947423344e-01
-5.660593869505148312e-01
-2.549123357625324715e-01
2.739081864645762643e-01
5.139277338541248241e-03
2.686864398357600159e-01
2.739081864645762643e-01
2.859579021274401445e+00
1.314934582554397213e+00
2.739081864645762643e-01
5.139277338541248241e-03
2.686864398357600159e-01
-7.728146604930348218e-01
-5.660593869505148312e-01
-7.780364071218515143e-01
2.739081864645762643e-01
5.139277338541248241e-03
2.686864398357600159e-01
2.739081864645762643e-01
5.139277338541248241e-03
-2.549123357625324715e-01
-7.728146604930348218e-01
-1.707938856358816926e+00
-1.824759254079471926e+00
7.975069620628785216e-01
5.758200824577972554e-01
7.918105111950786146e-01
-2.492158848947423344e-01
-5.660593869505148312e-01
-2.549123357625324715e-01
2.739081864645762643e-01
5.139277338541248241e-03
2.686864398357600159e-01
1.844229809020489608e+00
nan
7.918105111950786146e-01
-2.492158848947423344e-01
-5.660593869505148312e-01
-2.549123357625324715e-01
7.975069620628785216e-01
5.758200824577972554e-01
7.918105111950786146e-01
2.739081864645762643e-01
5.139277338541248241e-03
2.686864398357600159e-01
-2.492158848947423344e-01
-5.660593869505148312e-01
-2.549123357625324715e-01
-2.492158848947423344e-01
5.139277338541248241e-03
-2.549123357625324715e-01
1.844229809020489608e+00
-5.660593869505148312e-01
-1.824759254079471926e+00
-2.492158848947423344e-01
-5.660593869505148312e-01
-2.549123357625324715e-01
1.844229809020489608e+00
2.288380356985355579e+00
2.686864398357600159e-01
-2.492158848947423344e-01
-2.278619661478073155e+00
-1.301635182720153328e+00
1.320631033422196676e+00
1.717699551866099572e+00
1.314934582554397213e+00
-2.492158848947423344e-01
-5.660593869505148312e-01
-2.549123357625324715e-01
2.739081864645762643e-01
5.139277338541248241e-03
2.686864398357600159e-01
2.739081864645762643e-01
2.859579021274401445e+00
-2.549123357625324715e-01
-2.492158848947423344e-01
-5.660593869505148312e-01
-2.549123357625324715e-01
2.739081864645762643e-01
5.139277338541248241e-03
2.686864398357600159e-01
7.975069620628785216e-01
5.758200824577972554e-01
7.918105111950786146e-01
-2.492158848947423344e-01
-5.660593869505148312e-01
-2.549123357625324715e-01
-2.492158848947423344e-01
-5.660593869505148312e-01
-2.549123357625324715e-01
-2.492158848947423344e-01
-2.278619661478073155e+00
-7.780364071218515143e-01
1.320631033422196676e+00
1.717699551866099572e+00
nan
-7.728146604930348218e-01
-1.136740192069770838e+00
-1.824759254079471926e+00
nan
-2.849818325767129235e+00
2.885256205110310557e+00
2.739081864645762643e-01
5.139277338541248241e-03
2.686864398357600159e-01
-2.866260354408266764e+00
1.147018746746843565e+00
1.838533358152690145e+00
-1.819537507450655678e+00
-1.707938856358816926e+00
-1.824759254079471926e+00
-8.093668868947312411e-01
-8.122151123286309726e-01
-9.893893406013738456e-01
1.284078807020500701e+00
1.804829357184903227e+00
1.909227774050479720e+00
7.609547356611821023e-01
1.281230581586601414e+00
9.430220691665316401e-01
2.373559600628802890e-01
2.345077346289894393e-01
-2.318363571742532159e-02
-2.857681112964289838e-01
2.345077346289894393e-01
-2.318363571742532159e-02
-1.332490958254049840e+00
-1.335813887926923682e+00
1.909227774050479720e+00
-1.856089733852342549e+00
-2.905660806243853589e+00
-9.893893406013738456e-01
-8.093668868947312411e-01
-8.122151123286309726e-01
-9.893893406013738456e-01
1.807677582618793632e+00
nan
9.430220691665316401e-01
-2.857681112964289838e-01
-2.886163367303291594e-01
-2.318363571742532159e-02
-2.857681112964289838e-01
-2.886163367303291594e-01
-2.318363571742532159e-02
-1.856089733852342549e+00
-2.905660806243853589e+00
-9.893893406013738456e-01
1.807677582618793632e+00
1.281230581586601414e+00
1.909227774050479720e+00
-2.857681112964289838e-01
2.345077346289894393e-01
-2.318363571742532159e-02
-2.857681112964289838e-01
2.345077346289894393e-01
-2.318363571742532159e-02
1.807677582618793632e+00
1.281230581586601414e+00
1.909227774050479720e+00
-2.857681112964289838e-01
-2.886163367303291594e-01
-5.060673938952580109e-01
-2.857681112964289838e-01
-2.886163367303291594e-01
-5.060673938952580109e-01
-1.332490958254049840e+00
-1.858937959286242503e+00
4.601383109886989509e-01
2.373559600628802890e-01
2.345077346289894393e-01
-2.318363571742532159e-02
-2.857681112964289838e-01
-2.886163367303291594e-01
-5.060673938952580109e-01
1.284078807020500701e+00
1.804829357184903227e+00
2.875433478934427800e+00
-8.093668868947312411e-01
-1.335813887926923682e+00
-9.893893406013738456e-01
-8.093668868947312411e-01
-8.122151123286309726e-01
-9.893893406013738456e-01
7.609547356611821023e-01
1.281230581586601414e+00
1.426344015872647919e+00
7.609547356611821023e-01
7.581065102272823708e-01
4.601383109886989509e-01
2.373559600628802890e-01
2.345077346289894393e-01
-2.318363571742532159e-02
-2.857681112964289838e-01
-2.886163367303291594e-01
-2.318363571742532159e-02
-2.857681112964289838e-01
2.345077346289894393e-01
-2.318363571742532159e-02
7.609547356611821023e-01
1.281230581586601414e+00
9.430220691665316401e-01
-2.857681112964289838e-01
-2.886163367303291594e-01
-5.060673938952580109e-01
2.373559600628802890e-01
7.581065102272823708e-01
4.601383109886989509e-01
-8.093668868947312411e-01
-1.335813887926923682e+00
-1.472273098779206313e+00
2.373559600628802890e-01
2.345077346289894393e-01
-2.318363571742532159e-02
-8.093668868947312411e-01
-8.122151123286309726e-01
-9.893893406013738456e-01
2.373559600628802890e-01
7.581065102272823708e-01
4.601383109886989509e-01
2.854400429576414044e+00
2.345077346289894393e-01
2.392111532228312409e+00
7.609547356611821023e-01
1.281230581586601414e+00
9.430220691665316401e-01
2.373559600628802890e-01
2.345077346289894393e-01
-2.318363571742532159e-02
1.284078807020500701e+00
1.804829357184903227e+00
2.392111532228312409e+00
2.231148328933945102e-01
5.204091512892263793e-01
-3.632929156618569522e-02
-8.236080140642245695e-01
-6.214703181190777137e-01
-1.002534996450133775e+00
2.231148328933945102e-01
5.204091512892263793e-01
-3.632929156618569522e-02
1.792961751210321975e+00
nan
9.298764133177628288e-01
7.462389042527122207e-01
2.232969425816787368e+00
2.379404064907836069e+00
2.839684598167931728e+00
nan
1.413198360023887101e+00
-8.236080140642245695e-01
-6.214703181190777137e-01
-1.002534996450133775e+00
nan
-2.334548451816438330e+00
-5.192130497440179404e-01
-3.004839427049068590e-01
-5.078951299982081835e-02
-5.192130497440179404e-01
-3.004839427049068590e-01
-5.078951299982081835e-02
-5.192130497440179404e-01
1.269837679851004264e+00
nan
4.465544666116469941e-01
-3.004839427049068590e-01
-5.078951299982081835e-02
-5.192130497440179404e-01
2.231148328933945102e-01
5.204091512892263793e-01
-3.632929156618569522e-02
-3.004839427049068590e-01
-5.078951299982081835e-02
-3.632929156618569522e-02
2.231148328933945102e-01
5.204091512892263793e-01
-3.632929156618569522e-02
1.792961751210321975e+00
nan
9.298764133177628288e-01
-1.347206789662516391e+00
1.661770761527740614e+00
-1.002534996450133775e+00
1.269837679851004264e+00
1.661770761527740614e+00
1.896082118201719791e+00
-1.870330861021834323e+00
-2.334548451816438330e+00
-3.632929156618569522e-02
1.269837679851004264e+00
nan
1.413198360023887101e+00
-1.870330861021834323e+00
-1.763349787527391577e+00
9.298764133177628288e-01
7.462389042527122207e-01
-1.192668982408134681e+00
4.465544666116469941e-01
-3.004839427049068590e-01
-5.078951299982081835e-02
-5.192130497440179404e-01
-1.347206789662516391e+00
-6.214703181190777137e-01
-1.002534996450133775e+00
2.231148328933945102e-01
5.204091512892263793e-01
-3.632929156618569522e-02
-8.236080140642245695e-01
-1.192668982408134681e+00
-1.968740701334090737e+00
1.269837679851004264e+00
nan
4.465544666116469941e-01
1.269837679851004264e+00
nan
4.465544666116469941e-01
2.231148328933945102e-01
5.204091512892263793e-01
-3.632929156618569522e-02
7.462389042527122207e-01
1.091089956408482831e+00
4.465544666116469941e-01
2.839684598167931728e+00
nan
1.896082118201719791e+00
-3.004839427049068590e-01
5.204091512892263793e-01
-3.632929156618569522e-02
1.792961751210321975e+00
nan
9.298764133177628288e-01
2.231148328933945102e-01
5.204091512892263793e-01
-3.632929156618569522e-02
7.462389042527122207e-01
1.661770761527740614e+00
1.413198360023887101e+00
-3.004839427049068590e-01
-5.078951299982081835e-02
-5.192130497440179404e-01
-3.004839427049068590e-01
-1.192668982408134681e+00
-2.451624459511923426e+00
7.462389042527122207e-01
1.091089956408482831e+00
4.465544666116469941e-01
-8.236080140642245695e-01
-6.214703181190777137e-01
-1.002534996450133775e+00
-8.236080140642245695e-01
-6.214703181190777137e-01
-1.002534996450133775e+00
-1.429900268093364790e+00
-1.432748493527264522e+00
-1.014525427997038154e+00
nan
1.079386339171012121e+00
1.840432175108622115e+00
-1.738328517442320198e-01
4.510678084530499454e-01
1.273540414112641628e-01
-8.021513824621826494e-01
-8.049996078960828250e-01
-4.433267637079922885e-01
2.338301980954045067e+00
nan
6.985527057003202422e-01
4.539160338869501210e-01
1.079386339171012121e+00
6.985527057003202422e-01
-8.021513824621826494e-01
-1.766810771781317513e-01
-4.433267637079922885e-01
-1.738328517442320198e-01
-1.766810771781317513e-01
1.273540414112641628e-01
4.539160338869501210e-01
2.963202641151327033e+00
2.981793785347134129e+00
-1.738328517442320198e-01
-1.766810771781317513e-01
1.273540414112641628e-01
-8.021513824621826494e-01
-8.049996078960828250e-01
-4.433267637079922885e-01
-1.429900268093364790e+00
-1.432748493527264522e+00
-1.014525427997038154e+00
-1.429900268093364790e+00
-1.432748493527264522e+00
-1.014525427997038154e+00
4.539160338869501210e-01
2.963202641151327033e+00
-2.156404897405350241e+00
-1.738328517442320198e-01
4.510678084530499454e-01
1.273540414112641628e-01
-1.738328517442320198e-01
4.510678084530499454e-01
1.273540414112641628e-01
4.539160338869501210e-01
1.079386339171012121e+00
6.985527057003202422e-01
4.539160338869501210e-01
1.079386339171012121e+00
6.985527057003202422e-01
4.539160338869501210e-01
4.510678084530499454e-01
6.985527057003202422e-01
1.082234564604912297e+00
1.079386339171012121e+00
1.269233510819576249e+00
-1.738328517442320198e-01
4.510678084530499454e-01
1.273540414112641628e-01
4.539160338869501210e-01
1.079386339171012121e+00
6.985527057003202422e-01
-8.021513824621826494e-01
-8.049996078960828250e-01
-4.433267637079922885e-01
-1.738328517442320198e-01
-1.766810771781317513e-01
1.273540414112641628e-01
-1.429900268093364790e+00
-1.432748493527264522e+00
-1.014525427997038154e+00
4.539160338869501210e-01
4.510678084530499454e-01
1.273540414112641628e-01
-1.738328517442320198e-01
-1.766810771781317513e-01
-4.433267637079922885e-01
1.709983450236093550e+00
-1.766810771781317513e-01
-1.014525427997038154e+00
-8.021513824621826494e-01
-8.049996078960828250e-01
-1.014525427997038154e+00
-1.429900268093364790e+00
1.079386339171012121e+00
-1.014525427997038154e+00
-1.738328517442320198e-01
4.510678084530499454e-01
1.273540414112641628e-01
-8.021513824621826494e-01
-8.049996078960828250e-01
-1.014525427997038154e+00
-2.058218798811326522e+00
-1.766810771781317513e-01
-1.585206233116294161e+00
1.082234564604912297e+00
1.079386339171012121e+00
6.985527057003202422e-01
4.539160338869501210e-01
1.079386339171012121e+00
6.985527057003202422e-01
4.539160338869501210e-01
4.510678084530499454e-01
1.273540414112641628e-01
4.539160338869501210e-01
4.510678084530499454e-01
6.985527057003202422e-01
-1.429900268093364790e+00
2.335453755520144892e+00
-4.433267637079922885e-01
-1.738328517442320198e-01
-1.766810771781317513e-01
-4.433267637079922885e-01
nan
1.079386339171012121e+00
2.981793785347134129e+00
-6.853741396723576074e-01
1.124815534841677955e+00
3.076941776811660478e+00
1.520041378937313503e-01
3.397733996234704179e-01
1.463076870259274465e-01
1.520041378937313503e-01
3.397733996234704179e-01
1.463076870259274465e-01
9.893824154598278575e-01
-4.452687355947366754e-01
1.463076870259274465e-01
5.708831583723728009e-01
3.397733996234704179e-01
5.648069441133904967e-01
-6.853741396723576074e-01
1.517514616540403427e+00
1.820684478766928738e+00
-6.853741396723576074e-01
-1.230310870812944213e+00
-1.528448868106252245e+00
-2.664951191937237063e-01
-5.292568207525549795e-02
-2.725713334526993492e-01
5.708831583723728009e-01
3.397733996234704179e-01
5.648069441133904967e-01
5.708831583723728009e-01
3.397733996234704179e-01
5.648069441133904967e-01
9.893824154598278575e-01
1.124815534841677955e+00
1.820684478766928738e+00
1.520041378937313503e-01
3.397733996234704179e-01
5.648069441133904967e-01
-6.853741396723576074e-01
-4.452687355947366754e-01
-6.910705905401623994e-01
9.893824154598278575e-01
1.517514616540403427e+00
2.239563499245570188e+00
-2.664951191937237063e-01
-5.292568207525549795e-02
-2.725713334526993492e-01
1.520041378937313503e-01
-5.292568207525549795e-02
1.463076870259274465e-01
-1.522752417238454337e+00
2.302556751758611409e+00
-1.109949611018804294e+00
1.520041378937313503e-01
-8.376117891142182970e-01
-1.109949611018804294e+00
5.708831583723728009e-01
7.324724813221963338e-01
5.648069441133904967e-01
-2.664951191937237063e-01
-5.292568207525549795e-02
-2.725713334526993492e-01
-2.664951191937237063e-01
-4.452687355947366754e-01
-6.910705905401623994e-01
1.520041378937313503e-01
3.397733996234704179e-01
1.463076870259274465e-01
1.520041378937313503e-01
-5.292568207525549795e-02
-2.725713334526993492e-01
5.708831583723728009e-01
7.324724813221963338e-01
9.836859645920328354e-01
-2.664951191937237063e-01
-5.292568207525549795e-02
-2.725713334526993492e-01
-1.522752417238454337e+00
-5.292568207525549795e-02
1.820684478766928738e+00
9.893824154598278575e-01
1.124815534841677955e+00
9.836859645920328354e-01
5.708831583723728009e-01
7.324724813221963338e-01
5.648069441133904967e-01
9.893824154598278575e-01
1.124815534841677955e+00
1.402185221679480787e+00
-2.664951191937237063e-01
-5.292568207525549795e-02
-2.725713334526993492e-01
-6.853741396723576074e-01
1.124815534841677955e+00
3.076941776811660478e+00
-2.664951191937237063e-01
-5.292568207525549795e-02
-2.725713334526993492e-01
-1.522752417238454337e+00
-5.292568207525549795e-02
-1.947327888584894362e+00
-2.664951191937237063e-01
-4.452687355947366754e-01
-6.910705905401623994e-01
-1.522752417238454337e+00
-1.230310870812944213e+00
-1.109949611018804294e+00
-1.103873396759812664e+00
-1.230310870812944213e+00
-1.528448868106252245e+00
1.520041378937313503e-01
3.397733996234704179e-01
1.463076870259274465e-01
-2.664951191937237063e-01
-5.292568207525549795e-02
-2.725713334526993492e-01
-6.853741396723576074e-01
-1.230310870812944213e+00
-1.528448868106252245e+00
-2.664951191937237063e-01
-5.292568207525549795e-02
-2.725713334526993492e-01
nan
-4.397757294007917928e-01
2.248949080199175388e+00
-6.132190953469391914e-01
-1.785765691591575388e+00
-2.685804928703412919e+00
-6.132190953469391914e-01
-8.885746799136065022e-01
-8.914229053475093423e-01
-6.132190953469391914e-01
-8.885746799136065022e-01
-8.914229053475093423e-01
-6.132190953469391914e-01
-8.885746799136065022e-01
-8.914229053475093423e-01
2.736294014917432182e+00
nan
2.248949080199175388e+00
nan
2.251797305633082669e+00
nan
-6.132190953469391914e-01
-8.885746799136065022e-01
-8.914229053475093423e-01
-1.032098115825573537e+00
-8.885746799136065022e-01
-8.914229053475093423e-01
-1.032098115825573537e+00
-1.336966741078744914e+00
-8.914229053475093423e-01
1.480416480263887724e+00
2.700189366798205537e+00
nan
nan
9.058073434422992953e-01
nan
1.061537459785246273e+00
1.354199404607422164e+00
1.800150129686362011e+00
-1.943400748682977408e-01
-4.397757294007917928e-01
-4.430308441823873622e-01
1.061537459785246273e+00
1.354199404607422164e+00
1.351758068521224043e+00
-2.706474907566572607e+00
-1.336966741078744914e+00
-8.914229053475093423e-01
2.241591822191573158e-01
8.616331764346618627e-03
5.768106330442446250e-03
-1.943400748682977408e-01
-4.397757294007917928e-01
5.768106330442446250e-03
1.061537459785246273e+00
9.058073434422992953e-01
1.351758068521224043e+00
-6.132190953469391914e-01
-4.397757294007917928e-01
-4.430308441823873622e-01
1.061537459785246273e+00
1.354199404607422164e+00
1.351758068521224043e+00
-1.943400748682977408e-01
8.616331764346618627e-03
5.768106330442446250e-03
1.898915737351342781e+00
nan
9.029591180083937907e-01
-1.869096630000483428e+00
-4.397757294007917928e-01
2.697341141364313355e+00
-1.943400748682977408e-01
8.616331764346618627e-03
5.768106330442446250e-03
2.241591822191573158e-01
8.616331764346618627e-03
5.768106330442446250e-03
6.430382026977912169e-01
4.574152822771768712e-01
4.545670568432722547e-01
2.241591822191573158e-01
8.616331764346618627e-03
4.545670568432722547e-01
1.061537459785246273e+00
1.354199404607422164e+00
2.697341141364313355e+00
1.898915737351342781e+00
nan
-1.788613917025461131e+00
-1.943400748682977408e-01
-4.397757294007917928e-01
-4.430308441823873622e-01
-1.943400748682977408e-01
-4.397757294007917928e-01
5.768106330442446250e-03
2.241591822191573158e-01
4.574152822771768712e-01
4.545670568432722547e-01
2.241591822191573158e-01
8.616331764346618627e-03
4.545670568432722547e-01
2.241591822191573158e-01
8.616331764346618627e-03
5.768106330442446250e-03
2.241591822191573158e-01
8.616331764346618627e-03
4.545670568432722547e-01
1.061537459785246273e+00
1.354199404607422164e+00
1.351758068521224043e+00
6.430382026977912169e-01
4.574152822771768712e-01
4.545670568432722547e-01
-1.032098115825573537e+00
-8.885746799136065022e-01
-8.914229053475093423e-01
-6.132190953469391914e-01
-8.885746799136065022e-01
-8.914229053475093423e-01
-1.980936948704887790e+00
1.026077710829813583e-01
2.342533630170123171e+00
-4.106153261489744466e-01
-3.461911794298404565e-01
-3.490394048637481816e-01
1.125087452103441521e-01
5.509998322481113320e-01
5.481516068142036069e-01
nan
1.026077710829813583e-01
9.975954564908162681e-02
-2.504535724303180722e+00
-1.243382191107800017e+00
-1.246230416541699970e+00
-9.342141017472673781e-01
-7.945832405949699861e-01
-7.978383553765699965e-01
6.361075208086464094e-01
1.448190843926063121e+00
1.445342618492170939e+00
-4.106153261489744466e-01
-3.461911794298404565e-01
-3.490394048637481816e-01
-9.342141017472673781e-01
-7.945832405949699861e-01
-7.978383553765699965e-01
1.125087452103441521e-01
1.026077710829813583e-01
9.975954564908162681e-02
6.361075208086464094e-01
5.509998322481113320e-01
5.481516068142036069e-01
1.159231592167965008e+00
9.993918934132408616e-01
5.481516068142036069e-01
6.361075208086464094e-01
9.993918934132408616e-01
9.969505573270329712e-01
6.361075208086464094e-01
2.794180806116844717e+00
-1.246230416541699970e+00
6.361075208086464094e-01
5.509998322481113320e-01
5.481516068142036069e-01
1.125087452103441521e-01
1.026077710829813583e-01
-3.490394048637481816e-01
6.361075208086464094e-01
9.993918934132408616e-01
9.969505573270329712e-01
1.125087452103441521e-01
1.026077710829813583e-01
-3.490394048637481816e-01
-9.342141017472673781e-01
-7.945832405949699861e-01
-7.978383553765699965e-01
-2.504535724303180722e+00
9.993918934132408616e-01
9.969505573270329712e-01
-4.106153261489744466e-01
-3.461911794298404565e-01
-3.490394048637481816e-01
-9.342141017472673781e-01
-7.945832405949699861e-01
-7.978383553765699965e-01
nan
5.509998322481113320e-01
9.975954564908162681e-02
-4.106153261489744466e-01
-3.461911794298404565e-01
-3.490394048637481816e-01
-1.457338173106585755e+00
-1.243382191107800017e+00
-1.246230416541699970e+00
1.125087452103441521e-01
9.993918934132408616e-01
9.969505573270329712e-01
-1.980936948704887790e+00
1.448190843926063121e+00
-1.246230416541699970e+00
1.125087452103441521e-01
5.509998322481113320e-01
5.481516068142036069e-01
-1.457338173106585755e+00
-1.691774252272929768e+00
-2.143421428219651759e+00
-4.106153261489744466e-01
-3.461911794298404565e-01
-7.978383553765699965e-01
-1.457338173106585755e+00
-1.691774252272929768e+00
-3.040612439897611097e+00
-4.106153261489744466e-01
-3.461911794298404565e-01
-3.490394048637481816e-01
-1.457338173106585755e+00
-2.588965263950881557e+00
1.445342618492170939e+00
1.159231592167965008e+00
2.794180806116844717e+00
-3.040612439897611097e+00
1.159231592167965008e+00
-2.588965263950881557e+00
-2.143421428219651759e+00
1.125087452103441521e-01
-3.461911794298404565e-01
-3.490394048637481816e-01
1.125087452103441521e-01
-3.461911794298404565e-01
-3.490394048637481816e-01
-9.342141017472673781e-01
-7.945832405949699861e-01
-7.978383553765699965e-01
-9.342141017472673781e-01
-7.945832405949699861e-01
-7.978383553765699965e-01
-1.457338173106585755e+00
-3.037764214463711365e+00
-1.246230416541699970e+00
-1.643659586907426862e+00
-2.039206894040055840e+00
3.134273143599179967e-01
-2.036002640426922916e+00
1.493660728531513104e+00
nan
-4.659183699904914100e-01
-7.642354190490108223e-02
-7.927176733880880732e-02
3.187677370484731654e-01
3.162755397938106228e-01
7.057703678794005064e-01
-4.659183699904914100e-01
-4.687665954243964705e-01
-4.719708490375351673e-01
1.104165900445927218e+00
1.101317675012032371e+00
1.883511584796335736e+00
-2.428701722125650164e+00
-1.253808730642604008e+00
-2.434398172993435416e+00
3.187677370484731654e-01
3.162755397938106228e-01
7.057703678794005064e-01
7.114668187471999694e-01
7.086185933133060111e-01
1.098469449578126866e+00
-4.659183699904914100e-01
-4.687665954243964705e-01
-4.719708490375351673e-01
3.187677370484731654e-01
3.162755397938106228e-01
7.057703678794005064e-01
-7.357531647100890027e-02
3.162755397938106228e-01
7.057703678794005064e-01
-8.586174516892177699e-01
-8.614656771231223864e-01
-8.643139025570176770e-01
1.104165900445927218e+00
1.886003782050994726e+00
7.057703678794005064e-01
-8.586174516892177699e-01
-4.687665954243964705e-01
-4.719708490375351673e-01
-4.659183699904914100e-01
-4.687665954243964705e-01
-7.927176733880880732e-02
-7.357531647100890027e-02
3.162755397938106228e-01
3.134273143599179967e-01
-7.357531647100890027e-02
3.162755397938106228e-01
3.134273143599179967e-01
-8.586174516892177699e-01
-8.614656771231223864e-01
-8.643139025570176770e-01
3.187677370484731654e-01
3.162755397938106228e-01
7.057703678794005064e-01
7.114668187471999694e-01
1.101317675012032371e+00
1.490812503097623587e+00
3.187677370484731654e-01
3.162755397938106228e-01
7.057703678794005064e-01
-4.659183699904914100e-01
-4.687665954243964705e-01
-4.719708490375351673e-01
1.889208035664136087e+00
-7.642354190490108223e-02
2.275854638315832457e+00
3.187677370484731654e-01
7.086185933133060111e-01
1.098469449578126866e+00
1.104165900445927218e+00
1.101317675012032371e+00
1.883511584796335736e+00
-7.357531647100890027e-02
-7.642354190490108223e-02
3.134273143599179967e-01
-4.659183699904914100e-01
-4.687665954243964705e-01
-4.719708490375351673e-01
-4.659183699904914100e-01
-7.642354190490108223e-02
-7.927176733880880732e-02
-2.036002640426922916e+00
-4.687665954243964705e-01
1.490812503097623587e+00
3.187677370484731654e-01
3.162755397938106228e-01
7.057703678794005064e-01
1.104165900445927218e+00
1.101317675012032371e+00
1.490812503097623587e+00
-8.586174516892177699e-01
-8.614656771231223864e-01
-8.643139025570176770e-01
-7.357531647100890027e-02
-7.642354190490108223e-02
3.134273143599179967e-01
-4.659183699904914100e-01
-7.642354190490108223e-02
-7.927176733880880732e-02
7.114668187471999694e-01
7.086185933133060111e-01
1.098469449578126866e+00
-4.659183699904914100e-01
-7.642354190490108223e-02
-7.927176733880880732e-02
7.114668187471999694e-01
7.086185933133060111e-01
1.098469449578126866e+00
-7.357531647100890027e-02
3.162755397938106228e-01
3.134273143599179967e-01
-4.659183699904914100e-01
-7.642354190490108223e-02
-7.927176733880880732e-02
nan
-6.437335737687455151e-02
2.193612128912009407e+00
4.215777204989952232e-01
-6.437335737687455151e-02
-9.014680990459833509e-02
4.215777204989952232e-01
-6.437335737687455151e-02
4.805339952146585603e-01
-6.130603767883702204e-02
-5.472571155547067967e-01
-6.608276150238552304e-01
-6.130603767883702204e-02
-5.472571155547067967e-01
-9.014680990459833509e-02
-6.130603767883702204e-02
-5.472571155547067967e-01
-9.014680990459833509e-02
4.215777204989952232e-01
-6.437335737687455151e-02
4.805339952146585603e-01
-1.027511742562785546e+00
-1.513462820438663980e+00
-1.802707084432159323e+00
-6.130603767883702204e-02
-5.472571155547067967e-01
-9.014680990459833509e-02
-5.446279843849533009e-01
-1.030579062260831513e+00
-6.608276150238552304e-01
-6.130603767883702204e-02
-5.472571155547067967e-01
-9.014680990459833509e-02
nan
1.384716105684905774e+00
1.051732659503705758e+00
-6.130603767883702204e-02
-5.472571155547067967e-01
-9.014680990459833509e-02
-1.027511742562785546e+00
-1.996784767144779815e+00
1.622931323792762281e+00
-6.130603767883702204e-02
-5.472571155547067967e-01
-9.014680990459833509e-02
4.215777204989952232e-01
-6.437335737687455151e-02
4.805339952146585603e-01
-2.959923152330691032e+00
-1.996784767144779815e+00
-1.232026279312902206e+00
1.871105372089068464e+00
nan
-6.608276150238552304e-01
1.871105372089068464e+00
2.351359999097147213e+00
nan
2.836872888444732954e+00
-2.479668525322612282e+00
-1.802707084432159323e+00
-2.959923152330691032e+00
-1.513462820438663980e+00
-9.014680990459833509e-02
1.871105372089068464e+00
1.868038052391022052e+00
-2.373905748721216291e+00
-1.027511742562785546e+00
-1.996784767144779815e+00
-2.944586553840473186e+00
-5.446279843849533009e-01
-1.030579062260831513e+00
-6.608276150238552304e-01
-6.130603767883702204e-02
-5.472571155547067967e-01
-9.014680990459833509e-02
nan
-2.962990472028736999e+00
2.764810793201065930e+00
4.215777204989952232e-01
-6.437335737687455151e-02
4.805339952146585603e-01
9.048996672051199397e-01
4.189485893292412833e-01
1.051732659503705758e+00
-5.446279843849533009e-01
-1.030579062260831513e+00
-6.608276150238552304e-01
nan
9.018323475070739725e-01
-9.014680990459833509e-02
9.048996672051199397e-01
4.189485893292412833e-01
1.051732659503705758e+00
4.215777204989952232e-01
4.189485893292412833e-01
4.805339952146585603e-01
4.215777204989952232e-01
-6.437335737687455151e-02
4.805339952146585603e-01
-6.130603767883702204e-02
-5.472571155547067967e-01
-6.608276150238552304e-01
-6.130603767883702204e-02
-5.472571155547067967e-01
-9.014680990459833509e-02
-5.446279843849533009e-01
-1.030579062260831513e+00
-6.608276150238552304e-01
9.048996672051199397e-01
4.189485893292412833e-01
1.051732659503705758e+00
-1.510833689268910263e+00
1.384716105684905774e+00
-6.608276150238552304e-01
9.048996672051199397e-01
4.189485893292412833e-01
1.051732659503705758e+00
-6.130603767883702204e-02
-5.472571155547067967e-01
-6.608276150238552304e-01
4.757253029236552244e-01
6.544311044333834815e-01
4.700288520558553174e-01
4.757253029236552244e-01
2.359318473459359744e-01
2.122990154302550891e-02
9.245242534364845888e-01
1.492189145390666827e+00
2.712802936576896418e+00
3.167298337957518140e+00
-2.276202985352346442e+00
2.122990154302550891e-02
4.757253029236552244e-01
6.544311044333834815e-01
4.700288520558553174e-01
-8.698577699194265378e-01
-1.019945687307615589e+00
-1.324760060647755866e+00
4.757253029236552244e-01
2.359318473459359744e-01
2.122990154302550891e-02
-4.214657087542965641e-01
-1.825674097415115327e-01
-4.271621596220964712e-01
-4.214657087542965641e-01
-1.825674097415115327e-01
-4.271621596220964712e-01
-1.318656720432256346e+00
-1.019945687307615589e+00
-1.324760060647755866e+00
1.821715265114436821e+00
2.748066680044218391e+00
-2.221544182977999604e+00
2.733324175852525073e-02
-1.825674097415115327e-01
2.122990154302550891e-02
2.733324175852525073e-02
2.748066680044218391e+00
-2.670343133490829413e+00
4.757253029236552244e-01
6.544311044333834815e-01
4.700288520558553174e-01
4.757253029236552244e-01
2.359318473459359744e-01
2.122990154302550891e-02
9.245242534364845888e-01
-1.438824707786242385e+00
-4.271621596220964712e-01
-4.214657087542965641e-01
-1.825674097415115327e-01
-4.271621596220964712e-01
4.757253029236552244e-01
2.359318473459359744e-01
2.122990154302550891e-02
-1.318656720432256346e+00
1.910688402478113890e+00
1.815611924898945073e+00
2.733324175852525073e-02
-1.825674097415115327e-01
-4.271621596220964712e-01
-8.698577699194265378e-01
-1.019945687307615589e+00
-8.759611101349262796e-01
2.270107326279566795e+00
1.492189145390666827e+00
9.184209132209932847e-01
-4.214657087542965641e-01
-1.825674097415115327e-01
-4.271621596220964712e-01
9.245242534364845888e-01
1.073310124912024488e+00
9.184209132209932847e-01
9.245242534364845888e-01
1.073310124912024488e+00
9.184209132209932847e-01
2.733324175852525073e-02
-1.825674097415115327e-01
2.122990154302550891e-02
2.733324175852525073e-02
2.359318473459359744e-01
2.122990154302550891e-02
-4.214657087542965641e-01
-6.014464302201534274e-01
-8.759611101349262796e-01
-1.318656720432256346e+00
-2.276202985352346442e+00
-1.324760060647755866e+00
-8.698577699194265378e-01
-1.019945687307615589e+00
-1.324760060647755866e+00
3.167298337957518140e+00
-6.014464302201534274e-01
-2.670343133490829413e+00
-8.698577699194265378e-01
-1.019945687307615589e+00
-8.759611101349262796e-01
2.733324175852525073e-02
2.359318473459359744e-01
2.122990154302550891e-02
2.733324175852525073e-02
-1.825674097415115327e-01
2.122990154302550891e-02
1.372916314601614562e+00
1.073310124912024488e+00
9.184209132209932847e-01
-2.215847732110208135e+00
6.544311044333834815e-01
9.184209132209932847e-01
9.245242534364845888e-01
1.073310124912024488e+00
9.184209132209932847e-01
-4.214657087542965641e-01
-6.014464302201534274e-01
-4.271621596220964712e-01
4.757253029236552244e-01
6.544311044333834815e-01
4.700288520558553174e-01
-4.214657087542965641e-01
-1.825674097415115327e-01
-4.271621596220964712e-01
-2.454691779209966285e+00
-1.280154815906173749e+00
8.894107593377231780e-02
-8.846075087735378872e-01
-8.874557342074469446e-01
-6.495870248087820542e-01
nan
-2.064840922945138324e+00
nan
-9.956537355533079392e-02
-1.024135989892380749e-01
8.894107593377231780e-02
2.931337081433951219e-01
6.826285362289850056e-01
4.585402116502210745e-01
1.077819815182358365e+00
1.075327617927697599e+00
1.197403397737946573e+00
6.854767616628767435e-01
1.075327617927697599e+00
1.197403397737946573e+00
-9.956537355533079392e-02
-1.024135989892380749e-01
8.894107593377231780e-02
1.863217978579810197e+00
2.645055860184885699e+00
nan
-9.956537355533079392e-02
-1.024135989892380749e-01
8.894107593377231780e-02
-4.919084270748261822e-01
-4.947566525087201406e-01
-2.803229744375048682e-01
6.854767616628767435e-01
nan
8.281393473666693872e-01
-8.846075087735378872e-01
-8.874557342074469446e-01
-6.495870248087820542e-01
2.931337081433951219e-01
6.826285362289850056e-01
4.585402116502210745e-01
2.931337081433951219e-01
6.826285362289850056e-01
4.585402116502210745e-01
2.648260113798017290e+00
nan
1.197403397737946573e+00
6.854767616628767435e-01
6.826285362289850056e-01
8.281393473666693872e-01
2.931337081433951219e-01
2.902854827094887291e-01
4.585402116502210745e-01
1.077819815182358365e+00
1.467670671447194319e+00
1.197403397737946573e+00
1.077819815182358365e+00
1.467670671447194319e+00
1.197403397737946573e+00
-1.276950562293033276e+00
-2.064840922945138324e+00
4.585402116502210745e-01
-4.919084270748261822e-01
-4.947566525087201406e-01
-6.495870248087820542e-01
2.931337081433951219e-01
2.902854827094887291e-01
4.585402116502210745e-01
6.854767616628767435e-01
6.826285362289850056e-01
8.281393473666693872e-01
-2.061992697511240813e+00
-1.024135989892380749e-01
-1.388450210896521320e+00
-1.669649643991759191e+00
-2.457540004643865128e+00
-2.803229744375048682e-01
-4.919084270748261822e-01
-1.280154815906173749e+00
-1.758049346612956754e+00
-8.846075087735378872e-01
-8.874557342074469446e-01
-1.019186160525230811e+00
-4.919084270748261822e-01
-1.280154815906173749e+00
-1.758049346612956754e+00
-4.919084270748261822e-01
-4.947566525087201406e-01
-2.803229744375048682e-01
-9.956537355533079392e-02
-1.024135989892380749e-01
-2.803229744375048682e-01
-9.956537355533079392e-02
-1.024135989892380749e-01
8.894107593377231780e-02
2.931337081433951219e-01
2.902854827094887291e-01
4.585402116502210745e-01
2.931337081433951219e-01
6.826285362289850056e-01
4.585402116502210745e-01
-9.956537355533079392e-02
2.902854827094887291e-01
8.894107593377231780e-02
-2.454691779209966285e+00
2.902854827094887291e-01
2.305865719542121273e+00
-8.846075087735378872e-01
-1.280154815906173749e+00
2.675129769913411781e+00
2.931337081433951219e-01
6.826285362289850056e-01
4.585402116502210745e-01
-9.956537355533079392e-02
2.902854827094887291e-01
8.894107593377231780e-02
-9.956537355533079392e-02
-1.024135989892380749e-01
8.894107593377231780e-02
1.142114315785796475e+00
nan
-1.191029095037095198e+00
-3.352769710444936102e-01
-1.668546994311874698e-01
-1.444644828258150326e-01
2.250576637589969398e+00
nan
1.251482449276994924e+00
2.989439823677705999e+00
nan
9.024165988781271963e-01
7.728502654145201767e-01
1.403229571005244924e+00
9.024165988781271963e-01
3.398707932679601029e-02
6.181874357870356107e-01
2.046013675730531389e-01
1.881312587218692212e+00
nan
1.251482449276994924e+00
-7.048761067609281561e-01
-5.591977529506695355e-01
-4.932138637320209185e-01
2.250576637589969398e+00
nan
9.024165988781271963e-01
2.250576637589969398e+00
1.010886517485748204e+00
nan
7.728502654145201767e-01
1.403229571005244924e+00
5.536672179719208664e-01
-1.443739292848665645e+00
-1.736938969867605431e+00
-1.888844326342169255e+00
-3.352769710444936102e-01
2.258443822675393342e-01
-1.444644828258150326e-01
7.728502654145201767e-01
1.795928652703971284e+00
9.024165988781271963e-01
7.728502654145201767e-01
1.403229571005244924e+00
9.024165988781271963e-01
-3.352769710444936102e-01
-1.668546994311874698e-01
-1.444644828258150326e-01
-3.352769710444936102e-01
-1.668546994311874698e-01
-1.444644828258150326e-01
-1.074140157132217777e+00
-1.736938969867605431e+00
2.046013675730531389e-01
3.398707932679601029e-02
6.181874357870356107e-01
2.046013675730531389e-01
3.398707932679601029e-02
2.258443822675393342e-01
2.046013675730531389e-01
-3.352769710444936102e-01
-1.668546994311874698e-01
-1.444644828258150326e-01
3.398707932679601029e-02
2.258443822675393342e-01
2.046013675730531389e-01
3.398707932679601029e-02
6.181874357870356107e-01
2.046013675730531389e-01
2.620175773306416378e+00
2.258443822675393342e-01
-1.191029095037095198e+00
1.142114315785796475e+00
1.795928652703971284e+00
9.024165988781271963e-01
4.035862150432438789e-01
6.181874357870356107e-01
5.536672179719208664e-01
1.142114315785796475e+00
2.188271706223453794e+00
1.600231830183214132e+00
4.035862150432438789e-01
1.010886517485748204e+00
5.536672179719208664e-01
-7.048761067609281561e-01
-5.591977529506695355e-01
-4.932138637320209185e-01
3.398707932679601029e-02
2.258443822675393342e-01
2.046013675730531389e-01
3.398707932679601029e-02
2.258443822675393342e-01
2.046013675730531389e-01
3.398707932679601029e-02
2.258443822675393342e-01
2.046013675730531389e-01
2.250576637589969398e+00
nan
1.251482449276994924e+00
3.398707932679601029e-02
6.181874357870356107e-01
2.046013675730531389e-01
4.035862150432438789e-01
1.010886517485748204e+00
5.536672179719208664e-01
7.728502654145201767e-01
1.403229571005244924e+00
9.024165988781271963e-01
-3.352769710444936102e-01
2.258443822675393342e-01
-1.444644828258150326e-01
2.250576637589969398e+00
nan
1.251482449276994924e+00
-3.352769710444936102e-01
-1.668546994311874698e-01
-1.444644828258150326e-01
-7.048761067609281561e-01
-9.518968346493963395e-01
-8.419632446382272484e-01
3.372020849956558486e-01
3.346703290544117415e-01
-9.775066751689820421e-03
-3.602966768167688016e-01
-3.634613717433241575e-01
-6.375239523828604149e-01
1.035333785793379757e+00
1.032169090866836836e+00
6.185434639662723555e-01
1.035333785793379757e+00
1.032169090866836836e+00
6.185434639662723555e-01
3.372020849956558486e-01
nan
-1.265842483100822369e+00
-3.602966768167688016e-01
-3.634613717433241575e-01
-6.375239523828604149e-01
1.035333785793379757e+00
1.032169090866836836e+00
6.185434639662723555e-01
-3.602966768167688016e-01
-3.634613717433241575e-01
-6.375239523828604149e-01
-3.602966768167688016e-01
-3.634613717433241575e-01
-6.375239523828604149e-01
-3.602966768167688016e-01
-3.634613717433241575e-01
-6.375239523828604149e-01
3.372020849956558486e-01
1.730300791664559856e+00
2.502359765946586823e+00
1.035333785793379757e+00
nan
6.185434639662723555e-01
nan
3.346703290544117415e-01
6.185434639662723555e-01
2.430964248403540306e+00
nan
1.246292349597454052e+00
-1.058428377614498483e+00
-3.634613717433241575e-01
-6.375239523828604149e-01
-1.058428377614498483e+00
-3.634613717433241575e-01
-6.375239523828604149e-01
3.372020849956558486e-01
3.346703290544117415e-01
-9.775066751689820421e-03
2.430964248403540306e+00
3.346703290544117415e-01
1.874610880315404682e+00
3.372020849956558486e-01
3.346703290544117415e-01
-9.775066751689820421e-03
-1.058428377614498483e+00
-1.060960133555736817e+00
-6.375239523828604149e-01
3.372020849956558486e-01
3.346703290544117415e-01
-9.775066751689820421e-03
-3.602966768167688016e-01
-3.634613717433241575e-01
-6.375239523828604149e-01
-1.058428377614498483e+00
-1.060960133555736817e+00
-1.893591368732004288e+00
-3.602966768167688016e-01
-3.634613717433241575e-01
-6.375239523828604149e-01
-3.602966768167688016e-01
-3.634613717433241575e-01
-6.375239523828604149e-01
-3.602966768167688016e-01
-3.634613717433241575e-01
-6.375239523828604149e-01
1.035333785793379757e+00
1.032169090866836836e+00
6.185434639662723555e-01
3.372020849956558486e-01
3.346703290544117415e-01
-9.775066751689820421e-03
-1.755927139426923356e+00
-1.060960133555736817e+00
-1.265842483100822369e+00
3.372020849956558486e-01
3.346703290544117415e-01
-9.775066751689820421e-03
3.372020849956558486e-01
3.346703290544117415e-01
-9.775066751689820421e-03
1.035333785793379757e+00
1.032169090866836836e+00
6.185434639662723555e-01
3.372020849956558486e-01
3.346703290544117415e-01
-9.775066751689820421e-03
-3.602966768167688016e-01
-3.634613717433241575e-01
-6.375239523828604149e-01
-1.058428377614498483e+00
-3.634613717433241575e-01
-6.375239523828604149e-01
3.372020849956558486e-01
3.346703290544117415e-01
-9.775066751689820421e-03
-1.058428377614498483e+00
-1.060960133555736817e+00
-1.265842483100822369e+00
3.372020849956558486e-01
1.032169090866836836e+00
-9.775066751689820421e-03
-1.755927139426923356e+00
-1.060960133555736817e+00
-1.265842483100822369e+00
1.035333785793379757e+00
1.032169090866836836e+00
6.185434639662723555e-01
1.827330338112700847e+00
1.671437466030667007e+00
1.193885001613719243e+00
-6.848044945855757959e-01
-1.817322221002066973e+00
-1.946568361802508251e+00
5.712629217635569745e-01
9.739387042182419130e-01
5.655664708957686138e-01
2.455079223743871442e+00
nan
1.193885001613719243e+00
-1.313123025303537750e+00
-4.216917583919062018e-01
-6.905009454533752589e-01
-6.848044945855757959e-01
-2.515453921799790660e+00
-1.318249831084557400e+00
5.712629217635569745e-01
-1.119823459189642101e+00
-1.946568361802508251e+00
-1.313123025303537750e+00
-4.216917583919062018e-01
-6.218241473541352704e-02
-1.313123025303537750e+00
-4.216917583919062018e-01
-6.218241473541352704e-02
-6.848044945855757959e-01
2.758070034205184484e-01
5.655664708957686138e-01
1.199011807394738671e+00
1.671437466030667007e+00
1.193885001613719243e+00
-6.848044945855757959e-01
2.758070034205184484e-01
-6.218241473541352704e-02
5.712629217635569745e-01
9.739387042182419130e-01
5.655664708957686138e-01
-1.940871910934719669e+00
2.369569166828402462e+00
-6.218241473541352704e-02
5.712629217635569745e-01
9.739387042182419130e-01
5.655664708957686138e-01
-5.705560895439365510e-02
-1.119823459189642101e+00
-1.318249831084557400e+00
-5.705560895439365510e-02
2.758070034205184484e-01
-6.218241473541352704e-02
-2.569190441652670298e+00
2.758070034205184484e-01
-6.905009454533752589e-01
-5.705560895439365510e-02
-1.817322221002066973e+00
-2.574317247433690170e+00
-6.848044945855757959e-01
2.758070034205184484e-01
-6.218241473541352704e-02
2.455079223743871442e+00
nan
1.193885001613719243e+00
nan
nan
-1.946568361802508251e+00
nan
3.067067928640815122e+00
-2.574317247433690170e+00
2.455079223743871442e+00
nan
5.655664708957686138e-01
5.712629217635569745e-01
-1.119823459189642101e+00
-1.946568361802508251e+00
1.199011807394738671e+00
9.739387042182419130e-01
5.655664708957686138e-01
1.827330338112700847e+00
2.758070034205184484e-01
-6.905009454533752589e-01
1.827330338112700847e+00
3.067067928640815122e+00
nan
-5.705560895439365510e-02
-1.119823459189642101e+00
-1.318249831084557400e+00
nan
9.739387042182419130e-01
1.193885001613719243e+00
1.199011807394738671e+00
-4.216917583919062018e-01
-6.905009454533752589e-01
1.199011807394738671e+00
9.739387042182419130e-01
5.655664708957686138e-01
-5.705560895439365510e-02
2.758070034205184484e-01
-6.218241473541352704e-02
-1.313123025303537750e+00
-4.216917583919062018e-01
-6.218241473541352704e-02
-5.705560895439365510e-02
2.758070034205184484e-01
-6.218241473541352704e-02
5.712629217635569745e-01
-4.216917583919062018e-01
-1.318249831084557400e+00
-6.848044945855757959e-01
-4.216917583919062018e-01
-6.218241473541352704e-02
2.455079223743871442e+00
2.758070034205184484e-01
2.449382772876083525e+00
-5.705560895439365510e-02
-1.119823459189642101e+00
-1.318249831084557400e+00
5.712629217635569745e-01
9.739387042182419130e-01
5.655664708957686138e-01
-6.329667916886316803e-01
-4.845335576477536321e-01
-2.657959681168930999e-02
-4.648260970669948478e-03
4.122505646824903280e-01
7.581065102272894762e-01
nan
4.122505646824903280e-01
nan
-2.516783093668946591e+00
4.122505646824903280e-01
-2.657959681168930999e-02
-4.648260970669948478e-03
4.122505646824903280e-01
1.543504673624742640e+00
1.251419155378462822e+00
nan
7.581065102272894762e-01
-6.329667916886316803e-01
-1.382131458673413249e+00
-8.119777602091287072e-01
1.251419155378462822e+00
nan
nan
-1.260715677319802719e+00
-1.382131458673413249e+00
-2.657959681168930999e-02
-6.329667916886316803e-01
4.122505646824903280e-01
7.581065102272894762e-01
1.251419155378462822e+00
nan
-8.119777602091287072e-01
-4.648260970669948478e-03
2.206632588038409448e+00
nan
6.231006246605121923e-01
1.309848465708149501e+00
2.328190780663707660e+00
6.231006246605121923e-01
2.206632588038409448e+00
nan
-1.889034208037764673e+00
-2.278915581003672752e+00
-8.119777602091287072e-01
-6.329667916886316803e-01
-1.382131458673413249e+00
-8.119777602091287072e-01
-4.648260970669948478e-03
4.122505646824903280e-01
7.581065102272894762e-01
-1.260715677319802719e+00
-2.278915581003672752e+00
-1.596663867248107271e+00
6.231006246605121923e-01
1.309848465708149501e+00
1.543504673624742640e+00
-6.329667916886316803e-01
-4.845335576477536321e-01
-2.657959681168930999e-02
6.231006246605121923e-01
2.206632588038409448e+00
nan
-1.260715677319802719e+00
nan
nan
-1.260715677319802719e+00
-2.278915581003672752e+00
-1.596663867248107271e+00
-1.260715677319802719e+00
-4.845335576477536321e-01
-2.657959681168930999e-02
-6.329667916886316803e-01
4.122505646824903280e-01
7.581065102272894762e-01
-4.648260970669948478e-03
-1.382131458673413249e+00
3.113588944061161268e+00
-1.260715677319802719e+00
-4.845335576477536321e-01
-2.657959681168930999e-02
1.879168041009644963e+00
nan
1.543504673624742640e+00
-1.260715677319802719e+00
-4.845335576477536321e-01
-2.657959681168930999e-02
6.231006246605121923e-01
nan
2.328190780663707660e+00
-6.329667916886316803e-01
-4.845335576477536321e-01
-2.657959681168930999e-02
-2.516783093668946591e+00
-1.382131458673413249e+00
-1.596663867248107271e+00
1.251419155378462822e+00
-4.845335576477536321e-01
-8.119777602091287072e-01
-1.260715677319802719e+00
-2.278915581003672752e+00
-1.596663867248107271e+00
-1.260715677319802719e+00
-1.382131458673413249e+00
-8.119777602091287072e-01
-1.260715677319802719e+00
-4.845335576477536321e-01
-2.657959681168930999e-02
-6.329667916886316803e-01
-1.382131458673413249e+00
-8.119777602091287072e-01
6.231006246605121923e-01
1.309848465708149501e+00
nan
-2.516783093668946591e+00
2.206632588038409448e+00
-8.119777602091287072e-01
1.251419155378462822e+00
nan
-2.657959681168930999e-02
-3.925765650676207308e-01
-4.963785586585762744e-01
-1.294005349754163703e-01
-3.925765650676207308e-01
-4.963785586585762744e-01
-1.294005349754163703e-01
7.493029043406931322e-01
8.992519039515842749e-01
1.126666881373727502e+00
-3.925765650676207308e-01
-4.963785586585762744e-01
-1.294005349754163703e-01
1.781042400516361646e-01
2.011202031538483759e-01
4.983483506557653264e-01
1.781042400516361646e-01
8.992519039515842749e-01
4.983483506557653264e-01
-1.534456034475924824e+00
-1.892009021268724833e+00
-7.577190656933674440e-01
-3.925765650676207308e-01
-4.963785586585762744e-01
-1.294005349754163703e-01
1.319983709459939814e+00
nan
-2.013786482042511317e+00
1.781042400516361646e-01
2.011202031538483759e-01
4.983483506557653264e-01
-1.534456034475924824e+00
-1.892009021268724833e+00
-1.385467951324549363e+00
-3.925765650676207308e-01
-4.963785586585762744e-01
-1.294005349754163703e-01
1.781042400516361646e-01
8.992519039515842749e-01
1.126666881373727502e+00
-9.637752293566679285e-01
-1.194510259456299961e+00
-7.577190656933674440e-01
-9.637752293566679285e-01
-1.194510259456299961e+00
-7.577190656933674440e-01
-1.534456034475924824e+00
2.011202031538483759e-01
-1.385467951324549363e+00
-3.925765650676207308e-01
-4.963785586585762744e-01
-7.577190656933674440e-01
7.493029043406931322e-01
8.992519039515842749e-01
1.126666881373727502e+00
1.319983709459939814e+00
-1.194510259456299961e+00
-2.013786482042511317e+00
-3.925765650676207308e-01
-4.963785586585762744e-01
-1.294005349754163703e-01
3.033061843157300874e+00
nan
1.754415767004898097e+00
-9.637752293566679285e-01
-1.892009021268724833e+00
-1.385467951324549363e+00
7.493029043406931322e-01
8.992519039515842749e-01
1.126666881373727502e+00
-9.637752293566679285e-01
-1.194510259456299961e+00
-7.577190656933674440e-01
-2.105654698764981791e+00
-1.194510259456299961e+00
1.754415767004898097e+00
1.891182373748997225e+00
nan
4.983483506557653264e-01
1.781042400516361646e-01
2.011202031538483759e-01
-1.294005349754163703e-01
-3.925765650676207308e-01
-4.963785586585762744e-01
-1.294005349754163703e-01
-9.637752293566679285e-01
-1.194510259456299961e+00
-7.577190656933674440e-01
-3.925765650676207308e-01
2.011202031538483759e-01
-1.294005349754163703e-01
-3.925765650676207308e-01
-4.963785586585762744e-01
-7.577190656933674440e-01
1.781042400516361646e-01
2.011202031538483759e-01
-1.294005349754163703e-01
7.493029043406931322e-01
1.596750665763996491e+00
2.382734297722860273e+00
1.781042400516361646e-01
2.011202031538483759e-01
4.983483506557653264e-01
1.891182373748997225e+00
2.011202031538483759e-01
nan
-9.637752293566679285e-01
-1.194510259456299961e+00
-7.577190656933674440e-01
-9.637752293566679285e-01
-1.194510259456299961e+00
-7.577190656933674440e-01
nan
-2.590140722066460732e+00
-1.294005349754163703e-01
-3.925765650676207308e-01
-4.963785586585762744e-01
-1.294005349754163703e-01
-3.925765650676207308e-01
-4.963785586585762744e-01
-1.294005349754163703e-01
-1.404136733198235731e-01
-1.434517804493204984e-01
6.354639370380743557e-02
6.965848408550865400e-01
1.112805517595408578e+00
9.603305160340513957e-01
1.115463861333720441e+00
2.368683052248958365e+00
9.603305160340513957e-01
1.952842138899816948e+00
nan
1.857928417059711013e+00
-5.592926937984579183e-01
-5.619510375367675614e-01
-8.336446179741603402e-01
-5.592926937984579183e-01
6.939264971167822260e-01
-1.282443568486974161e+00
1.115463861333720441e+00
1.112805517595408578e+00
9.603305160340513957e-01
6.965848408550865400e-01
6.939264971167822260e-01
9.603305160340513957e-01
2.780855837676314835e-01
2.754272400293205081e-01
5.119384548689294157e-01
-5.592926937984579183e-01
-5.619510375367675614e-01
-3.852525568090223729e-01
-2.652548506018098440e+00
-9.808300580154085679e-01
9.603305160340513957e-01
-2.652548506018098440e+00
-1.399709078494042025e+00
6.354639370380743557e-02
6.965848408550865400e-01
6.939264971167822260e-01
5.119384548689294157e-01
-5.592926937984579183e-01
-5.619510375367675614e-01
-3.852525568090223729e-01
2.780855837676314835e-01
6.939264971167822260e-01
5.119384548689294157e-01
1.115463861333720441e+00
1.112805517595408578e+00
9.603305160340513957e-01
-5.592926937984579183e-01
-5.619510375367675614e-01
-3.852525568090223729e-01
-1.396670971364554203e+00
-1.818208335581496415e+00
6.354639370380743557e-02
-5.592926937984579183e-01
-5.619510375367675614e-01
-3.852525568090223729e-01
-5.592926937984579183e-01
-5.619510375367675614e-01
-3.852525568090223729e-01
1.534342881812361892e+00
nan
-3.076825591842893282e+00
-9.777919508859125308e-01
-1.399709078494042025e+00
-1.730835629652111907e+00
6.965848408550865400e-01
6.939264971167822260e-01
5.119384548689294157e-01
-1.396670971364554203e+00
-2.236707592668950806e+00
-3.852525568090223729e-01
-1.396670971364554203e+00
2.787182309336405428e+00
5.119384548689294157e-01
-1.396670971364554203e+00
1.112805517595408578e+00
-8.336446179741603402e-01
-1.815170228452009260e+00
-1.434517804493204984e-01
-1.730835629652111907e+00
-1.815170228452009260e+00
2.754272400293205081e-01
-1.282443568486974161e+00
-1.404136733198235731e-01
-1.434517804493204984e-01
-3.852525568090223729e-01
6.965848408550865400e-01
6.939264971167822260e-01
5.119384548689294157e-01
-1.404136733198235731e-01
-1.434517804493204984e-01
6.354639370380743557e-02
-1.396670971364554203e+00
1.112805517595408578e+00
2.306320478224832993e+00
-1.404136733198235731e-01
-1.434517804493204984e-01
6.354639370380743557e-02
2.780855837676314835e-01
1.950183795161511302e+00
2.755119428737662357e+00
-1.404136733198235731e-01
-1.434517804493204984e-01
6.354639370380743557e-02
1.534342881812361892e+00
1.950183795161511302e+00
1.857928417059711013e+00
-5.592926937984579183e-01
-9.808300580154085679e-01
-8.336446179741603402e-01
2.780855837676314835e-01
2.754272400293205081e-01
5.119384548689294157e-01
1.115463861333720441e+00
1.112805517595408578e+00
9.603305160340513957e-01
1.115463861333720441e+00
1.112805517595408578e+00
9.603305160340513957e-01
nan
4.846768685730538095e-01
nan
-7.464340100872446371e-02
-2.541863175146721332e-01
1.197242496428847502e-01
7.103987342094839619e-01
8.542760042895021222e-01
9.571025272089728197e-01
1.495440869427692387e+00
nan
-1.973911325967932617e+00
-7.464340100872446371e-02
-2.541863175146721332e-01
1.197242496428847502e-01
-7.464340100872446371e-02
1.154128182017633009e-01
1.197242496428847502e-01
-7.464340100872446371e-02
-2.541863175146721332e-01
1.197242496428847502e-01
1.103097815908209878e+00
8.542760042895021222e-01
9.571025272089728197e-01
3.065525139864122561e+00
-2.541863175146721332e-01
3.050358339428610233e+00
-7.464340100872446371e-02
-2.541863175146721332e-01
-2.991547708357567004e-01
7.103987342094839619e-01
4.846768685730538095e-01
5.382235067303313691e-01
-4.669864545282131907e-01
-6.234503678859626419e-01
-7.180337913143977069e-01
-7.464340100872446371e-02
-2.541863175146721332e-01
-2.991547708357567004e-01
7.103987342094839619e-01
8.542760042895021222e-01
9.571025272089728197e-01
-8.596855362269324452e-01
-9.930495036024113986e-01
-1.136533048401844548e+00
1.495440869427692387e+00
1.592804105032056494e+00
2.631859082341163170e+00
-4.669864545282131907e-01
-9.930495036024113986e-01
-7.180337913143977069e-01
3.176996525107642633e-01
4.846768685730538095e-01
5.382235067303313691e-01
-1.644727671445147754e+00
-2.541863175146721332e-01
-1.973911325967932617e+00
7.103987342094839619e-01
4.846768685730538095e-01
9.571025272089728197e-01
-8.596855362269324452e-01
-1.731912689690137119e+00
-2.811289603534020465e+00
-7.464340100872446371e-02
1.154128182017633009e-01
1.197242496428847502e-01
1.103097815908209878e+00
1.223540054660779308e+00
1.375601784296434094e+00
-1.252028589746421394e+00
1.962403240748505251e+00
-7.180337913143977069e-01
3.176996525107642633e-01
1.154128182017633009e-01
1.197242496428847502e-01
-4.669864545282131907e-01
-6.234503678859626419e-01
-2.991547708357567004e-01
1.495440869427692387e+00
1.592804105032056494e+00
1.794480804775060445e+00
7.103987342094839619e-01
8.542760042895021222e-01
9.571025272089728197e-01
1.103097815908209878e+00
8.542760042895021222e-01
9.571025272089728197e-01
-4.669864545282131907e-01
-6.234503678859626419e-01
-2.991547708357567004e-01
-7.464340100872446371e-02
-6.234503678859626419e-01
-2.991547708357567004e-01
-2.429769806663355958e+00
-2.101511825406585654e+00
2.631859082341163170e+00
-4.669864545282131907e-01
-6.234503678859626419e-01
-7.180337913143977069e-01
-1.252028589746421394e+00
4.846768685730538095e-01
-1.555032305489291389e+00
-4.669864545282131907e-01
-6.234503678859626419e-01
-7.180337913143977069e-01
-4.669864545282131907e-01
-6.234503678859626419e-01
-7.180337913143977069e-01
3.176996525107642633e-01
1.154128182017633009e-01
1.197242496428847502e-01
3.065525139864122561e+00
-2.470775875777863284e+00
3.050358339428610233e+00
-7.464340100872446371e-02
-2.541863175146721332e-01
-2.991547708357567004e-01
-1.252028589746421394e+00
-2.470775875777863284e+00
-1.136533048401844548e+00
5.127522335643344142e-01
6.151194696530737360e-02
5.070557826965296222e-01
-3.844387781136187066e-01
-8.356790647126439708e-01
-8.389341794942519748e-01
9.615511840771646668e-01
5.099040081304373473e-01
5.070557826965296222e-01
-3.844387781136187066e-01
-8.356790647126439708e-01
-8.389341794942519748e-01
nan
6.151194696530737360e-02
2.301437806052449186e+00
9.615511840771646668e-01
5.099040081304373473e-01
5.070557826965296222e-01
-3.844387781136187066e-01
-3.872870035475144412e-01
-3.901352289814221663e-01
nan
-1.732870076390603753e+00
1.404246794374496954e+00
-3.844387781136187066e-01
-3.872870035475144412e-01
-3.901352289814221663e-01
5.127522335643344142e-01
6.151194696530737360e-02
5.866372153140764212e-02
6.436017239920399646e-02
-3.872870035475144412e-01
-3.901352289814221663e-01
-3.844387781136187066e-01
-3.872870035475144412e-01
-3.901352289814221663e-01
-3.076011813147485618e+00
-2.630061088068555541e+00
1.853045744887311219e+00
1.409943245242295529e+00
1.407095019808389136e+00
1.404246794374496954e+00
-8.328308392787491243e-01
-1.284478015225474001e+00
-1.287326240659373733e+00
5.127522335643344142e-01
6.151194696530737360e-02
5.866372153140764212e-02
-8.328308392787491243e-01
-3.078860038581385350e+00
5.070557826965296222e-01
6.436017239920399646e-02
6.151194696530737360e-02
5.866372153140764212e-02
nan
-3.872870035475144412e-01
9.558547332093589866e-01
6.436017239920399646e-02
-3.872870035475144412e-01
-3.901352289814221663e-01
-3.844387781136187066e-01
-8.356790647126439708e-01
-3.901352289814221663e-01
6.436017239920399646e-02
-3.872870035475144412e-01
-3.901352289814221663e-01
6.436017239920399646e-02
-3.872870035475144412e-01
-3.901352289814221663e-01
5.127522335643344142e-01
5.099040081304373473e-01
5.070557826965296222e-01
5.127522335643344142e-01
6.151194696530737360e-02
5.866372153140764212e-02
5.127522335643344142e-01
5.099040081304373473e-01
5.070557826965296222e-01
9.615511840771646668e-01
9.582960692955668769e-01
9.558547332093589866e-01
-1.730428740304402080e+00
1.855893970321218500e+00
-3.901352289814221663e-01
5.127522335643344142e-01
5.099040081304373473e-01
5.070557826965296222e-01
5.127522335643344142e-01
nan
-2.184517252337325743e+00
1.858742195755117788e+00
2.304286031486340480e+00
1.404246794374496954e+00
-3.844387781136187066e-01
-8.356790647126439708e-01
-8.389341794942519748e-01
6.436017239920399646e-02
-3.872870035475144412e-01
-3.901352289814221663e-01
-3.844387781136187066e-01
-3.872870035475144412e-01
-3.901352289814221663e-01
5.127522335643344142e-01
6.151194696530737360e-02
5.866372153140764212e-02
-8.328308392787491243e-01
-1.732870076390603753e+00
5.070557826965296222e-01
1.409943245242295529e+00
1.855893970321218500e+00
1.853045744887311219e+00
9.615511840771646668e-01
5.099040081304373473e-01
5.070557826965296222e-01
9.615511840771646668e-01
5.099040081304373473e-01
9.558547332093589866e-01
5.127522335643344142e-01
6.151194696530737360e-02
5.070557826965296222e-01
-1.939603114771109027e-01
-4.393688400530955107e-01
-1.996567623449143625e-01
-1.450217609521841755e+00
nan
-1.874413317477090501e+00
-1.031718352434386698e+00
-1.336559851731047299e+00
-1.455534296998449495e+00
-1.031718352434386698e+00
-1.336559851731047299e+00
-1.455534296998449495e+00
2.318174521221163520e+00
nan
1.056600535699814269e+00
-1.939603114771109027e-01
9.023221112042012493e-03
-1.996567623449143625e-01
-1.450217609521841755e+00
-2.682549813921828896e+00
-6.185357828235553690e-01
-6.128393319557527974e-01
-4.393688400530955107e-01
-6.185357828235553690e-01
6.434179660889780550e-01
9.062142327899938010e-01
6.377215152211737070e-01
2.245389456103437098e-01
4.578221716248718209e-01
2.192222581337266440e-01
-2.706095144175385769e+00
-2.233750863408999088e+00
-2.711791595043178571e+00
6.434179660889780550e-01
9.062142327899938010e-01
6.377215152211737070e-01
-1.031718352434386698e+00
-1.336559851731047299e+00
-1.455534296998449495e+00
1.061917223176432667e+00
1.354606293955115337e+00
1.056600535699814269e+00
2.245389456103437098e-01
4.578221716248718209e-01
2.192222581337266440e-01
-1.939603114771109027e-01
9.023221112042012493e-03
2.192222581337266440e-01
1.480796243655074118e+00
9.023221112042012493e-03
2.312478070353364057e+00
2.245389456103437098e-01
4.578221716248718209e-01
2.192222581337266440e-01
-2.287595887087930713e+00
-4.393688400530955107e-01
-2.711791595043178571e+00
-1.031718352434386698e+00
-1.336559851731047299e+00
-1.455534296998449495e+00
2.245389456103437098e-01
4.578221716248718209e-01
2.192222581337266440e-01
6.434179660889780550e-01
9.062142327899938010e-01
6.377215152211737070e-01
1.480796243655074118e+00
1.354606293955115337e+00
-1.455534296998449495e+00
-6.128393319557527974e-01
-4.393688400530955107e-01
-1.996567623449143625e-01
-1.939603114771109027e-01
9.023221112042012493e-03
2.192222581337266440e-01
1.480796243655074118e+00
-1.336559851731047299e+00
-6.185357828235553690e-01
1.061917223176432667e+00
1.803405244467945590e+00
1.475099792787276431e+00
-1.939603114771109027e-01
9.023221112042012493e-03
2.192222581337266440e-01
-1.031718352434386698e+00
-8.881677905659097760e-01
-6.185357828235553690e-01
-2.706095144175385769e+00
2.700596256145896934e+00
1.475099792787276431e+00
-6.128393319557527974e-01
-4.393688400530955107e-01
-6.185357828235553690e-01
-1.939603114771109027e-01
9.023221112042012493e-03
-1.996567623449143625e-01
-6.128393319557527974e-01
-4.393688400530955107e-01
-1.996567623449143625e-01
-6.128393319557527974e-01
-8.881677905659097760e-01
-6.185357828235553690e-01
6.434179660889780550e-01
9.062142327899938010e-01
1.056600535699814269e+00
6.434179660889780550e-01
9.062142327899938010e-01
6.377215152211737070e-01
-1.939603114771109027e-01
9.023221112042012493e-03
2.192222581337266440e-01
-1.450217609521841755e+00
-1.785358802243877330e+00
-1.874413317477090501e+00
-1.450217609521841755e+00
2.700596256145896934e+00
-1.996567623449143625e-01
6.434179660889780550e-01
1.354606293955115337e+00
1.056600535699814269e+00
