7.965439883889309236e-01
1.146789406896788321e+00
7.913222417601146752e-01
-2.501788585686801625e-01
-5.657708676307695583e-01
-2.554006051974968550e-01
-2.501788585686801625e-01
4.909937488476678880e-03
-2.554006051974968550e-01
-2.501788585686801625e-01
-5.657708676307695583e-01
-2.554006051974968550e-01
2.734199170296216508e-01
4.909937488476678880e-03
2.677234661618221878e-01
-1.296901705526291693e+00
1.717988071185835075e+00
2.361169160077054130e+00
2.734199170296216508e-01
4.909937488476678880e-03
2.677234661618221878e-01
-2.501788585686801625e-01
-5.657708676307695583e-01
-7.789993807957986682e-01
2.734199170296216508e-01
4.909937488476678880e-03
2.677234661618221878e-01
-2.501788585686801625e-01
4.909937488476678880e-03
2.677234661618221878e-01
-1.820025776885610291e+00
-2.278849001328127510e+00
7.913222417601146752e-01
7.965439883889309236e-01
5.761086017775327583e-01
7.913222417601146752e-01
-2.501788585686801625e-01
-5.657708676307695583e-01
-2.554006051974968550e-01
2.734199170296216508e-01
4.909937488476678880e-03
2.677234661618221878e-01
1.320142763987233181e+00
nan
7.913222417601146752e-01
-2.501788585686801625e-01
-5.657708676307695583e-01
-2.554006051974968550e-01
7.965439883889309236e-01
1.146789406896788321e+00
7.913222417601146752e-01
2.734199170296216508e-01
4.909937488476678880e-03
2.677234661618221878e-01
-2.501788585686801625e-01
-5.657708676307695583e-01
-2.554006051974968550e-01
-2.501788585686801625e-01
4.909937488476678880e-03
-2.554006051974968550e-01
-2.501788585686801625e-01
-1.707650337039081645e+00
-2.554006051974968550e-01
-2.501788585686801625e-01
-5.657708676307695583e-01
-2.554006051974968550e-01
-7.733029299279987612e-01
nan
-2.872445074711021284e+00
7.965439883889309236e-01
1.717988071185835075e+00
-7.789993807957986682e-01
7.965439883889309236e-01
1.717988071185835075e+00
1.314446313119433718e+00
-2.501788585686801625e-01
4.909937488476678880e-03
-2.554006051974968550e-01
2.734199170296216508e-01
5.761086017775327583e-01
2.677234661618221878e-01
-7.733029299279987612e-01
1.717988071185835075e+00
-7.789993807957986682e-01
-2.501788585686801625e-01
-5.657708676307695583e-01
-2.554006051974968550e-01
2.734199170296216508e-01
4.909937488476678880e-03
2.677234661618221878e-01
7.965439883889309236e-01
1.146789406896788321e+00
7.913222417601146752e-01
-2.501788585686801625e-01
-5.657708676307695583e-01
-2.554006051974968550e-01
-2.501788585686801625e-01
-5.657708676307695583e-01
-2.554006051974968550e-01
-1.296901705526291693e+00
5.761086017775327583e-01
2.884767935675347061e+00
nan
-2.278849001328127510e+00
2.361169160077054130e+00
-7.733029299279987612e-01
-1.707650337039081645e+00
1.838045088717735531e+00
1.843266835346551780e+00
nan
1.314446313119433718e+00
2.734199170296216508e-01
4.909937488476678880e-03
2.677234661618221878e-01
7.965439883889309236e-01
1.717988071185835075e+00
nan
-7.733029299279987612e-01
-1.136969531919825638e+00
-1.302123452155107941e+00
-5.019546837831461161e-01
-8.127033817635891388e-01
-8.155516071974857617e-01
9.475729678069280126e-01
7.576182407923215401e-01
7.547700153584275817e-01
4.642510211008032961e-01
7.576182407923215401e-01
7.547700153584275817e-01
-1.863273707702939319e-02
2.340194651940299408e-01
2.311712397601257685e-01
-1.863273707702939319e-02
-2.891046061652882138e-01
-2.919528315991928302e-01
-9.848384419609788054e-01
-1.335827453122907071e+00
-1.338675678556804360e+00
-9.848384419609788054e-01
-1.859426228721198893e+00
-1.862274454155106174e+00
-5.019546837831461161e-01
-8.127033817635891388e-01
-8.155516071974857617e-01
9.475729678069280126e-01
1.280742312151639695e+00
1.277894086717736855e+00
-1.863273707702939319e-02
-2.891046061652882138e-01
-2.919528315991928302e-01
-1.863273707702939319e-02
-2.891046061652882138e-01
-2.919528315991928302e-01
2.396662430868709670e+00
-2.891046061652882138e-01
-1.338675678556804360e+00
1.430456725984760702e+00
nan
2.311712397601257685e-01
-1.863273707702939319e-02
-2.891046061652882138e-01
-2.919528315991928302e-01
-1.863273707702939319e-02
-2.891046061652882138e-01
-2.919528315991928302e-01
1.430456725984760702e+00
2.851063934707550374e+00
-1.338675678556804360e+00
-5.019546837831461161e-01
-2.891046061652882138e-01
-2.919528315991928302e-01
-5.019546837831461161e-01
-2.891046061652882138e-01
-2.919528315991928302e-01
-9.848384419609788054e-01
-1.335827453122907071e+00
-1.338675678556804360e+00
-1.863273707702939319e-02
2.340194651940299408e-01
2.311712397601257685e-01
-5.019546837831461161e-01
-2.891046061652882138e-01
-2.919528315991928302e-01
9.475729678069280126e-01
7.576182407923215401e-01
7.547700153584275817e-01
-5.019546837831461161e-01
-8.127033817635891388e-01
-8.155516071974857617e-01
-5.019546837831461161e-01
-8.127033817635891388e-01
-8.155516071974857617e-01
4.642510211008032961e-01
7.576182407923215401e-01
7.547700153584275817e-01
4.642510211008032961e-01
2.340194651940299408e-01
2.311712397601257685e-01
-1.863273707702939319e-02
2.340194651940299408e-01
2.311712397601257685e-01
-1.863273707702939319e-02
-2.891046061652882138e-01
-2.919528315991928302e-01
-1.863273707702939319e-02
-2.891046061652882138e-01
-2.919528315991928302e-01
4.642510211008032961e-01
7.576182407923215401e-01
7.547700153584275817e-01
-5.019546837831461161e-01
-2.891046061652882138e-01
-2.919528315991928302e-01
4.642510211008032961e-01
2.340194651940299408e-01
2.311712397601257685e-01
-9.848384419609788054e-01
-8.127033817635891388e-01
-8.155516071974857617e-01
-1.863273707702939319e-02
2.340194651940299408e-01
2.311712397601257685e-01
-5.019546837831461161e-01
-8.127033817635891388e-01
-8.155516071974857617e-01
-1.863273707702939319e-02
2.340194651940299408e-01
2.311712397601257685e-01
-1.468160388667099303e+00
-2.906149075678817972e+00
-1.338675678556804360e+00
4.642510211008032961e-01
7.576182407923215401e-01
7.547700153584275817e-01
-1.863273707702939319e-02
2.340194651940299408e-01
-2.919528315991928302e-01
9.475729678069280126e-01
7.576182407923215401e-01
7.547700153584275817e-01
7.457506348177509459e-01
5.206976706089658791e-01
-3.747484379358256845e-02
-8.240962834991822916e-01
-1.192380463088392295e+00
-1.003680548677540862e+00
2.226265634584327913e-01
-5.050099368009020040e-02
-3.747484379358256845e-02
2.316072257373658516e+00
nan
9.287308610903668438e-01
1.269349410416047874e+00
nan
-2.936091958445440575e+00
nan
-5.050099368009020040e-02
1.412052807796492004e+00
-8.240962834991822916e-01
-6.211817987993359935e-01
-1.003680548677540862e+00
2.839196328732976227e+00
2.804456609425580282e+00
-1.969886253561490941e+00
2.226265634584327913e-01
-5.050099368009020040e-02
-5.203586019714157018e-01
-3.009722121398641370e-01
-5.050099368009020040e-02
-5.203586019714157018e-01
1.792473481775366473e+00
nan
9.287308610903668438e-01
-3.009722121398641370e-01
-6.211817987993359935e-01
-5.203586019714157018e-01
2.226265634584327913e-01
-5.050099368009020040e-02
-3.747484379358256845e-02
2.226265634584327913e-01
-5.050099368009020040e-02
-5.203586019714157018e-01
2.226265634584327913e-01
-5.050099368009020040e-02
-5.203586019714157018e-01
nan
-2.904940737615950397e+00
1.412052807796492004e+00
-2.917541977414408017e+00
-1.192380463088392295e+00
-2.452770011739323852e+00
2.316072257373658516e+00
2.233257945136523759e+00
-2.936091958445440575e+00
-1.347695059097479220e+00
1.662577140017267752e+00
-1.003680548677540862e+00
nan
-5.050099368009020040e-02
nan
-1.347695059097479220e+00
-1.763061268207648524e+00
-1.969886253561490941e+00
-8.240962834991822916e-01
1.662577140017267752e+00
-1.003680548677540862e+00
-3.009722121398641370e-01
-6.211817987993359935e-01
-5.203586019714157018e-01
-8.240962834991822916e-01
-1.192380463088392295e+00
-1.486564306855365558e+00
2.226265634584327913e-01
-5.050099368009020040e-02
-3.747484379358256845e-02
-1.347695059097479220e+00
-2.334259932496694390e+00
1.894936565974325582e+00
1.792473481775366473e+00
nan
9.287308610903668438e-01
1.792473481775366473e+00
nan
4.458471029125341545e-01
2.226265634584327913e-01
-5.050099368009020040e-02
-3.747484379358256845e-02
7.457506348177509459e-01
1.091378475728221886e+00
4.458471029125341545e-01
1.269349410416047874e+00
nan
-2.936091958445440575e+00
2.226265634584327913e-01
-5.050099368009020040e-02
-5.203586019714157018e-01
nan
-2.904940737615950397e+00
1.412052807796492004e+00
2.226265634584327913e-01
-5.050099368009020040e-02
-3.747484379358256845e-02
1.269349410416047874e+00
1.662577140017267752e+00
1.412052807796492004e+00
-3.009722121398641370e-01
-6.211817987993359935e-01
-5.203586019714157018e-01
-2.917541977414408017e+00
-1.192380463088392295e+00
2.378258512680441861e+00
7.457506348177509459e-01
1.091378475728221886e+00
4.458471029125341545e-01
-8.240962834991822916e-01
-6.211817987993359935e-01
-1.003680548677540862e+00
-8.240962834991822916e-01
-1.192380463088392295e+00
-1.003680548677540862e+00
-8.020700068103687741e-01
-8.049182322442685056e-01
-1.015272627016899687e+00
2.337813711519084237e+00
1.707216600454008137e+00
1.268486311799717825e+00
-1.743211211791924065e-01
-1.771693466130863648e-01
1.266068423914044061e-01
-8.020700068103687741e-01
-8.049182322442685056e-01
-4.445918218976427916e-01
1.081746295169946137e+00
1.707216600454008137e+00
1.839167116918975609e+00
4.539974095387697695e-01
4.511491841048642648e-01
6.972876475106613015e-01
-8.020700068103687741e-01
-8.049182322442685056e-01
-4.445918218976427916e-01
-1.743211211791924065e-01
-1.771693466130863648e-01
1.266068423914044061e-01
2.337813711519084237e+00
nan
-2.157152096425203336e+00
-1.743211211791924065e-01
-1.771693466130863648e-01
-4.445918218976427916e-01
-8.020700068103687741e-01
-8.049182322442685056e-01
-4.445918218976427916e-01
-8.020700068103687741e-01
-1.433236762962224908e+00
-1.015272627016899687e+00
-8.020700068103687741e-01
-8.049182322442685056e-01
-1.015272627016899687e+00
1.710064825887908313e+00
nan
-1.015272627016899687e+00
-1.743211211791924065e-01
-1.771693466130863648e-01
1.266068423914044061e-01
-1.743211211791924065e-01
-1.771693466130863648e-01
1.266068423914044061e-01
4.539974095387697695e-01
4.511491841048642648e-01
6.972876475106613015e-01
4.539974095387697695e-01
4.511491841048642648e-01
6.972876475106613015e-01
4.539974095387697695e-01
4.511491841048642648e-01
1.266068423914044061e-01
4.539974095387697695e-01
1.078898069736045962e+00
6.972876475106613015e-01
-1.743211211791924065e-01
-1.771693466130863648e-01
1.266068423914044061e-01
4.539974095387697695e-01
4.511491841048642648e-01
6.972876475106613015e-01
-8.020700068103687741e-01
-8.049182322442685056e-01
-4.445918218976427916e-01
-1.743211211791924065e-01
-1.771693466130863648e-01
-4.445918218976427916e-01
-8.020700068103687741e-01
-1.433236762962224908e+00
-1.015272627016899687e+00
-1.743211211791924065e-01
4.511491841048642648e-01
1.266068423914044061e-01
-1.743211211791924065e-01
-1.771693466130863648e-01
-4.445918218976427916e-01
-1.430388537528324955e+00
-1.433236762962224908e+00
-2.157152096425203336e+00
-8.020700068103687741e-01
-8.049182322442685056e-01
-1.015272627016899687e+00
-1.430388537528324955e+00
2.963284016803140908e+00
1.266068423914044061e-01
-1.743211211791924065e-01
-1.771693466130863648e-01
1.266068423914044061e-01
-8.020700068103687741e-01
-8.049182322442685056e-01
-1.015272627016899687e+00
-2.058137423159506874e+00
1.707216600454008137e+00
-1.015272627016899687e+00
4.539974095387697695e-01
1.078898069736045962e+00
6.972876475106613015e-01
4.539974095387697695e-01
4.511491841048642648e-01
6.972876475106613015e-01
-1.743211211791924065e-01
4.511491841048642648e-01
1.266068423914044061e-01
4.539974095387697695e-01
4.511491841048642648e-01
6.972876475106613015e-01
-2.058137423159506874e+00
-2.689304179311363008e+00
-4.445918218976427916e-01
-1.743211211791924065e-01
-1.771693466130863648e-01
-4.445918218976427916e-01
1.710064825887908313e+00
nan
1.268486311799717825e+00
-4.429087795957955542e-01
7.316281837080014228e-01
2.298864228710525204e+00
3.421333556224124273e-01
3.392851301885126958e-01
-5.626217694410673431e-02
3.421333556224124273e-01
-5.341395151020655874e-02
-5.626217694410673431e-02
2.697259761277043921e+00
-1.623498221946630071e+00
-2.018689500900018530e+00
3.421333556224124273e-01
3.392851301885126958e-01
3.360808765753824368e-01
3.089602814796532648e+00
-8.384560867284216457e-01
-1.233647365681803665e+00
-1.620649996512730118e+00
-2.015841275466119242e+00
3.360808765753824368e-01
-5.056572607630682725e-02
-4.457570050296957298e-01
-4.486052304635954613e-01
3.421333556224124273e-01
3.392851301885126958e-01
3.360808765753824368e-01
3.421333556224124273e-01
3.392851301885126958e-01
3.360808765753824368e-01
1.519518544360109580e+00
2.301712454144425379e+00
nan
3.421333556224124273e-01
3.392851301885126958e-01
3.360808765753824368e-01
-4.429087795957955542e-01
-8.384560867284216457e-01
-1.233647365681803665e+00
1.912217626058835940e+00
nan
7.287799582741016913e-01
-5.056572607630682725e-02
-4.457570050296957298e-01
-4.486052304635954613e-01
-5.056572607630682725e-02
-5.341395151020655874e-02
-4.486052304635954613e-01
1.912217626058835940e+00
1.516670318926216510e+00
-1.626346447380529803e+00
-1.227950914814010863e+00
-1.623498221946630071e+00
2.691563310409251564e+00
7.344764091419015983e-01
7.316281837080014228e-01
7.287799582741016913e-01
-5.056572607630682725e-02
-4.457570050296957298e-01
-4.486052304635954613e-01
-4.429087795957955542e-01
-8.384560867284216457e-01
-8.413043121623147158e-01
3.421333556224124273e-01
3.392851301885126958e-01
3.360808765753824368e-01
-5.056572607630682725e-02
-5.341395151020655874e-02
-4.486052304635954613e-01
7.344764091419015983e-01
1.124327265406727783e+00
7.287799582741016913e-01
-5.056572607630682725e-02
-4.457570050296957298e-01
-4.486052304635954613e-01
3.089602814796532648e+00
-5.341395151020655874e-02
1.121479039972827607e+00
1.127175490840627958e+00
1.124327265406727783e+00
1.121479039972827607e+00
7.344764091419015983e-01
7.316281837080014228e-01
7.287799582741016913e-01
1.127175490840627958e+00
1.516670318926216510e+00
1.513822093492317222e+00
-5.056572607630682725e-02
-4.457570050296957298e-01
-4.486052304635954613e-01
-4.429087795957955542e-01
-2.408540357164838497e+00
-1.626346447380529803e+00
-5.056572607630682725e-02
-4.457570050296957298e-01
-4.486052304635954613e-01
-8.356078612945219142e-01
-5.341395151020655874e-02
1.121479039972827607e+00
-4.429087795957955542e-01
-8.384560867284216457e-01
-8.413043121623147158e-01
-8.356078612945219142e-01
-1.230799140247903711e+00
-1.626346447380529803e+00
-1.620649996512730118e+00
1.909369400624935764e+00
-4.486052304635954613e-01
3.421333556224124273e-01
3.392851301885126958e-01
-5.626217694410673431e-02
-5.056572607630682725e-02
-4.457570050296957298e-01
-4.486052304635954613e-01
-1.227950914814010863e+00
-2.015841275466119242e+00
7.287799582741016913e-01
-5.056572607630682725e-02
-4.457570050296957298e-01
-4.486052304635954613e-01
nan
6.397017078289319869e-01
1.892920898744174352e+00
-1.032396503564942059e+00
-1.453933867781884937e+00
1.055162857786898556e+00
-6.135174830863006079e-01
-6.165555902157970891e-01
-1.038092954432741966e+00
-1.950182259988455513e-01
-6.165555902157970891e-01
-6.192139339541005150e-01
-6.135174830863006079e-01
-6.165555902157970891e-01
-1.038092954432741966e+00
1.898617349611973815e+00
nan
2.181643436119888868e-01
nan
nan
6.366636006994434993e-01
-6.135174830863006079e-01
-6.165555902157970891e-01
-1.038092954432741966e+00
-6.135174830863006079e-01
-6.165555902157970891e-01
-1.038092954432741966e+00
-6.135174830863006079e-01
-6.165555902157970891e-01
-1.038092954432741966e+00
1.479738329133332364e+00
1.477079985395027606e+00
1.474041878265532901e+00
1.479738329133332364e+00
nan
1.055162857786898556e+00
1.061239072045885301e+00
1.058200964916386155e+00
1.055162857786898556e+00
-1.950182259988455513e-01
-1.976765697371560826e-01
-6.192139339541005150e-01
1.061239072045885301e+00
1.058200964916386155e+00
6.366636006994434993e-01
1.898617349611973815e+00
2.732957520048570288e+00
-2.712849509564927430e+00
2.238607944797883498e-01
2.208226873502985299e-01
-2.007146768666454584e-01
-1.950182259988455513e-01
-1.976765697371560826e-01
-2.007146768666454584e-01
1.061239072045885301e+00
1.058200964916386155e+00
6.366636006994434993e-01
-1.950182259988455513e-01
-1.976765697371560826e-01
-6.192139339541005150e-01
1.061239072045885301e+00
1.058200964916386155e+00
6.366636006994434993e-01
2.238607944797883498e-01
-1.976765697371560826e-01
-2.007146768666454584e-01
2.735995627178063216e+00
nan
6.366636006994434993e-01
2.238607944797883498e-01
2.732957520048570288e+00
-2.007146768666454584e-01
2.238607944797883498e-01
2.208226873502985299e-01
-2.007146768666454584e-01
2.238607944797883498e-01
2.208226873502985299e-01
-2.007146768666454584e-01
6.423600515672434064e-01
6.397017078289319869e-01
2.181643436119888868e-01
2.238607944797883498e-01
2.208226873502985299e-01
2.181643436119888868e-01
-6.135174830863006079e-01
6.397017078289319869e-01
2.181643436119888868e-01
1.479738329133332364e+00
1.895579242482481774e+00
1.892920898744174352e+00
-1.950182259988455513e-01
-1.976765697371560826e-01
-6.192139339541005150e-01
-1.950182259988455513e-01
-1.976765697371560826e-01
-2.007146768666454584e-01
6.423600515672434064e-01
6.397017078289319869e-01
2.181643436119888868e-01
2.238607944797883498e-01
2.208226873502985299e-01
2.181643436119888868e-01
2.238607944797883498e-01
2.208226873502985299e-01
2.181643436119888868e-01
2.238607944797883498e-01
2.208226873502985299e-01
2.181643436119888868e-01
1.061239072045885301e+00
1.058200964916386155e+00
6.366636006994434993e-01
6.423600515672434064e-01
6.397017078289319869e-01
2.181643436119888868e-01
-6.135174830863006079e-01
-6.165555902157970891e-01
-1.038092954432741966e+00
-6.135174830863006079e-01
-6.165555902157970891e-01
-1.038092954432741966e+00
-2.588232865342743771e+00
-2.507872219172035955e+00
-7.449501403814653422e-01
1.033401696911231404e-01
-4.144265252568164470e-01
3.969293290268387508e-01
1.000531181369075817e+00
1.679019168658412831e+00
nan
5.521391202039538371e-01
1.155895097299094232e+00
2.109489603554409953e+00
-1.242242903151960176e+00
-1.984273443573744133e+00
-2.458028274078825959e+00
-7.938508419868295363e-01
-1.461149372214426201e+00
-7.449501403814653422e-01
nan
1.091722503414849221e-01
nan
-3.450518914740072773e-01
-9.375505966161248317e-01
-1.742693352622084468e-01
5.521391202039538371e-01
-1.461149372214426201e+00
-1.316148804670522310e+00
5.521391202039538371e-01
1.091722503414849221e-01
9.676101341460956462e-01
1.000531181369075817e+00
2.725742015616031466e+00
nan
1.033401696911231404e-01
nan
-3.028709079198083298e+00
1.897722193047036932e+00
nan
nan
1.449330131881906958e+00
6.322963217008026326e-01
3.969293290268387508e-01
1.449330131881906958e+00
nan
-3.028709079198083298e+00
5.521391202039538371e-01
1.091722503414849221e-01
9.676101341460956462e-01
2.346521143559859190e+00
nan
nan
1.033401696911231404e-01
1.091722503414849221e-01
9.676101341460956462e-01
-1.691041853664790651e+00
-1.461149372214426201e+00
-1.316148804670522310e+00
1.897722193047036932e+00
nan
nan
-3.450518914740072773e-01
-9.375505966161248317e-01
-1.742693352622084468e-01
-7.938508419868295363e-01
-1.461149372214426201e+00
-7.449501403814653422e-01
5.521391202039538371e-01
1.155895097299094232e+00
2.109489603554409953e+00
1.033401696911231404e-01
-4.144265252568164470e-01
3.969293290268387508e-01
-1.242242903151960176e+00
-1.984273443573744133e+00
-1.886829609789769213e+00
nan
-9.375505966161248317e-01
nan
-3.036624926507874189e+00
2.202617944256713756e+00
-1.742693352622084468e-01
nan
1.155895097299094232e+00
nan
-1.691041853664790651e+00
1.155895097299094232e+00
-7.449501403814653422e-01
-3.450518914740072773e-01
-9.375505966161248317e-01
-1.742693352622084468e-01
-7.938508419868295363e-01
2.202617944256713756e+00
-1.742693352622084468e-01
-3.450518914740072773e-01
-9.375505966161248317e-01
-1.742693352622084468e-01
-7.938508419868295363e-01
-4.144265252568164470e-01
-2.458028274078825959e+00
-2.139433914829921068e+00
-4.144265252568164470e-01
1.538808798435152170e+00
1.449330131881906958e+00
-4.144265252568164470e-01
3.969293290268387508e-01
1.033401696911231404e-01
-4.144265252568164470e-01
3.969293290268387508e-01
1.033401696911231404e-01
-4.144265252568164470e-01
3.969293290268387508e-01
-7.938508419868295363e-01
-9.375505966161248317e-01
-7.449501403814653422e-01
-3.450518914740072773e-01
-9.375505966161248317e-01
-7.449501403814653422e-01
-7.938508419868295363e-01
-3.030996290531353665e+00
-2.458028274078825959e+00
-1.455769390839282806e+00
-2.948959978808782800e-01
-1.257501253690700871e+00
nan
1.379860557251298303e+00
3.060408504099073390e+00
-1.106703540440421074e+00
-1.132274275446973455e+00
-4.721030902932552564e-01
9.867421534748075373e-01
9.609815367726639579e-01
3.129390449249531692e-01
6.376763030759460271e-01
-7.133952549683324484e-01
-4.721030902932552564e-01
1.684557384779887812e+00
nan
1.097981180143167812e+00
-6.013892822913469161e-02
9.609815367726639579e-01
-1.257501253690700871e+00
1.335491534381019640e+00
1.379860557251298303e+00
3.129390449249531692e-01
1.684557384779887812e+00
nan
3.129390449249531692e-01
9.867421534748075373e-01
-7.133952549683324484e-01
-4.721030902932552564e-01
9.867421534748075373e-01
9.609815367726639579e-01
3.129390449249531692e-01
6.376763030759460271e-01
5.424822796852097895e-01
3.129390449249531692e-01
-1.804518771745495131e+00
-2.948959978808782800e-01
-8.648021719919816164e-01
nan
1.798739577729938866e+00
1.490324233662657427e+00
2.889269221697334800e-01
-1.132274275446973455e+00
-8.648021719919816164e-01
-1.804518771745495131e+00
2.217238834817393034e+00
-7.976003677376652945e-02
2.889269221697334800e-01
1.239830225977556211e-01
3.129390449249531692e-01
6.376763030759460271e-01
5.424822796852097895e-01
3.129390449249531692e-01
-4.088883091353405774e-01
-1.969652553013061524e+00
-1.649844307210189820e+00
9.867421534748075373e-01
9.609815367726639579e-01
3.129390449249531692e-01
nan
-2.807030830579157143e+00
7.052820984444418961e-01
1.335491534381019640e+00
1.798739577729938866e+00
7.052820984444418961e-01
-2.851399853449437138e+00
-7.133952549683324484e-01
-4.721030902932552564e-01
2.033306765686099915e+00
-1.132274275446973455e+00
2.667709422400354136e+00
3.079871377897386964e+00
nan
7.052820984444418961e-01
2.033306765686099915e+00
nan
1.097981180143167812e+00
-6.013892822913469161e-02
1.239830225977556211e-01
-7.976003677376652945e-02
1.335491534381019640e+00
-2.948959978808782800e-01
-4.721030902932552564e-01
-1.106703540440421074e+00
-1.550773532534428067e+00
-4.721030902932552564e-01
-2.502334003050575628e+00
-1.969652553013061524e+00
-8.648021719919816164e-01
9.867421534748075373e-01
9.609815367726639579e-01
3.129390449249531692e-01
nan
1.379860557251298303e+00
1.097981180143167812e+00
-1.106703540440421074e+00
1.379860557251298303e+00
-4.721030902932552564e-01
-4.088883091353405774e-01
-2.948959978808782800e-01
-7.976003677376652945e-02
-1.106703540440421074e+00
-1.132274275446973455e+00
-7.976003677376652945e-02
nan
-7.133952549683324484e-01
7.052820984444418961e-01
-7.579541595342087490e-01
-1.132274275446973455e+00
-7.976003677376652945e-02
-6.013892822913469161e-02
1.798739577729938866e+00
7.052820984444418961e-01
6.376763030759460271e-01
5.424822796852097895e-01
3.129390449249531692e-01
-1.106703540440421074e+00
-1.550773532534428067e+00
-4.721030902932552564e-01
7.134707465668985726e-01
nan
-2.955993020772037294e+00
1.898719709686056412e-01
-6.508072107598383838e-02
1.841755201008061782e-01
1.898719709686056412e-01
-6.508072107598383838e-02
1.841755201008061782e-01
-3.332521003907129575e-01
-5.479644792538165277e-01
-3.394232554974960792e-01
-3.332521003907129575e-01
-5.479644792538165277e-01
-3.394232554974960792e-01
-3.332521003907129575e-01
-5.479644792538165277e-01
-3.394232554974960792e-01
1.898719709686056412e-01
4.182412256301404341e-01
1.841755201008061782e-01
-1.379974947348333592e+00
-1.514170184137764608e+00
-1.386146102455107387e+00
-3.332521003907129575e-01
-6.508072107598383838e-02
1.841755201008061782e-01
-8.568508759890147708e-01
-5.479644792538165277e-01
-3.394232554974960792e-01
-3.332521003907129575e-01
-5.479644792538165277e-01
-3.394232554974960792e-01
1.898719709686056412e-01
nan
-2.432868949412718695e+00
-3.332521003907129575e-01
-5.479644792538165277e-01
-3.394232554974960792e-01
-1.903573722946626301e+00
1.384446930514089402e+00
-8.625473268568053520e-01
-3.332521003907129575e-01
-5.479644792538165277e-01
-3.394232554974960792e-01
1.898719709686056412e-01
4.182412256301404341e-01
7.072995914601247769e-01
-2.950296569904246713e+00
-1.997492130843889324e+00
-8.625473268568053520e-01
nan
-2.963697835727837848e+00
1.230898367058417264e+00
1.236594817926216727e+00
1.867330688691921203e+00
1.754022438417735863e+00
1.760193593524519429e+00
-6.508072107598383838e-02
2.277621214016037676e+00
-2.950296569904246713e+00
4.182412256301404341e-01
2.277621214016037676e+00
-8.568508759890147708e-01
9.011249838079642416e-01
1.230898367058417264e+00
-1.903573722946626301e+00
2.350652635398037482e+00
-3.394232554974960792e-01
-8.568508759890147708e-01
-1.031286425959932362e+00
-8.625473268568053520e-01
-3.332521003907129575e-01
-5.479644792538165277e-01
1.841755201008061782e-01
1.236594817926216727e+00
2.350652635398037482e+00
-3.394232554974960792e-01
1.898719709686056412e-01
-6.508072107598383838e-02
1.841755201008061782e-01
7.134707465668985726e-01
4.182412256301404341e-01
7.072995914601247769e-01
-8.568508759890147708e-01
-1.031286425959932362e+00
-8.625473268568053520e-01
1.760193593524519429e+00
-5.479644792538165277e-01
1.230898367058417264e+00
7.134707465668985726e-01
9.011249838079642416e-01
7.072995914601247769e-01
1.898719709686056412e-01
4.182412256301404341e-01
7.072995914601247769e-01
1.898719709686056412e-01
4.182412256301404341e-01
7.072995914601247769e-01
-8.568508759890147708e-01
-5.479644792538165277e-01
-3.394232554974960792e-01
-3.332521003907129575e-01
-5.479644792538165277e-01
-3.394232554974960792e-01
-8.568508759890147708e-01
-1.031286425959932362e+00
-8.625473268568053520e-01
7.134707465668985726e-01
9.011249838079642416e-01
7.072995914601247769e-01
-1.903573722946626301e+00
-2.480375889021721569e+00
-8.625473268568053520e-01
7.134707465668985726e-01
9.011249838079642416e-01
7.072995914601247769e-01
-3.332521003907129575e-01
-5.479644792538165277e-01
-3.394232554974960792e-01
6.567910604323237145e-01
6.541327166940220650e-01
2.322155890858947913e-01
6.567910604323237145e-01
2.352536962153801703e-01
2.322155890858947913e-01
1.494169337998418889e+00
-6.021245813507087874e-01
1.069973630043170587e+00
1.494169337998418889e+00
2.328509508435020692e+00
6.510946095645286924e-01
6.567910604323237145e-01
6.541327166940220650e-01
6.510946095645286924e-01
2.750426636043147965e+00
-1.832455608720744422e-01
-1.023661945567649223e+00
6.567910604323237145e-01
6.541327166940220650e-01
2.322155890858947913e-01
-1.805872171337643550e-01
-1.832455608720744422e-01
-1.862836680015602653e-01
-1.805872171337643550e-01
-1.832455608720744422e-01
-1.862836680015602653e-01
-1.805872171337643550e-01
-1.020623838438163844e+00
-1.023661945567649223e+00
1.494169337998418889e+00
1.491510994260111467e+00
1.069973630043170587e+00
2.382918033448766515e-01
2.352536962153801703e-01
-1.862836680015602653e-01
-5.990864742212185234e-01
1.910010251347565635e+00
1.907351907609259101e+00
6.567910604323237145e-01
6.541327166940220650e-01
2.322155890858947913e-01
6.567910604323237145e-01
6.541327166940220650e-01
2.322155890858947913e-01
-5.990864742212185234e-01
-1.858002116004252802e+00
-1.023661945567649223e+00
-1.805872171337643550e-01
-1.832455608720744422e-01
-1.862836680015602653e-01
6.567910604323237145e-01
6.541327166940220650e-01
2.322155890858947913e-01
-1.017965494699852425e+00
2.328509508435020692e+00
2.325851164696714157e+00
2.382918033448766515e-01
2.352536962153801703e-01
-1.862836680015602653e-01
-1.805872171337643550e-01
-6.021245813507087874e-01
-6.047829250890153219e-01
2.331547615564507403e+00
-6.021245813507087874e-01
1.488472887130625644e+00
-1.805872171337643550e-01
-1.832455608720744422e-01
-1.862836680015602653e-01
1.075670080910964721e+00
1.072631973781477122e+00
6.510946095645286924e-01
1.075670080910964721e+00
1.072631973781477122e+00
6.510946095645286924e-01
2.382918033448766515e-01
2.352536962153801703e-01
-1.862836680015602653e-01
2.382918033448766515e-01
2.352536962153801703e-01
2.322155890858947913e-01
-5.990864742212185234e-01
-1.832455608720744422e-01
-6.047829250890153219e-01
-5.990864742212185234e-01
2.747388528913655037e+00
-6.047829250890153219e-01
-1.805872171337643550e-01
-6.021245813507087874e-01
-6.047829250890153219e-01
2.382918033448766515e-01
-1.858002116004252802e+00
-1.442161202655104280e+00
2.382918033448766515e-01
-6.021245813507087874e-01
-6.047829250890153219e-01
2.382918033448766515e-01
2.352536962153801703e-01
2.322155890858947913e-01
2.382918033448766515e-01
2.352536962153801703e-01
-1.862836680015602653e-01
1.494169337998418889e+00
1.491510994260111467e+00
1.069973630043170587e+00
-2.692722049832035669e+00
-2.695380393570349309e+00
2.322155890858947913e-01
1.075670080910964721e+00
1.072631973781477122e+00
6.510946095645286924e-01
-1.805872171337643550e-01
-1.832455608720744422e-01
-1.862836680015602653e-01
6.567910604323237145e-01
6.541327166940220650e-01
2.322155890858947913e-01
-1.805872171337643550e-01
-1.832455608720744422e-01
-1.862836680015602653e-01
2.930014668876679274e-01
-1.756024475959190756e+00
-6.505779222614971324e-01
-8.847397500292664141e-01
-1.017161289871465701e+00
-1.019841972632780980e+00
-1.669781885247474840e+00
nan
-2.813138718902132851e-01
-9.969761481105132717e-02
-2.782981037837339855e-01
8.828526382622881030e-02
2.930014668876679274e-01
4.605650823039910691e-01
4.578843995426775670e-01
1.078043602105883458e+00
1.199428268391722341e+00
8.271484499139614144e-01
1.078043602105883458e+00
8.301642180204393817e-01
8.271484499139614144e-01
-9.969761481105132717e-02
-2.782981037837339855e-01
-2.813138718902132851e-01
1.470386655625365080e+00
1.938291454479448284e+00
1.566011636001687357e+00
-9.969761481105132717e-02
-2.782981037837339855e-01
-2.813138718902132851e-01
-4.920406683305400541e-01
-6.475621541550173887e-01
-6.505779222614971324e-01
nan
1.569027404108163992e+00
nan
-8.847397500292664141e-01
-1.017161289871465701e+00
-1.019841972632780980e+00
6.853445204071566543e-01
4.605650823039910691e-01
4.578843995426775670e-01
2.930014668876679274e-01
4.605650823039910691e-01
4.578843995426775670e-01
nan
-6.475621541550173887e-01
1.566011636001687357e+00
6.853445204071566543e-01
4.605650823039910691e-01
4.578843995426775670e-01
2.930014668876679274e-01
9.130103193270766582e-02
8.828526382622881030e-02
1.078043602105883458e+00
1.199428268391722341e+00
8.271484499139614144e-01
1.078043602105883458e+00
1.199428268391722341e+00
8.271484499139614144e-01
-1.669781885247474840e+00
-2.494887662046915811e+00
-6.505779222614971324e-01
-4.920406683305400541e-01
-6.475621541550173887e-01
-6.505779222614971324e-01
2.930014668876679274e-01
9.130103193270766582e-02
8.828526382622881030e-02
6.853445204071566543e-01
4.605650823039910691e-01
4.578843995426775670e-01
-1.669781885247474840e+00
-2.864151712418199214e+00
-1.019841972632780980e+00
-2.062124938766963567e+00
8.301642180204393817e-01
-1.019841972632780980e+00
-1.277082803548755363e+00
-1.756024475959190756e+00
-2.867167480524681178e+00
-8.847397500292664141e-01
-1.017161289871465701e+00
-1.019841972632780980e+00
-1.277082803548755363e+00
-1.756024475959190756e+00
1.196747585630403066e+00
-4.920406683305400541e-01
-6.475621541550173887e-01
-6.505779222614971324e-01
-9.969761481105132717e-02
-2.782981037837339855e-01
-2.813138718902132851e-01
-9.969761481105132717e-02
-2.782981037837339855e-01
-2.813138718902132851e-01
2.930014668876679274e-01
9.130103193270766582e-02
8.828526382622881030e-02
2.930014668876679274e-01
4.605650823039910691e-01
4.578843995426775670e-01
-9.969761481105132717e-02
9.130103193270766582e-02
8.828526382622881030e-02
-1.669781885247474840e+00
1.569027404108163992e+00
3.043738008177145460e+00
-1.277082803548755363e+00
3.046753776283621207e+00
4.578843995426775670e-01
2.930014668876679274e-01
4.605650823039910691e-01
4.578843995426775670e-01
2.930014668876679274e-01
9.130103193270766582e-02
8.828526382622881030e-02
-9.969761481105132717e-02
-2.782981037837339855e-01
-2.813138718902132851e-01
9.069918413256612411e-01
1.951024697595698854e+00
nan
-8.373880021907056381e-01
-8.405526971172569972e-01
-7.108932843911084376e-01
1.604807072630735298e+00
nan
3.972339520679013525e-01
1.953556453536947402e+00
1.951024697595698854e+00
2.244559459959801551e+00
5.582424604194486939e-01
5.553942349855458538e-01
3.972339520679013525e-01
-1.395727708856315807e-01
-1.424209963195277595e-01
2.763481635145970117e-02
1.256057691724523195e+00
nan
-1.819355606195282693e+00
-1.186453852589573588e+00
-1.189302078023469100e+00
-1.449756470478834158e+00
-8.373880021907056381e-01
1.601958847196837787e+00
1.874960324243366117e+00
-1.884269083894647867e+00
-8.405526971172569972e-01
-1.080492420107550089e+00
5.582424604194486939e-01
5.553942349855458538e-01
3.972339520679013525e-01
9.069918413256612411e-01
-8.405526971172569972e-01
-1.819355606195282693e+00
-4.886386212844930910e-01
-4.914868467183954870e-01
-3.416292340198245903e-01
9.069918413256612411e-01
9.041436158917579569e-01
7.668330877843501092e-01
9.069918413256612411e-01
9.041436158917579569e-01
7.668330877843501092e-01
-4.886386212844930910e-01
-4.914868467183954870e-01
-7.108932843911084376e-01
-4.886386212844930910e-01
-4.914868467183954870e-01
-7.108932843911084376e-01
-1.186453852589573588e+00
2.299774078501910957e+00
-3.416292340198245903e-01
-1.395727708856315807e-01
-1.424209963195277595e-01
2.763481635145970117e-02
-1.395727708856315807e-01
-1.424209963195277595e-01
-3.416292340198245903e-01
-8.373880021907056381e-01
-8.405526971172569972e-01
-7.108932843911084376e-01
-1.395727708856315807e-01
-1.424209963195277595e-01
-3.416292340198245903e-01
2.091766100205809664e-01
2.063283845866843436e-01
2.763481635145970117e-02
-1.186453852589573588e+00
1.253209466290625684e+00
-1.080492420107550089e+00
9.069918413256612411e-01
9.041436158917579569e-01
7.668330877843501092e-01
2.091766100205809664e-01
2.063283845866843436e-01
2.763481635145970117e-02
1.256057691724523195e+00
1.601958847196837787e+00
1.136097138155627739e+00
2.091766100205809664e-01
5.553942349855458538e-01
3.972339520679013525e-01
-1.186453852589573588e+00
-1.189302078023469100e+00
-1.449756470478834158e+00
-1.395727708856315807e-01
-1.424209963195277595e-01
-3.416292340198245903e-01
-1.395727708856315807e-01
-1.424209963195277595e-01
-3.416292340198245903e-01
-1.395727708856315807e-01
-1.424209963195277595e-01
-3.416292340198245903e-01
1.604807072630735298e+00
nan
7.668330877843501092e-01
-1.395727708856315807e-01
-1.424209963195277595e-01
2.763481635145970117e-02
2.091766100205809664e-01
5.553942349855458538e-01
3.972339520679013525e-01
5.582424604194486939e-01
9.041436158917579569e-01
3.972339520679013525e-01
-4.886386212844930910e-01
-4.914868467183954870e-01
-3.416292340198245903e-01
1.953556453536947402e+00
nan
7.668330877843501092e-01
-4.886386212844930910e-01
-4.914868467183954870e-01
-7.108932843911084376e-01
-1.884269083894647867e+00
-2.584932540633622100e+00
-7.108932843911084376e-01
1.549424911416044104e+00
1.546576685982143928e+00
1.028832595997969612e+00
-2.065935902037940863e-02
-8.081936914932499327e-01
-3.667978666121851639e-01
7.647388043770666499e-01
nan
-2.459927091034757929e+00
nan
-8.081936914932499327e-01
1.028832595997969612e+00
1.549424911416044104e+00
nan
nan
-2.065935902037940863e-02
-8.081936914932499327e-01
-3.667978666121851639e-01
nan
-2.350758445427914012e-02
1.028832595997969612e+00
-2.065935902037940863e-02
-2.350758445427914012e-02
-3.667978666121851639e-01
-8.053454660593497572e-01
-8.081936914932499327e-01
-3.667978666121851639e-01
-2.065935902037940863e-02
-8.081936914932499327e-01
-3.667978666121851639e-01
-2.065935902037940863e-02
-8.081936914932499327e-01
-1.064296628424603597e+00
2.334823074813489718e+00
nan
nan
nan
1.546576685982143928e+00
2.424463058608123944e+00
nan
nan
3.313338341855507352e-01
-8.053454660593497572e-01
-8.081936914932499327e-01
-1.064296628424603597e+00
-8.053454660593497572e-01
-8.081936914932499327e-01
-1.064296628424603597e+00
-1.590743629456802699e+00
-2.350758445427914012e-02
3.313338341855507352e-01
nan
1.546576685982143928e+00
nan
-2.065935902037940863e-02
7.618905789431735798e-01
3.313338341855507352e-01
-1.590743629456802699e+00
-8.081936914932499327e-01
-1.064296628424603597e+00
2.334823074813489718e+00
2.331974849379590431e+00
1.726964296795705067e+00
-8.053454660593497572e-01
-8.081936914932499327e-01
-3.667978666121851639e-01
-1.590743629456802699e+00
-2.378277961929673445e+00
1.028832595997969612e+00
-2.065935902037940863e-02
-8.081936914932499327e-01
-3.667978666121851639e-01
-2.065935902037940863e-02
-2.350758445427914012e-02
-3.667978666121851639e-01
-8.053454660593497572e-01
-8.081936914932499327e-01
-3.667978666121851639e-01
nan
-2.350758445427914012e-02
1.028832595997969612e+00
7.647388043770666499e-01
7.618905789431735798e-01
3.313338341855507352e-01
-8.053454660593497572e-01
-1.593591854890702431e+00
-1.064296628424603597e+00
7.647388043770666499e-01
7.618905789431735798e-01
3.313338341855507352e-01
2.334823074813489718e+00
nan
-3.667978666121851639e-01
nan
-2.350758445427914012e-02
1.028832595997969612e+00
1.549424911416044104e+00
3.116660956418567885e+00
nan
-8.053454660593497572e-01
-8.081936914932499327e-01
-3.667978666121851639e-01
-8.053454660593497572e-01
-8.081936914932499327e-01
-1.064296628424603597e+00
-8.053454660593497572e-01
-2.350758445427914012e-02
3.313338341855507352e-01
-1.590743629456802699e+00
-1.593591854890702431e+00
-1.064296628424603597e+00
2.334823074813489718e+00
nan
3.313338341855507352e-01
-8.053454660593497572e-01
-1.593591854890702431e+00
-1.064296628424603597e+00
nan
-2.350758445427914012e-02
1.028832595997969612e+00
5.707746523285934792e-01
1.671898605073666388e+00
1.374647441608652265e+00
-1.313611294738499469e+00
-1.816861081959067370e+00
8.039666364893949257e-01
5.707746523285934792e-01
9.743998432612412941e-01
2.327679722003481722e-01
2.454590954308912387e+00
nan
8.039666364893949257e-01
-5.754387838936203536e-02
-4.212306193489068207e-01
-9.091114972079656908e-01
-5.754387838936203536e-02
1.671898605073666388e+00
2.516526911016955914e+00
-1.941360180369675392e+00
9.743998432612412941e-01
-1.479792302327222808e+00
-6.852927640205379589e-01
-4.212306193489068207e-01
-9.091114972079656908e-01
-6.852927640205379589e-01
-4.212306193489068207e-01
-9.091114972079656908e-01
-6.852927640205379589e-01
9.743998432612412941e-01
2.327679722003481722e-01
5.707746523285934792e-01
9.743998432612412941e-01
8.039666364893949257e-01
-5.754387838936203536e-02
-4.212306193489068207e-01
-3.379128329189087232e-01
-5.754387838936203536e-02
2.762681424635182736e-01
2.327679722003481722e-01
-6.852927640205379589e-01
-1.119362320146642720e+00
-9.091114972079656908e-01
5.707746523285934792e-01
9.743998432612412941e-01
2.327679722003481722e-01
-1.313611294738499469e+00
-1.816861081959067370e+00
-2.621671771735526679e+00
-5.754387838936203536e-02
2.762681424635182736e-01
-3.379128329189087232e-01
-6.852927640205379589e-01
-1.119362320146642720e+00
-1.479792302327222808e+00
1.826842068677731135e+00
-4.212306193489068207e-01
-2.050990966616269340e+00
-5.754387838936203536e-02
-4.212306193489068207e-01
-3.379128329189087232e-01
2.454590954308912387e+00
nan
8.039666364893949257e-01
-5.754387838936203536e-02
nan
1.945846105897708789e+00
1.198523537959775176e+00
nan
-2.621671771735526679e+00
1.826842068677731135e+00
nan
2.327679722003481722e-01
-1.941360180369675392e+00
1.671898605073666388e+00
3.087725575306013326e+00
5.707746523285934792e-01
9.743998432612412941e-01
2.327679722003481722e-01
-6.852927640205379589e-01
-1.119362320146642720e+00
-1.479792302327222808e+00
5.707746523285934792e-01
1.671898605073666388e+00
1.374647441608652265e+00
-1.313611294738499469e+00
-1.816861081959067370e+00
1.945846105897708789e+00
5.707746523285934792e-01
1.671898605073666388e+00
3.087725575306013326e+00
-1.313611294738499469e+00
-1.119362320146642720e+00
3.087725575306013326e+00
5.707746523285934792e-01
9.743998432612412941e-01
8.039666364893949257e-01
5.707746523285934792e-01
2.762681424635182736e-01
-3.379128329189087232e-01
-6.852927640205379589e-01
-4.212306193489068207e-01
-9.091114972079656908e-01
-5.754387838936203536e-02
2.762681424635182736e-01
-3.379128329189087232e-01
-1.313611294738499469e+00
-1.816861081959067370e+00
-2.050990966616269340e+00
-5.754387838936203536e-02
-4.212306193489068207e-01
-9.091114972079656908e-01
1.198523537959775176e+00
nan
nan
-1.313611294738499469e+00
-1.816861081959067370e+00
-2.050990966616269340e+00
-5.754387838936203536e-02
2.762681424635182736e-01
2.327679722003481722e-01
-1.994730266190414270e-02
7.618905789431735798e-01
-2.907876484671416684e-01
nan
-2.279552809580431827e-02
2.804110158219152993e-01
nan
3.117373012777042263e+00
nan
-1.994730266190414270e-02
-8.081936914932499327e-01
-1.432667117875445539e+00
-2.375429736495773270e+00
7.618905789431735798e-01
8.510918209411721946e-01
3.120221238210935333e+00
nan
8.510918209411721946e-01
-1.994730266190414270e-02
-8.081936914932499327e-01
1.992971290349475844e+00
nan
-2.279552809580431827e-02
nan
1.550136967774519370e+00
7.618905789431735798e-01
-8.614684535863883497e-01
7.647388043770666499e-01
7.618905789431735798e-01
2.804110158219152993e-01
1.550136967774519370e+00
nan
2.804110158219152993e-01
7.647388043770666499e-01
nan
-2.574546587283749410e+00
-1.994730266190414270e-02
1.547288742340612089e+00
1.422290485230218948e+00
1.550136967774519370e+00
nan
-8.614684535863883497e-01
-1.994730266190414270e-02
-8.081936914932499327e-01
-1.432667117875445539e+00
-8.053454660593568626e-01
-8.081936914932499327e-01
1.992971290349475844e+00
1.550136967774519370e+00
2.331974849379590431e+00
8.510918209411721946e-01
-8.053454660593568626e-01
-1.592879798532227609e+00
-2.574546587283749410e+00
-8.053454660593568626e-01
1.547288742340612089e+00
8.510918209411721946e-01
-1.994730266190414270e-02
-2.279552809580431827e-02
-2.907876484671416684e-01
1.550136967774519370e+00
nan
-8.614684535863883497e-01
nan
nan
3.134850759757790151e+00
-8.053454660593568626e-01
-1.592879798532227609e+00
8.510918209411721946e-01
-1.590031573098327655e+00
-8.081936914932499327e-01
-8.614684535863883497e-01
7.647388043770666499e-01
7.618905789431735798e-01
2.804110158219152993e-01
-1.590031573098327655e+00
2.331974849379590431e+00
-8.614684535863883497e-01
-1.590031573098327655e+00
-8.081936914932499327e-01
-8.614684535863883497e-01
nan
-2.378277961929673445e+00
1.422290485230218948e+00
-8.053454660593568626e-01
-2.279552809580431827e-02
-8.614684535863883497e-01
nan
nan
1.422290485230218948e+00
-1.994730266190414270e-02
-2.279552809580431827e-02
-2.907876484671416684e-01
-8.053454660593568626e-01
2.331974849379590431e+00
-2.907876484671416684e-01
-2.375429736495773270e+00
2.331974849379590431e+00
-2.907876484671416684e-01
-8.053454660593568626e-01
-1.592879798532227609e+00
8.510918209411721946e-01
3.120221238210935333e+00
3.117373012777042263e+00
2.804110158219152993e-01
2.334823074813489718e+00
1.547288742340612089e+00
-2.907876484671416684e-01
-8.053454660593568626e-01
-8.081936914932499327e-01
1.992971290349475844e+00
-1.994730266190414270e-02
2.331974849379590431e+00
1.422290485230218948e+00
3.120221238210935333e+00
3.117373012777042263e+00
3.134850759757790151e+00
2.334823074813489718e+00
nan
8.510918209411721946e-01
-1.241923535425826230e-01
-1.270405789764823545e-01
-1.298888044103825301e-01
-1.241923535425826230e-01
-1.270405789764823545e-01
-1.298888044103825301e-01
1.131875062806555476e+00
5.007083066546993422e-01
1.126178611938761343e+00
-1.241923535425826230e-01
-1.270405789764823545e-01
-1.298888044103825301e-01
5.035565320885990737e-01
-1.270405789764823545e-01
4.978600812207996107e-01
5.035565320885990737e-01
5.007083066546993422e-01
4.978600812207996107e-01
-2.008578300609677569e+00
1.129026837372656189e+00
-1.385956220759515078e+00
-1.241923535425826230e-01
-1.270405789764823545e-01
-1.298888044103825301e-01
-1.380259769891715393e+00
1.129026837372656189e+00
1.126178611938761343e+00
5.035565320885990737e-01
-1.270405789764823545e-01
4.978600812207996107e-01
-1.380259769891715393e+00
-1.383107995325615347e+00
-1.385956220759515078e+00
-1.241923535425826230e-01
-1.270405789764823545e-01
-1.298888044103825301e-01
5.035565320885990737e-01
5.007083066546993422e-01
4.978600812207996107e-01
-7.525108842605390258e-01
-7.553591096944387573e-01
-7.582073351283331597e-01
-7.525108842605390258e-01
-7.553591096944387573e-01
-7.582073351283331597e-01
-7.525108842605390258e-01
-2.011426526043577301e+00
-1.298888044103825301e-01
-1.241923535425826230e-01
-7.553591096944387573e-01
-1.298888044103825301e-01
1.131875062806555476e+00
5.007083066546993422e-01
1.126178611938761343e+00
-1.380259769891715393e+00
1.129026837372656189e+00
-1.385956220759515078e+00
-1.241923535425826230e-01
-1.270405789764823545e-01
-1.298888044103825301e-01
nan
5.007083066546993422e-01
1.753927497569931937e+00
-7.525108842605390258e-01
-1.383107995325615347e+00
-7.582073351283331597e-01
1.131875062806555476e+00
5.007083066546993422e-01
1.126178611938761343e+00
-7.525108842605390258e-01
-7.553591096944387573e-01
-7.582073351283331597e-01
-2.636327186240853937e+00
-1.383107995325615347e+00
-1.298888044103825301e-01
1.131875062806555476e+00
1.129026837372656189e+00
1.753927497569931937e+00
-1.241923535425826230e-01
-1.270405789764823545e-01
4.978600812207996107e-01
-1.241923535425826230e-01
-1.270405789764823545e-01
-1.298888044103825301e-01
-7.525108842605390258e-01
-7.553591096944387573e-01
-7.582073351283331597e-01
-1.241923535425826230e-01
-1.270405789764823545e-01
-1.298888044103825301e-01
-7.525108842605390258e-01
-7.553591096944387573e-01
-1.298888044103825301e-01
-1.241923535425826230e-01
-1.270405789764823545e-01
4.978600812207996107e-01
1.131875062806555476e+00
1.129026837372656189e+00
1.126178611938761343e+00
5.035565320885990737e-01
-1.270405789764823545e-01
4.978600812207996107e-01
1.759623948437737617e+00
1.129026837372656189e+00
1.753927497569931937e+00
-7.525108842605390258e-01
-7.553591096944387573e-01
-7.582073351283331597e-01
-7.525108842605390258e-01
-7.553591096944387573e-01
-7.582073351283331597e-01
3.015691364786870388e+00
-2.639175411674753668e+00
4.978600812207996107e-01
-1.241923535425826230e-01
-1.270405789764823545e-01
-1.298888044103825301e-01
-1.241923535425826230e-01
-1.270405789764823545e-01
-1.298888044103825301e-01
5.175535256494665504e-01
6.590634970274100723e-02
3.056267738590832117e-01
9.659455868145965241e-01
9.630973613807016775e-01
1.271832478743040618e+00
1.863136598492547868e+00
2.309087323571485051e+00
nan
9.659455868145965241e-01
1.860288373058654798e+00
nan
6.875457513664429143e-02
-3.824857114623814169e-01
-6.605789310248648682e-01
-2.174019509384396809e+00
-8.312846619752121136e-01
2.238038183626988697e+00
9.659455868145965241e-01
9.630973613807016775e-01
1.271832478743040618e+00
9.659455868145965241e-01
5.147053002155717039e-01
7.889487205652079282e-01
5.175535256494665504e-01
5.147053002155717039e-01
3.056267738590832117e-01
6.875457513664429143e-02
-3.824857114623814169e-01
-1.772569843187490335e-01
-8.284364365413150466e-01
-1.279676723140342309e+00
-1.626784635908822052e+00
-8.284364365413150466e-01
-1.279676723140342309e+00
-1.626784635908822052e+00
5.175535256494665504e-01
5.147053002155717039e-01
7.889487205652079282e-01
6.875457513664429143e-02
6.590634970274100723e-02
-1.772569843187490335e-01
5.175535256494665504e-01
5.147053002155717039e-01
7.889487205652079282e-01
9.659455868145965241e-01
9.630973613807016775e-01
1.271832478743040618e+00
6.875457513664429143e-02
-3.824857114623814169e-01
-1.772569843187490335e-01
-3.796374860284852382e-01
-8.312846619752121136e-01
-1.143462689202697335e+00
6.875457513664429143e-02
-3.824857114623814169e-01
-1.772569843187490335e-01
6.875457513664429143e-02
6.590634970274100723e-02
-1.772569843187490335e-01
1.863136598492547868e+00
2.757479384736615913e+00
nan
-3.796374860284852382e-01
-3.824857114623814169e-01
-6.605789310248648682e-01
9.659455868145965241e-01
5.147053002155717039e-01
7.889487205652079282e-01
-8.284364365413150466e-01
-8.312846619752121136e-01
-1.143462689202697335e+00
-3.796374860284852382e-01
-8.312846619752121136e-01
-1.143462689202697335e+00
-8.284364365413150466e-01
-8.312846619752121136e-01
-1.143462689202697335e+00
-8.284364365413150466e-01
-8.312846619752121136e-01
-1.626784635908822052e+00
-8.284364365413150466e-01
-8.312846619752121136e-01
-1.143462689202697335e+00
6.875457513664429143e-02
6.590634970274100723e-02
-1.772569843187490335e-01
5.175535256494665504e-01
5.147053002155717039e-01
7.889487205652079282e-01
6.875457513664429143e-02
6.590634970274100723e-02
3.056267738590832117e-01
2.760327610170507207e+00
-2.625666685331125905e+00
-2.592990340792770354e+00
6.875457513664429143e-02
6.590634970274100723e-02
3.056267738590832117e-01
1.414744537327425888e+00
1.411896311893524825e+00
nan
5.175535256494665504e-01
6.590634970274100723e-02
3.056267738590832117e-01
2.760327610170507207e+00
-8.312846619752121136e-01
2.720921941804821387e+00
-3.796374860284852382e-01
-3.824857114623814169e-01
-6.605789310248648682e-01
5.175535256494665504e-01
5.147053002155717039e-01
7.889487205652079282e-01
9.659455868145965241e-01
9.630973613807016775e-01
1.271832478743040618e+00
9.659455868145965241e-01
9.630973613807016775e-01
1.271832478743040618e+00
2.279994735210952861e+00
1.222549157208071335e+00
1.375683159948252410e+00
-7.513167044368618264e-02
1.144219207490615453e-01
1.198056252947026223e-01
7.099104647745289043e-01
8.529500214916292400e-01
5.383048823821567908e-01
1.494952599992736886e+00
2.331011479012246035e+00
9.571839028607982414e-01
-7.513167044368618264e-02
1.144219207490615453e-01
1.198056252947026223e-01
-7.513167044368618264e-02
1.144219207490615453e-01
1.198056252947026223e-01
-7.513167044368618264e-02
1.144219207490615453e-01
1.198056252947026223e-01
7.099104647745289043e-01
8.529500214916292400e-01
9.571839028607982414e-01
-1.252516859181383113e+00
-2.471766773230571257e+00
-1.136451672750026676e+00
-7.513167044368618264e-02
-2.551772149673805501e-01
1.198056252947026223e-01
7.099104647745289043e-01
4.836859711203453926e-01
5.383048823821567908e-01
-4.674747239631678042e-01
-6.244412653386643974e-01
-2.990733951839312788e-01
-7.513167044368618264e-02
-2.551772149673805501e-01
1.198056252947026223e-01
7.099104647745289043e-01
8.529500214916292400e-01
5.383048823821567908e-01
-8.601738056618941641e-01
-9.940404010551131542e-01
-7.175726522713854472e-01
1.887651681691463246e+00
1.592148292924520092e+00
1.375683159948252410e+00
-8.601738056618941641e-01
-9.940404010551131542e-01
-7.175726522713854472e-01
3.175674112550401773e-01
4.836859711203453926e-01
5.383048823821567908e-01
-1.645215940880102590e+00
-2.841030823601848887e+00
-1.136451672750026676e+00
7.099104647745289043e-01
8.529500214916292400e-01
5.383048823821567908e-01
-2.430258076098317677e+00
-2.551772149673805501e-01
-7.175726522713854472e-01
-7.513167044368618264e-02
1.144219207490615453e-01
1.198056252947026223e-01
1.102609546473248159e+00
1.222549157208071335e+00
9.571839028607982414e-01
3.175674112550401773e-01
-1.363304451426396779e+00
-1.555330693228660355e+00
3.175674112550401773e-01
4.836859711203453926e-01
1.198056252947026223e-01
-4.674747239631678042e-01
-2.551772149673805501e-01
-2.990733951839312788e-01
1.494952599992736886e+00
1.592148292924520092e+00
1.375683159948252410e+00
7.099104647745289043e-01
8.529500214916292400e-01
5.383048823821567908e-01
7.099104647745289043e-01
8.529500214916292400e-01
9.571839028607982414e-01
-4.674747239631678042e-01
-2.551772149673805501e-01
-2.990733951839312788e-01
-4.674747239631678042e-01
-2.551772149673805501e-01
-2.990733951839312788e-01
-2.037558994399591317e+00
1.961412343295803495e+00
-1.136451672750026676e+00
-4.674747239631678042e-01
-6.244412653386643974e-01
-2.990733951839312788e-01
-1.252516859181383113e+00
1.222549157208071335e+00
-1.136451672750026676e+00
-4.674747239631678042e-01
-6.244412653386643974e-01
-2.990733951839312788e-01
-4.674747239631678042e-01
-6.244412653386643974e-01
-2.990733951839312788e-01
3.175674112550401773e-01
1.144219207490615453e-01
1.198056252947026223e-01
-8.601738056618941641e-01
3.069874665099978195e+00
-2.392329207403569136e+00
-7.513167044368618264e-02
-2.551772149673805501e-01
-2.990733951839312788e-01
-8.601738056618941641e-01
1.961412343295803495e+00
-7.175726522713854472e-01
2.724705085516525571e-01
5.094157386954796252e-01
5.065675132615750087e-01
-9.837867894930765189e-01
-8.361673341476114629e-01
-8.390155595815067535e-01
6.909697656391071696e-01
5.094157386954796252e-01
9.553664637744043731e-01
-9.837867894930765189e-01
-8.361673341476114629e-01
-8.390155595815067535e-01
1.109848786117741071e+00
nan
-2.185005521772288350e+00
6.909697656391071696e-01
5.094157386954796252e-01
5.065675132615750087e-01
-5.649077690144355124e-01
-3.877752729824810451e-01
-3.906234984163767798e-01
nan
1.406606750373432746e+00
1.852557475452356606e+00
-5.649077690144355124e-01
-3.877752729824810451e-01
-3.906234984163767798e-01
2.724705085516525571e-01
6.102367753034920739e-02
5.776856274875319386e-02
-5.649077690144355124e-01
-3.877752729824810451e-01
-3.906234984163767798e-01
-5.649077690144355124e-01
-3.877752729824810451e-01
-3.906234984163767798e-01
1.109848786117741071e+00
-1.733358345825564584e+00
-8.390155595815067535e-01
1.528348043205195239e+00
1.406606750373432746e+00
1.403758524939534347e+00
-1.402286046580530909e+00
-2.182157296338394836e+00
5.776856274875319386e-02
2.724705085516525571e-01
6.102367753034920739e-02
5.776856274875319386e-02
6.909697656391071696e-01
-2.182157296338394836e+00
2.300949536617486579e+00
-1.464085119269884494e-01
6.102367753034920739e-02
5.776856274875319386e-02
1.947227063683835802e+00
1.855405700886262998e+00
2.300949536617486579e+00
-1.464085119269884494e-01
-3.877752729824810451e-01
-3.906234984163767798e-01
-5.649077690144355124e-01
-8.361673341476114629e-01
-3.906234984163767798e-01
-5.649077690144355124e-01
-3.877752729824810451e-01
-3.906234984163767798e-01
-5.649077690144355124e-01
-3.877752729824810451e-01
-3.906234984163767798e-01
2.724705085516525571e-01
5.094157386954796252e-01
5.065675132615750087e-01
2.724705085516525571e-01
6.102367753034920739e-02
5.776856274875319386e-02
6.909697656391071696e-01
5.094157386954796252e-01
5.065675132615750087e-01
1.109848786117741071e+00
9.582146892083018841e-01
9.553664637744043731e-01
-1.821165067059164366e+00
-3.877752729824810451e-01
-1.287814510094328568e+00
6.909697656391071696e-01
5.094157386954796252e-01
5.065675132615750087e-01
2.365726320771290858e+00
6.102367753034920739e-02
2.749748487130315944e+00
6.909697656391071696e-01
2.303797762051385867e+00
1.403758524939534347e+00
-9.837867894930765189e-01
-8.361673341476114629e-01
-8.390155595815067535e-01
-5.649077690144355124e-01
-3.877752729824810451e-01
-3.906234984163767798e-01
-5.649077690144355124e-01
-3.877752729824810451e-01
-3.906234984163767798e-01
2.724705085516525571e-01
6.102367753034920739e-02
5.776856274875319386e-02
2.724705085516525571e-01
-1.284966284660434166e+00
-2.633397582937417880e+00
1.947227063683835802e+00
1.406606750373432746e+00
1.852557475452356606e+00
6.909697656391071696e-01
5.094157386954796252e-01
5.065675132615750087e-01
6.909697656391071696e-01
9.582146892083018841e-01
9.553664637744043731e-01
2.724705085516525571e-01
5.094157386954796252e-01
5.065675132615750087e-01
1.219695580637569776e-02
-1.972968063459692445e-01
2.185441070031752808e-01
nan
1.477459748786214000e+00
3.149178196788905204e+00
-8.849940558715774230e-01
-1.034675083912057314e+00
-6.188341705629136769e-01
-8.849940558715774230e-01
-1.034675083912057314e+00
-6.188341705629136769e-01
nan
1.058580728307573438e+00
1.474421641656719295e+00
1.219695580637569776e-02
2.212024507414849239e-01
2.185441070031752808e-01
-1.782185067549538315e+00
1.058580728307573438e+00
-6.188341705629136769e-01
-4.366019947064470053e-01
-1.972968063459692445e-01
-2.003349134754586203e-01
9.093879674843363681e-01
6.400814712201188250e-01
6.370433640906303374e-01
4.605890169715061155e-01
2.212024507414849239e-01
2.185441070031752808e-01
2.254971040327419907e+00
3.151836540527210850e+00
-2.293590725695099586e+00
9.093879674843363681e-01
6.400814712201188250e-01
1.055542621178084950e+00
-8.849940558715774230e-01
-1.034675083912057314e+00
-6.188341705629136769e-01
1.357780028649458792e+00
1.058580728307573438e+00
1.055542621178084950e+00
4.605890169715061155e-01
2.212024507414849239e-01
6.370433640906303374e-01
1.219695580637569776e-02
2.212024507414849239e-01
2.185441070031752808e-01
nan
-1.453554104390698321e+00
2.730678939701450147e+00
4.605890169715061155e-01
2.212024507414849239e-01
6.370433640906303374e-01
9.093879674843363681e-01
-1.453554104390698321e+00
-1.037713191041555127e+00
-8.849940558715774230e-01
-1.034675083912057314e+00
-6.188341705629136769e-01
4.605890169715061155e-01
2.212024507414849239e-01
6.370433640906303374e-01
9.093879674843363681e-01
6.400814712201188250e-01
6.370433640906303374e-01
-1.333793006384407898e+00
-1.453554104390698321e+00
-1.456212448129010184e+00
-4.366019947064470053e-01
-1.972968063459692445e-01
-2.003349134754586203e-01
4.605890169715061155e-01
2.212024507414849239e-01
2.185441070031752808e-01
2.254971040327419907e+00
-6.161758268246102510e-01
2.185441070031752808e-01
1.357780028649458792e+00
1.058580728307573438e+00
1.055542621178084950e+00
1.219695580637569776e-02
2.212024507414849239e-01
2.185441070031752808e-01
-4.366019947064470053e-01
-6.161758268246102510e-01
-6.188341705629136769e-01
nan
-2.290932381956786390e+00
nan
-4.366019947064470053e-01
-1.972968063459692445e-01
-2.003349134754586203e-01
1.219695580637569776e-02
2.212024507414849239e-01
2.185441070031752808e-01
1.219695580637569776e-02
-1.972968063459692445e-01
-2.003349134754586203e-01
-4.366019947064470053e-01
-6.161758268246102510e-01
-6.188341705629136769e-01
9.093879674843363681e-01
1.058580728307573438e+00
1.055542621178084950e+00
9.093879674843363681e-01
6.400814712201188250e-01
6.370433640906303374e-01
1.219695580637569776e-02
2.212024507414849239e-01
2.185441070031752808e-01
-1.333793006384407898e+00
-1.034675083912057314e+00
-1.037713191041555127e+00
1.806578979162289933e+00
-6.161758268246102510e-01
-1.037713191041555127e+00
1.357780028649458792e+00
1.058580728307573438e+00
1.055542621178084950e+00
