7.602759319040690578e-01
1.111298139166620125e+00
7.545794810362709271e-01
-2.864469150535469133e-01
-3.058133024168308012e-02
-2.921433659213441558e-01
-2.864469150535469133e-01
-3.058133024168308012e-02
-2.921433659213441558e-01
-8.100456906518487266e-01
-6.017799945307396037e-01
-2.921433659213441558e-01
-2.864469150535469133e-01
5.400994748775684862e-01
2.314554096769527725e-01
-1.856768537609460257e+00
1.111298139166620125e+00
2.848025174951501093e+00
2.366771563057672445e-01
5.400994748775684862e-01
2.314554096769527725e-01
-8.100456906518487266e-01
-6.017799945307396037e-01
-8.152674372806578695e-01
-2.864469150535469133e-01
5.400994748775684862e-01
2.314554096769527725e-01
-2.864469150535469133e-01
5.400994748775684862e-01
2.314554096769527725e-01
-2.379892608968778855e+00
-3.058133024168308012e-02
-1.338866212878959461e+00
2.366771563057672445e-01
1.111298139166620125e+00
7.545794810362709271e-01
-2.864469150535469133e-01
-3.058133024168308012e-02
-2.921433659213441558e-01
2.366771563057672445e-01
5.400994748775684862e-01
2.314554096769527725e-01
1.283400003263382771e+00
nan
2.314554096769527725e-01
-2.864469150535469133e-01
-3.058133024168308012e-02
-2.921433659213441558e-01
7.602759319040690578e-01
1.111298139166620125e+00
7.545794810362709271e-01
2.366771563057672445e-01
5.400994748775684862e-01
2.314554096769527725e-01
-2.864469150535469133e-01
-3.058133024168308012e-02
-2.921433659213441558e-01
-2.864469150535469133e-01
-3.058133024168308012e-02
-2.921433659213441558e-01
2.330122850220999631e+00
-3.058133024168308012e-02
-1.861990284238272952e+00
-2.864469150535469133e-01
-3.058133024168308012e-02
-2.921433659213441558e-01
1.806998778861680144e+00
5.400994748775684862e-01
2.324901103592182494e+00
1.806998778861680144e+00
-1.172460799649991170e+00
-2.908713131195888035e+00
2.330122850220999631e+00
nan
2.314554096769527725e-01
-2.864469150535469133e-01
-3.058133024168308012e-02
-2.921433659213441558e-01
2.366771563057672445e-01
5.400994748775684862e-01
2.314554096769527725e-01
-1.333169762011162884e+00
5.400994748775684862e-01
-1.861990284238272952e+00
-2.864469150535469133e-01
-3.058133024168308012e-02
-2.921433659213441558e-01
-2.864469150535469133e-01
5.400994748775684862e-01
2.314554096769527725e-01
7.602759319040690578e-01
1.111298139166620125e+00
7.545794810362709271e-01
-8.100456906518487266e-01
-3.058133024168308012e-02
-2.921433659213441558e-01
-8.100456906518487266e-01
-3.058133024168308012e-02
-2.921433659213441558e-01
2.330122850220999631e+00
-6.017799945307396037e-01
-1.861990284238272952e+00
1.806998778861680144e+00
nan
1.278178256634567411e+00
-2.864469150535469133e-01
-1.743659463939047694e+00
-2.385589059836574322e+00
1.283400003263382771e+00
nan
7.545794810362709271e-01
2.366771563057672445e-01
5.400994748775684862e-01
2.314554096769527725e-01
7.602759319040690578e-01
2.253177608574928215e+00
nan
-1.856768537609460257e+00
-2.314340269058299260e+00
-2.921433659213441558e-01
-8.456485085755724995e-01
-8.484967340094735633e-01
-3.282208880840524756e-01
2.010743383820381425e-01
1.244948959905758379e+00
7.185019588735577223e-01
1.247797185339654114e+00
1.244948959905758379e+00
7.185019588735577223e-01
2.010743383820381425e-01
1.982261129481424078e-01
1.953778875142444527e-01
-3.225244372162587858e-01
-3.253726626501549646e-01
1.953778875142444527e-01
-2.415970131131489840e+00
-2.418818356565386907e+00
-3.282208880840524756e-01
2.294520032297269196e+00
-3.253726626501549646e-01
-8.513449594433706302e-01
-8.456485085755724995e-01
-8.484967340094735633e-01
-3.282208880840524756e-01
1.247797185339654114e+00
1.768073031265072537e+00
1.765224805831173249e+00
-3.225244372162587858e-01
-3.253726626501549646e-01
-3.282208880840524756e-01
-3.225244372162587858e-01
-3.253726626501549646e-01
-3.282208880840524756e-01
-3.225244372162587858e-01
-1.372095509607770936e+00
-1.898067806400985935e+00
1.770921256698971824e+00
7.213501843074610065e-01
1.242100734471859091e+00
-3.225244372162587858e-01
1.982261129481424078e-01
1.953778875142444527e-01
-3.225244372162587858e-01
-3.253726626501549646e-01
1.953778875142444527e-01
1.770921256698971824e+00
7.213501843074610065e-01
1.242100734471859091e+00
-8.456485085755724995e-01
-3.253726626501549646e-01
-3.282208880840524756e-01
-8.456485085755724995e-01
-3.253726626501549646e-01
-3.282208880840524756e-01
-1.369247284173874313e+00
-1.372095509607770936e+00
-1.374943735041667781e+00
2.010743383820381425e-01
1.982261129481424078e-01
1.953778875142444527e-01
-8.456485085755724995e-01
-3.253726626501549646e-01
-3.282208880840524756e-01
7.241984097413567412e-01
1.244948959905758379e+00
1.242100734471859091e+00
-1.369247284173874313e+00
-8.484967340094735633e-01
-8.513449594433706302e-01
-8.456485085755724995e-01
-8.484967340094735633e-01
-3.282208880840524756e-01
nan
7.213501843074610065e-01
7.185019588735577223e-01
2.010743383820381425e-01
7.213501843074610065e-01
7.185019588735577223e-01
2.010743383820381425e-01
1.982261129481424078e-01
1.953778875142444527e-01
-3.225244372162587858e-01
-3.253726626501549646e-01
1.953778875142444527e-01
-3.225244372162587858e-01
1.982261129481424078e-01
1.953778875142444527e-01
1.770921256698971824e+00
1.768073031265072537e+00
7.185019588735577223e-01
-8.456485085755724995e-01
-3.253726626501549646e-01
-3.282208880840524756e-01
2.010743383820381425e-01
7.213501843074610065e-01
7.185019588735577223e-01
-1.369247284173874313e+00
-1.372095509607770936e+00
-8.513449594433706302e-01
2.010743383820381425e-01
1.982261129481424078e-01
1.953778875142444527e-01
-8.456485085755724995e-01
-8.484967340094735633e-01
-3.282208880840524756e-01
2.010743383820381425e-01
1.982261129481424078e-01
1.953778875142444527e-01
2.817644103656583354e+00
-3.253726626501549646e-01
-1.374943735041667781e+00
7.241984097413567412e-01
7.213501843074610065e-01
7.185019588735577223e-01
-3.225244372162587858e-01
1.982261129481424078e-01
1.953778875142444527e-01
7.241984097413567412e-01
1.244948959905758379e+00
7.185019588735577223e-01
3.594356725067844316e-01
8.466721033989803580e-01
1.806620561057692420e-01
-1.733820139712851649e+00
1.474420989030162055e+00
-3.429367194925281304e-01
-5.906358458066662820e-02
2.183535726810239552e-01
1.806620561057692420e-01
1.615692970551514840e+00
nan
7.037861274650878407e-01
7.783146929854258822e-01
nan
-2.959506484767074230e+00
2.034192227638969008e+00
nan
1.227384903063385657e+00
-1.315320882625398591e+00
-2.293781260017252688e+00
-1.389659566450144101e+00
nan
nan
-2.959506484767074230e+00
-4.779426050593080788e-01
-4.093953129501524124e-01
-3.429367194925281304e-01
-4.779426050593080788e-01
-4.093953129501524124e-01
-3.429367194925281304e-01
1.196813950072876942e+00
nan
7.037861274650878407e-01
-4.779426050593080788e-01
-4.093953129501524124e-01
-3.429367194925281304e-01
-5.906358458066662820e-02
2.183535726810239552e-01
1.806620561057692420e-01
-4.779426050593080788e-01
-4.093953129501524124e-01
-3.429367194925281304e-01
-5.906358458066662820e-02
2.183535726810239552e-01
-3.429367194925281304e-01
1.615692970551514840e+00
nan
1.227384903063385657e+00
-1.315320882625398591e+00
-4.093953129501524124e-01
-1.912783637809458259e+00
-2.990077437757581613e+00
1.474420989030162055e+00
-3.429367194925281304e-01
-1.315320882625398591e+00
2.183535726810239552e-01
-1.389659566450144101e+00
nan
8.466721033989803580e-01
1.227384903063385657e+00
-2.990077437757581613e+00
-1.665462729299290734e+00
-1.389659566450144101e+00
1.196813950072876942e+00
-1.037713843668114588e+00
1.750508974422704256e+00
-8.964418621467591386e-01
-1.037713843668114588e+00
-8.660607908518422882e-01
-2.152699160191489103e+00
2.183535726810239552e-01
-8.660607908518422882e-01
-5.906358458066662820e-02
2.183535726810239552e-01
1.806620561057692420e-01
-8.964418621467591386e-01
1.474420989030162055e+00
-8.660607908518422882e-01
1.196813950072876942e+00
nan
7.037861274650878407e-01
1.196813950072876942e+00
nan
7.037861274650878407e-01
-5.906358458066662820e-02
2.183535726810239552e-01
1.806620561057692420e-01
3.594356725067844316e-01
1.474420989030162055e+00
7.037861274650878407e-01
1.615692970551514840e+00
nan
2.274107750021001628e+00
-4.779426050593080788e-01
-4.093953129501524124e-01
-3.429367194925281304e-01
1.615692970551514840e+00
nan
1.227384903063385657e+00
-5.906358458066662820e-02
2.183535726810239552e-01
1.806620561057692420e-01
7.783146929854258822e-01
2.730488405379301042e+00
nan
-8.964418621467591386e-01
-1.037713843668114588e+00
-8.660607908518422882e-01
-1.733820139712851649e+00
-1.037713843668114588e+00
-1.912783637809458259e+00
7.783146929854258822e-01
1.474420989030162055e+00
7.037861274650878407e-01
-1.315320882625398591e+00
-2.293781260017252688e+00
-1.912783637809458259e+00
-2.571198417278941939e+00
-4.093953129501524124e-01
-8.660607908518422882e-01
-8.383380632952350808e-01
-8.411862887291303714e-01
-1.052317472256463216e+00
-8.383380632952350808e-01
nan
-2.764877746784027757e+00
4.177293530539012423e-01
-2.128677580111739687e-01
8.956199715183998933e-02
-8.383380632952350808e-01
-2.128677580111739687e-01
-4.811188079674115770e-01
nan
4.148811276200023990e-01
6.607606614408965129e-01
4.177293530539012423e-01
4.148811276200023990e-01
8.956199715183998933e-02
-2.100195325772755695e-01
-2.128677580111739687e-01
-4.811188079674115770e-01
-2.100195325772755695e-01
-2.128677580111739687e-01
-4.811188079674115770e-01
-2.722154365275550880e+00
-2.725002590709450612e+00
-4.811188079674115770e-01
-2.100195325772755695e-01
-2.128677580111739687e-01
-4.811188079674115770e-01
-8.383380632952350808e-01
-8.411862887291303714e-01
-4.811188079674115770e-01
-8.383380632952350808e-01
-8.411862887291303714e-01
-1.052317472256463216e+00
-8.383380632952350808e-01
-8.411862887291303714e-01
-1.052317472256463216e+00
2.302115300121002406e+00
2.299267074687102230e+00
-4.811188079674115770e-01
4.177293530539012423e-01
-2.128677580111739687e-01
8.956199715183998933e-02
4.177293530539012423e-01
4.148811276200023990e-01
8.956199715183998933e-02
1.046047883771863418e+00
4.148811276200023990e-01
6.607606614408965129e-01
1.046047883771863418e+00
4.148811276200023990e-01
6.607606614408965129e-01
4.177293530539012423e-01
4.148811276200023990e-01
8.956199715183998933e-02
nan
-2.128677580111739687e-01
6.607606614408965129e-01
4.177293530539012423e-01
-2.128677580111739687e-01
8.956199715183998933e-02
1.046047883771863418e+00
4.148811276200023990e-01
8.956199715183998933e-02
-8.383380632952350808e-01
-8.411862887291303714e-01
-4.811188079674115770e-01
-2.100195325772755695e-01
-2.128677580111739687e-01
-4.811188079674115770e-01
-8.383380632952350808e-01
-8.411862887291303714e-01
-1.052317472256463216e+00
4.177293530539012423e-01
4.148811276200023990e-01
8.956199715183998933e-02
-2.100195325772755695e-01
-2.128677580111739687e-01
-4.811188079674115770e-01
-8.383380632952350808e-01
-1.468935174360312512e+00
-1.622998277375719667e+00
-8.383380632952350808e-01
-8.411862887291303714e-01
-1.052317472256463216e+00
-1.466086948926414335e+00
-2.097253705078268915e+00
6.607606614408965129e-01
4.177293530539012423e-01
4.148811276200023990e-01
8.956199715183998933e-02
-8.383380632952350808e-01
-8.411862887291303714e-01
-1.052317472256463216e+00
-1.466086948926414335e+00
-2.097253705078268915e+00
-4.811188079674115770e-01
1.046047883771863418e+00
1.043199658337964131e+00
6.607606614408965129e-01
1.046047883771863418e+00
4.148811276200023990e-01
6.607606614408965129e-01
4.177293530539012423e-01
4.148811276200023990e-01
8.956199715183998933e-02
4.177293530539012423e-01
4.148811276200023990e-01
8.956199715183998933e-02
-8.383380632952350808e-01
-1.468935174360312512e+00
-1.622998277375719667e+00
-2.100195325772755695e-01
-2.128677580111739687e-01
-4.811188079674115770e-01
1.046047883771863418e+00
nan
-4.811188079674115770e-01
-1.139870195897267235e+00
-2.444808413649707468e+00
-1.564445667243704818e+00
5.348863592349184515e-01
3.026610455244114206e-01
1.103108878884810906e-01
1.160073387562805536e-01
3.026610455244114206e-01
1.103108878884810906e-01
3.047021191933192874e+00
-2.444808413649707468e+00
3.040944977674210570e+00
5.348863592349184515e-01
6.953601272231337838e-01
5.288101449759357031e-01
1.372264636801011406e+00
1.480402262441344874e+00
3.040944977674210570e+00
-3.024919183311745030e-01
-8.747241432132848438e-01
-1.145946410156249762e+00
1.160073387562805536e-01
-8.968200799507375365e-02
-3.085681325901608041e-01
5.348863592349184515e-01
6.953601272231337838e-01
5.288101449759357031e-01
5.348863592349184515e-01
6.953601272231337838e-01
5.288101449759357031e-01
nan
1.087703180742622955e+00
1.366188422542024661e+00
5.348863592349184515e-01
3.026610455244114206e-01
1.103108878884810906e-01
-7.213709388098124009e-01
-4.823810896938001136e-01
-7.270673896776083112e-01
1.372264636801011406e+00
1.480402262441344874e+00
1.785067443020666111e+00
1.160073387562805536e-01
-8.968200799507375365e-02
-3.085681325901608041e-01
1.160073387562805536e-01
3.026610455244114206e-01
1.103108878884810906e-01
5.348863592349184515e-01
6.953601272231337838e-01
1.366188422542024661e+00
-1.977248473463356193e+00
-1.267423224912011204e+00
-1.145946410156249762e+00
5.348863592349184515e-01
6.953601272231337838e-01
5.288101449759357031e-01
1.160073387562805536e-01
-8.968200799507375365e-02
-3.085681325901608041e-01
-3.024919183311745030e-01
-4.823810896938001136e-01
-7.270673896776083112e-01
5.348863592349184515e-01
3.026610455244114206e-01
1.103108878884810906e-01
1.160073387562805536e-01
-8.968200799507375365e-02
-3.085681325901608041e-01
9.533856163223699554e-01
6.953601272231337838e-01
9.476891654545696042e-01
1.160073387562805536e-01
-8.968200799507375365e-02
-3.085681325901608041e-01
-1.558749216375904911e+00
-4.823810896938001136e-01
-1.983324687722338941e+00
9.533856163223699554e-01
1.087703180742622955e+00
9.476891654545696042e-01
5.348863592349184515e-01
6.953601272231337838e-01
5.288101449759357031e-01
1.372264636801011406e+00
1.087703180742622955e+00
9.476891654545696042e-01
1.160073387562805536e-01
-8.968200799507375365e-02
-3.085681325901608041e-01
-1.139870195897267235e+00
-2.444808413649707468e+00
-1.564445667243704818e+00
1.160073387562805536e-01
-8.968200799507375365e-02
-3.085681325901608041e-01
3.047021191933192874e+00
-4.823810896938001136e-01
-1.983324687722338941e+00
-3.024919183311745030e-01
-4.823810896938001136e-01
-3.085681325901608041e-01
-1.139870195897267235e+00
-8.747241432132848438e-01
-7.270673896776083112e-01
-7.213709388098124009e-01
-8.747241432132848438e-01
-1.145946410156249762e+00
5.348863592349184515e-01
3.026610455244114206e-01
1.103108878884810906e-01
1.160073387562805536e-01
-8.968200799507375365e-02
-3.085681325901608041e-01
5.348863592349184515e-01
-8.747241432132848438e-01
-1.145946410156249762e+00
1.160073387562805536e-01
-8.968200799507375365e-02
-3.085681325901608041e-01
nan
1.154636478439235781e+00
2.213006532974750584e+00
-1.369654173521574814e+00
-1.985532062433613021e+00
-3.017444089398235718e-02
-9.212621123564446179e-01
-8.077908455166742385e-01
-9.273654525719421393e-01
-4.724631618436183622e-01
-8.077908455166742385e-01
-9.273654525719421393e-01
-4.724631618436183622e-01
-8.077908455166742385e-01
-9.273654525719421393e-01
1.321918861512294541e+00
3.117419830574383433e+00
nan
4.247278498343378672e-01
nan
2.213006532974750584e+00
-4.724631618436183622e-01
-8.077908455166742385e-01
-9.273654525719421393e-01
-9.212621123564446179e-01
-8.077908455166742385e-01
-9.273654525719421393e-01
-9.212621123564446179e-01
-8.077908455166742385e-01
-9.273654525719421393e-01
1.770310922677420962e+00
1.547335560137958588e+00
1.315815521296799240e+00
nan
1.547335560137958588e+00
nan
1.321918861512294541e+00
1.154636478439235781e+00
8.670165707839689873e-01
-4.724631618436183622e-01
-4.154477919971886202e-01
-4.785665020591123309e-01
8.731199109994642882e-01
7.622934249197466094e-01
8.670165707839689873e-01
-9.212621123564446179e-01
-2.274871029846536885e-02
1.315815521296799240e+00
-2.407110067849194124e-02
-2.274871029846536885e-02
-3.017444089398235718e-02
-2.407110067849194124e-02
-4.154477919971886202e-01
-4.785665020591123309e-01
8.731199109994642882e-01
7.622934249197466094e-01
8.670165707839689873e-01
-4.724631618436183622e-01
-4.154477919971886202e-01
-4.785665020591123309e-01
8.731199109994642882e-01
7.622934249197466094e-01
8.670165707839689873e-01
-2.407110067849194124e-02
-2.274871029846536885e-02
-3.017444089398235718e-02
nan
3.695943432210233581e-01
1.764207582461929213e+00
-1.369654173521574814e+00
-2.770574197651821446e+00
-1.824556464249893706e+00
-2.407110067849194124e-02
-2.274871029846536885e-02
-3.017444089398235718e-02
-2.407110067849194124e-02
-2.274871029846536885e-02
-3.017444089398235718e-02
4.247278498343378672e-01
3.695943432210233581e-01
4.186245096188394577e-01
4.247278498343378672e-01
-2.274871029846536885e-02
-3.017444089398235718e-02
-2.407110067849194124e-02
3.695943432210233581e-01
-4.785665020591123309e-01
1.770310922677420962e+00
1.547335560137958588e+00
1.764207582461929213e+00
-2.407110067849194124e-02
-4.154477919971886202e-01
-4.785665020591123309e-01
-2.407110067849194124e-02
-4.154477919971886202e-01
-4.785665020591123309e-01
4.247278498343378672e-01
3.695943432210233581e-01
4.186245096188394577e-01
4.247278498343378672e-01
-2.274871029846536885e-02
-3.017444089398235718e-02
4.247278498343378672e-01
-2.274871029846536885e-02
-3.017444089398235718e-02
4.247278498343378672e-01
-2.274871029846536885e-02
-3.017444089398235718e-02
8.731199109994642882e-01
7.622934249197466094e-01
8.670165707839689873e-01
4.247278498343378672e-01
3.695943432210233581e-01
4.186245096188394577e-01
-9.212621123564446179e-01
-8.077908455166742385e-01
-9.273654525719421393e-01
-9.212621123564446179e-01
-8.077908455166742385e-01
-9.273654525719421393e-01
7.622712352949889691e-02
1.275658672596891030e+00
-1.351122213230887104e+00
5.993511948888126106e-01
3.094529677129380651e-01
-2.092427438225747949e-01
1.646074041846427249e+00
nan
-2.092427438225747949e-01
1.122949970487113980e+00
2.241864377480844439e+00
nan
-2.017218570385731269e+00
7.927749144190632258e-01
-7.804414081116308743e-01
-4.473716520687980314e-01
-1.139636495348843814e+00
-1.351122213230887104e+00
nan
nan
3.614380612966812123e-01
7.622712352949889691e-02
-1.734307904648901832e-01
-2.092427438225747949e-01
-1.494094499026413114e+00
-1.622958442054964534e+00
-3.064200346928240393e+00
1.122949970487113980e+00
1.275658672596891030e+00
1.503317530704983085e+00
2.169672817444729063e+00
nan
3.614380612966812123e-01
nan
-1.622958442054964534e+00
nan
nan
2.241864377480844439e+00
nan
-3.063941417343341911e+00
2.241864377480844439e+00
2.074516194994039608e+00
2.169672817444729063e+00
nan
9.326367255857270777e-01
5.993511948888126106e-01
7.927749144190632258e-01
3.614380612966812123e-01
nan
2.725186324186965159e+00
nan
5.993511948888126106e-01
7.927749144190632258e-01
3.614380612966812123e-01
-9.704957234281161860e-01
-1.622958442054964534e+00
-1.922320877519932969e+00
nan
1.758980619303011750e+00
nan
7.622712352949889691e-02
-1.734307904648901832e-01
-7.804414081116308743e-01
-4.473716520687980314e-01
-1.139636495348843814e+00
-1.351122213230887104e+00
1.122949970487113980e+00
2.241864377480844439e+00
nan
5.993511948888126106e-01
3.094529677129380651e-01
3.614380612966812123e-01
-2.017218570385731269e+00
1.758980619303011750e+00
-2.092427438225747949e-01
1.122949970487113980e+00
nan
1.503317530704983085e+00
-1.494094499026413114e+00
-3.072047905116750410e+00
-1.922320877519932969e+00
nan
-1.622958442054964534e+00
2.645197000113285846e+00
-9.704957234281161860e-01
-2.105842200232797445e+00
-7.804414081116308743e-01
7.622712352949889691e-02
-6.567527371710153439e-01
-7.804414081116308743e-01
1.646074041846427249e+00
-6.567527371710153439e-01
2.074516194994039608e+00
7.622712352949889691e-02
-1.734307904648901832e-01
-2.092427438225747949e-01
-4.473716520687980314e-01
3.094529677129380651e-01
-2.493001682639189198e+00
-4.473716520687980314e-01
nan
nan
-2.017218570385731269e+00
-1.139636495348843814e+00
2.074516194994039608e+00
5.993511948888126106e-01
3.094529677129380651e-01
3.614380612966812123e-01
5.993511948888126106e-01
3.094529677129380651e-01
3.614380612966812123e-01
-4.473716520687980314e-01
-1.139636495348843814e+00
-7.804414081116308743e-01
-4.473716520687980314e-01
-6.567527371710153439e-01
-7.804414081116308743e-01
1.646074041846427249e+00
-3.072047905116750410e+00
3.614380612966812123e-01
-2.001933093890476911e+00
-5.055229213442173908e-01
-2.470798470734029362e+00
nan
nan
-2.863497552432748616e+00
-3.271765387582914464e-01
-5.055229213442173908e-01
-9.007142002976058492e-01
9.287009958952525679e-01
6.722182955727173947e-01
1.061713123658305946e+00
-1.164554816324384401e+00
-8.978659748637061178e-01
-1.685756335515814275e+00
nan
1.849603484310414103e+00
nan
-2.839311371456566313e+00
2.242302566009133358e+00
-5.083711467781171223e-01
9.287009958952525679e-01
6.722182955727173947e-01
1.061713123658305946e+00
2.184958293939983420e+00
nan
-9.007142002976058492e-01
-7.460555592369293443e-01
-8.978659748637061178e-01
-1.685756335515814275e+00
9.287009958952525679e-01
6.722182955727173947e-01
1.061713123658305946e+00
5.102017388078010640e-01
2.795192138739910348e-01
6.693700701388172192e-01
-1.583433836803022299e+00
-2.467950245300129630e+00
-1.156720650793978677e-01
9.287009958952525679e-01
nan
1.846755258876514816e+00
-1.164554816324384401e+00
-1.290565056562432478e+00
2.631797394094722797e+00
-7.460555592369293443e-01
-5.055229213442173908e-01
-1.293413281996332431e+00
5.102017388078010640e-01
2.795192138739910348e-01
2.766709884400908592e-01
5.102017388078010640e-01
2.795192138739910348e-01
6.693700701388172192e-01
-1.164554816324384401e+00
-1.682908110081921427e+00
1.846755258876514816e+00
9.287009958952525679e-01
6.722182955727173947e-01
1.061713123658305946e+00
3.022336571506076375e+00
nan
1.846755258876514816e+00
9.287009958952525679e-01
1.064561349092199016e+00
1.454412205357025201e+00
-7.460555592369293443e-01
-8.978659748637061178e-01
-1.685756335515814275e+00
5.102017388078010640e-01
nan
nan
1.347580016373894018e+00
1.457260430790925376e+00
2.631797394094722797e+00
nan
2.242302566009133358e+00
nan
9.132271832915961340e-02
-1.128238396454981363e-01
-1.156720650793978677e-01
-7.460555592369293443e-01
-8.978659748637061178e-01
-1.685756335515814275e+00
-3.271765387582914464e-01
-5.055229213442173908e-01
-9.007142002976058492e-01
-2.420812114369114809e+00
-1.290565056562432478e+00
-1.156720650793978677e-01
9.287009958952525679e-01
6.722182955727173947e-01
1.061713123658305946e+00
nan
-5.055229213442173908e-01
3.024496475793449157e+00
-1.583433836803022299e+00
-2.075607191780640903e+00
1.061713123658305946e+00
9.132271832915961340e-02
-1.128238396454981363e-01
-1.156720650793978677e-01
-3.271765387582914464e-01
-5.055229213442173908e-01
-9.007142002976058492e-01
1.347580016373894018e+00
1.849603484310414103e+00
3.024496475793449157e+00
-3.271765387582914464e-01
-5.055229213442173908e-01
-5.083711467781171223e-01
1.766079273461345522e+00
2.242302566009133358e+00
nan
5.102017388078010640e-01
2.795192138739910348e-01
2.766709884400908592e-01
-3.271765387582914464e-01
-5.055229213442173908e-01
-9.007142002976058492e-01
1.833910857640950631e+00
2.314165484649029381e+00
1.344892460067034889e+00
-9.850055212695485451e-02
3.817540748811238949e-01
-1.041970029947543175e-01
3.843832060508778348e-01
3.817540748811238949e-01
-1.041970029947543175e-01
-9.850055212695485451e-02
-1.015678718249963808e-01
-5.875189497008705963e-01
-9.850055212695485451e-02
-1.015678718249963808e-01
-5.875189497008705963e-01
-9.850055212695485451e-02
-1.015678718249963808e-01
-1.041970029947543175e-01
3.843832060508778348e-01
3.817540748811238949e-01
3.786867551830779277e-01
-1.064706257010902934e+00
-1.067773576708948902e+00
-1.070402707878702842e+00
-9.850055212695485451e-02
-1.015678718249963808e-01
-1.041970029947543175e-01
-5.818224988330751302e-01
-1.015678718249963808e-01
-5.875189497008705963e-01
-9.850055212695485451e-02
-1.015678718249963808e-01
-1.041970029947543175e-01
-5.818224988330751302e-01
2.797049242826857629e+00
-3.002814117646607883e+00
-9.850055212695485451e-02
-1.015678718249963808e-01
-1.041970029947543175e-01
-5.818224988330751302e-01
-1.067773576708948902e+00
-1.553724654584823117e+00
-9.850055212695485451e-02
-1.015678718249963808e-01
-5.875189497008705963e-01
3.843832060508778348e-01
3.817540748811238949e-01
3.786867551830779277e-01
-2.030911961894855899e+00
-1.067773576708948902e+00
-5.875189497008705963e-01
8.677051527569981104e-01
1.347959779765076860e+00
1.344892460067034889e+00
1.350588910934829912e+00
1.347959779765076860e+00
8.620087018892026443e-01
-5.818224988330751302e-01
8.646378330589521433e-01
nan
-2.030911961894855899e+00
1.347959779765076860e+00
nan
-2.030911961894855899e+00
-1.550657334886781369e+00
-1.041970029947543175e-01
-9.850055212695485451e-02
-1.067773576708948902e+00
-1.553724654584823117e+00
-5.818224988330751302e-01
-5.844516300028286260e-01
-5.875189497008705963e-01
-9.850055212695485451e-02
-1.015678718249963808e-01
-1.041970029947543175e-01
1.350588910934829912e+00
2.314165484649029381e+00
1.344892460067034889e+00
3.843832060508778348e-01
3.817540748811238949e-01
-1.041970029947543175e-01
3.843832060508778348e-01
8.646378330589521433e-01
3.786867551830779277e-01
-5.818224988330751302e-01
-5.844516300028286260e-01
-5.875189497008705963e-01
1.833910857640950631e+00
3.817540748811238949e-01
2.794420111657108130e+00
8.677051527569981104e-01
8.646378330589521433e-01
3.786867551830779277e-01
3.843832060508778348e-01
3.817540748811238949e-01
3.786867551830779277e-01
3.843832060508778348e-01
3.817540748811238949e-01
3.786867551830779277e-01
-5.818224988330751302e-01
-1.015678718249963808e-01
-5.875189497008705963e-01
-9.850055212695485451e-02
-1.015678718249963808e-01
-5.875189497008705963e-01
-5.818224988330751302e-01
-5.844516300028286260e-01
-5.875189497008705963e-01
3.843832060508778348e-01
8.646378330589521433e-01
3.786867551830779277e-01
-1.548028203717027651e+00
1.830843537942905108e+00
-5.875189497008705963e-01
8.677051527569981104e-01
8.646378330589521433e-01
3.786867551830779277e-01
-9.850055212695485451e-02
-1.015678718249963808e-01
-5.875189497008705963e-01
1.043335288120530002e+00
8.853265914304602191e-01
4.340863048314358430e-01
-1.529193941167452664e-01
-1.186442024749512214e-02
-1.471264568139485363e-02
2.239589970357805271e+00
-4.602564814126250958e-01
-9.119036573593475303e-01
3.136916611818327816e+00
-2.254638504768532670e+00
8.824783659965662608e-01
7.444072473437790549e-01
1.334125541943282478e+00
1.331277316509388520e+00
4.452079470018923679e-01
1.334125541943282478e+00
-9.119036573593475303e-01
1.462799062251414206e-01
4.369345302653306895e-01
-1.471264568139485363e-02
1.641462629239168081e+00
-4.602564814126250958e-01
-9.119036573593475303e-01
1.940661929581051659e+00
-1.186442024749512214e-02
-9.119036573593475303e-01
-4.518474348934962137e-01
-9.090554319254509075e-01
-2.257486730202431069e+00
nan
8.853265914304602191e-01
-1.471264568139485363e-02
-7.510467352353802362e-01
-2.254638504768532670e+00
-9.119036573593475303e-01
3.136916611818327816e+00
2.679708614786371790e+00
-2.706285680715261766e+00
1.342534588462414469e+00
8.853265914304602191e-01
8.824783659965662608e-01
1.462799062251414206e-01
4.369345302653306895e-01
-1.471264568139485363e-02
1.342534588462414469e+00
1.334125541943282478e+00
2.676860389352472502e+00
2.239589970357805271e+00
-1.186442024749512214e-02
-9.119036573593475303e-01
1.462799062251414206e-01
4.369345302653306895e-01
-1.471264568139485363e-02
2.538789270699689737e+00
3.128507565299194049e+00
nan
2.837717311476440685e+00
1.782517603108412452e+00
-1.471264568139485363e-02
1.043335288120530002e+00
-1.806246443603406693e+00
1.779669377674519382e+00
-2.844356799368044530e+00
4.369345302653306895e-01
-1.471264568139485363e-02
1.342534588462414469e+00
-4.602564814126250958e-01
-1.360295718524478170e+00
1.342534588462414469e+00
nan
-1.471264568139485363e-02
1.641462629239168081e+00
nan
4.340863048314358430e-01
-7.510467352353802362e-01
-2.254638504768532670e+00
-9.119036573593475303e-01
-7.510467352353802362e-01
-1.357447493090580881e+00
-4.631047068465252714e-01
-1.049974776012133848e+00
-4.602564814126250958e-01
-1.360295718524478170e+00
4.452079470018923679e-01
-1.186442024749512214e-02
-2.257486730202431069e+00
-1.947301417472655727e+00
-1.806246443603406693e+00
-2.706285680715261766e+00
2.837717311476440685e+00
-4.602564814126250958e-01
-1.471264568139485363e-02
-1.648102117130771704e+00
-1.357447493090580881e+00
-2.257486730202431069e+00
-4.518474348934962137e-01
-1.186442024749512214e-02
-1.471264568139485363e-02
-7.510467352353802362e-01
-1.806246443603406693e+00
-9.119036573593475303e-01
2.538789270699689737e+00
nan
1.779669377674519382e+00
-7.510467352353802362e-01
-1.186442024749512214e-02
-2.706285680715261766e+00
1.342534588462414469e+00
nan
-1.360295718524478170e+00
1.043335288120530002e+00
-9.090554319254509075e-01
-1.360295718524478170e+00
7.444072473437790549e-01
8.853265914304602191e-01
4.340863048314358430e-01
-1.648102117130771704e+00
-4.602564814126250958e-01
-9.119036573593475303e-01
-5.279526966361682838e-01
7.937286188629935069e-01
3.007302409019694700e+00
-9.206517783348946438e-01
-1.053596889028908912e+00
-6.870135214189438955e-01
nan
1.162992669234276910e+00
nan
-1.356096431166826655e-01
5.486543277526179097e-02
5.184966466878115909e-02
6.494324921015288687e-01
7.937286188629935069e-01
4.214488003852294717e-01
1.042131573800252120e+00
1.162992669234276910e+00
7.907128507565128750e-01
1.042131573800252120e+00
1.162992669234276910e+00
7.907128507565128750e-01
-1.356096431166826655e-01
5.486543277526179097e-02
5.184966466878115909e-02
1.827173709018463654e+00
1.901855855322002853e+00
1.160311986472954082e+00
-1.356096431166826655e-01
5.486543277526179097e-02
5.184966466878115909e-02
-5.279526966361682838e-01
-3.147337029411803044e-01
-3.174143857024955828e-01
2.219516762537948829e+00
nan
1.529576036844237485e+00
-9.206517783348946438e-01
-6.839977533124637077e-01
-6.870135214189438955e-01
6.494324921015288687e-01
7.937286188629935069e-01
4.214488003852294717e-01
2.570894385820401418e-01
4.241294831465451942e-01
4.214488003852294717e-01
nan
1.162992669234276910e+00
1.529576036844237485e+00
6.494324921015288687e-01
7.937286188629935069e-01
4.214488003852294717e-01
2.570894385820401418e-01
4.241294831465451942e-01
4.214488003852294717e-01
1.042131573800252120e+00
1.162992669234276910e+00
7.907128507565128750e-01
1.434474627319740847e+00
1.162992669234276910e+00
7.907128507565128750e-01
2.219516762537948829e+00
5.486543277526179097e-02
-1.056277571790227299e+00
-5.279526966361682838e-01
-6.839977533124637077e-01
-3.174143857024955828e-01
2.570894385820401418e-01
4.241294831465451942e-01
4.214488003852294717e-01
6.494324921015288687e-01
7.937286188629935069e-01
4.214488003852294717e-01
-1.356096431166826655e-01
-1.422860939400192537e+00
5.184966466878115909e-02
-2.883079102290803331e+00
-6.839977533124637077e-01
-1.425876707506669172e+00
-1.705693913553106178e+00
1.162992669234276910e+00
-3.174143857024955828e-01
-9.206517783348946438e-01
-1.053596889028908912e+00
-6.870135214189438955e-01
-1.705693913553106178e+00
-2.531323261204366570e+00
-3.174143857024955828e-01
-5.279526966361682838e-01
-3.147337029411803044e-01
-3.174143857024955828e-01
-1.356096431166826655e-01
-3.147337029411803044e-01
5.184966466878115909e-02
-1.356096431166826655e-01
5.486543277526179097e-02
5.184966466878115909e-02
2.570894385820401418e-01
4.241294831465451942e-01
4.214488003852294717e-01
6.494324921015288687e-01
4.241294831465451942e-01
4.214488003852294717e-01
2.570894385820401418e-01
5.486543277526179097e-02
5.184966466878115909e-02
2.570894385820401418e-01
2.640719041409727907e+00
-2.903603079682125720e+00
-2.098036967072591352e+00
7.937286188629935069e-01
-6.870135214189438955e-01
6.494324921015288687e-01
4.241294831465451942e-01
4.214488003852294717e-01
2.570894385820401418e-01
4.241294831465451942e-01
5.184966466878115909e-02
-1.356096431166826655e-01
5.486543277526179097e-02
5.184966466878115909e-02
5.216579344419218778e-01
1.565690790711967040e+00
nan
-5.249066777693647268e-01
-5.277549032032613496e-01
-7.469937982033902912e-01
1.568539016145867215e+00
2.961321253322122260e+00
nan
1.219473165746999044e+00
1.216624940313105974e+00
1.839194895776239846e+00
5.216579344419218778e-01
8.678755594068929824e-01
7.307325739720664792e-01
1.729085535357128833e-01
1.700603281018189250e-01
-8.130612115658575334e-03
1.568539016145867215e+00
2.612255402923260306e+00
nan
-8.739725281682293456e-01
-5.277549032032613496e-01
-1.116257848574673694e+00
1.219473165746999044e+00
1.565690790711967040e+00
nan
1.917288397052076654e+00
1.914440171618180031e+00
-2.963583356466572116e+00
5.216579344419218778e-01
5.188097090080252549e-01
7.307325739720664792e-01
-8.739725281682293456e-01
-1.225570134508335407e+00
-1.855121034662398971e+00
-1.761572968631521796e-01
-1.790055222970488025e-01
-3.773946624869424227e-01
8.707237848407896053e-01
8.678755594068929824e-01
1.100331709688514792e+00
8.707237848407896053e-01
8.678755594068929824e-01
1.100331709688514792e+00
-1.761572968631521796e-01
-1.790055222970488025e-01
-3.773946624869424227e-01
-5.249066777693647268e-01
-1.790055222970488025e-01
-7.469937982033902912e-01
-1.222721909074441671e+00
-1.574635984907203357e+00
7.307325739720664792e-01
1.729085535357128833e-01
1.700603281018189250e-01
-8.130612115658575334e-03
-1.761572968631521796e-01
-1.790055222970488025e-01
-3.773946624869424227e-01
-5.249066777693647268e-01
-5.277549032032613496e-01
-7.469937982033902912e-01
1.729085535357128833e-01
1.700603281018189250e-01
-8.130612115658575334e-03
1.729085535357128833e-01
1.700603281018189250e-01
-8.130612115658575334e-03
-2.269602990778383678e+00
-8.768207536021228599e-01
-2.593984220750124248e+00
8.707237848407896053e-01
8.678755594068929824e-01
1.469595760059791090e+00
1.729085535357128833e-01
1.700603281018189250e-01
3.614685236007826319e-01
1.219473165746999044e+00
1.216624940313105974e+00
1.839194895776239846e+00
5.216579344419218778e-01
5.188097090080252549e-01
3.614685236007826319e-01
-8.739725281682293456e-01
-8.768207536021228599e-01
-1.116257848574673694e+00
-1.761572968631521796e-01
-1.790055222970488025e-01
-3.773946624869424227e-01
-1.761572968631521796e-01
-1.790055222970488025e-01
-3.773946624869424227e-01
-1.761572968631521796e-01
-1.790055222970488025e-01
-3.773946624869424227e-01
1.917288397052076654e+00
nan
-2.593984220750124248e+00
1.729085535357128833e-01
1.700603281018189250e-01
-8.130612115658575334e-03
5.216579344419218778e-01
5.188097090080252549e-01
3.614685236007826319e-01
5.216579344419218778e-01
8.678755594068929824e-01
1.100331709688514792e+00
-1.761572968631521796e-01
-1.790055222970488025e-01
-3.773946624869424227e-01
1.917288397052076654e+00
nan
-2.224720170378847062e+00
-5.249066777693647268e-01
-1.790055222970488025e-01
-7.469937982033902912e-01
-1.761572968631521796e-01
-8.768207536021228599e-01
-1.485856984291115568e+00
-5.139658753089921817e-01
2.966481251639589978e-01
7.227742970244048770e-01
-5.139658753089921817e-01
-4.008506366484620997e-01
-6.262386637304073744e-02
-1.411563776334648690e+00
1.692278587774110221e+00
nan
nan
-4.008506366484620997e-01
1.507460404063382775e+00
nan
-4.008506366484620997e-01
nan
-5.139658753089921817e-01
-4.008506366484620997e-01
-8.473099734120186355e-01
nan
-4.008506366484620997e-01
1.507460404063382775e+00
3.828182470212642130e-01
-4.008506366484620997e-01
-6.262386637304073744e-02
-5.139658753089921817e-01
-1.098982337446191782e+00
-8.473099734120186355e-01
-5.139658753089921817e-01
-4.008506366484620997e-01
-8.473099734120186355e-01
-2.308347898664905085e+00
2.390410288571845676e+00
7.227742970244048770e-01
nan
2.966481251639589978e-01
nan
nan
9.947798259616913441e-01
3.077544674499798738e+00
3.828182470212642130e-01
nan
3.077544674499798738e+00
-1.411563776334648690e+00
-1.098982337446191782e+00
-1.632708136809464250e+00
-5.139658753089921817e-01
-1.098982337446191782e+00
-8.473099734120186355e-01
2.177200270377173119e+00
3.087909050384263665e+00
nan
nan
1.692278587774110221e+00
nan
2.177200270377173119e+00
nan
-2.417394243848435043e+00
-1.411563776334648690e+00
-1.098982337446191782e+00
-1.632708136809464250e+00
2.177200270377173119e+00
1.692278587774110221e+00
1.507460404063382775e+00
-5.139658753089921817e-01
-4.008506366484620997e-01
-8.473099734120186355e-01
3.073984392707429514e+00
9.947798259616913441e-01
-8.473099734120186355e-01
-5.139658753089921817e-01
-4.008506366484620997e-01
-8.473099734120186355e-01
3.828182470212642130e-01
2.966481251639589978e-01
-6.262386637304073744e-02
-5.139658753089921817e-01
-4.008506366484620997e-01
-8.473099734120186355e-01
nan
-4.008506366484620997e-01
1.507460404063382775e+00
nan
-4.008506366484620997e-01
7.227742970244048770e-01
3.073984392707429514e+00
9.947798259616913441e-01
-6.262386637304073744e-02
1.280416148046920277e+00
1.692278587774110221e+00
1.507460404063382775e+00
nan
-2.494612800056345669e+00
7.227742970244048770e-01
nan
2.966481251639589978e-01
2.292858567460828390e+00
3.073984392707429514e+00
nan
7.227742970244048770e-01
-5.139658753089921817e-01
-1.098982337446191782e+00
-8.473099734120186355e-01
-1.411563776334648690e+00
-1.098982337446191782e+00
-1.632708136809464250e+00
2.177200270377173119e+00
3.087909050384263665e+00
nan
-1.411563776334648690e+00
-1.796481099258613101e+00
-1.632708136809464250e+00
nan
-1.796481099258613101e+00
7.227742970244048770e-01
3.073984392707429514e+00
1.692278587774110221e+00
-6.262386637304073744e-02
nan
2.966481251639589978e-01
2.292858567460828390e+00
8.332447549248902519e-01
-2.713513202538857527e-01
2.377847995300612638e-01
-2.307127230621803360e+00
-2.364607132473521389e+00
-1.157845663080087073e+00
1.730435766602846925e+00
-2.713513202538857527e-01
-4.603469012676684180e-01
-1.409529329596146852e+00
-2.713513202538857527e-01
9.352835613424863581e-01
-1.409529329596146852e+00
-6.898505773413368125e-01
9.352835613424863581e-01
-1.409529329596146852e+00
-2.783486152952159287e+00
3.029045724750369928e+00
-6.394625675306420121e-02
-1.108729597819978263e+00
-1.157845663080087073e+00
-5.123383179181923985e-01
-2.364607132473521389e+00
2.377847995300612638e-01
-5.123383179181923985e-01
9.849059777908442115e-01
-4.603469012676684180e-01
2.627626778280802711e+00
9.849059777908442115e-01
1.633415262140215596e+00
8.332447549248902519e-01
-2.713513202538857527e-01
2.377847995300612638e-01
2.179234717115677178e+00
-2.713513202538857527e-01
-1.855977363877822972e+00
3.848526937597638309e-01
-1.108729597819978263e+00
-1.855977363877822972e+00
-2.307127230621803360e+00
1.822284255356936278e+00
-4.603469012676684180e-01
1.282043705437720504e+00
-2.713513202538857527e-01
-4.603469012676684180e-01
-2.307127230621803360e+00
-1.946107875386066777e+00
-1.157845663080087073e+00
-9.611372684310186543e-01
-2.783486152952159287e+00
2.377847995300612638e-01
1.730435766602846925e+00
1.822284255356936278e+00
-4.603469012676684180e-01
-9.611372684310186543e-01
-1.946107875386066777e+00
-1.855977363877822972e+00
2.627626778280802711e+00
1.475277002247552538e-01
-1.157845663080087073e+00
-1.409529329596146852e+00
-2.713513202538857527e-01
9.352835613424863581e-01
nan
-1.946107875386066777e+00
nan
-2.755519291786931557e+00
nan
9.352835613424863581e-01
-2.307127230621803360e+00
-6.898505773413368125e-01
9.352835613424863581e-01
3.076425728793629411e+00
1.822284255356936278e+00
-4.603469012676684180e-01
-2.755519291786931557e+00
1.403405234878298380e+00
9.352835613424863581e-01
-1.858328280108975106e+00
1.822284255356936278e+00
-4.603469012676684180e-01
1.282043705437720504e+00
5.660269573122063136e-01
9.352835613424863581e-01
-2.307127230621803360e+00
1.403405234878298380e+00
-1.157845663080087073e+00
2.627626778280802711e+00
2.659662532923028344e+00
nan
-1.858328280108975106e+00
-1.527228854907429101e+00
-4.603469012676684180e-01
-9.611372684310186543e-01
-1.527228854907429101e+00
-4.603469012676684180e-01
-5.123383179181923985e-01
2.659662532923028344e+00
1.633415262140215596e+00
3.076425728793629411e+00
1.475277002247552538e-01
-1.855977363877822972e+00
-9.611372684310186543e-01
-2.364607132473521389e+00
9.352835613424863581e-01
1.282043705437720504e+00
1.403405234878298380e+00
-1.157845663080087073e+00
8.332447549248902519e-01
2.240783512444391334e+00
9.352835613424863581e-01
1.282043705437720504e+00
nan
3.029045724750369928e+00
1.282043705437720504e+00
1.403405234878298380e+00
-1.157845663080087073e+00
3.848526937597638309e-01
-1.108729597819978263e+00
-1.855977363877822972e+00
7.327430860430488302e-01
3.004457590758207175e-01
1.721393781098407239e+00
-5.265507735439678427e-02
9.979445208882458118e-01
3.117024243708558018e+00
-8.373411843933702414e-01
nan
3.257633184882533506e-01
-2.408137511188267688e+00
-2.490815166144482173e+00
2.070143162004616677e+00
-8.373411843933702414e-01
9.979445208882458118e-01
-3.720519128168238154e-01
-2.408137511188267688e+00
2.393574983498400144e+00
1.372327930699539067e+00
2.302827356479471455e+00
3.004457590758207175e-01
-2.330253191061126827e-02
nan
nan
-1.767682375426974595e+00
-2.408137511188267688e+00
-1.095184703534327397e+00
-2.465497606732051317e+00
nan
-3.976859417219089643e-01
1.721393781098407239e+00
nan
3.004457590758207175e-01
3.257633184882533506e-01
-5.265507735439678427e-02
1.696076221685975050e+00
3.257633184882533506e-01
1.517429193082022287e+00
1.696076221685975050e+00
-2.330253191061126827e-02
7.327430860430488302e-01
2.393574983498400144e+00
1.023578549793330517e+00
3.087513463518441803e+00
2.393574983498400144e+00
-1.069867144121900537e+00
-1.622739347790819187e+00
3.091706684296129382e+00
-7.211177632156884343e-01
-5.265507735439678427e-02
3.004457590758207175e-01
-1.069867144121900537e+00
-5.265507735439678427e-02
-1.095184703534327397e+00
-2.814563457130919488e+00
7.327430860430488302e-01
9.979445208882458118e-01
-3.720519128168238154e-01
-5.265507735439678427e-02
3.004457590758207175e-01
1.372327930699539067e+00
7.327430860430488302e-01
2.393574983498400144e+00
6.745126993944623450e-01
nan
nan
2.070143162004616677e+00
7.327430860430488302e-01
-1.095184703534327397e+00
-3.720519128168238154e-01
-8.373411843933702414e-01
-3.976859417219089643e-01
-2.116748225825842322e+00
-2.408137511188267688e+00
-3.976859417219089643e-01
-1.418932994520765378e+00
2.302827356479471455e+00
3.004457590758207175e-01
-3.720519128168238154e-01
-8.373411843933702414e-01
-3.976859417219089643e-01
-2.116748225825842322e+00
-8.373411843933702414e-01
2.393574983498400144e+00
1.721393781098407239e+00
-5.265507735439678427e-02
-3.976859417219089643e-01
1.023578549793330517e+00
nan
nan
1.372327930699539067e+00
7.327430860430488302e-01
3.004457590758207175e-01
1.721393781098407239e+00
3.087513463518441803e+00
9.979445208882458118e-01
-3.720519128168238154e-01
-8.373411843933702414e-01
-1.793316404332063518e+00
1.023578549793330517e+00
-8.373411843933702414e-01
-1.095184703534327397e+00
1.721393781098407239e+00
1.517429193082022287e+00
3.004457590758207175e-01
-2.116748225825842322e+00
-1.622739347790819187e+00
-1.095184703534327397e+00
-2.465497606732051317e+00
-1.622739347790819187e+00
-1.793316404332063518e+00
-2.814563457130919488e+00
nan
9.979445208882458118e-01
-3.720519128168238154e-01
-8.373411843933702414e-01
3.004457590758207175e-01
2.767958393309693399e+00
nan
1.696076221685975050e+00
1.023578549793330517e+00
-1.610300551142258563e-01
-5.312360676224723299e-01
-1.661568608952443959e-01
-1.610300551142258563e-01
-5.312360676224723299e-01
-1.661568608952443959e-01
4.672884756037309906e-01
8.643943949876824462e-01
1.089910555453894148e+00
-1.610300551142258563e-01
-5.312360676224723299e-01
-1.661568608952443959e-01
4.672884756037309906e-01
1.662626941899527644e-01
4.615920247359377449e-01
2.979423308302009410e+00
nan
4.615920247359377449e-01
2.979423308302009410e+00
1.662626941899527644e-01
-2.678291693593515266e+00
-1.610300551142258563e-01
1.662626941899527644e-01
-1.661568608952443959e-01
4.672884756037309906e-01
1.561893156800107541e+00
nan
4.672884756037309906e-01
1.662626941899527644e-01
4.615920247359377449e-01
-7.887789407454053325e-01
-1.229367768420202012e+00
-1.422224277244377166e+00
-1.610300551142258563e-01
-5.312360676224723299e-01
-1.661568608952443959e-01
nan
8.643943949876824462e-01
1.089910555453894148e+00
-7.887789407454053325e-01
-5.312360676224723299e-01
-7.944753916132007987e-01
-1.417097471463364844e+00
-1.229367768420202012e+00
-7.944753916132007987e-01
-1.610300551142258563e-01
-1.926866530232620445e+00
1.089910555453894148e+00
-7.887789407454053325e-01
-5.312360676224723299e-01
-1.661568608952443959e-01
1.095037361234910911e+00
1.561893156800107541e+00
1.717659441085076288e+00
-7.887789407454053325e-01
2.957523619410255655e+00
-1.661568608952443959e-01
-1.610300551142258563e-01
-5.312360676224723299e-01
-1.661568608952443959e-01
2.979423308302009410e+00
nan
1.717659441085076288e+00
-1.417097471463364844e+00
-1.229367768420202012e+00
-7.944753916132007987e-01
4.672884756037309906e-01
8.643943949876824462e-01
1.089910555453894148e+00
-7.887789407454053325e-01
-1.229367768420202012e+00
-7.944753916132007987e-01
-1.417097471463364844e+00
1.561893156800107541e+00
-1.422224277244377166e+00
4.672884756037309906e-01
2.260024857597836778e+00
nan
-1.610300551142258563e-01
1.662626941899527644e-01
4.615920247359377449e-01
-1.610300551142258563e-01
1.662626941899527644e-01
-1.661568608952443959e-01
-1.417097471463364844e+00
-1.229367768420202012e+00
-7.944753916132007987e-01
-1.610300551142258563e-01
1.662626941899527644e-01
4.615920247359377449e-01
-7.887789407454053325e-01
-5.312360676224723299e-01
-1.661568608952443959e-01
-1.610300551142258563e-01
1.662626941899527644e-01
4.615920247359377449e-01
1.723355891952870422e+00
nan
-1.422224277244377166e+00
4.672884756037309906e-01
1.662626941899527644e-01
4.615920247359377449e-01
-1.610300551142258563e-01
nan
-2.678291693593515266e+00
-7.887789407454053325e-01
-1.229367768420202012e+00
-7.944753916132007987e-01
-7.887789407454053325e-01
-5.312360676224723299e-01
-7.944753916132007987e-01
nan
1.662626941899527644e-01
4.615920247359377449e-01
-1.610300551142258563e-01
1.662626941899527644e-01
-1.661568608952443959e-01
-1.610300551142258563e-01
-5.312360676224723299e-01
-1.661568608952443959e-01
3.248651865177709652e-02
2.963829321787736504e-02
2.700160001666511711e-01
4.808785798169035175e-01
4.780303543830073387e-01
7.528997583444834163e-01
9.296775303297293291e-01
9.268293048958335945e-01
1.236221705050608577e+00
9.296775303297293291e-01
1.375221366060963568e+00
2.685311168112389346e+00
-4.163124318610531560e-01
-4.191606572949488907e-01
-2.133059465394646637e-01
-1.761895504704135806e+00
-1.764743730138031541e+00
-1.662395409601245433e+00
4.808785798169035175e-01
4.780303543830073387e-01
7.528997583444834163e-01
4.808785798169035175e-01
4.780303543830073387e-01
7.528997583444834163e-01
3.248651865177709652e-02
2.963829321787736504e-02
2.700160001666511711e-01
-4.163124318610531560e-01
-4.191606572949488907e-01
-2.133059465394646637e-01
-8.647044930261791329e-01
-8.675527184600793085e-01
-1.179511651423421625e+00
-8.647044930261791329e-01
-8.675527184600793085e-01
-1.179511651423421625e+00
3.248651865177709652e-02
2.963829321787736504e-02
2.700160001666511711e-01
-4.163124318610531560e-01
-4.191606572949488907e-01
-2.133059465394646637e-01
3.248651865177709652e-02
2.963829321787736504e-02
2.700160001666511711e-01
4.808785798169035175e-01
4.780303543830073387e-01
7.528997583444834163e-01
-4.163124318610531560e-01
-4.191606572949488907e-01
-2.133059465394646637e-01
-8.647044930261791329e-01
-8.675527184600793085e-01
-6.961897047172969089e-01
-4.163124318610531560e-01
-4.191606572949488907e-01
-2.133059465394646637e-01
-4.163124318610531560e-01
-4.191606572949488907e-01
-2.133059465394646637e-01
9.296775303297293291e-01
9.268293048958335945e-01
1.236221705050608577e+00
-4.163124318610531560e-01
-4.191606572949488907e-01
-6.961897047172969089e-01
4.808785798169035175e-01
4.780303543830073387e-01
7.528997583444834163e-01
-8.647044930261791329e-01
-8.675527184600793085e-01
-6.961897047172969089e-01
-8.647044930261791329e-01
-8.675527184600793085e-01
-6.961897047172969089e-01
-8.647044930261791329e-01
-8.675527184600793085e-01
-6.961897047172969089e-01
-8.647044930261791329e-01
-8.675527184600793085e-01
-6.961897047172969089e-01
-8.647044930261791329e-01
-8.675527184600793085e-01
-6.961897047172969089e-01
-4.163124318610531560e-01
-4.191606572949488907e-01
-2.133059465394646637e-01
3.248651865177709652e-02
2.963829321787736504e-02
2.700160001666511711e-01
3.248651865177709652e-02
2.963829321787736504e-02
-2.133059465394646637e-01
2.724059553685642676e+00
-2.213542680650861794e+00
7.528997583444834163e-01
3.248651865177709652e-02
2.963829321787736504e-02
-2.133059465394646637e-01
9.296775303297293291e-01
9.268293048958335945e-01
1.236221705050608577e+00
3.248651865177709652e-02
2.963829321787736504e-02
2.700160001666511711e-01
1.378069591494859303e+00
2.721211328251746053e+00
-1.662395409601245433e+00
-4.163124318610531560e-01
-4.191606572949488907e-01
-2.133059465394646637e-01
3.248651865177709652e-02
2.963829321787736504e-02
2.700160001666511711e-01
4.808785798169035175e-01
4.780303543830073387e-01
7.528997583444834163e-01
4.808785798169035175e-01
4.780303543830073387e-01
7.528997583444834163e-01
1.188794240811939851e+00
nan
-1.033156682973876972e+00
8.033191900776337491e-02
8.714532102611016740e-02
7.497055348513148587e-02
8.191951050954915381e-01
9.245235985922031219e-01
8.138337395728632018e-01
1.558058291183219701e+00
2.180780896636930422e+00
1.552696925660588256e+00
8.033191900776337491e-02
8.714532102611016740e-02
-2.942934968861519174e-01
8.033191900776337491e-02
8.714532102611016740e-02
7.497055348513148587e-02
8.033191900776337491e-02
8.714532102611016740e-02
7.497055348513148587e-02
8.191951050954915381e-01
9.245235985922031219e-01
1.183432875289304853e+00
-6.585312670799616797e-01
-1.587611234106075297e+00
8.138337395728632018e-01
8.033191900776337491e-02
8.714532102611016740e-02
-2.942934968861519174e-01
4.499310547242112435e-01
5.060243415047480653e-01
8.138337395728632018e-01
-2.889321313635169197e-01
-3.313539360613444451e-01
-6.638926326025935687e-01
8.033191900776337491e-02
8.714532102611016740e-02
-2.942934968861519174e-01
8.191951050954915381e-01
9.245235985922031219e-01
8.138337395728632018e-01
-6.585312670799616797e-01
-7.502329565399823430e-01
-1.033156682973876972e+00
1.188794240811939851e+00
1.343402619070841020e+00
1.922296061377036125e+00
-6.585312670799616797e-01
-7.502329565399823430e-01
-1.033156682973876972e+00
4.499310547242112435e-01
5.060243415047480653e-01
4.445696892015797985e-01
-6.585312670799616797e-01
-1.587611234106075297e+00
-2.880482190865775394e+00
8.191951050954915381e-01
9.245235985922031219e-01
8.138337395728632018e-01
-1.027795317451245527e+00
-1.168732213627433847e+00
-1.402755818690325285e+00
8.033191900776337491e-02
8.714532102611016740e-02
7.497055348513148587e-02
8.191951050954915381e-01
9.245235985922031219e-01
1.183432875289304853e+00
-2.889321313635169197e-01
-1.168732213627433847e+00
3.030423297836044583e+00
4.499310547242112435e-01
5.060243415047480653e-01
4.445696892015797985e-01
-2.889321313635169197e-01
-3.313539360613444451e-01
-2.942934968861519174e-01
1.558058291183219701e+00
1.343402619070841020e+00
1.552696925660588256e+00
8.191951050954915381e-01
9.245235985922031219e-01
8.138337395728632018e-01
8.191951050954915381e-01
9.245235985922031219e-01
1.183432875289304853e+00
-2.889321313635169197e-01
-3.313539360613444451e-01
-2.942934968861519174e-01
8.033191900776337491e-02
-3.313539360613444451e-01
-2.942934968861519174e-01
2.666520612987393513e+00
-7.502329565399823430e-01
-2.510883055149333742e+00
-2.889321313635169197e-01
-3.313539360613444451e-01
-6.638926326025935687e-01
-2.889321313635169197e-01
-1.168732213627433847e+00
-2.141619004778050339e+00
-2.889321313635169197e-01
-3.313539360613444451e-01
-6.638926326025935687e-01
-2.889321313635169197e-01
-3.313539360613444451e-01
-6.638926326025935687e-01
4.499310547242112435e-01
8.714532102611016740e-02
7.497055348513148587e-02
1.927657426899664905e+00
1.343402619070841020e+00
2.661159247464761179e+00
8.033191900776337491e-02
8.714532102611016740e-02
-2.942934968861519174e-01
8.033191900776337491e-02
-1.168732213627433847e+00
1.922296061377036125e+00
2.760384647937730307e-02
2.475562104548156839e-02
7.476414960049835301e-01
-1.318386115711405182e+00
-8.724353906324751051e-01
-7.014479670567985714e-01
4.759959076445077208e-01
4.731476822106075453e-01
7.476414960049835301e-01
-1.318386115711405182e+00
-8.724353906324751051e-01
-7.014479670567985714e-01
2.719176881513246435e+00
-2.666817413988387564e+00
nan
4.759959076445077208e-01
4.731476822106075453e-01
7.476414960049835301e-01
-8.695871651985789264e-01
-4.240433294673486841e-01
-2.185642088789658821e-01
9.247948581573339766e-01
1.370338693888563775e+00
2.680052905772890348e+00
-8.695871651985789264e-01
-4.240433294673486841e-01
-2.185642088789658821e-01
2.760384647937730307e-02
2.475562104548156839e-02
2.647577378271508408e-01
-8.695871651985789264e-01
-4.240433294673486841e-01
-2.185642088789658821e-01
-8.695871651985789264e-01
-4.240433294673486841e-01
-2.185642088789658821e-01
-1.318386115711405182e+00
-8.724353906324751051e-01
7.476414960049835301e-01
1.821985869835289762e+00
9.219466327234382419e-01
1.713847200888932498e+00
-3.112768139067318085e+00
-8.724353906324751051e-01
-1.184769913762923510e+00
2.760384647937730307e-02
2.475562104548156839e-02
2.647577378271508408e-01
-1.766778176876531381e+00
2.716328656079346260e+00
-2.185642088789658821e-01
-4.211951040334489527e-01
2.475562104548156839e-02
2.647577378271508408e-01
nan
4.731476822106075453e-01
1.713847200888932498e+00
-4.211951040334489527e-01
-4.240433294673486841e-01
-2.185642088789658821e-01
-8.695871651985789264e-01
-8.724353906324751051e-01
-7.014479670567985714e-01
-4.211951040334489527e-01
-4.240433294673486841e-01
-2.185642088789658821e-01
-4.211951040334489527e-01
-4.240433294673486841e-01
-2.185642088789658821e-01
2.760384647937730307e-02
2.475562104548156839e-02
7.476414960049835301e-01
2.760384647937730307e-02
2.475562104548156839e-02
2.647577378271508408e-01
4.759959076445077208e-01
2.475562104548156839e-02
7.476414960049835301e-01
9.247948581573339766e-01
4.731476822106075453e-01
1.230963442711108691e+00
-8.695871651985789264e-01
-1.321234341145301139e+00
-1.667653671940756199e+00
4.759959076445077208e-01
4.731476822106075453e-01
7.476414960049835301e-01
2.760384647937730307e-02
1.819137644401390475e+00
1.713847200888932498e+00
nan
1.370338693888563775e+00
nan
-1.318386115711405182e+00
-8.724353906324751051e-01
-7.014479670567985714e-01
-8.695871651985789264e-01
-4.240433294673486841e-01
-2.185642088789658821e-01
-8.695871651985789264e-01
-4.240433294673486841e-01
-2.185642088789658821e-01
2.760384647937730307e-02
2.475562104548156839e-02
2.647577378271508408e-01
1.373186919322460398e+00
-8.724353906324751051e-01
-1.667653671940756199e+00
-1.318386115711405182e+00
1.819137644401390475e+00
1.230963442711108691e+00
4.759959076445077208e-01
4.731476822106075453e-01
7.476414960049835301e-01
9.247948581573339766e-01
4.731476822106075453e-01
1.230963442711108691e+00
2.760384647937730307e-02
2.475562104548156839e-02
7.476414960049835301e-01
-2.366421133078810968e-02
1.847445125610267525e-01
-2.367928516559176799e-01
2.667908823703077026e+00
1.847445125610267525e-01
2.275341981042354078e+00
-9.208552230087447832e-01
-6.526337650050662020e-01
-1.074171129222013299e+00
-9.208552230087447832e-01
-6.526337650050662020e-01
-1.074171129222013299e+00
1.770717812025120352e+00
1.859501067693212661e+00
2.275341981042354078e+00
-2.366421133078810968e-02
1.847445125610267525e-01
-2.367928516559176799e-01
-2.266845185199527268e+00
-2.337547445264283041e-01
-1.074171129222013299e+00
-4.724631618436183622e-01
-2.337547445264283041e-01
-2.367928516559176799e-01
8.735268003471681197e-01
6.036235330396646503e-01
6.005854259101703896e-01
4.247278498343378672e-01
6.036235330396646503e-01
1.820861688227157771e-01
4.247278498343378672e-01
6.036235330396646503e-01
6.005854259101703896e-01
8.735268003471681197e-01
1.022122790127119707e+00
6.005854259101703896e-01
-9.208552230087447832e-01
-6.526337650050662020e-01
-1.074171129222013299e+00
8.735268003471681197e-01
1.022122790127119707e+00
1.019464446388811396e+00
4.247278498343378672e-01
6.036235330396646503e-01
1.820861688227157771e-01
-2.366421133078810968e-02
1.847445125610267525e-01
1.820861688227157771e-01
1.770717812025120352e+00
1.859501067693212661e+00
6.005854259101703896e-01
4.247278498343378672e-01
6.036235330396646503e-01
1.820861688227157771e-01
-9.208552230087447832e-01
6.036235330396646503e-01
1.820861688227157771e-01
-9.208552230087447832e-01
-6.526337650050662020e-01
-1.074171129222013299e+00
4.247278498343378672e-01
6.036235330396646503e-01
1.820861688227157771e-01
8.735268003471681197e-01
6.036235330396646503e-01
6.005854259101703896e-01
-1.369654173521570817e+00
2.278380088171846118e+00
-1.074171129222013299e+00
-4.724631618436183622e-01
-2.337547445264283041e-01
-2.367928516559176799e-01
-2.366421133078810968e-02
1.847445125610267525e-01
1.820861688227157771e-01
3.116300884868207000e+00
-2.337547445264283041e-01
1.019464446388811396e+00
1.321918861512294541e+00
1.022122790127119707e+00
1.019464446388811396e+00
-2.366421133078810968e-02
1.847445125610267525e-01
1.820861688227157771e-01
-4.724631618436183622e-01
-6.526337650050662020e-01
-6.552921087433722924e-01
-2.366421133078810968e-02
2.696879345259301175e+00
1.820861688227157771e-01
-4.724631618436183622e-01
-2.337547445264283041e-01
-2.367928516559176799e-01
-2.366421133078810968e-02
1.847445125610267525e-01
-2.367928516559176799e-01
-2.366421133078810968e-02
-2.337547445264283041e-01
-2.367928516559176799e-01
-4.724631618436183622e-01
-2.337547445264283041e-01
-6.552921087433722924e-01
8.735268003471681197e-01
1.022122790127119707e+00
1.019464446388811396e+00
8.735268003471681197e-01
6.036235330396646503e-01
6.005854259101703896e-01
-2.366421133078810968e-02
1.847445125610267525e-01
1.820861688227157771e-01
-9.208552230087447832e-01
-1.071133022092517262e+00
-1.074171129222013299e+00
-1.369654173521570817e+00
-1.490012042571158934e+00
-1.911549406788101146e+00
8.735268003471681197e-01
1.022122790127119707e+00
1.019464446388811396e+00
