-1.862469896532681801e+00
-2.806437533605810497e+00
-3.555395477363552104e-01
5.528252714130559298e-01
1.904052629822938769e+00
4.296212635416014614e-01
-8.962641916487332772e-01
-2.806437533605810497e+00
-8.789009712151609754e-01
1.519030976297004010e+00
1.380453854224637844e+00
1.737906146178876732e+00
2.002352923003129170e+00
1.380453854224637844e+00
1.737906146178876732e+00
nan
-1.759714686648200743e+00
2.784628993136492703e+00
5.528252714130559298e-01
1.904052629822938769e+00
1.678218757424549956e-01
1.519030976297004010e+00
1.380453854224637844e+00
-8.789009712151609754e-01
5.528252714130559298e-01
2.950775476780548523e+00
9.527453349009205041e-01
2.968558627887077250e+00
nan
-1.925623818172776947e+00
6.994151323522368457e-02
-1.759714686648200743e+00
-6.171015834160145097e-01
nan
-2.282838758007518454e+00
-2.187185853852436246e+00
-1.379586138354849334e+00
-2.282838758007518454e+00
-2.710547277331242011e+00
nan
-2.282838758007518454e+00
-3.555395477363552104e-01
6.994151323522368457e-02
-1.893930640922896202e-01
1.737906146178876732e+00
2.485236681180952978e+00
-1.759714686648200743e+00
-2.972346665130392918e+00
-4.133804334709010320e-01
8.573297828653294594e-01
-3.555395477363552104e-01
-8.962641916487332772e-01
2.950775476780548523e+00
-3.555395477363552104e-01
1.519030976297004010e+00
nan
nan
-2.345791843238806074e+00
-2.282838758007518454e+00
-2.448985241651582712e+00
nan
nan
-8.789009712151609754e-01
-4.133804334709010320e-01
1.380453854224637844e+00
1.678218757424549956e-01
1.519030976297004010e+00
3.337310072670280903e-01
3.046428380935639169e+00
1.519030976297004010e+00
2.427176701182256480e+00
4.296212635416014614e-01
-8.962641916487332772e-01
-1.236115911049899596e+00
-1.925623818172776947e+00
-4.133804334709010320e-01
-1.759714686648200743e+00
2.523066957456833848e+00
-2.828675601416629881e+00
-7.129918396905816635e-01
-6.171015834160145097e-01
-2.345791843238806074e+00
3.337310072670280903e-01
2.523066957456833848e+00
2.485236681180952978e+00
3.337310072670280903e-01
-9.374015993720430373e-02
2.485236681180952978e+00
-1.893930640922896202e-01
6.911832992212607607e-01
6.994151323522368457e-02
3.337310072670280903e-01
1.999705533978023198e+00
-1.862469896532681801e+00
1.380453854224637844e+00
9.527453349009205041e-01
-1.379586138354849334e+00
8.573297828653294594e-01
2.261267569657682053e+00
1.519030976297004010e+00
1.380453854224637844e+00
2.261267569657682053e+00
nan
nan
4.296212635416014614e-01
-1.379586138354849334e+00
-1.236115911049899596e+00
1.214544722700066082e+00
5.528252714130559298e-01
1.380453854224637844e+00
3.046428380935639169e+00
1.036147218119172209e+00
-1.893930640922896202e-01
-1.925623818172776947e+00
nan
-7.129918396905816635e-01
4.296212635416014614e-01
-2.828675601416629881e+00
8.573297828653294594e-01
-1.664061782493117647e+00
1.199641931228745406e-01
-7.235302737960092045e-01
9.369218602681472774e-01
1.199641931228745406e-01
5.325371425531235658e-01
-4.587086023420008374e-01
-2.193694298813226862e+00
1.160286028184305707e+00
nan
2.433922498262544032e+00
nan
-1.854339064952161831e+00
7.810523069908392735e-01
1.160286028184305707e+00
-1.156840303139736958e+00
-2.104299572093264459e-01
1.160286028184305707e+00
9.369218602681472774e-01
nan
1.788604558902267883e+00
nan
-2.193694298813226862e+00
-1.979597690145153077e+00
-2.552470765749885295e+00
2.103228534726774512e+00
1.160286028184305707e+00
1.634420622080572372e+00
-5.411239207450959654e-01
-9.578138816482706375e-02
-4.587086023420008374e-01
2.103228534726774512e+00
-7.235302737960092045e-01
-2.552470765749885295e+00
-2.104299572093264459e-01
-1.351848804513971158e+00
9.369218602681472774e-01
2.764316648594739689e+00
5.325371425531235658e-01
-1.156840303139736958e+00
1.442140420858810224e+00
-1.979597690145153077e+00
2.387901594704238128e-01
-1.202212034613060920e+00
5.325371425531235658e-01
2.387901594704238128e-01
7.810523069908392735e-01
2.416353444533438477e+00
9.369218602681472774e-01
4.506581566586382870e-01
-9.578138816482706375e-02
1.634420622080572372e+00
-5.411239207450959654e-01
-9.578138816482706375e-02
-1.156840303139736958e+00
1.772834384394573526e+00
-9.578138816482706375e-02
-1.156840303139736958e+00
3.095010612130509209e+00
3.044671975251400653e+00
3.030051084690720486e+00
-1.202212034613060920e+00
-1.351848804513971158e+00
2.332552322878307827e+00
-5.411239207450959654e-01
-2.607916220863103707e+00
-1.854339064952161831e+00
1.772834384394573526e+00
-9.578138816482706375e-02
2.387901594704238128e-01
-1.202212034613060920e+00
1.160286028184305707e+00
nan
1.199641931228745406e-01
-7.235302737960092045e-01
1.634420622080572372e+00
1.111746270526609237e+00
-1.979597690145153077e+00
1.634420622080572372e+00
-1.863300148481025653e+00
3.044671975251400653e+00
3.030051084690720486e+00
-5.411239207450959654e-01
-7.235302737960092045e-01
-1.854339064952161831e+00
1.772834384394573526e+00
5.325371425531235658e-01
9.369218602681472774e-01
2.103228534726774512e+00
-7.235302737960092045e-01
1.634420622080572372e+00
-1.863300148481025653e+00
nan
-2.552470765749885295e+00
-1.863300148481025653e+00
-9.578138816482706375e-02
-4.587086023420008374e-01
3.095010612130509209e+00
1.160286028184305707e+00
-4.587086023420008374e-01
2.103228534726774512e+00
nan
nan
4.506581566586382870e-01
5.325371425531235658e-01
-1.156840303139736958e+00
1.199641931228745406e-01
1.788604558902267883e+00
nan
-8.715180710772911787e-01
-9.578138816482706375e-02
-1.156840303139736958e+00
-2.524388262348996381e+00
-7.235302737960092045e-01
-4.587086023420008374e-01
-1.532606184945262129e+00
1.160286028184305707e+00
1.634420622080572372e+00
1.772834384394573526e+00
-1.351848804513971158e+00
9.369218602681472774e-01
1.680229581142435258e+00
2.835612228403266322e+00
1.184401003524649276e+00
2.072928662841154512e+00
1.998233950837177808e+00
2.754722626080562620e+00
-2.637324148468108476e+00
1.998233950837177808e+00
1.707999779122942208e+00
-1.459938959730411545e+00
-2.188657436993282523e+00
-3.002015680066831393e+00
-1.459938959730411545e+00
2.416733207924632865e+00
1.381528608060120789e-01
-3.030023230166834836e+00
-9.502186138246271341e-02
-1.432168761749901043e+00
-1.067239878031684963e+00
-9.502186138246271341e-02
-2.478891608707512351e+00
8.951874459242201709e-01
7.423564161836337938e-01
1.707999779122942208e+00
-2.637324148468108476e+00
-9.502186138246271341e-02
1.184401003524649276e+00
-1.459938959730411545e+00
-1.769778416514641073e+00
-1.955292833109219863e+00
-1.459938959730411545e+00
1.160855673271088406e+00
1.707999779122942208e+00
-2.637324148468108476e+00
-5.139008818610970586e-01
2.754722626080562620e+00
-2.821977428134769816e-01
1.579734693749722751e+00
nan
5.028443924047381053e-01
-9.502186138246271341e-02
-3.854459147922804085e-01
-2.244981094948619749e+00
1.579734693749722751e+00
1.184401003524649276e+00
8.951874459242201709e-01
-1.769778416514641073e+00
1.381528608060120789e-01
-2.244981094948619749e+00
-2.607156694080737580e+00
-3.002015680066831393e+00
1.680229581142435258e+00
7.423564161836337938e-01
6.612769321653306775e-01
nan
-3.026035714559371925e+00
1.707999779122942208e+00
-2.821977428134769816e-01
2.416733207924632865e+00
2.231598554721244021e+00
-1.852282013249900272e+00
-1.351279159427193566e+00
6.612769321653306775e-01
1.101453107060117453e-01
3.234773957049918991e-01
1.184401003524649276e+00
-1.067239878031684963e+00
nan
-2.478891608707512351e+00
-1.459938959730411545e+00
1.160855673271088406e+00
-3.854459147922804085e-01
-1.067239878031684963e+00
-2.188657436993282523e+00
-3.002015680066831393e+00
1.101453107060117453e-01
3.234773957049918991e-01
1.184401003524649276e+00
2.072928662841154512e+00
3.234773957049918991e-01
-9.085699861515990072e-01
-3.030023230166834836e+00
-9.324001389485521152e-01
2.231598554721244021e+00
2.857970798059369599e+00
7.423564161836337938e-01
-9.085699861515990072e-01
-3.030023230166834836e+00
nan
nan
-3.030023230166834836e+00
-2.607156694080737580e+00
-1.955292833109219863e+00
-2.244981094948619749e+00
-1.769778416514641073e+00
1.381528608060120789e-01
1.101453107060117453e-01
-2.607156694080737580e+00
-1.432168761749901043e+00
-2.821977428134769816e-01
-5.139008818610970586e-01
6.612769321653306775e-01
2.465271716360643239e+00
nan
-3.854459147922804085e-01
-6.748968245121962362e-01
-1.351279159427193566e+00
-1.432168761749901043e+00
-2.637324148468108476e+00
nan
-3.002015680066831393e+00
-6.748968245121962362e-01
7.423564161836337938e-01
-1.432168761749901043e+00
-1.067239878031684963e+00
-2.607156694080737580e+00
1.707999779122942208e+00
-2.821977428134769816e-01
-9.324001389485521152e-01
-9.085699861515990072e-01
-2.240464735380482963e-01
-1.739065052252436905e+00
9.468379043713541776e-01
2.995523020602446351e-01
1.401103488620402793e+00
-2.309633175052337783e+00
8.226763734195632338e-01
-1.689807818160202757e-01
7.143383171005459609e-01
1.869399220377174764e+00
-9.540229170342287013e-01
1.641759596458491899e-02
1.346275149017865047e+00
nan
nan
2.995523020602446351e-01
-1.689807818160202757e-01
-2.076922608119763147e+00
-2.240464735380482963e-01
nan
-3.007553896188298825e+00
-2.240464735380482963e-01
-9.540229170342287013e-01
1.877258212778119884e+00
-7.471705448973668950e-01
-2.524107187470652214e+00
-2.542132762323146000e+00
1.869399220377174764e+00
-9.540229170342287013e-01
-2.076922608119763147e+00
nan
-1.689807818160202757e-01
9.468379043713541776e-01
1.346275149017865047e+00
-1.346365970553717428e+00
-1.844423020848954708e+00
nan
-1.739065052252436905e+00
9.468379043713541776e-01
-1.270769320495668930e+00
-1.689807818160202757e-01
-3.007553896188298825e+00
nan
-2.524107187470652214e+00
4.816277501679673279e-01
-2.240464735380482963e-01
-1.689807818160202757e-01
9.468379043713541776e-01
nan
nan
-1.379212866645567859e+00
2.916122067334795176e+00
1.793802570319129153e+00
-9.140027124421852278e-01
nan
-5.613238353355023413e-01
-6.815031251713765670e-01
2.916122067334795176e+00
2.578844705537337134e+00
1.641759596458491899e-02
nan
-2.524107187470652214e+00
2.491281628971591111e-01
-1.793893391854987529e+00
-1.689807818160202757e-01
-1.146502299712993223e+00
-2.240464735380482963e-01
-9.540229170342287013e-01
1.641759596458491899e-02
2.995523020602446351e-01
6.160613534021948112e-01
9.468379043713541776e-01
-7.471705448973668950e-01
-2.524107187470652214e+00
-2.309633175052337783e+00
1.346275149017865047e+00
2.186145623838617880e+00
-1.611712453916376075e+00
-1.270769320495668930e+00
2.186145623838617880e+00
1.412048058574737475e+00
1.346275149017865047e+00
-1.689807818160202757e-01
-2.774843329255724633e+00
-2.840616238812598837e+00
-5.613238353355023413e-01
-9.140027124421852278e-01
nan
-2.131408105771925854e+00
1.179548471303928814e+00
-7.471705448973668950e-01
-2.131408105771925854e+00
-1.379212866645567859e+00
2.392997995975476577e+00
nan
2.807678521184890030e+00
8.226763734195632338e-01
2.237182998827060842e-01
-1.611712453916376075e+00
-7.471705448973668950e-01
-1.739065052252436905e+00
1.412048058574737475e+00
-7.471705448973668950e-01
2.971187759056826749e+00
2.342468366981506733e+00
1.346275149017865047e+00
-5.613238353355023413e-01
1.644547645845545247e+00
-2.240464735380482963e-01
1.793802570319129153e+00
4.816277501679673279e-01
2.995523020602446351e-01
2.237182998827060842e-01
-1.611712453916376075e+00
-1.270769320495668930e+00
1.008760435100914066e+00
-2.309633175052337783e+00
-1.270769320495668930e+00
-1.739065052252436905e+00
2.575178933914081369e+00
1.794994490745275506e+00
2.074267903087489984e-02
-1.950545790719382611e+00
7.027619547894983221e-01
7.185579103359489572e-01
-3.804615202829593201e-01
1.521812520867900531e+00
-1.723953633978141387e+00
2.563357479740517419e+00
1.248878222767381807e+00
-1.723953633978141387e+00
7.971016825443530962e-01
4.295799849121233471e-01
1.416373141641023459e+00
4.045806149352491055e-01
9.756962528900166021e-01
1.067307291242167722e+00
1.778493358611924258e+00
9.756962528900166021e-01
nan
-1.558024723110278398e+00
1.794994490745275506e+00
1.067307291242167722e+00
-2.539238385088234295e+00
-1.208768819021528218e+00
-1.374887783579273437e+00
2.563357479740517419e+00
-2.301001354977300739e+00
3.694920599370812297e-01
-1.950545790719382611e+00
-3.897182529431302278e-01
3.694920599370812297e-01
1.974664885371672618e+00
2.067928788845784460e+00
-1.026138402673067329e+00
4.045806149352491055e-01
1.248878222767381807e+00
1.067307291242167722e+00
-3.804615202829593201e-01
-3.897182529431302278e-01
nan
-2.146717317479130305e+00
-1.165362830657605819e-01
7.185579103359489572e-01
1.205954732614511471e-02
1.248878222767381807e+00
2.462937753852315836e+00
9.934512233937162762e-01
2.887227026701043364e+00
7.185579103359489572e-01
-2.343066858328486823e+00
1.248878222767381807e+00
-2.072703014884360151e+00
-2.343066858328486823e+00
9.756962528900166021e-01
nan
2.956056561439243779e+00
-1.165362830657605819e-01
-6.773890217668609992e-01
-1.558024723110278398e+00
1.521812520867900531e+00
7.185579103359489572e-01
-9.691541146518112271e-01
-3.897182529431302278e-01
-3.283231713679932717e-01
-9.691541146518112271e-01
-6.626525510436440669e-01
nan
nan
9.756962528900166021e-01
2.074267903087489984e-02
-1.754196249870019431e+00
-2.027819385099930649e+00
3.694920599370812297e-01
-1.950545790719382611e+00
-2.847117622955189553e+00
2.114188372946109951e+00
1.778493358611924258e+00
nan
nan
-2.146717317479130305e+00
2.887227026701043364e+00
-3.283231713679932717e-01
2.367185952980776165e+00
-2.301001354977300739e+00
1.067307291242167722e+00
2.171014426221035798e+00
nan
-2.770518246189434208e+00
-7.729825878920704163e-01
-1.481703117122042057e+00
3.694920599370812297e-01
6.007521416949899162e-01
-1.165362830657605819e-01
2.114188372946109951e+00
1.778493358611924258e+00
1.794994490745275506e+00
-3.283231713679932717e-01
2.367185952980776165e+00
-2.573935653077814578e+00
2.811687134758521722e+00
-7.729825878920704163e-01
nan
-3.119584096588301936e+00
2.956056561439243779e+00
-3.897182529431302278e-01
2.811687134758521722e+00
-1.841119794336028015e-01
-1.481703117122042057e+00
-6.773890217668609992e-01
-5.766330470427072363e-01
-6.626525510436440669e-01
-6.773890217668609992e-01
2.956056561439243779e+00
4.295799849121233471e-01
2.074267903087489984e-02
-1.165503655501174407e+00
-9.355868491441583501e-01
7.185579103359489572e-01
6.007521416949899162e-01
2.533694304493616656e-02
1.706053687801216689e-01
2.011785507638458093e+00
6.749287713140135203e-01
-4.000754363391250124e-01
-3.021727975012060696e-01
1.541182161899621761e+00
-1.147350337795014497e-01
-9.632609113691708025e-01
-2.573423228711896993e+00
-2.398493972596119406e+00
3.589153163667586632e-01
2.624097114801768882e+00
7.418040330691786366e-01
-3.021727975012060696e-01
1.108055466606818307e+00
nan
-1.624349025237135535e+00
-8.411128768809414957e-01
1.706053687801216689e-01
3.003267771838629585e+00
2.418020760212096221e-01
-9.710151710432870509e-01
-6.325669478334012830e-01
1.108055466606818307e+00
1.883683502477482286e+00
-3.021727975012060696e-01
2.624097114801768882e+00
4.562047009246503748e-01
-1.293655061701377784e+00
1.324520599583083325e+00
-1.256614503187805543e+00
2.011785507638458093e+00
-8.411128768809414957e-01
-1.256614503187805543e+00
2.822135283098914371e-02
4.584636383377400648e-01
-4.000754363391250124e-01
2.822135283098914371e-02
2.190970419508964540e+00
1.598084170332964682e+00
2.011785507638458093e+00
-1.923831400442823192e+00
-1.827554237891967581e+00
3.589153163667586632e-01
8.915903336305524007e-01
-1.147350337795014497e-01
2.822135283098914371e-02
-1.490704705150015075e+00
-6.856747684836537182e-01
2.342179657970665296e+00
-2.140296533419092651e+00
3.025304042300891894e+00
2.011785507638458093e+00
-8.411128768809414957e-01
2.739963639741268331e+00
3.003267771838629585e+00
-1.913246192716027139e-01
-2.112894640451591144e+00
-2.615831289437307028e+00
-6.244513145644066121e-01
7.418040330691786366e-01
-9.632609113691708025e-01
1.541182161899621761e+00
7.418040330691786366e-01
1.350697393770492916e+00
-8.411128768809414957e-01
-2.684093304740648112e+00
-2.946525252973076991e+00
2.624097114801768882e+00
-4.000754363391250124e-01
6.896092799025281828e-01
8.915903336305524007e-01
-6.856747684836537182e-01
-1.293655061701377784e+00
1.324520599583083325e+00
1.312743767773330461e+00
2.672873621506434816e+00
-1.923831400442823192e+00
7.418040330691786366e-01
2.822135283098914371e-02
1.108055466606818307e+00
nan
-9.632609113691708025e-01
8.915903336305524007e-01
3.025304042300891894e+00
nan
2.407435552485238439e+00
4.562047009246503748e-01
-9.632609113691708025e-01
2.418020760212096221e-01
-1.541954905747439097e+00
-2.285437139105112259e+00
1.324520599583083325e+00
7.418040330691786366e-01
1.350697393770492916e+00
1.757843724216160197e+00
-1.827554237891967581e+00
2.011785507638458093e+00
2.624097114801768882e+00
1.598084170332964682e+00
1.350697393770492916e+00
-4.077897522478681758e-01
-1.541954905747439097e+00
-1.624349025237135535e+00
-1.057578009857210954e+00
1.598084170332964682e+00
-1.954743175569342517e+00
-1.057578009857210954e+00
-2.398493972596119406e+00
1.020003430234723396e+00
-1.707169838126284755e+00
-1.541954905747439097e+00
-2.285437139105112259e+00
-2.573423228711896993e+00
-9.710151710432870509e-01
-2.285437139105112259e+00
-1.274043142833480413e+00
2.454623237181644768e+00
6.896092799025281828e-01
-1.309410245548883855e+00
3.050938071205967717e+00
5.186067308855117908e-01
2.608164361592315572e-01
1.527591450824097308e-01
-3.379323359631687396e-01
-1.309410245548883855e+00
-8.134465598015374610e-01
-3.379323359631687396e-01
2.772951268857510421e+00
1.118964849966356923e+00
1.375145797734192321e+00
-9.952509801899078745e-01
-2.262974211391608481e+00
1.660486200293825654e+00
-1.623284688364475148e+00
nan
-2.336091942635257990e+00
-1.309410245548883855e+00
3.050938071205967717e+00
5.186067308855117908e-01
-6.813765373743168041e-01
-2.745857969569440282e+00
-2.621432345194881552e+00
1.516883852508371433e+00
-8.134465598015374610e-01
-2.621432345194881552e+00
8.885653217904136980e-01
nan
-2.907031677339409814e+00
nan
-1.296768506507661289e+00
3.087965001846658453e+00
-2.879352104713614580e+00
1.527591450824097308e-01
2.231425934997977478e+00
-2.565477661898023065e+00
2.568054313028144797e+00
8.042060630300400526e-01
-9.952509801899078745e-01
1.601848608144197605e+00
2.231425934997977478e+00
-1.623284688364475148e+00
-3.305628016237140976e-01
8.042060630300400526e-01
nan
nan
nan
8.885653217904136980e-01
1.118964849966356923e+00
2.332663283258882281e-01
-3.672172720153352721e-01
6.356429032602499696e-01
8.042060630300400526e-01
-5.334282919974420167e-02
6.356429032602499696e-01
8.042060630300400526e-01
-1.623284688364475148e+00
-3.305628016237140976e-01
5.186067308855117908e-01
1.830758295323962059e+00
1.527591450824097308e-01
-1.765152207931095951e+00
1.202724587149389457e+00
-3.305628016237140976e-01
1.660486200293825654e+00
1.830758295323962059e+00
6.356429032602499696e-01
2.231425934997977478e+00
3.086825711673101935e+00
nan
1.375145797734192321e+00
nan
nan
-2.621432345194881552e+00
1.202724587149389457e+00
nan
-5.233300381864003370e-02
5.746908789748226276e-01
nan
3.087965001846658453e+00
2.608164361592315572e-01
6.356429032602499696e-01
2.332663283258882281e-01
-1.309410245548883855e+00
6.356429032602499696e-01
1.660486200293825654e+00
8.885653217904136980e-01
-3.305628016237140976e-01
-1.479552875786577681e+00
2.772951268857510421e+00
nan
2.332663283258882281e-01
-1.937443953723456236e+00
1.527591450824097308e-01
-1.479552875786577681e+00
nan
-1.296768506507661289e+00
nan
2.608164361592315572e-01
-1.296768506507661289e+00
1.375145797734192321e+00
-3.672172720153352721e-01
-1.296768506507661289e+00
-1.479552875786577681e+00
-2.565477661898023065e+00
-1.780090453213776680e+00
-2.907031677339409814e+00
2.458792003498529333e+00
nan
-1.765152207931095951e+00
8.885653217904136980e-01
1.527591450824097308e-01
-9.086131410824154209e-01
-1.309410245548883855e+00
-1.296768506507661289e+00
-6.232727385227923023e-01
1.830758295323962059e+00
nan
nan
nan
-3.400777525237610455e-01
-2.384774824031317131e-01
-1.458065839674844710e-01
-7.884698136888914632e-01
1.331464376761592128e+00
-7.164873890867302642e-01
5.571132591541920753e-01
-2.384774824031317131e-01
-1.858366858495042573e+00
-3.400777525237610455e-01
-1.180670455936679186e+00
-1.458065839674844710e-01
-1.237268764201721716e+00
-3.064771580460389444e+00
-1.287686053375786566e+00
2.351495282510105866e+00
2.273657350295139601e+00
-1.858366858495042573e+00
-1.237268764201721716e+00
1.645623642120573216e+00
9.960728854408280597e-01
1.087211979890616576e-01
-1.494544898752270035e+00
1.567271549729873925e+00
1.903103221344975893e+00
7.539696041245358415e-02
1.567271549729873925e+00
1.005912209667022772e+00
-5.526367477621128010e-01
9.960728854408280597e-01
1.005912209667022772e+00
-8.665111905777038714e-01
nan
-3.400777525237610455e-01
nan
-7.164873890867302642e-01
-7.884698136888914632e-01
-2.122578606926841971e+00
-1.287686053375786566e+00
1.087211979890616576e-01
-5.526367477621128010e-01
nan
-3.400777525237610455e-01
7.539696041245358415e-02
-1.458065839674844710e-01
2.800294233022936119e+00
2.587531793110730227e+00
nan
1.087211979890616576e-01
1.017589933946000613e+00
-1.858366858495042573e+00
nan
-2.122578606926841971e+00
1.567271549729873925e+00
nan
-2.436737872285817286e+00
-3.000246327903344667e+00
1.454304270832152746e+00
2.587531793110730227e+00
nan
-2.134459775879674837e+00
-8.665111905777038714e-01
nan
-7.884698136888914632e-01
7.034306685870257425e-01
2.709151019138185568e+00
2.800294233022936119e+00
1.017589933946000613e+00
-1.458065839674844710e-01
1.005912209667022772e+00
7.539696041245358415e-02
-1.458065839674844710e-01
1.903103221344975893e+00
1.645623642120573216e+00
-1.458065839674844710e-01
1.903103221344975893e+00
-1.180670455936679186e+00
nan
nan
nan
1.567271549729873925e+00
2.351495282510105866e+00
1.017589933946000613e+00
-7.164873890867302642e-01
-7.884698136888914632e-01
1.645623642120573216e+00
-2.429565522784088660e+00
-3.400777525237610455e-01
-2.384774824031317131e-01
9.960728854408280597e-01
-3.400777525237610455e-01
1.017589933946000613e+00
1.567271549729873925e+00
1.087211979890616576e-01
1.017589933946000613e+00
nan
-1.685660825366844362e+00
-1.494544898752270035e+00
9.960728854408280597e-01
1.087211979890616576e-01
-1.808704164111251123e+00
-2.429565522784088660e+00
-1.685660825366844362e+00
-2.122578606926841971e+00
-1.287686053375786566e+00
-1.237268764201721716e+00
1.331464376761592128e+00
-7.164873890867302642e-01
5.571132591541920753e-01
-2.436737872285817286e+00
-7.164873890867302642e-01
5.571132591541920753e-01
-5.526367477621128010e-01
2.709151019138185568e+00
2.351495282510105866e+00
3.895562257714346721e-01
-1.287686053375786566e+00
1.903103221344975893e+00
2.273657350295139601e+00
-9.038229437617695261e-01
2.335084078819551934e+00
-1.110888932806174623e+00
3.021743760508520005e+00
nan
-1.529767953284815851e+00
-1.688509050800747868e+00
-1.851807309010905067e+00
9.823668794134627902e-01
-9.038229437617695261e-01
-1.851807309010905067e+00
2.657123434545638929e+00
1.451659490072102265e+00
nan
-1.948267210372262692e+00
-1.184247803643296848e-01
2.413219154116679199e-01
2.238244414067005472e+00
-1.184247803643296848e-01
nan
-2.785645487938358311e+00
6.662613266746486573e-01
2.335084078819551934e+00
1.401245899892097135e+00
nan
-1.154308547198492629e+00
1.449886018473676152e-01
nan
-2.549939009808641188e+00
-6.923896757187204543e-01
nan
nan
1.819745156979551304e+00
2.236345597111080608e+00
9.394536162093913845e-01
-1.110888932806174623e+00
1.451659490072102265e+00
nan
5.638676223260086218e-01
1.451659490072102265e+00
2.413219154116679199e-01
-1.948267210372262692e+00
-2.473907214198201032e+00
9.394536162093913845e-01
-1.948267210372262692e+00
6.662613266746486573e-01
2.413219154116679199e-01
-1.948267210372262692e+00
nan
nan
-1.948267210372262692e+00
-1.184247803643296848e-01
-1.154308547198492629e+00
-2.785645487938358311e+00
1.451659490072102265e+00
2.335084078819551934e+00
9.823668794134627902e-01
-1.688509050800747868e+00
-4.561768464007567303e-01
-1.529767953284815851e+00
nan
-1.851807309010905067e+00
2.657123434545638929e+00
6.662613266746486573e-01
-4.561768464007567303e-01
-1.948267210372262692e+00
3.021743760508520005e+00
1.636952378021816479e+00
-1.529767953284815851e+00
nan
nan
-1.948267210372262692e+00
-1.184247803643296848e-01
3.032582840631977028e+00
2.657123434545638929e+00
-9.038229437617695261e-01
-1.154308547198492629e+00
1.401245899892097135e+00
-9.038229437617695261e-01
1.636952378021816479e+00
9.823668794134627902e-01
-9.038229437617695261e-01
1.636952378021816479e+00
-1.529767953284815851e+00
-1.184247803643296848e-01
nan
-2.785645487938358311e+00
6.662613266746486573e-01
9.394536162093913845e-01
3.076002455024280380e+00
nan
nan
-2.735106552400865532e-01
nan
-4.561768464007567303e-01
-2.735106552400865532e-01
-1.688509050800747868e+00
1.636952378021816479e+00
1.401245899892097135e+00
-1.688509050800747868e+00
-4.561768464007567303e-01
-6.923896757187204543e-01
-1.184247803643296848e-01
9.394536162093913845e-01
-6.923896757187204543e-01
6.662613266746486573e-01
-4.561768464007567303e-01
9.823668794134627902e-01
-9.038229437617695261e-01
-4.561768464007567303e-01
2.657123434545638929e+00
-1.688509050800747868e+00
-4.561768464007567303e-01
-1.110888932806174623e+00
1.451659490072102265e+00
2.413219154116679199e-01
1.819745156979551304e+00
-1.688509050800747868e+00
1.636952378021816479e+00
-1.529767953284815851e+00
-8.068250442628963626e-01
1.721386438662266372e+00
-2.406261860143106279e+00
nan
4.652050932957747520e-01
1.675814831719890208e+00
-1.086933434651724539e-01
1.470059026375086120e+00
-1.464353709152949712e+00
nan
-2.549356705942158463e+00
4.197474153707534406e-01
nan
-2.800456260194626790e+00
nan
-8.068250442628963626e-01
4.652050932957747520e-01
-5.221607356194031269e-01
5.888054183472521963e-01
1.721386438662266372e+00
-1.464353709152949712e+00
5.888054183472521963e-01
-7.907483940360093833e-01
7.339066807297340844e-01
-2.899954268685469128e+00
1.721386438662266372e+00
-1.778228151968540560e+00
1.286937119144988095e+00
1.972485992914738695e+00
2.303848539894456593e+00
nan
9.676320598354282154e-01
2.618007805253436793e+00
nan
-2.800456260194626790e+00
-5.221607356194031269e-01
-8.068250442628963626e-01
2.223585547167211907e+00
1.361940388904299581e+00
1.286937119144988095e+00
-1.293175360575662403e+00
-1.778228151968540560e+00
-2.202455506873056912e+00
1.470059026375086120e+00
-2.720421125502086923e+00
-2.899954268685469128e+00
-2.800456260194626790e+00
1.675814831719890208e+00
-1.086933434651724539e-01
2.977339925994050063e+00
2.931882248069022090e+00
nan
-2.885492855310634042e-01
-5.221607356194031269e-01
1.286937119144988095e+00
9.676320598354282154e-01
-3.034295568317677549e+00
-2.899954268685469128e+00
2.141055390433019845e-01
1.058729725551623702e-01
-2.202455506873056912e+00
-2.885492855310634042e-01
1.675814831719890208e+00
1.984435880957413190e+00
4.652050932957747520e-01
1.047781123545324711e+00
nan
1.972485992914738695e+00
nan
nan
-1.042075806323189635e+00
-2.082862928038125006e-01
1.984435880957413190e+00
-2.885492855310634042e-01
1.047781123545324711e+00
-1.504323806075321013e+00
7.165325055829550038e-01
-2.406261860143106279e+00
nan
-5.396488397835361717e-01
1.047781123545324711e+00
nan
4.652050932957747520e-01
2.931882248069022090e+00
-1.086933434651724539e-01
-1.042075806323189635e+00
-2.082862928038125006e-01
1.286937119144988095e+00
1.470059026375086120e+00
-1.778228151968540560e+00
-2.202455506873056912e+00
-2.549356705942158463e+00
-5.221607356194031269e-01
5.888054183472521963e-01
-7.907483940360093833e-01
4.197474153707534406e-01
1.984435880957413190e+00
2.141055390433019845e-01
2.303848539894456593e+00
-1.086933434651724539e-01
1.972485992914738695e+00
-5.221607356194031269e-01
1.286937119144988095e+00
-2.885492855310634042e-01
7.339066807297340844e-01
nan
1.218959472122612908e+00
nan
-8.068250442628963626e-01
2.141055390433019845e-01
1.675814831719890208e+00
nan
-2.298029293654973326e+00
-1.150479266337359086e+00
nan
-2.298029293654973326e+00
-2.082862928038125006e-01
5.888054183472521963e-01
1.218959472122612908e+00
7.339066807297340844e-01
nan
-2.428764083510470684e-01
-1.080287575305911574e-01
nan
-5.919422587499028054e-01
1.462055512905830135e+00
nan
nan
nan
-3.002354754523253177e+00
8.036882038602457534e-01
-2.149067103462094064e+00
nan
nan
nan
-2.553962693358122760e+00
-2.336638571758925309e+00
1.619135145585315350e+00
1.034801353353705267e+00
8.036882038602457534e-01
-1.678113027967012449e+00
nan
-2.428764083510470684e-01
-7.360624657051628716e-01
nan
-9.406916396561211258e-01
-4.220456116178796790e-01
1.034801353353705267e+00
nan
-1.080287575305911574e-01
-2.105163742845292063e+00
1.058729725551716960e-01
-1.050079319792446064e+00
5.864092921885748488e-01
1.058729725551716960e-01
2.247026442488190057e+00
-1.207972731167339164e+00
-3.034137333571349959e+00
-8.931420983846534156e-01
-1.656771681680161645e+00
-1.638506870961195405e+00
1.776072366993113327e+00
-3.111886088370781067e-01
2.548384516869261596e+00
2.059880965566920352e-01
1.376103416757441522e-01
8.036882038602457534e-01
1.305118291498032157e+00
1.376103416757441522e-01
nan
-2.934180444316150993e+00
-7.595806700022085245e-01
2.199318666470394312e+00
3.630677292361825792e-01
nan
-1.638506870961195405e+00
1.305118291498032157e+00
nan
-5.919422587499028054e-01
3.630677292361825792e-01
-3.111886088370781067e-01
-1.638506870961195405e+00
-1.364096173879729257e+00
-7.595806700022085245e-01
-1.289757490054989075e+00
1.619135145585315350e+00
nan
-1.289757490054989075e+00
nan
-2.105163742845292063e+00
4.549388229540394235e-01
-1.050079319792446064e+00
-3.002354754523253177e+00
4.549388229540394235e-01
-7.360624657051628716e-01
-3.111886088370781067e-01
nan
-2.306146736141584608e+00
nan
-9.406916396561211258e-01
4.905087514889405753e-02
-1.656771681680161645e+00
nan
-1.080287575305911574e-01
nan
-1.638506870961195405e+00
6.769421720517683205e-01
2.380791315544488640e+00
2.199318666470394312e+00
1.933151999672603871e+00
1.034801353353705267e+00
2.548384516869261596e+00
-2.649659789383891351e-01
2.380791315544488640e+00
nan
3.630677292361825792e-01
-3.111886088370781067e-01
-9.406916396561211258e-01
-2.777100811636660449e+00
-1.656771681680161645e+00
1.058729725551716960e-01
-1.521033395287527679e+00
1.483600303866527526e+00
nan
1.148038658818541613e+00
1.034801353353705267e+00
1.058729725551716960e-01
-2.306146736141584608e+00
2.380791315544488640e+00
8.036882038602457534e-01
-1.992129882054301193e+00
-3.111886088370781067e-01
-2.428764083510470684e-01
-2.306146736141584608e+00
-7.595806700022085245e-01
1.152437584766452083e+00
2.404106075167679712e+00
nan
2.548384516869261596e+00
1.933151999672603871e+00
3.011062915131390127e+00
1.196643799193002344e-01
1.278528072625856993e+00
3.198967694452266031e-01
-1.532905998148830440e+00
1.278528072625856993e+00
nan
-8.718178842808654849e-01
-9.646529012428870509e-01
nan
-2.524688075552564914e+00
-5.158539507300563542e-01
-1.474485253910676752e+00
-2.524688075552564914e+00
-1.413044962408017469e+00
-5.777011315804170266e-01
1.441840607655235473e+00
-9.646529012428870509e-01
-1.474485253910676752e+00
1.441840607655235473e+00
3.072910095981763234e+00
nan
-2.524688075552564914e+00
-6.746188956492593647e-02
nan
-1.202511847816629231e+00
-9.646529012428870509e-01
nan
-1.202511847816629231e+00
1.726920133790979861e+00
1.216680891775486550e+00
3.094710798926940676e+00
1.726920133790979861e+00
2.114278792801146167e+00
nan
-1.861843912920839950e+00
3.198967694452266031e-01
2.433622685058970170e+00
2.175719084303810114e+00
nan
nan
-9.646529012428870509e-01
nan
-2.524688075552564914e+00
-2.759034924598800842e+00
-2.372083154936336591e+00
-2.855082225884765901e+00
3.072910095981763234e+00
nan
4.503583434550697540e-01
1.726920133790979861e+00
nan
nan
nan
3.198967694452266031e-01
-1.532905998148830440e+00
-1.861843912920839950e+00
nan
-2.855082225884765901e+00
-2.759034924598800842e+00
-2.372083154936336591e+00
1.111446457323034487e+00
-6.746188956492593647e-02
-5.777011315804170266e-01
-1.202511847816629231e+00
-6.746188956492593647e-02
1.216680891775486550e+00
-1.202511847816629231e+00
-2.310235974085970589e+00
-2.372083154936336591e+00
4.503583434550697540e-01
3.813370609478963225e-01
-2.372083154936336591e+00
2.764016835391171156e+00
1.726920133790979861e+00
1.216680891775486550e+00
3.094710798926940676e+00
3.813370609478963225e-01
nan
1.441840607655235473e+00
-6.746188956492593647e-02
1.216680891775486550e+00
4.503583434550697540e-01
-9.646529012428870509e-01
-5.777011315804170266e-01
-2.193994112016801168e+00
1.278528072625856993e+00
-1.474485253910676752e+00
2.102928721523205979e+00
-6.746188956492593647e-02
-1.474485253910676752e+00
1.772534571191004993e+00
-2.310235974085970589e+00
2.114278792801146167e+00
-1.532905998148830440e+00
1.726920133790979861e+00
-1.474485253910676752e+00
1.772534571191004993e+00
-9.646529012428870509e-01
-5.777011315804170266e-01
1.772534571191004993e+00
-9.646529012428870509e-01
-5.777011315804170266e-01
-2.193994112016801168e+00
1.726920133790979861e+00
-2.372083154936336591e+00
-2.107297704128949789e-01
2.175719084303810114e+00
nan
4.503583434550697540e-01
nan
3.198967694452266031e-01
2.433622685058970170e+00
8.297291221130271843e-01
nan
1.441840607655235473e+00
nan
3.198967694452266031e-01
-1.863599961684599959e+00
1.278528072625856993e+00
-1.077439349872064689e-01
-2.476420665933845022e-01
-1.295453940922782099e+00
3.032709428429020804e+00
-9.865052526811104450e-01
2.569368878613028429e+00
3.032709428429020804e+00
1.599348355953357448e+00
1.603163173729071467e+00
5.205745957307552629e-01
3.077074728128809333e+00
2.086485120435196627e+00
1.776642012079888033e+00
-2.094967574485284700e+00
-1.778337699100614344e+00
-7.354928206183886097e-01
1.216219837778993451e-01
1.540737106672906975e-01
1.148323481361925857e+00
1.230084305582074045e+00
1.603163173729071467e+00
-2.619878767685483112e+00
-2.094967574485284700e+00
2.086485120435196627e+00
nan
nan
nan
-1.077439349872064689e-01
nan
-2.261659645806730623e+00
-1.991560236967521380e+00
-2.094967574485284700e+00
1.540737106672906975e-01
-7.354928206183886097e-01
-2.833830760573017304e+00
1.540737106672906975e-01
-1.363811351336339239e+00
-2.476420665933845022e-01
-3.292482360388251372e-01
2.404390897711070174e+00
-9.865052526811104450e-01
-1.295453940922782099e+00
-1.363811351336339239e+00
-2.476420665933845022e-01
1.540737106672906975e-01
-1.077439349872064689e-01
-6.172412023098328149e-01
-2.261659645806730623e+00
nan
-2.094967574485284700e+00
-1.778337699100614344e+00
nan
-9.865052526811104450e-01
1.119841227022955188e+00
5.205745957307552629e-01
-1.725368438768842827e+00
-1.778337699100614344e+00
5.205745957307552629e-01
1.599348355953357448e+00
3.052690825319144707e+00
-2.619878767685483112e+00
2.338211542041083391e+00
-3.292482360388251372e-01
-1.363811351336339239e+00
1.216219837778993451e-01
6.369574688451233868e-01
1.148323481361925857e+00
8.604851698656252879e-01
6.369574688451233868e-01
-7.354928206183886097e-01
1.216219837778993451e-01
1.540737106672906975e-01
-1.077439349872064689e-01
1.968947491669799987e+00
-3.292482360388251372e-01
-7.354928206183886097e-01
1.599348355953357448e+00
-3.292482360388251372e-01
1.776642012079888033e+00
2.338211542041083391e+00
1.540737106672906975e-01
2.404390897711070174e+00
1.599348355953357448e+00
2.086485120435196627e+00
nan
-2.833830760573017304e+00
-8.121319942166573824e-01
5.205745957307552629e-01
-1.356104388397558758e+00
-8.121319942166573824e-01
1.776642012079888033e+00
-6.172412023098328149e-01
1.540737106672906975e-01
-1.991560236967521380e+00
-2.476420665933845022e-01
1.540737106672906975e-01
-1.363811351336339239e+00
1.968947491669799987e+00
2.086485120435196627e+00
5.205745957307552629e-01
3.077074728128809333e+00
1.603163173729071467e+00
-1.077439349872064689e-01
-2.476420665933845022e-01
-1.778337699100614344e+00
2.404390897711070174e+00
1.599348355953357448e+00
2.086485120435196627e+00
-1.077439349872064689e-01
4.912211194943414405e-01
1.119841227022955188e+00
nan
nan
3.052690825319144707e+00
-1.363811351336339239e+00
-6.172412023098328149e-01
-1.295453940922782099e+00
-1.991560236967521380e+00
-2.464231624856568548e+00
2.569368878613028429e+00
nan
-7.175272268612387094e-02
nan
8.657795183192167343e-01
1.070126746722180222e+00
1.240416103724652608e+00
2.374609876012661047e-01
-7.175272268612387094e-02
-8.530295901905797784e-01
8.657795183192167343e-01
nan
-1.376153661549898599e+00
nan
-1.213632192094437956e+00
7.172920323653335650e-01
nan
nan
nan
-1.018606428747877768e+00
-1.784312997213684859e+00
-2.422876508507509907e+00
-1.018606428747877768e+00
-6.424335278053812104e-01
-8.530295901905797784e-01
-3.902878980299160361e-01
-7.175272268612387094e-02
-3.294308145922872910e-01
nan
-6.424335278053812104e-01
2.287138950682263250e+00
-3.902878980299160361e-01
nan
nan
-3.902878980299160361e-01
-6.424335278053812104e-01
-1.376153661549898599e+00
2.374609876012661047e-01
-7.175272268612387094e-02
-3.294308145922872910e-01
nan
-6.424335278053812104e-01
1.240416103724652608e+00
1.493528403950398875e+00
nan
-2.422876508507509907e+00
-3.902878980299160361e-01
-1.784312997213684859e+00
-2.946475284105811721e+00
-1.018606428747877768e+00
nan
-1.376153661549898599e+00
-3.902878980299160361e-01
4.994459416029228827e-01
7.172920323653335650e-01
8.657795183192167343e-01
-1.213632192094437956e+00
1.936932567670313077e-01
-3.902878980299160361e-01
-6.424335278053812104e-01
-8.530295901905797784e-01
-1.018606428747877768e+00
-7.175272268612387094e-02
-3.294308145922872910e-01
nan
-2.355511661502741827e+00
-1.376153661549898599e+00
-1.018606428747877768e+00
1.070126746722180222e+00
2.287138950682263250e+00
2.374609876012661047e-01
1.070126746722180222e+00
7.172920323653335650e-01
-2.902422730728192679e+00
-6.424335278053812104e-01
1.240416103724652608e+00
-3.902878980299160361e-01
2.212006216130493641e+00
-3.294308145922872910e-01
2.374609876012661047e-01
2.783204880419540395e+00
nan
-2.902422730728192679e+00
-7.175272268612387094e-02
2.287138950682263250e+00
8.657795183192167343e-01
nan
1.240416103724652608e+00
nan
-1.213632192094437956e+00
2.287138950682263250e+00
-1.646355314379048584e+00
-7.175272268612387094e-02
1.936932567670313077e-01
-1.018606428747877768e+00
-1.213632192094437956e+00
-1.899752437148200412e+00
-2.902422730728192679e+00
-2.926192466621998722e+00
1.240416103724652608e+00
-1.018606428747877768e+00
2.783204880419540395e+00
nan
nan
2.783204880419540395e+00
nan
nan
-2.926192466621998722e+00
-1.899752437148200412e+00
nan
-1.784312997213684859e+00
1.936932567670313077e-01
2.374609876012661047e-01
4.994459416029228827e-01
7.172920323653335650e-01
1.493528403950398875e+00
2.212006216130493641e+00
2.287138950682263250e+00
2.121846934668361051e+00
nan
-2.946475284105811721e+00
2.130011847578874296e+00
7.318496290274718596e-01
-7.507308266897356752e-01
-2.405628921157795475e+00
1.080599009933684407e+00
3.431130852847319446e-02
2.130011847578874296e+00
2.127480091637624859e+00
-7.507308266897356752e-01
nan
-2.757226527497908197e+00
-1.535772961907951650e+00
2.828143548376603533e+00
nan
-3.105857232344376495e+00
-3.121832272425666410e-01
2.476229472543836962e+00
8.193534437466825082e-01
-3.103444152462875749e+00
2.127480091637624859e+00
3.431130852847319446e-02
1.083447235367587247e+00
1.080599009933684407e+00
1.604395578964891378e+00
2.828143548376603533e+00
nan
2.782136795881827496e+00
-1.009998458547647360e+00
7.318496290274718596e-01
-1.535772961907951650e+00
7.346978544613751438e-01
3.827837786286103494e-01
4.266543620479628096e-01
1.432513085766449201e+00
3.827837786286103494e-01
-3.580317449910159766e-01
3.856320040625074164e-01
-6.640973030753305473e-01
-1.535772961907951650e+00
1.083447235367587247e+00
7.318496290274718596e-01
1.212052525445408868e+00
-1.707813689852721417e+00
3.403439772239824634e-02
2.782136795881827496e+00
1.781262466672662192e+00
-1.012846683981542650e+00
4.266543620479628096e-01
1.432513085766449201e+00
1.080599009933684407e+00
1.212052525445408868e+00
-3.121832272425666410e-01
1.080599009933684407e+00
nan
2.479077697977736250e+00
3.827837786286103494e-01
-1.535772961907951650e+00
3.688262315629486920e-02
1.080599009933684407e+00
2.782136795881827496e+00
-6.609326081487791882e-01
-2.408477146591696094e+00
3.431130852847319446e-02
nan
7.318496290274718596e-01
nan
-3.121832272425666410e-01
-3.106292377896769707e+00
1.604395578964891378e+00
3.856320040625074164e-01
3.403439772239824634e-02
3.431130852847319446e-02
3.856320040625074164e-01
-6.640973030753305473e-01
-1.928116015427440821e+00
-1.358747839453853468e+00
-3.150314526764690370e-01
1.212052525445408868e+00
-2.754378302064008022e+00
1.778414241238763793e+00
1.212052525445408868e+00
-2.405628921157795475e+00
1.080599009933684407e+00
3.431130852847319446e-02
7.346978544613751438e-01
3.827837786286103494e-01
3.431130852847319446e-02
1.781262466672662192e+00
7.318496290274718596e-01
-3.580317449910159766e-01
-1.358747839453853468e+00
-2.059411296192828367e+00
-2.320815097126160520e+00
-6.609326081487791882e-01
-1.710661915286616264e+00
-2.713158150645649691e+00
-1.009998458547647360e+00
-1.012846683981542650e+00
-3.580317449910159766e-01
7.346978544613751438e-01
-2.408477146591696094e+00
1.212052525445408868e+00
-3.121832272425666410e-01
3.827837786286103494e-01
1.212052525445408868e+00
3.688262315629486920e-02
1.080599009933684407e+00
2.389437714183114458e+00
nan
nan
nan
3.856320040625074164e-01
-2.408477146591696094e+00
1.604395578964891378e+00
-1.009998458547647360e+00
-1.361596064887754753e+00
-1.143073880209224846e+00
2.479077697977736250e+00
nan
-7.507308266897356752e-01
nan
-3.223965608691767848e-01
2.456949484010824136e-01
-2.301284408436572004e+00
-8.935952251582284234e-01
-8.961845210072296730e-01
nan
1.961362377947438951e+00
nan
2.185077539300902316e+00
3.103241847355742600e+00
nan
1.287479638275250693e+00
2.482842442500796665e-01
-2.038063990415531990e+00
2.185077539300902316e+00
8.194829085391313050e-01
-3.255037158879736658e-01
-2.301284408436572004e+00
2.532043183066695846e+00
8.163757535203282067e-01
-1.403686507410920159e+00
-2.035474694566536513e+00
-3.255037158879736658e-01
nan
-8.935952251582284234e-01
2.456949484010824136e-01
-5.069023850806604337e-01
-1.464276030277479768e+00
2.456949484010824136e-01
-1.403686507410920159e+00
2.482842442500796665e-01
-3.255037158879736658e-01
nan
8.194829085391313050e-01
nan
3.906955159449911896e-01
3.103241847355742600e+00
1.387574417809384286e+00
2.185077539300902316e+00
nan
nan
nan
nan
nan
1.287479638275250693e+00
8.194829085391313050e-01
-3.255037158879736658e-01
2.185077539300902316e+00
1.961362377947438951e+00
1.387574417809384286e+00
nan
-8.935952251582284234e-01
-3.255037158879736658e-01
-2.301284408436572004e+00
8.194829085391313050e-01
2.529453887217686159e+00
3.081861661631154270e+00
2.482842442500796665e-01
8.163757535203282067e-01
1.287479638275250693e+00
3.103241847355742600e+00
8.163757535203282067e-01
3.906955159449911896e-01
2.482842442500796665e-01
-1.467383185296275760e+00
nan
8.194829085391313050e-01
nan
-1.403686507410920159e+00
8.194829085391313050e-01
1.387574417809384286e+00
-1.403686507410920159e+00
-8.935952251582284234e-01
-2.038063990415531990e+00
1.287479638275250693e+00
8.194829085391313050e-01
2.456949484010824136e-01
-5.069023850806604337e-01
-3.223965608691767848e-01
3.100134692336943054e+00
2.185077539300902316e+00
3.103241847355742600e+00
nan
3.906955159449911896e-01
2.482842442500796665e-01
-8.961845210072296730e-01
2.185077539300902316e+00
1.961362377947438951e+00
8.163757535203282067e-01
3.081861661631154270e+00
2.482842442500796665e-01
-2.609262654704588069e+00
3.906955159449911896e-01
8.194829085391313050e-01
3.100134692336943054e+00
3.081861661631154270e+00
nan
1.958255222928640293e+00
-1.403686507410920159e+00
-8.935952251582284234e-01
3.100134692336943054e+00
2.185077539300902316e+00
-3.223965608691767848e-01
8.163757535203282067e-01
nan
3.103241847355742600e+00
3.100134692336943054e+00
3.906955159449911896e-01
1.390163713658387756e+00
1.387574417809384286e+00
3.081861661631154270e+00
1.961362377947438951e+00
8.163757535203282067e-01
-1.403686507410920159e+00
-2.035474694566536513e+00
2.456949484010824136e-01
-1.403686507410920159e+00
-2.606155499685787635e+00
-2.038063990415531990e+00
nan
-2.117241931903324215e+00
-3.103263312752784220e+00
nan
nan
-3.103263312752784220e+00
-4.737409032431294520e-01
-2.117241931903324215e+00
-1.308881289396872871e+00
nan
-1.456153818035359704e+00
9.338927951241684511e-01
-2.044062525799042795e+00
-2.447935895439093734e+00
-4.116902777189213047e-01
nan
-1.339775902994242429e-01
nan
-1.520938454439724197e+00
-3.109024009307058911e+00
9.338927951241684511e-01
nan
-2.778629858974857481e+00
-2.654871251587654690e+00
1.619704790672102490e+00
5.268107103649781742e-01
-8.604892282317511132e-01
2.142828862031421089e+00
5.268107103649781742e-01
-1.308881289396872871e+00
2.666427637629714020e+00
nan
3.670178344621666255e-02
-3.090785372756654326e+00
-2.778629858974857481e+00
4.855007339590304838e-01
4.938316811618914670e-02
-1.339775902994242429e-01
-8.604892282317511132e-01
nan
8.575046739007414764e-01
nan
4.938316811618914670e-02
2.840769015504648110e+00
2.279475867967241776e+00
1.096106015073800677e+00
8.575046739007414764e-01
9.338927951241684511e-01
nan
5.268107103649781742e-01
nan
-1.520938454439724197e+00
-7.950657041673889758e-01
2.279475867967241776e+00
5.729819437144816341e-01
-1.456153818035359704e+00
-8.604892282317511132e-01
2.142828862031421089e+00
5.268107103649781742e-01
-8.604892282317511132e-01
4.938316811618914670e-02
-1.339775902994242429e-01
2.279475867967241776e+00
1.096106015073800677e+00
1.518592787768712427e+00
2.728274818480072028e+00
-2.567186597158361394e+00
-4.646715538351879893e-01
9.338927951241684511e-01
nan
-1.786847781571123228e+00
nan
4.938316811618914670e-02
1.849286751304475729e+00
-1.757680239909702680e+00
-2.044062525799042795e+00
1.964165600327767436e-01
1.831083806802119796e+00
4.938316811618914670e-02
-1.339775902994242429e-01
2.279475867967241776e+00
-9.973396788414317093e-01
-1.456153818035359704e+00
2.728274818480072028e+00
5.729819437144816341e-01
1.964165600327767436e-01
-8.604892282317511132e-01
2.666427637629714020e+00
nan
-1.757680239909702680e+00
1.096106015073800677e+00
5.268107103649781742e-01
3.670178344621666255e-02
4.938316811618914670e-02
1.964165600327767436e-01
4.855007339590304838e-01
5.729819437144816341e-01
1.964165600327767436e-01
3.670178344621666255e-02
nan
-1.339775902994242429e-01
nan
-2.567186597158361394e+00
-1.786847781571123228e+00
-3.103263312752784220e+00
5.729819437144816341e-01
-4.646715538351879893e-01
-2.206479190422524717e+00
1.619704790672102490e+00
5.268107103649781742e-01
3.670178344621666255e-02
5.729819437144816341e-01
-1.786847781571123228e+00
1.831083806802119796e+00
5.729819437144816341e-01
2.840769015504648110e+00
nan
nan
-1.456153818035359704e+00
-4.116902777189213047e-01
-1.372097098053131514e+00
-2.167010923695657620e+00
1.594545466005987677e+00
nan
-5.967842419875379889e-01
-2.373381922295787483e-01
nan
-2.481170189054632935e+00
2.860232312492265727e-01
-1.372097098053131514e+00
3.124946618702839629e-02
-3.115707345303273534e+00
-8.008984337640856488e-01
9.731576171771854078e-01
2.860232312492265727e-01
-8.008984337640856488e-01
-2.795044631870224006e+00
-1.284061039187189168e+00
9.121796999332723033e-01
1.601191325351757122e+00
5.478226190483774793e-01
nan
1.287316882536166496e+00
2.117906889484801880e+00
-1.942777903172387521e+00
3.124946618702839629e-02
-1.022261651388047810e+00
-2.296997694750295693e-01
-5.967842419875379889e-01
-2.592583273943954936e+00
3.409810356442268819e-01
-1.538977215521085462e+00
-1.807422462666003815e+00
-3.084657372580689838e+00
3.451239090026190226e-01
2.422384345007566608e-02
nan
nan
1.071184042527182356e+00
3.409810356442268819e-01
-1.224817950162110147e+00
2.117906889484801880e+00
nan
-2.829097991719473626e-01
-4.989002279092331626e-01
2.054059169341584834e+00
1.287316882536166496e+00
-2.592583273943954936e+00
nan
-2.795044631870224006e+00
5.478226190483774793e-01
nan
nan
-2.373381922295787483e-01
nan
-2.795044631870224006e+00
-4.989002279092331626e-01
-2.296997694750295693e-01
3.451239090026190226e-01
-1.022261651388047810e+00
1.482860505052529199e+00
2.229225033526323507e+00
1.332746078206846541e+00
-8.008984337640856488e-01
1.287316882536166496e+00
-1.807422462666003815e+00
nan
-1.852851658336676532e+00
-2.854145309623614235e+00
nan
-5.967842419875379889e-01
-1.284061039187189168e+00
nan
-1.852851658336676532e+00
-2.854145309623614235e+00
nan
9.731576171771854078e-01
1.856107501685651862e+00
nan
nan
nan
3.409810356442268819e-01
9.731576171771854078e-01
1.856107501685651862e+00
3.409810356442268819e-01
-1.852851658336676532e+00
2.860232312492265727e-01
-2.296997694750295693e-01
-1.538977215521085462e+00
1.594545466005987677e+00
-1.372097098053131514e+00
-1.224817950162110147e+00
-3.115707345303273534e+00
-1.942777903172387521e+00
3.451239090026190226e-01
2.422384345007566608e-02
3.409810356442268819e-01
-9.109435073465190769e-01
2.422384345007566608e-02
1.482860505052529199e+00
2.229225033526323507e+00
1.071184042527182356e+00
-8.008984337640856488e-01
9.731576171771854078e-01
-2.592583273943954936e+00
-1.372097098053131514e+00
-9.109435073465190769e-01
1.071184042527182356e+00
9.121796999332723033e-01
-9.109435073465190769e-01
-7.606996157083840693e-01
nan
nan
nan
1.482860505052529199e+00
1.601191325351757122e+00
2.860232312492265727e-01
-1.372097098053131514e+00
1.601191325351757122e+00
1.594545466005987677e+00
-4.882668529560150183e-01
2.208338047011070948e+00
1.112788478329488129e+00
nan
1.685213975651752349e+00
2.607971201343517009e+00
-3.000401685654291661e+00
2.731462118370390435e+00
2.607971201343517009e+00
7.678005633931177520e-01
2.208338047011070948e+00
5.146611372108527149e-01
nan
-1.454954565221090679e+00
-9.805215858031761655e-01
nan
-2.502152116417685423e+00
-8.346620390778758392e-02
-1.744334269305158891e+00
-2.502152116417685423e+00
1.112788478329488129e+00
nan
-4.082317182634791486e-01
2.309043160566763397e+00
1.396119094111079484e+00
1.161615200053460306e+00
2.010115119790009786e+00
nan
nan
nan
nan
nan
-2.176776268040451878e+00
-4.882668529560150183e-01
2.208338047011070948e+00
1.112788478329488129e+00
-1.116015738587197159e+00
1.148923530958394501e-01
-9.805215858031761655e-01
2.652186510460212254e+00
nan
-2.774903609159086848e+00
nan
nan
-2.176776268040451878e+00
nan
-2.502152116417685423e+00
-3.826655042496693859e-01
-4.882668529560150183e-01
2.731462118370390435e+00
1.710915819448127984e+00
7.678005633931177520e-01
6.384911286941412634e-01
1.710915819448127984e+00
-3.000401685654291661e+00
1.685213975651752349e+00
-1.279720886145057968e+00
-2.372083154936329930e+00
-1.978553340819392714e+00
2.157330964340991031e-01
1.400516777619356112e-01
1.148923530958394501e-01
-1.877848227263698266e+00
-3.000401685654291661e+00
-4.082317182634791486e-01
-6.815935450264229978e-01
-1.744334269305158891e+00
-9.318304938617720801e-01
-1.578648926921811357e+00
nan
nan
2.157330964340991031e-01
nan
-1.978553340819392714e+00
-9.805215858031761655e-01
2.652186510460212254e+00
nan
-1.877848227263698266e+00
nan
nan
-2.176776268040451878e+00
2.652186510460212254e+00
nan
5.146611372108527149e-01
1.400516777619356112e-01
-4.082317182634791486e-01
1.411987778671374372e+00
nan
nan
2.157330964340991031e-01
-4.882668529560150183e-01
-4.082317182634791486e-01
-1.578648926921811357e+00
-4.882668529560150183e-01
-4.082317182634791486e-01
1.112788478329488129e+00
-2.372083154936329930e+00
1.161615200053460306e+00
8.138604375527340729e-01
-1.744334269305158891e+00
6.384911286941412634e-01
-3.826655042496693859e-01
-1.116015738587197159e+00
1.148923530958394501e-01
2.607971201343517009e+00
1.396119094111079484e+00
1.148923530958394501e-01
5.146611372108527149e-01
nan
-2.502152116417685423e+00
-1.877848227263698266e+00
-1.744334269305158891e+00
nan
-1.578648926921811357e+00
2.023867979742261625e+00
nan
2.309043160566763397e+00
nan
-2.502152116417685423e+00
-2.475975568382333236e+00
1.513608393259391782e+00
1.768936812748190590e+00
6.405963387974571432e-01
-8.415180123952472613e-01
-5.450214923914793452e-01
-1.270934435013569175e+00
-5.647587717703173027e-02
7.771547353444558937e-01
6.405963387974571432e-01
-2.803945336351152395e+00
3.090813227280556852e+00
1.459646904875859796e+00
1.513608393259391782e+00
-5.450214923914793452e-01
3.674143689200821683e-01
3.083692663695807745e+00
nan
-2.089985001091971828e+00
2.298650528477599764e+00
4.467605850122549072e-01
2.005763172853743725e+00
-1.233861065914729105e+00
-2.858679984327580748e+00
2.278697470954252680e+00
1.906307474958111037e+00
7.771547353444558937e-01
-7.248181670356852457e-01
-2.803945336351152395e+00
nan
-2.909283238947230288e+00
2.690993581997088491e+00
2.760419076948355865e+00
2.005763172853743725e+00
-4.488189306965209013e-01
-1.867197720127415028e+00
-1.787018990578013167e-01
-8.415180123952472613e-01
-8.754156427236807758e-01
2.551879440831627655e+00
1.121265339739902167e+00
1.160666214764853876e-01
-1.543868733114083236e+00
2.298650528477599764e+00
4.467605850122549072e-01
-1.543868733114083236e+00
1.906307474958111037e+00
nan
9.448007081957321418e-02
-1.626560147613455243e+00
-5.450214923914793452e-01
-7.248181670356852457e-01
-4.488189306965209013e-01
-2.197591870459616015e+00
2.551879440831627655e+00
-5.647587717703173027e-02
1.438242849212421071e+00
-1.543868733114083236e+00
3.362232045216875242e-01
-2.528285833995379761e+00
2.005763172853743725e+00
-5.647587717703173027e-02
-5.450214923914793452e-01
-2.089985001091971828e+00
-5.647587717703173027e-02
4.467605850122549072e-01
-1.787018990578013167e-01
3.362232045216875242e-01
7.771547353444558937e-01
9.448007081957321418e-02
-8.415180123952472613e-01
2.430024926616154879e+00
-1.787018990578013167e-01
7.285662580411762512e-01
-8.754156427236807758e-01
-2.636101269069855757e+00
-5.647587717703173027e-02
2.760419076948355865e+00
3.674143689200821683e-01
7.285662580411762512e-01
-2.146273420592783587e-01
2.551879440831627655e+00
3.362232045216875242e-01
4.467605850122549072e-01
-4.518838689351714066e-01
-1.233861065914729105e+00
-2.146273420592783587e-01
-4.518838689351714066e-01
7.285662580411762512e-01
1.107848698880219196e+00
3.674143689200821683e-01
-5.647587717703173027e-02
-1.206109606259444300e+00
1.459646904875859796e+00
-4.488189306965209013e-01
1.107848698880219196e+00
-1.817050702991457989e+00
nan
1.107848698880219196e+00
nan
nan
-2.528285833995379761e+00
-1.543868733114083236e+00
3.362232045216875242e-01
2.760419076948355865e+00
nan
1.906307474958111037e+00
1.160666214764853876e-01
-2.089985001091971828e+00
-2.803945336351152395e+00
-2.528285833995379761e+00
1.186712606775341072e+00
1.513608393259391782e+00
1.160666214764853876e-01
-1.817050702991457989e+00
-1.626560147613455243e+00
1.768936812748190590e+00
3.097995708809511584e+00
1.121265339739902167e+00
4.467605850122549072e-01
3.097995708809511584e+00
