8.008912963772830906e+00
6.504421105682645532e+00
5.155989807405667591e+00
5.725154024956216503e+00
3.812848070648770626e+00
8.295954903604659592e+00
5.154473219836960496e+00
4.261647021161600435e+00
6.501572880248740915e+00
6.867033494364518376e+00
6.056029044517506676e+00
5.155989807405667591e+00
6.296352689245262368e+00
5.607230094004692411e+00
4.258798795727699371e+00
nan
4.710039082326723303e+00
5.604381868570788683e+00
5.725154024956216503e+00
6.953220056195475784e+00
7.398763891926692260e+00
8.580111628061876772e+00
7.850004178525720633e+00
6.950371830761570280e+00
8.008912963772830906e+00
9.195994140716504006e+00
6.950371830761570280e+00
nan
4.710039082326723303e+00
6.052773929735911551e+00
6.296352689245262368e+00
9.195994140716504006e+00
6.950371830761570280e+00
8.580111628061876772e+00
8.747602079551381138e+00
9.193145915282611824e+00
3.441395086139602100e+00
3.364049120135947923e+00
7.847562842439522512e+00
7.438232158653574899e+00
nan
4.707190856892837338e+00
7.438232158653574899e+00
6.953220056195475784e+00
6.501572880248740915e+00
6.296352689245262368e+00
8.747602079551381138e+00
3.809999845214885550e+00
4.012075891258858107e+00
5.607230094004692411e+00
6.052773929735911551e+00
6.867033494364518376e+00
5.607230094004692411e+00
8.744753854117472969e+00
nan
nan
9.193145915282611824e+00
5.725154024956216503e+00
6.056029044517506676e+00
5.604381868570788683e+00
nan
8.747602079551381138e+00
nan
6.296352689245262368e+00
7.850004178525720633e+00
8.744753854117472969e+00
8.580111628061876772e+00
6.953220056195475784e+00
5.155989807405667591e+00
5.154473219836960496e+00
6.504421105682645532e+00
6.950371830761570280e+00
6.296352689245262368e+00
6.504421105682645532e+00
5.604381868570788683e+00
7.438232158653574899e+00
6.056029044517506676e+00
4.258798795727699371e+00
4.012075891258858107e+00
6.504421105682645532e+00
4.258798795727699371e+00
6.867033494364518376e+00
5.158838032839554444e+00
6.501572880248740915e+00
5.725154024956216503e+00
7.850004178525720633e+00
8.744753854117472969e+00
6.296352689245262368e+00
3.812848070648770626e+00
6.950371830761570280e+00
8.008912963772830906e+00
7.850004178525720633e+00
7.398763891926692260e+00
9.150792433181132779e+00
nan
4.707190856892837338e+00
5.725154024956216503e+00
4.261647021161600435e+00
5.604381868570788683e+00
8.008912963772830906e+00
7.401612117360598653e+00
6.501572880248740915e+00
nan
nan
8.295954903604659592e+00
6.296352689245262368e+00
6.504421105682645532e+00
5.604381868570788683e+00
6.867033494364518376e+00
3.812848070648770626e+00
3.809999845214885550e+00
4.583274555547903972e+00
8.747602079551381138e+00
7.398763891926692260e+00
nan
3.364049120135947923e+00
6.501572880248740915e+00
4.583274555547903972e+00
8.747602079551381138e+00
6.950371830761570280e+00
6.032022573003228416e+00
4.236257125865138917e+00
5.489476316780383058e+00
8.125603896701026230e+00
5.492324542214282346e+00
8.629360035109829852e+00
6.331221873345114659e+00
nan
4.861157786062420882e+00
5.433895231884593002e+00
3.607938595147187844e+00
6.745543733129515829e+00
3.340585167751929152e+00
6.748391958563415116e+00
4.861157786062420882e+00
7.527476555582390816e+00
4.864006011496320170e+00
4.233408900431238742e+00
nan
nan
7.373292618760697081e+00
3.340585167751929152e+00
7.376140844194597257e+00
6.745543733129515829e+00
5.433895231884593002e+00
7.376140844194597257e+00
7.373292618760697081e+00
6.331221873345114659e+00
7.376140844194597257e+00
6.117225202411564311e+00
7.228277255240503685e+00
8.003889729825779398e+00
6.117225202411564311e+00
6.331221873345114659e+00
4.864006011496320170e+00
6.745543733129515829e+00
7.826404596359143540e+00
4.864006011496320170e+00
7.373292618760697081e+00
3.938712508870564122e+00
9.260526791261693091e+00
7.373292618760697081e+00
4.835767890765957588e+00
5.492324542214282346e+00
5.489476316780383058e+00
9.022659278596414367e+00
7.376140844194597257e+00
6.117225202411564311e+00
6.032022573003228416e+00
4.236257125865138917e+00
5.489476316780383058e+00
6.331221873345114659e+00
6.748391958563415116e+00
5.489476316780383058e+00
3.938712508870564122e+00
8.003889729825779398e+00
7.373292618760697081e+00
8.723459978254531677e+00
7.376140844194597257e+00
7.373292618760697081e+00
7.527476555582390816e+00
8.632208260543730916e+00
nan
7.826404596359143540e+00
7.376140844194597257e+00
8.001041504391878334e+00
4.835767890765957588e+00
5.492324542214282346e+00
5.489476316780383058e+00
5.134967191107839390e+00
6.748391958563415116e+00
nan
6.032022573003228416e+00
4.236257125865138917e+00
5.489476316780383058e+00
9.022659278596414367e+00
6.748391958563415116e+00
5.489476316780383058e+00
5.433895231884593002e+00
4.864006011496320170e+00
9.257678565827792028e+00
3.340585167751929152e+00
9.260526791261693091e+00
8.001041504391878334e+00
7.826404596359143540e+00
6.120073427845464487e+00
6.117225202411564311e+00
6.630149914121869159e+00
6.120073427845464487e+00
8.001041504391878334e+00
8.723459978254531677e+00
nan
4.233408900431238742e+00
4.536839849989204865e+00
4.864006011496320170e+00
4.861157786062420882e+00
3.938712508870564122e+00
5.492324542214282346e+00
4.233408900431238742e+00
3.938712508870564122e+00
7.376140844194597257e+00
nan
3.340585167751929152e+00
8.632208260543730916e+00
6.745543733129515829e+00
4.835767890765957588e+00
4.236257125865138917e+00
8.629360035109829852e+00
3.938712508870564122e+00
7.376140844194597257e+00
6.117225202411564311e+00
7.826404596359143540e+00
6.120073427845464487e+00
6.117225202411564311e+00
8.723459978254531677e+00
8.003889729825779398e+00
8.629360035109829852e+00
6.032022573003228416e+00
4.236257125865138917e+00
6.117225202411564311e+00
8.356030919059145745e+00
5.835155943607823303e+00
3.730101573302930351e+00
8.356030919059145745e+00
8.975324484480676546e+00
7.155739981527846183e+00
3.183988616445049935e+00
6.881878790565453485e+00
6.870399578968212850e+00
8.725294969430429148e+00
8.975324484480676546e+00
6.870399578968212850e+00
4.292115852904064610e+00
4.264834321051910848e+00
7.441339313672374445e+00
7.986431783342704094e+00
7.405002861924763202e+00
8.297619450936149832e+00
9.094559019801712552e+00
7.405002861924763202e+00
7.155739981527846183e+00
7.986431783342704094e+00
8.975324484480676546e+00
7.441339313672374445e+00
3.922851802532781651e+00
3.741710249692601131e+00
6.299459844264061914e+00
4.661714988620506261e+00
4.264834321051910848e+00
4.301041308007080843e+00
7.247568597254971934e+00
4.264834321051910848e+00
4.301041308007080843e+00
nan
4.788433096650212661e+00
6.584800246823695247e+00
4.292115852904064610e+00
5.835155943607823303e+00
6.870399578968212850e+00
5.769842225079514719e+00
4.788433096650212661e+00
4.586640640151609105e+00
6.139441360795963476e+00
4.788433096650212661e+00
4.015700905447448399e+00
7.617167732971419802e+00
5.311557168009540142e+00
5.728520109559910978e+00
9.094559019801712552e+00
6.881878790565453485e+00
7.726679716231998007e+00
6.508705411167246879e+00
5.835155943607823303e+00
8.868559185640300768e+00
nan
4.788433096650212661e+00
7.441339313672374445e+00
6.508705411167246879e+00
5.311557168009540142e+00
4.015700905447448399e+00
3.183988616445049935e+00
3.741710249692601131e+00
8.297619450936149832e+00
7.617167732971419802e+00
8.975324484480676546e+00
7.155739981527846183e+00
8.725294969430429148e+00
nan
6.870399578968212850e+00
4.661714988620506261e+00
7.405002861924763202e+00
8.297619450936149832e+00
3.553252666816333338e+00
8.451725708882374732e+00
6.299459844264061914e+00
7.247568597254971934e+00
8.451725708882374732e+00
6.870399578968212850e+00
8.725294969430429148e+00
7.928126933284072031e+00
5.442920777415382716e+00
7.617167732971419802e+00
4.264834321051910848e+00
4.301041308007080843e+00
7.986431783342704094e+00
6.358280014967151672e+00
4.301041308007080843e+00
7.986431783342704094e+00
nan
nan
5.769842225079514719e+00
6.881878790565453485e+00
6.584800246823695247e+00
7.247568597254971934e+00
4.788433096650212661e+00
3.159161838598769201e+00
6.508705411167246879e+00
3.741710249692601131e+00
7.441339313672374445e+00
6.878304546883688531e+00
7.928126933284072031e+00
6.870399578968212850e+00
8.356030919059145745e+00
nan
5.157321445270855342e+00
5.030979038991789665e+00
4.264834321051910848e+00
4.301041308007080843e+00
nan
3.218111474094298874e+00
8.297619450936149832e+00
3.183988616445049935e+00
8.975324484480676546e+00
5.442920777415382716e+00
6.508705411167246879e+00
5.311557168009540142e+00
4.015700905447448399e+00
5.400243089363073068e+00
4.788433096650212661e+00
8.297619450936149832e+00
nan
3.599124086962273594e+00
7.917493558330866321e+00
4.299487730497682847e+00
6.573870692766352164e+00
6.242737003198675083e+00
5.084173837536662077e+00
5.251694465030410264e+00
8.336372578809491785e+00
5.868859944575640419e+00
4.260212200830250318e+00
6.661616023677316534e+00
nan
3.599124086962273594e+00
nan
5.868859944575640419e+00
6.243476542434144960e+00
4.567980448066498944e+00
nan
6.573870692766352164e+00
9.173750856375594509e+00
3.514089567100243894e+00
6.904564656302109249e+00
7.917493558330866321e+00
4.299487730497682847e+00
3.599124086962273594e+00
6.661616023677316534e+00
9.009740541806952052e+00
7.896046920502281630e+00
4.567980448066498944e+00
nan
6.243476542434144960e+00
nan
6.654258107973079817e+00
7.565652770170085972e+00
4.567980448066498944e+00
nan
6.904564656302109249e+00
nan
8.224342378409497556e+00
5.251694465030410264e+00
8.336372578809491785e+00
5.868859944575640419e+00
6.904564656302109249e+00
6.242737003198675083e+00
6.654258107973079817e+00
6.243476542434144960e+00
4.567980448066498944e+00
nan
nan
4.149481190979037670e+00
nan
7.565652770170085972e+00
6.242737003198675083e+00
5.868859944575640419e+00
8.226441070834475511e+00
nan
4.299487730497682847e+00
5.912782578898374553e+00
5.405358725632587458e+00
nan
5.912782578898374553e+00
nan
nan
5.251694465030410264e+00
4.986859468545140395e+00
nan
3.929518237294480798e+00
6.242737003198675083e+00
7.439656271370533425e+00
4.921000501494640744e+00
3.730602170500411319e+00
5.868859944575640419e+00
7.565652770170085972e+00
4.567980448066498944e+00
6.654258107973079817e+00
4.590606351162445975e+00
4.149481190979037670e+00
nan
5.251694465030410264e+00
7.080115280764763597e+00
8.224342378409497556e+00
5.912782578898374553e+00
3.312102913412949157e+00
3.514089567100243894e+00
6.573870692766352164e+00
7.498994301243404159e+00
nan
7.896046920502281630e+00
nan
3.514089567100243894e+00
3.929518237294480798e+00
8.754871835896953058e+00
nan
7.234958806634316453e+00
9.173750856375594509e+00
9.009740541806952052e+00
7.565652770170085972e+00
6.242737003198675083e+00
5.868859944575640419e+00
8.557135034370245918e+00
6.661616023677316534e+00
6.654258107973079817e+00
6.904564656302109249e+00
3.312102913412949157e+00
6.654258107973079817e+00
8.557135034370245918e+00
6.242737003198675083e+00
9.009740541806952052e+00
9.218223148238211095e+00
nan
9.009740541806952052e+00
7.565652770170085972e+00
7.080115280764763597e+00
6.654258107973079817e+00
5.251694465030410264e+00
5.823857982720033633e+00
nan
3.929518237294480798e+00
6.242737003198675083e+00
4.674029375055299695e+00
5.515460896508095345e+00
4.140258365764513115e+00
4.150430599457016534e+00
7.931194252982134429e+00
7.280494721528635083e+00
6.767000364731548423e+00
5.998782843214220506e+00
5.187049027613408470e+00
8.337321987287461766e+00
7.931194252982134429e+00
4.289858015935450908e+00
7.814197915928152938e+00
nan
7.579558392087957230e+00
4.674029375055299695e+00
3.583487675268482775e+00
8.775813074325226282e+00
7.814197915928152938e+00
nan
5.785176368732042995e+00
5.720752222012929877e+00
7.931194252982134429e+00
5.336513048001782167e+00
7.290599140329850236e+00
5.998782843214220506e+00
3.691730674816816826e+00
5.197153446414628064e+00
6.482104789920344778e+00
8.775813074325226282e+00
6.243876293372238706e+00
5.515460896508095345e+00
5.336513048001782167e+00
6.243876293372238706e+00
5.032577138330271538e+00
4.738385706883147641e+00
3.627306528097688609e+00
7.448310494804292858e+00
8.327149753594966342e+00
7.814197915928152938e+00
nan
6.084240039291366031e+00
6.243876293372238706e+00
5.998782843214220506e+00
7.130895071357696402e+00
nan
3.583487675268482775e+00
8.177685733206590868e+00
5.720752222012929877e+00
5.515460896508095345e+00
6.831831400798374254e+00
4.150430599457016534e+00
3.100165728562374934e+00
4.140258365764513115e+00
nan
nan
7.729022412476330928e+00
nan
3.583487675268482775e+00
6.981431050969317376e+00
nan
4.066371433446323458e+00
3.990794345376134089e+00
8.860920762885763580e+00
7.448310494804292858e+00
5.785176368732042995e+00
nan
nan
3.841194695205190968e+00
7.290599140329850236e+00
nan
3.093603333698182301e+00
4.674029375055299695e+00
5.515460896508095345e+00
4.140258365764513115e+00
4.150430599457016534e+00
7.448310494804292858e+00
7.878622062647274937e+00
nan
7.931194252982134429e+00
nan
5.720752222012929877e+00
4.066371433446323458e+00
4.289858015935450908e+00
6.243876293372238706e+00
5.032577138330271538e+00
6.682367380409999669e+00
8.337321987287461766e+00
nan
5.187049027613408470e+00
nan
4.066371433446323458e+00
5.486112698172725288e+00
6.767000364731548423e+00
6.964988548098168586e+00
6.532767730239056547e+00
7.814197915928152938e+00
7.931194252982134429e+00
6.383168080068113426e+00
6.243876293372238706e+00
6.482104789920344778e+00
6.084240039291366031e+00
nan
8.897399957866081621e+00
6.532767730239056547e+00
nan
3.583487675268482775e+00
3.691730674816816826e+00
5.720752222012929877e+00
nan
7.429958741917014109e+00
nan
6.964988548098168586e+00
5.486112698172725288e+00
nan
5.032577138330271538e+00
7.429958741917014109e+00
nan
3.100165728562374934e+00
5.037449377442465348e+00
nan
5.042036855382217908e+00
3.576038470287520532e+00
8.096646938123063464e+00
6.519595684885089781e+00
4.832105886636653302e+00
6.003201244207840404e+00
3.564310483206761582e+00
4.517946621277672214e+00
6.526800019806124453e+00
4.672437719665770040e+00
9.228341843858640203e+00
6.526800019806124453e+00
5.226668880567856945e+00
6.716207011160364004e+00
nan
4.857237287523994418e+00
6.716207011160364004e+00
nan
6.150331634513812595e+00
7.030366276519345092e+00
8.096646938123063464e+00
6.519595684885089781e+00
4.832105886636653302e+00
4.433354325890901393e+00
8.551553217962633013e+00
5.774298860170200776e+00
3.386156774694297766e+00
9.290416404050365173e+00
7.344240719334929501e+00
9.143369785080675882e+00
8.736352785820857392e+00
6.716207011160364004e+00
4.956478397250211110e+00
8.551553217962633013e+00
5.774298860170200776e+00
nan
7.258626413645400177e+00
6.402332568344767161e+00
7.049924091165452822e+00
6.150331634513812595e+00
4.204072178462086917e+00
6.003201244207840404e+00
7.073826845787175799e+00
7.972274427509495887e+00
9.143369785080675882e+00
6.889194820601537650e+00
5.460139594811219688e+00
9.143369785080675882e+00
8.551553217962633013e+00
6.402332568344767161e+00
9.143369785080675882e+00
8.736352785820857392e+00
7.030366276519345092e+00
nan
7.997489599733131449e+00
7.030366276519345092e+00
3.909755550292599580e+00
8.366753650104408635e+00
7.658399984693910589e+00
4.956478397250211110e+00
4.303173669294492854e+00
9.228341843858640203e+00
nan
3.748942508392406836e+00
7.030366276519345092e+00
3.909755550292599580e+00
5.042036855382217908e+00
8.600308135684063160e+00
5.480077172848512923e+00
8.366753650104408635e+00
5.146265151995634390e+00
6.003201244207840404e+00
8.736352785820857392e+00
7.972274427509495887e+00
8.096646938123063464e+00
9.290416404050365173e+00
6.716207011160364004e+00
7.573522866763753747e+00
9.105784378864719031e+00
8.286433692868477863e+00
nan
5.411468448426081324e+00
8.286433692868477863e+00
9.143369785080675882e+00
8.920984811006494652e+00
nan
4.956478397250211110e+00
7.443258438831045432e+00
4.832105886636653302e+00
3.909755550292599580e+00
8.182121624918771374e+00
6.716207011160364004e+00
nan
3.933742076250624109e+00
7.658399984693910589e+00
6.526800019806124453e+00
4.118374101436269363e+00
7.972274427509495887e+00
nan
3.379510915348537647e+00
5.146265151995634390e+00
6.526800019806124453e+00
4.118374101436269363e+00
7.344240719334929501e+00
9.143369785080675882e+00
4.672437719665770040e+00
8.914467401043044248e+00
5.480077172848512923e+00
3.748942508392406836e+00
3.576038470287520532e+00
9.143369785080675882e+00
8.182121624918771374e+00
3.890197735646501620e+00
8.096646938123063464e+00
8.920984811006494652e+00
7.658399984693910589e+00
6.003201244207840404e+00
4.487805694480131891e+00
3.262164027471924133e+00
4.792230730562076602e+00
4.788975615780477035e+00
7.673025003117539988e+00
5.240622791727215457e+00
6.134965577971258632e+00
5.488559931205992726e+00
6.137813803405166801e+00
3.892191493450233519e+00
4.942443663228108797e+00
9.278185788951851976e+00
7.480955540162040229e+00
7.400090705017021264e+00
7.483803765595948398e+00
7.480955540162040229e+00
5.761494229306502568e+00
8.380994777273899743e+00
nan
7.126908735139656059e+00
4.792230730562076602e+00
4.340583554615355055e+00
3.577276829171821326e+00
6.137813803405166801e+00
5.686573516806136652e+00
4.669509365127590073e+00
7.483803765595948398e+00
6.134965577971258632e+00
6.580792467161762360e+00
nan
6.134965577971258632e+00
6.853974437039136447e+00
nan
nan
3.850211127272330724e+00
7.483803765595948398e+00
6.583764528484088885e+00
8.492075569195932871e+00
6.137813803405166801e+00
6.583764528484088885e+00
5.488559931205992726e+00
nan
5.686573516806136652e+00
6.853974437039136447e+00
8.829386838439038598e+00
nan
4.669509365127590073e+00
nan
nan
6.580792467161762360e+00
5.240622791727215457e+00
6.134965577971258632e+00
5.488559931205992726e+00
7.483803765595948398e+00
nan
8.492075569195932871e+00
7.483803765595948398e+00
5.237774566293307288e+00
8.219141271095423917e+00
8.380994777273899743e+00
6.583764528484088885e+00
7.126908735139656059e+00
5.240622791727215457e+00
3.892191493450233519e+00
5.761494229306502568e+00
6.137813803405166801e+00
5.237774566293307288e+00
7.126908735139656059e+00
7.035004815083118146e+00
6.134965577971258632e+00
4.669509365127590073e+00
nan
7.032156589649225964e+00
nan
nan
4.788975615780477035e+00
nan
nan
5.237774566293307288e+00
8.765257539073308735e+00
nan
6.583764528484088885e+00
7.400090705017021264e+00
6.586205864570288782e+00
7.929347601327178197e+00
6.853974437039136447e+00
nan
4.340583554615355055e+00
6.034676199183877543e+00
7.483803765595948398e+00
7.032156589649225964e+00
5.215625633105483772e+00
nan
3.443392542937403711e+00
6.580792467161762360e+00
6.586205864570288782e+00
5.237774566293307288e+00
7.126908735139656059e+00
3.446240768371295449e+00
nan
4.123393097149705255e+00
5.689421742240044821e+00
5.237774566293307288e+00
3.850211127272330724e+00
9.278185788951851976e+00
nan
3.304094859294446351e+00
7.932195826761070379e+00
6.583764528484088885e+00
4.396327395250224868e+00
4.343431780049263224e+00
7.480955540162040229e+00
7.400090705017021264e+00
3.446240768371295449e+00
3.443392542937403711e+00
3.304094859294446351e+00
5.689421742240044821e+00
7.480955540162040229e+00
7.126908735139656059e+00
4.343431780049263224e+00
nan
7.946206972994914963e+00
6.578068077616295639e+00
8.507412167686155158e+00
nan
5.611862372732346671e+00
5.125911294856468459e+00
4.014665187107853583e+00
5.128540426026222399e+00
6.575000757918249228e+00
6.945679040284762351e+00
3.196129016258316913e+00
3.676383643266395662e+00
7.364178297372224513e+00
8.510479487384200681e+00
7.541206462802206190e+00
5.689421742240031499e+00
6.578068077616295639e+00
4.642589348150352180e+00
3.177286909541764182e+00
6.578068077616295639e+00
6.575000757918249228e+00
5.689421742240031499e+00
7.543835593971960130e+00
7.058322704624373500e+00
6.108300762718672949e+00
4.645656667848389709e+00
4.642589348150352180e+00
4.852043464673942097e+00
3.196129016258316913e+00
8.507412167686155158e+00
7.783057317850865964e+00
8.993363245562033370e+00
8.507412167686155158e+00
7.783057317850865964e+00
6.094746130910179360e+00
nan
nan
6.578068077616295639e+00
6.091678811212133837e+00
5.270922485152583548e+00
4.645656667848389709e+00
5.125911294856468459e+00
5.689421742240031499e+00
7.543835593971960130e+00
nan
3.596165930020398527e+00
nan
5.125911294856468459e+00
7.364178297372224513e+00
nan
3.676383643266395662e+00
6.526800019806135111e+00
7.543835593971960130e+00
nan
7.364178297372224513e+00
3.196129016258316913e+00
6.091678811212133837e+00
8.201556574938313915e+00
7.060951835794127440e+00
6.091678811212133837e+00
9.038934852504402429e+00
6.094746130910179360e+00
8.990734114392278542e+00
nan
nan
3.676383643266395662e+00
7.364178297372224513e+00
6.094746130910179360e+00
6.575000757918249228e+00
6.108300762718672949e+00
5.128540426026222399e+00
6.091678811212133837e+00
6.526800019806135111e+00
8.993363245562033370e+00
nan
4.433164444195307752e+00
4.645656667848389709e+00
7.058322704624373500e+00
4.433164444195307752e+00
nan
3.676383643266395662e+00
nan
7.060951835794127440e+00
8.024528409508322468e+00
8.201556574938313915e+00
6.578068077616295639e+00
6.575000757918249228e+00
5.689421742240031499e+00
5.611862372732346671e+00
7.058322704624373500e+00
7.783057317850865964e+00
4.645656667848389709e+00
3.193499885088563417e+00
6.526800019806135111e+00
4.645656667848389709e+00
8.024528409508322468e+00
6.108300762718672949e+00
3.196129016258316913e+00
4.642589348150352180e+00
5.689421742240031499e+00
6.578068077616295639e+00
5.608795053034301148e+00
9.038934852504402429e+00
7.543835593971960130e+00
8.024528409508322468e+00
7.364178297372224513e+00
6.094746130910179360e+00
5.608795053034301148e+00
4.433164444195307752e+00
5.611862372732346671e+00
7.058322704624373500e+00
7.783057317850865964e+00
4.645656667848389709e+00
5.608795053034301148e+00
5.689421742240031499e+00
5.128540426026222399e+00
5.125911294856468459e+00
4.852043464673942097e+00
6.578068077616295639e+00
5.125911294856468459e+00
3.596165930020398527e+00
5.629202118780470165e+00
6.948337384023075991e+00
8.458656390771533751e+00
3.834820095424562147e+00
5.770952195285378394e+00
4.690264260028524923e+00
5.629202118780470165e+00
4.593210978368444053e+00
8.458656390771533751e+00
8.321182043162039577e+00
8.126078600940010332e+00
7.621278113205430138e+00
4.732417996450208442e+00
6.555994330503587264e+00
5.946521558073253999e+00
8.321182043162039577e+00
5.770952195285378394e+00
6.365020815160701062e+00
3.834820095424562147e+00
6.163295248804868010e+00
5.527642537594612548e+00
9.217966165492303077e+00
7.733379519241283973e+00
5.946521558073253999e+00
8.321182043162039577e+00
7.733379519241283973e+00
6.783899835639342513e+00
7.423584142136394171e+00
7.340680437542564718e+00
6.783899835639342513e+00
nan
nan
5.108763517115979980e+00
6.526800019806132447e+00
4.593210978368444053e+00
7.202399092726803786e+00
nan
5.770952195285378394e+00
7.621278113205430138e+00
4.732417996450208442e+00
6.555994330503587264e+00
8.458656390771533751e+00
3.834820095424562147e+00
8.126078600940010332e+00
4.690264260028524923e+00
5.629202118780470165e+00
7.340680437542564718e+00
4.271765002941070755e+00
nan
4.985910060067164196e+00
8.039777370292892300e+00
8.321182043162039577e+00
8.126078600940010332e+00
7.202399092726803786e+00
7.423584142136394171e+00
6.163295248804868010e+00
3.852885982462437298e+00
nan
7.340680437542564718e+00
5.108763517115979980e+00
nan
7.733379519241283973e+00
nan
5.629202118780470165e+00
6.948337384023075991e+00
3.852885982462437298e+00
4.732417996450208442e+00
3.415469761451509711e+00
7.621278113205430138e+00
nan
3.808168843150228966e+00
5.527642537594612548e+00
7.423584142136394171e+00
4.985910060067164196e+00
3.852885982462437298e+00
6.526800019806132447e+00
8.518421654459498171e+00
5.527642537594612548e+00
9.217966165492303077e+00
7.733379519241283973e+00
6.365020815160701062e+00
4.732417996450208442e+00
8.126078600940010332e+00
6.783899835639342513e+00
3.834820095424562147e+00
6.555994330503587264e+00
5.946521558073253999e+00
nan
7.340680437542564718e+00
8.458656390771533751e+00
nan
nan
nan
5.629202118780470165e+00
6.163295248804868010e+00
4.690264260028524923e+00
nan
8.911120736158217426e+00
8.039777370292892300e+00
3.834820095424562147e+00
8.911120736158217426e+00
6.783899835639342513e+00
3.834820095424562147e+00
4.593210978368444053e+00
5.946521558073253999e+00
5.629202118780470165e+00
7.340680437542564718e+00
3.852885982462437298e+00
nan
3.415469761451509711e+00
4.271765002941070755e+00
nan
4.200867924848955326e+00
5.946521558073253999e+00
6.526800019806132447e+00
4.985910060067164196e+00
5.108763517115979980e+00
4.732417996450208442e+00
6.163295248804868010e+00
5.108763517115979980e+00
6.918905721206114023e+00
4.476457470790557558e+00
6.092603875882984354e+00
nan
6.988592303488842639e+00
nan
7.442504496804416725e+00
6.151214025922737250e+00
5.395105114070548602e+00
nan
8.663348858621022330e+00
nan
nan
nan
nan
6.918905721206114023e+00
9.081848115708471170e+00
nan
7.442504496804416725e+00
6.570093046401379588e+00
6.092603875882984354e+00
6.395306945607812210e+00
6.570093046401379588e+00
7.488234338493129805e+00
4.825460027290891851e+00
7.825970581054932929e+00
6.790735576680694052e+00
7.442504496804416725e+00
6.570093046401379588e+00
6.092603875882984354e+00
nan
3.220579936137005106e+00
nan
7.965628568163725554e+00
6.570093046401379588e+00
6.092603875882984354e+00
4.825460027290891851e+00
6.570093046401379588e+00
4.696973413272814035e+00
5.872182874248503381e+00
4.894956727878005509e+00
nan
6.918905721206114023e+00
8.244849601533573491e+00
6.790735576680694052e+00
5.872182874248503381e+00
4.476457470790557558e+00
8.883864801103275255e+00
7.965628568163725554e+00
6.151214025922737250e+00
4.696973413272814035e+00
8.489227343762028255e+00
nan
6.790735576680694052e+00
7.442504496804416725e+00
5.732714768835290187e+00
3.301342950662668141e+00
3.778737180333280321e+00
7.407471323967469878e+00
7.488234338493129805e+00
5.872182874248503381e+00
8.244849601533573491e+00
8.186366039290863483e+00
7.442504496804416725e+00
4.894956727878005509e+00
6.790735576680694052e+00
nan
3.639079193224467712e+00
nan
nan
4.476457470790557558e+00
nan
6.918905721206114023e+00
6.570093046401379588e+00
8.186366039290863483e+00
5.349058802889193664e+00
4.894956727878005509e+00
3.301342950662668141e+00
nan
7.407471323967469878e+00
nan
nan
nan
3.999474651460402708e+00
4.825460027290891851e+00
4.894956727878005509e+00
4.696973413272814035e+00
5.872182874248503381e+00
9.081848115708471170e+00
nan
7.442504496804416725e+00
5.732714768835290187e+00
3.999474651460402708e+00
8.489227343762028255e+00
5.313835748356647848e+00
8.186366039290863483e+00
5.872182874248503381e+00
6.151214025922737250e+00
8.186366039290863483e+00
3.255613108973952396e+00
3.639079193224467712e+00
nan
6.395306945607812210e+00
6.151214025922737250e+00
6.790735576680694052e+00
4.302335955931564371e+00
nan
6.790735576680694052e+00
5.349058802889193664e+00
3.639079193224467712e+00
6.092603875882984354e+00
nan
3.639079193224467712e+00
nan
5.872182874248503381e+00
6.988592303488842639e+00
nan
4.302335955931564371e+00
3.220579936137005106e+00
6.790735576680694052e+00
6.799008993417258395e+00
nan
5.512594413218852019e+00
nan
9.061340892584405893e+00
nan
nan
3.199313186230567485e+00
nan
5.004220080713646546e+00
4.037071227187851719e+00
6.559317260176470654e+00
nan
nan
nan
5.453019031226476798e+00
5.711827782320031410e+00
8.914324989771355234e+00
3.658637007870573221e+00
4.455570484275299670e+00
8.390963566292548137e+00
3.658637007870573221e+00
8.223962615018315603e+00
9.176124377570504365e+00
5.901817981739306163e+00
nan
4.727433601940896679e+00
nan
5.711827782320031410e+00
nan
nan
4.037071227187851719e+00
5.250795025419701112e+00
7.247401054582395474e+00
6.967705316973583862e+00
9.176124377570504365e+00
5.901817981739306163e+00
8.642461872105764442e+00
8.129401530612884841e+00
5.901817981739306163e+00
6.130327039407494460e+00
4.727433601940896679e+00
5.453019031226476798e+00
nan
3.157349331504481604e+00
5.453019031226476798e+00
6.967705316973583862e+00
6.035955836697656451e+00
nan
3.199313186230567485e+00
6.035955836697656451e+00
5.901817981739306163e+00
5.292948761841404171e+00
6.820879295856125069e+00
7.247401054582395474e+00
nan
3.419148719303623185e+00
nan
3.618192206709209380e+00
8.129401530612884841e+00
6.799008993417258395e+00
6.130327039407494460e+00
4.204072178462091358e+00
5.453019031226476798e+00
5.292948761841404171e+00
8.129401530612884841e+00
5.004220080713646546e+00
nan
nan
5.453019031226476798e+00
3.618192206709209380e+00
7.867602142813734822e+00
nan
6.549206059886136799e+00
7.606040107134080408e+00
nan
8.642461872105764442e+00
nan
8.144592066260347707e+00
nan
6.820879295856125069e+00
nan
8.223962615018315603e+00
nan
4.555828019548524566e+00
6.549206059886136799e+00
6.559317260176470654e+00
7.247401054582395474e+00
8.223962615018315603e+00
6.820879295856125069e+00
nan
4.874449504753942009e+00
5.512594413218852019e+00
4.555828019548524566e+00
7.386204574061032702e+00
7.344240719334930390e+00
5.453019031226476798e+00
5.292948761841404171e+00
7.867602142813734822e+00
6.799008993417258395e+00
8.642461872105764442e+00
7.867602142813734822e+00
8.144592066260347707e+00
nan
4.727433601940896679e+00
6.350210042904428143e+00
6.130327039407494460e+00
8.390963566292548137e+00
6.350210042904428143e+00
6.130327039407494460e+00
8.129401530612884841e+00
8.593391016773177071e+00
9.061340892584405893e+00
6.820879295856125069e+00
nan
4.037071227187851719e+00
5.250795025419701112e+00
nan
8.223962615018315603e+00
nan
5.909392383442645169e+00
6.805641289784768233e+00
7.621278113205443461e+00
4.943624867086980679e+00
8.061708706133906333e+00
8.039777370292892300e+00
6.392714330148761448e+00
6.177607581610201848e+00
5.946521558073250446e+00
4.460302920380865288e+00
7.119515732600359748e+00
9.296034668337622264e+00
8.808447686622791650e+00
9.317776122483046208e+00
5.946521558073250446e+00
5.426508625264813368e+00
6.805641289784768233e+00
7.621278113205443461e+00
7.358920035032718410e+00
8.061708706133906333e+00
5.109143280507161933e+00
7.358920035032718410e+00
4.607665722445473122e+00
6.783899835639338960e+00
6.876036276854886609e+00
6.805641289784768233e+00
7.202399092726802010e+00
nan
5.863733138794611222e+00
8.458276627380339363e+00
6.392714330148761448e+00
4.607665722445473122e+00
5.527642537594608996e+00
8.325125739916666490e+00
nan
3.434386725374975580e+00
5.426508625264813368e+00
9.003901679667453806e+00
5.527642537594608996e+00
nan
6.805641289784768233e+00
nan
5.909392383442645169e+00
6.805641289784768233e+00
7.621278113205443461e+00
6.876036276854886609e+00
6.177607581610201848e+00
8.877155647858980814e+00
5.909392383442645169e+00
6.805641289784768233e+00
7.621278113205443461e+00
nan
nan
nan
5.909392383442645169e+00
3.351598306096334579e+00
9.296034668337622264e+00
5.426508625264813368e+00
6.491766846969177607e+00
6.783899835639338960e+00
8.325125739916666490e+00
6.491766846969177607e+00
7.202399092726802010e+00
9.291331444800622563e+00
9.317776122483046208e+00
7.202399092726802010e+00
4.460302920380865288e+00
4.607665722445473122e+00
9.296034668337622264e+00
8.325125739916666490e+00
7.433674997959335506e+00
7.621278113205443461e+00
7.358920035032718410e+00
5.549573873435630134e+00
7.621278113205443461e+00
3.494097215496907882e+00
5.863733138794611222e+00
7.202399092726802010e+00
5.426508625264813368e+00
8.061708706133906333e+00
6.365020815160712608e+00
4.460302920380865288e+00
8.061708706133906333e+00
6.365020815160712608e+00
4.460302920380865288e+00
3.979347191727516719e+00
7.202399092726802010e+00
4.460302920380865288e+00
6.177607581610201848e+00
7.621278113205443461e+00
3.977419162203032599e+00
7.747834263318315706e+00
3.852885982462430636e+00
7.842241981738834689e+00
8.061708706133906333e+00
8.877155647858980814e+00
3.494097215496907882e+00
5.235699430620039507e+00
5.946521558073250446e+00
7.358920035032718410e+00
4.607665722445473122e+00
8.458276627380339363e+00
4.460302920380865288e+00
6.177607581610201848e+00
7.621278113205443461e+00
5.909392383442645169e+00
5.549573873435630134e+00
7.202399092726802010e+00
4.460302920380865288e+00
7.747834263318315706e+00
nan
4.943624867086980679e+00
9.317776122483046208e+00
4.690264260028519594e+00
3.494097215496907882e+00
5.863733138794611222e+00
7.202399092726802010e+00
4.460302920380865288e+00
3.665472748911925649e+00
3.852885982462430636e+00
4.584666302066745303e+00
8.868041326470500252e+00
6.658118202969008692e+00
7.332135761240865079e+00
3.424892640595316617e+00
4.344159897829345418e+00
6.939792707721376352e+00
5.937027473293595037e+00
5.005248011697309707e+00
6.547093626022657098e+00
8.868041326470500252e+00
6.327424239433250719e+00
3.406925085149810073e+00
6.355906493772229382e+00
4.344159897829345418e+00
3.799624166848536433e+00
6.774405750859683550e+00
5.997030089101044403e+00
7.332135761240865079e+00
4.262270918161411792e+00
6.327424239433250719e+00
6.939792707721376352e+00
5.937027473293595037e+00
4.344159897829345418e+00
6.154750572503168371e+00
nan
nan
8.117177896459079278e+00
nan
5.005248011697309707e+00
8.902220031677288148e+00
7.192905007947137719e+00
8.310688581037144473e+00
3.406925085149810073e+00
6.355906493772229382e+00
5.666336125565274884e+00
5.762051490804442011e+00
5.518528216206140868e+00
5.005248011697309707e+00
7.724834842939591439e+00
4.262270918161411792e+00
4.013765747497149761e+00
6.547093626022657098e+00
6.355906493772229382e+00
5.997030089101044403e+00
8.509876978157798533e+00
7.192905007947137719e+00
9.302470658440880058e+00
5.369352409105722757e+00
5.937027473293595037e+00
5.666336125565274884e+00
nan
3.424892640595316617e+00
5.335941975233080115e+00
8.117177896459079278e+00
5.099649195727499418e+00
7.649600467169181073e+00
7.332135761240865079e+00
8.030663048904411738e+00
9.302470658440880058e+00
3.406925085149810073e+00
7.192905007947137719e+00
6.658118202969008692e+00
7.332135761240865079e+00
7.611784028425771176e+00
6.988512353301215896e+00
6.547093626022657098e+00
5.937027473293595037e+00
5.005248011697309707e+00
3.406925085149810073e+00
9.286540583557961526e+00
7.979994617501375842e+00
7.332135761240865079e+00
4.681149938640045249e+00
8.310688581037144473e+00
4.191967220368025160e+00
5.937027473293595037e+00
3.683071783961380241e+00
4.191967220368025160e+00
5.099649195727499418e+00
5.666336125565274884e+00
7.724834842939591439e+00
7.611784028425771176e+00
6.327424239433250719e+00
8.117177896459079278e+00
6.355906493772229382e+00
7.649600467169181073e+00
3.406925085149810073e+00
8.030663048904411738e+00
4.674554048161540187e+00
7.724834842939591439e+00
8.868041326470500252e+00
8.641382544572914881e+00
6.939792707721376352e+00
7.192905007947137719e+00
6.327424239433250719e+00
4.977009355586233141e+00
7.611784028425771176e+00
4.013765747497149761e+00
5.762051490804442011e+00
3.424892640595316617e+00
5.335941975233080115e+00
8.902220031677288148e+00
5.099649195727499418e+00
7.979994617501375842e+00
7.724834842939591439e+00
7.192905007947137719e+00
6.327424239433250719e+00
7.332135761240865079e+00
7.192905007947137719e+00
6.658118202969008692e+00
nan
nan
5.666336125565274884e+00
7.724834842939591439e+00
7.192905007947137719e+00
3.683071783961380241e+00
6.547093626022657098e+00
3.843771661073957624e+00
4.674554048161540187e+00
3.462109452931590337e+00
nan
5.038398785920437106e+00
5.373392554965761292e+00
7.459593849407816002e+00
6.833187698624040962e+00
6.465625090921532703e+00
7.459593849407816002e+00
5.935996686946088730e+00
5.646326853066274687e+00
5.366148155492583172e+00
7.730378710301992307e+00
5.919508822943644333e+00
4.319425308534972530e+00
5.487197736433259365e+00
nan
nan
nan
7.831039596754675536e+00
5.366148155492583172e+00
4.141614663590177159e+00
6.738807060798903237e+00
3.795826532936670272e+00
3.244423651912225370e+00
7.284923328776791607e+00
4.842549379894291128e+00
4.141614663590177159e+00
7.557857626877305890e+00
8.506316696365427532e+00
nan
7.557857626877305890e+00
nan
nan
6.192690792821019308e+00
6.935995073809513300e+00
5.487197736433259365e+00
7.284923328776791607e+00
4.319425308534972530e+00
3.692815713077355344e+00
6.192690792821019308e+00
4.842549379894291128e+00
5.935996686946088730e+00
8.923272132710447835e+00
nan
3.692815713077355344e+00
8.923272132710447835e+00
6.412396298211221257e+00
4.141614663590177159e+00
6.465625090921532703e+00
7.982717920767134601e+00
nan
8.376908192955703214e+00
7.459593849407816002e+00
6.833187698624040962e+00
5.373392554965761292e+00
5.889272226851902658e+00
6.384388748111210710e+00
6.738807060798903237e+00
3.272702461577351674e+00
7.281579759789178041e+00
4.281160019009988105e+00
5.366148155492583172e+00
4.590006724755307133e+00
4.281160019009988105e+00
6.935995073809513300e+00
6.833187698624040962e+00
6.465625090921532703e+00
4.842549379894291128e+00
5.935996686946088730e+00
5.100458256865247009e+00
7.459593849407816002e+00
6.384388748111210710e+00
5.919508822943644333e+00
4.319425308534972530e+00
5.038398785920437106e+00
7.557857626877305890e+00
7.459593849407816002e+00
4.590006724755307133e+00
7.284923328776791607e+00
6.412396298211221257e+00
7.281579759789178041e+00
6.738807060798903237e+00
6.412396298211221257e+00
7.281579759789178041e+00
8.376908192955703214e+00
nan
6.384388748111210710e+00
7.284923328776791607e+00
8.506316696365427532e+00
nan
4.827276286987876475e+00
7.459593849407816002e+00
7.281579759789178041e+00
3.188927483054215806e+00
6.412396298211221257e+00
5.038398785920437106e+00
4.827276286987876475e+00
4.842549379894291128e+00
8.178770771467130274e+00
4.281160019009988105e+00
nan
4.590006724755307133e+00
6.738807060798903237e+00
nan
5.487197736433259365e+00
7.284923328776791607e+00
5.889272226851902658e+00
5.935996686946088730e+00
5.919508822943644333e+00
4.842549379894291128e+00
6.384388748111210710e+00
5.100458256865247009e+00
7.459593849407816002e+00
6.833187698624040962e+00
5.646326853066274687e+00
8.506316696365427532e+00
7.730378710301992307e+00
3.462109452931590337e+00
5.366148155492583172e+00
5.487197736433259365e+00
5.930571495643422786e+00
6.440348000753693292e+00
5.534741191752956091e+00
7.326201958253568236e+00
7.179211186841419234e+00
6.983830654814727978e+00
nan
3.115631206031486133e+00
3.602329781985042167e+00
nan
3.115631206031486133e+00
5.051419245046831819e+00
5.930571495643422786e+00
8.656937559016871120e+00
nan
8.024333659051302803e+00
7.179211186841419234e+00
6.500508708108603706e+00
4.534941033033277336e+00
8.656937559016871120e+00
7.467152601520853139e+00
nan
4.962621628578228083e+00
6.017624949930779898e+00
nan
nan
6.017624949930779898e+00
nan
3.854494392119225399e+00
6.500508708108603706e+00
nan
3.854494392119225399e+00
4.085213540162882850e+00
6.628703196441157353e+00
7.179211186841419234e+00
6.983830654814727978e+00
5.232439794845688219e+00
6.440348000753693292e+00
6.500508708108603706e+00
5.930571495643422786e+00
7.918074372929145177e+00
5.534741191752956091e+00
nan
7.918074372929145177e+00
nan
5.232439794845688219e+00
4.593022492861780215e+00
6.983830654814727978e+00
nan
4.223758442490503029e+00
5.051419245046831819e+00
3.139310570423131441e+00
7.548810322557867991e+00
nan
3.139310570423131441e+00
8.656937559016871120e+00
7.950036359698676947e+00
nan
7.179211186841419234e+00
5.534741191752956091e+00
5.930571495643422786e+00
6.071083950382403671e+00
4.568535486868990247e+00
nan
4.593022492861780215e+00
nan
7.326201958253568236e+00
5.701484814665954914e+00
8.433358306404802107e+00
nan
3.484895256402776642e+00
3.602329781985042167e+00
3.837442271220866008e+00
5.701484814665954914e+00
5.051419245046831819e+00
nan
5.701484814665954914e+00
8.433358306404802107e+00
nan
3.484895256402776642e+00
3.119007835278917451e+00
7.326201958253568236e+00
6.809947136470128726e+00
6.500508708108603706e+00
nan
3.115631206031486133e+00
3.119007835278917451e+00
7.326201958253568236e+00
7.179211186841419234e+00
7.467152601520853139e+00
4.534941033033277336e+00
6.440348000753693292e+00
6.983830654814727978e+00
3.139310570423131441e+00
5.332220764294676840e+00
5.051419245046831819e+00
3.139310570423131441e+00
3.115631206031486133e+00
8.433358306404802107e+00
5.930571495643422786e+00
4.593022492861780215e+00
5.051419245046831819e+00
nan
5.332220764294676840e+00
6.983830654814727978e+00
nan
6.440348000753693292e+00
8.916242064582641902e+00
nan
nan
nan
6.628703196441157353e+00
8.656937559016871120e+00
6.983830654814727978e+00
7.326201958253568236e+00
8.287338423300422363e+00
nan
nan
6.071083950382403671e+00
nan
4.539877957118692464e+00
3.607627879645302293e+00
4.582174104812077431e+00
7.889391067383060729e+00
4.749507349053605054e+00
4.582174104812077431e+00
8.726769344949152796e+00
nan
7.722342645684927120e+00
8.726769344949152796e+00
8.745826562397777337e+00
nan
6.005195002011557648e+00
6.462067623581162934e+00
5.366860211851054885e+00
3.493060169313283225e+00
5.890868959292117069e+00
5.366860211851054885e+00
5.377256234684786307e+00
5.320188154172861061e+00
3.796775941414637145e+00
7.889391067383060729e+00
7.033266287870219458e+00
5.366860211851054885e+00
4.749127585662420437e+00
5.320188154172861061e+00
8.507028752723904574e+00
6.423884140794601905e+00
7.033266287870219458e+00
5.366860211851054885e+00
6.005195002011557648e+00
5.890868959292117069e+00
6.151546318890034115e+00
3.493060169313283225e+00
6.462067623581162934e+00
nan
8.517329834709832070e+00
8.745826562397777337e+00
7.722342645684927120e+00
8.517329834709832070e+00
nan
nan
4.121188818335648207e+00
nan
3.796775941414637145e+00
9.354708112275925913e+00
8.175145757278521330e+00
8.507028752723904574e+00
8.936018973492881656e+00
7.603947092989474577e+00
8.507028752723904574e+00
4.539877957118692464e+00
4.178308684764558301e+00
5.366860211851054885e+00
5.586505863228513391e+00
8.175145757278521330e+00
nan
5.795945373467830564e+00
3.607627879645302293e+00
8.507028752723904574e+00
4.958567095901737609e+00
5.890868959292117069e+00
3.796775941414637145e+00
8.726769344949152796e+00
6.462067623581162934e+00
6.151546318890034115e+00
3.283810540769555697e+00
4.749507349053605054e+00
nan
6.214634512250878373e+00
4.749507349053605054e+00
6.151546318890034115e+00
9.145458483732198829e+00
7.603947092989474577e+00
7.722342645684927120e+00
3.911749308096327482e+00
4.749507349053605054e+00
3.796775941414637145e+00
8.308080206166108539e+00
4.749507349053605054e+00
nan
5.586505863228513391e+00
5.890868959292117069e+00
7.722342645684927120e+00
7.052012789816967775e+00
6.462067623581162934e+00
6.151546318890034115e+00
8.308080206166108539e+00
5.890868959292117069e+00
6.151546318890034115e+00
4.958567095901737609e+00
5.320188154172861061e+00
7.722342645684927120e+00
4.958567095901737609e+00
5.320188154172861061e+00
4.582174104812077431e+00
6.842573279577650602e+00
7.033266287870219458e+00
nan
4.958567095901737609e+00
6.462067623581162934e+00
5.366860211851054885e+00
3.493060169313283225e+00
7.603947092989474577e+00
5.366860211851054885e+00
5.377256234684786307e+00
4.178308684764558301e+00
4.582174104812077431e+00
8.517329834709832070e+00
7.033266287870219458e+00
9.292426916121344860e+00
6.005195002011557648e+00
9.317025226686833861e+00
nan
6.423884140794601905e+00
7.603947092989474577e+00
6.151546318890034115e+00
6.214634512250878373e+00
7.603947092989474577e+00
5.366860211851054885e+00
7.455321511256960854e+00
5.901772771811780061e+00
7.866055261759123063e+00
nan
3.110511846591483831e+00
7.866055261759123063e+00
8.180085337051998806e+00
4.854891690107837832e+00
9.165435347637535202e+00
7.213879632168048950e+00
7.646152615328147384e+00
6.999801871173506385e+00
4.073820638427275043e+00
3.459261227497689717e+00
4.401041699416673225e+00
nan
3.808010608403896047e+00
nan
8.421746310405058722e+00
7.995218465727015555e+00
8.082520394735388081e+00
4.556923490869257520e+00
3.110511846591483831e+00
3.318126746514526548e+00
4.315262517516195828e+00
5.203957540506706003e+00
9.165435347637535202e+00
6.972437753079137934e+00
4.157076458802763774e+00
8.082520394735388081e+00
7.696982484610023434e+00
nan
3.534788308831064985e+00
4.798365369958169424e+00
5.552706921412925212e+00
3.534788308831064985e+00
4.556923490869257520e+00
6.599588003116867441e+00
4.617506832392939131e+00
4.315262517516195828e+00
5.203957540506706003e+00
6.133352051247625170e+00
8.421746310405058722e+00
5.901772771811780061e+00
3.534788308831064985e+00
6.006232048195180084e+00
3.808010608403896047e+00
6.783140308856967948e+00
4.556923490869257520e+00
5.552706921412925212e+00
6.783140308856967948e+00
4.556923490869257520e+00
6.948337384023073326e+00
3.318126746514526548e+00
3.349056812632238866e+00
4.506142309201631946e+00
6.133352051247625170e+00
4.073820638427275043e+00
8.693033697032088725e+00
8.298985527711653987e+00
6.247673927284100870e+00
6.250522152717998381e+00
7.649393699442584627e+00
7.213879632168048950e+00
6.250522152717998381e+00
8.948773785320996765e+00
6.489334900637154568e+00
5.552706921412925212e+00
4.834168394709477568e+00
4.556923490869257520e+00
7.995218465727015555e+00
nan
7.213879632168048950e+00
7.297086764929279212e+00
7.866055261759123063e+00
7.213879632168048950e+00
6.948337384023073326e+00
5.916886918271359264e+00
4.315262517516195828e+00
3.459261227497689717e+00
4.184380137100134789e+00
6.006232048195180084e+00
7.646152615328147384e+00
4.834168394709477568e+00
4.556923490869257520e+00
6.599588003116867441e+00
4.401041699416673225e+00
6.006232048195180084e+00
6.250522152717998381e+00
6.133352051247625170e+00
5.039807249047081328e+00
7.297086764929279212e+00
5.050633527685751467e+00
5.523129195753206488e+00
9.041783077938308821e+00
6.350013613564163606e+00
8.663188189493979507e+00
7.297086764929279212e+00
8.515647090028192423e+00
3.832159665074221344e+00
4.506142309201631946e+00
5.700421785295093358e+00
3.349056812632238866e+00
4.854891690107837832e+00
3.318126746514526548e+00
3.349056812632238866e+00
3.110511846591483831e+00
4.834168394709477568e+00
4.798365369958169424e+00
6.599588003116867441e+00
7.649393699442584627e+00
4.315262517516195828e+00
7.995218465727015555e+00
5.916886918271359264e+00
5.281468222400143908e+00
5.203957540506706003e+00
5.483760222978554921e+00
5.764571074842118392e+00
4.854891690107837832e+00
4.401041699416673225e+00
5.363503374732534468e+00
6.623183968489245288e+00
3.107980090650239280e+00
8.055076409766396495e+00
8.381792280395398365e+00
nan
4.915111313567395612e+00
4.362376548078155558e+00
6.946122097574482623e+00
8.952267421444366491e+00
5.116130926904993714e+00
3.805795321955312005e+00
7.606684348601273626e+00
7.125838793063615562e+00
6.946122097574482623e+00
7.157885398088442486e+00
8.130692726142921600e+00
4.503610553260397609e+00
7.157885398088442486e+00
6.623183968489245288e+00
5.899241015870543059e+00
nan
5.367230481157470479e+00
6.597056247175615340e+00
4.466312363054580459e+00
4.864803514617808133e+00
3.457045941049106563e+00
6.260694386410488477e+00
8.381792280395398365e+00
6.597056247175615340e+00
8.503875360279227635e+00
7.628265759603269025e+00
4.503610553260397609e+00
7.157885398088442486e+00
7.125838793063615562e+00
7.294871478480688509e+00
nan
nan
4.503610553260397609e+00
6.709086447575611345e+00
4.362376548078155558e+00
4.154861172354179288e+00
6.260694386410488477e+00
6.372084414236777405e+00
6.247990396776748057e+00
7.606684348601273626e+00
4.111049135790970865e+00
4.154861172354179288e+00
nan
5.367230481157470479e+00
9.039567791489712789e+00
nan
8.130692726142921600e+00
nan
nan
3.357522614998848631e+00
4.852676403659252458e+00
3.569121351376610907e+00
8.381792280395398365e+00
7.643937328879555793e+00
8.952267421444366491e+00
7.879365313855745789e+00
7.992686709785774113e+00
4.466312363054580459e+00
5.869657447697123942e+00
5.899241015870543059e+00
8.055076409766396495e+00
6.623183968489245288e+00
5.550491634964338061e+00
4.466312363054580459e+00
5.367230481157470479e+00
4.503610553260397609e+00
7.606684348601273626e+00
6.372084414236777405e+00
4.852676403659252458e+00
nan
5.116130926904993714e+00
6.597056247175615340e+00
nan
3.859949581538502095e+00
nan
4.915111313567395612e+00
5.116130926904993714e+00
6.597056247175615340e+00
6.709086447575611345e+00
6.372084414236777405e+00
8.690501941090847282e+00
5.363503374732534468e+00
6.372084414236777405e+00
6.597056247175615340e+00
4.466312363054580459e+00
7.376938347316084332e+00
5.201425784565470778e+00
6.709086447575611345e+00
6.874511380776430869e+00
6.597056247175615340e+00
8.503875360279227635e+00
5.618557893444647178e+00
6.247990396776748057e+00
8.503875360279227635e+00
7.628265759603269025e+00
7.643937328879555793e+00
6.260694386410488477e+00
8.633119692682583945e+00
8.690501941090847282e+00
5.812302325245365608e+00
8.381792280395398365e+00
6.946122097574482623e+00
6.260694386410488477e+00
4.111049135790970865e+00
7.643937328879555793e+00
nan
nan
nan
6.260694386410488477e+00
5.869657447697123942e+00
4.503610553260397609e+00
nan
3.859949581538502095e+00
3.457045941049106563e+00
5.841869617844874796e+00
8.829793727786734436e+00
nan
9.131705623779945213e+00
nan
3.763503489755022358e+00
8.832506323438057194e+00
5.839157022193546709e+00
8.331021367388222743e+00
4.944814235949491987e+00
7.035411704430817537e+00
6.617943233690867899e+00
9.131705623779945213e+00
7.633539045549463609e+00
nan
6.439996958963509321e+00
6.736212404088940175e+00
nan
8.533307023096170951e+00
4.941830380733023276e+00
3.763503489755022358e+00
nan
3.147448357377106376e+00
4.905382959163322454e+00
5.243742276726240270e+00
8.231395127102960174e+00
7.189141897979922646e+00
nan
nan
nan
5.841869617844874796e+00
7.633539045549463609e+00
nan
6.141068918186761039e+00
4.642902339956274993e+00
3.192822684635757025e+00
7.038124300082154505e+00
8.530594427444846417e+00
8.902220031677277490e+00
5.542670317502988553e+00
7.633539045549463609e+00
7.760340562268977394e+00
7.038124300082154505e+00
nan
3.763503489755022358e+00
5.841869617844874796e+00
5.839157022193546709e+00
7.760340562268977394e+00
6.739196259305396453e+00
5.539957721851658690e+00
5.476581623452377201e+00
4.645614935607605744e+00
4.642902339956274993e+00
6.047262428571622550e+00
7.038124300082154505e+00
6.138085062970294103e+00
7.760340562268977394e+00
6.739196259305396453e+00
7.035411704430817537e+00
4.334702154044057565e+00
4.346686894830847692e+00
4.343703039614387862e+00
5.476581623452377201e+00
3.748559553712212722e+00
6.437284363312182123e+00
6.047262428571622550e+00
9.131705623779945213e+00
6.736212404088940175e+00
4.905382959163322454e+00
nan
7.633539045549463609e+00
nan
4.047487594488971219e+00
7.633539045549463609e+00
8.902220031677277490e+00
8.234378982319423557e+00
7.035411704430817537e+00
8.331021367388222743e+00
nan
nan
nan
7.636251641200789031e+00
8.829793727786734436e+00
nan
4.346686894830847692e+00
7.633539045549463609e+00
6.047262428571622550e+00
nan
6.437284363312182123e+00
nan
4.944814235949491987e+00
5.539957721851658690e+00
8.331021367388222743e+00
4.047487594488971219e+00
7.035411704430817537e+00
4.905382959163322454e+00
5.841869617844874796e+00
4.642902339956274993e+00
3.763503489755022358e+00
4.047487594488971219e+00
6.437284363312182123e+00
6.047262428571622550e+00
6.439996958963509321e+00
4.044774998837628921e+00
7.760340562268977394e+00
8.234378982319423557e+00
7.334339745207576478e+00
4.334702154044057565e+00
7.337323600424030978e+00
5.539957721851658690e+00
4.334702154044057565e+00
5.542670317502988553e+00
6.437284363312182123e+00
nan
7.038124300082154505e+00
5.539957721851658690e+00
5.476581623452377201e+00
9.131705623779945213e+00
6.736212404088940175e+00
5.476581623452377201e+00
6.337018261947428677e+00
6.780102201727475908e+00
6.314545307036491195e+00
3.692665806475569301e+00
3.430589091463108975e+00
9.045126646925922387e+00
6.998106375815405400e+00
8.454858756859668034e+00
8.226076080847519734e+00
6.667712225483198196e+00
7.198981222206116470e+00
6.314545307036491195e+00
3.692665806475569301e+00
5.942723924161388283e+00
7.406777842992259053e+00
4.684447883879303554e+00
6.780102201727475908e+00
7.952894110970153640e+00
6.006624111615233019e+00
4.267967369029211255e+00
3.311029669046550161e+00
6.337018261947428677e+00
4.686846389507837607e+00
3.311029669046550161e+00
8.650676753883530523e+00
8.873737777338291721e+00
6.860661575014375124e+00
7.328800339351162485e+00
nan
6.860661575014375124e+00
7.989888453219139208e+00
nan
8.499010378948037570e+00
3.362271656143362542e+00
6.361223181248835346e+00
4.676196503102827862e+00
7.989888453219139208e+00
8.454858756859668034e+00
7.133843544891750099e+00
6.998106375815405400e+00
5.942723924161388283e+00
4.949378472980203725e+00
6.337018261947428677e+00
4.686846389507837607e+00
3.856898265247568958e+00
nan
4.267967369029211255e+00
9.045126646925922387e+00
5.014842034211499211e+00
5.942723924161388283e+00
6.041611008935981353e+00
6.667712225483198196e+00
4.686846389507837607e+00
6.860661575014375124e+00
5.014842034211499211e+00
6.780102201727475908e+00
7.406777842992259053e+00
4.353753920343534034e+00
4.267967369029211255e+00
7.133843544891750099e+00
4.684447883879303554e+00
6.780102201727475908e+00
5.768429039058606378e+00
5.345236184543693980e+00
5.524224667073941220e+00
5.768429039058606378e+00
5.675930148079464388e+00
6.780102201727475908e+00
6.587479605137000149e+00
3.692665806475569301e+00
7.198981222206116470e+00
5.222312771080722449e+00
5.345236184543693980e+00
3.849468111941749981e+00
3.311029669046550161e+00
8.320282603551333978e+00
7.617480479293563533e+00
5.495494740958087654e+00
7.328800339351162485e+00
6.780102201727475908e+00
5.768429039058606378e+00
4.684447883879303554e+00
4.686846389507837607e+00
4.949378472980203725e+00
8.320282603551333978e+00
5.942723924161388283e+00
3.583963967147059559e+00
6.006624111615233019e+00
6.780102201727475908e+00
6.587479605137000149e+00
5.675930148079464388e+00
4.686846389507837607e+00
4.130080235124943933e+00
4.353753920343534034e+00
5.942723924161388283e+00
6.860661575014375124e+00
8.650676753883530523e+00
nan
nan
4.684447883879303554e+00
6.361223181248835346e+00
7.406777842992259053e+00
3.362271656143362542e+00
5.942723924161388283e+00
7.679959812869634028e+00
5.345236184543693980e+00
8.873737777338291721e+00
6.314545307036491195e+00
6.337018261947428677e+00
6.361223181248835346e+00
5.768429039058606378e+00
6.337018261947428677e+00
5.105345646595299769e+00
4.130080235124943933e+00
7.328800339351162485e+00
6.361223181248835346e+00
8.499010378948037570e+00
8.320282603551333978e+00
5.105345646595299769e+00
4.403262205002318908e+00
