-2.632491240219379858e+00
2.438634322860651071e+00
1.979811098418124526e+00
2.140678870924701993e+00
-9.870040853642811918e-01
-2.730204360771648631e+00
2.642877979429638646e+00
1.296236994282537136e+00
4.094894758622116271e-01
-2.632491240219379858e+00
3.009315127979897309e+00
3.026533945375754708e+00
-3.714559617735733177e-01
1.296236994282537136e+00
9.330882514605134403e-01
-1.125210340600411252e+00
nan
-6.367586668564073626e-01
-1.203564075211045470e-01
-2.128883554772584841e+00
4.094894758622116271e-01
-1.376309894852888682e+00
1.548753840440428853e-01
4.094894758622116271e-01
-2.381391685966911531e+00
3.009315127979897309e+00
9.330882514605134403e-01
-6.227833740607580104e-01
-2.128883554772584841e+00
9.330882514605134403e-01
2.894205391716824227e+00
1.867435658571593660e+00
4.094894758622116271e-01
6.333979713057336092e-01
-9.870040853642811918e-01
9.330882514605134403e-01
-1.125210340600411252e+00
1.548753840440428853e-01
4.094894758622116271e-01
-3.714559617735733177e-01
7.255561891632900107e-01
nan
1.638251904385039648e+00
1.548753840440428853e-01
9.330882514605134403e-01
8.844975255582019358e-01
-4.163232802450140824e-01
3.026533945375754708e+00
2.642877979429638646e+00
nan
-2.207080289412320262e+00
-8.738829283132352188e-01
-4.163232802450140824e-01
-1.160357442454709176e+00
nan
nan
nan
1.386924492097863837e+00
1.548753840440428853e-01
9.330882514605134403e-01
2.894205391716824227e+00
nan
nan
6.333979713057336092e-01
1.548753840440428853e-01
2.503409874016427228e+00
-6.227833740607580104e-01
-4.163232802450140824e-01
-1.160357442454709176e+00
2.894205391716824227e+00
nan
-2.207080289412320262e+00
-1.878736861392541924e+00
-4.163232802450140824e-01
-1.136345954970976457e-01
-6.227833740607580104e-01
-4.163232802450140824e-01
-1.160357442454709176e+00
2.391778425177170764e+00
1.548753840440428853e-01
-1.683481513814037100e+00
-2.381391685966911531e+00
-4.163232802450140824e-01
-1.683481513814037100e+00
-1.125210340600411252e+00
1.296236994282537136e+00
-6.367586668564073626e-01
2.642877979429638646e+00
-4.163232802450140824e-01
-2.730204360771648631e+00
2.140678870924701993e+00
1.867435658571593660e+00
2.503409874016427228e+00
-8.738829283132352188e-01
-1.558202749653317731e+00
2.503409874016427228e+00
-8.738829283132352188e-01
1.867435658571593660e+00
4.094894758622116271e-01
1.386924492097863837e+00
-4.163232802450140824e-01
-1.136345954970976457e-01
nan
nan
9.330882514605134403e-01
-1.878736861392541924e+00
-4.163232802450140824e-01
4.094894758622116271e-01
6.333979713057336092e-01
-1.558202749653317731e+00
-1.136345954970976457e-01
-1.376309894852888682e+00
-1.558202749653317731e+00
-1.683481513814037100e+00
6.333979713057336092e-01
3.009315127979897309e+00
nan
-1.878736861392541924e+00
3.009315127979897309e+00
1.979811098418124526e+00
2.581683707586943655e-01
8.534674041038123882e-01
4.669965036704426531e-01
-2.247153874191294420e-01
-2.572171004121119431e+00
-8.789934585203389439e-01
nan
-8.596107295935482284e-01
nan
1.707696022348767162e+00
nan
-2.673375481876242077e+00
3.156785485410556813e+00
2.822687398147554205e-01
4.669965036704426531e-01
1.224374075642642890e+00
-2.889299244743015471e-01
-1.776184470198290510e+00
nan
nan
nan
3.156785485410556813e+00
1.995346873512116037e+00
1.819755315761284464e-02
2.581683707586943655e-01
-8.596107295935482284e-01
-1.776184470198290510e+00
-1.674243039009202461e+00
8.534674041038123882e-01
-1.327792409033168752e+00
1.707696022348767162e+00
-8.596107295935482284e-01
1.819755315761284464e-02
1.224374075642642890e+00
1.995346873512116037e+00
1.812579576513531965e+00
-7.080373341252541586e-01
2.822687398147554205e-01
1.364187515348393998e+00
-1.190921092303095064e+00
3.137226342920420574e+00
3.158162649356606178e+00
-1.674243039009202461e+00
2.566027678631383591e+00
4.669965036704426531e-01
1.707696022348767162e+00
-2.889299244743015471e-01
-2.224576531363412712e+00
-2.247153874191294420e-01
2.822687398147554205e-01
1.819755315761284464e-02
-2.157126797187043366e+00
-2.889299244743015471e-01
1.364187515348393998e+00
-7.080373341252541586e-01
2.566027678631383591e+00
1.819755315761284464e-02
-2.247153874191294420e-01
-1.430291534712795132e+00
-2.673375481876242077e+00
-7.080373341252541586e-01
8.534674041038123882e-01
1.812579576513531965e+00
1.224374075642642890e+00
1.424148209223059514e+00
4.669965036704426531e-01
3.156785485410556813e+00
2.566027678631383591e+00
4.669965036704426531e-01
-2.247153874191294420e-01
nan
-2.673375481876242077e+00
2.581683707586943655e-01
8.534674041038123882e-01
4.669965036704426531e-01
-2.640448743893168082e+00
2.566027678631383591e+00
3.158162649356606178e+00
7.410521289365181730e-01
-8.596107295935482284e-01
9.153885648355806204e-01
-7.080373341252541586e-01
8.534674041038123882e-01
-1.327792409033168752e+00
-7.080373341252541586e-01
-2.001490199001851877e+00
1.812579576513531965e+00
-7.080373341252541586e-01
2.822687398147554205e-01
9.153885648355806204e-01
-7.080373341252541586e-01
-2.889299244743015471e-01
4.669965036704426531e-01
3.156785485410556813e+00
1.995346873512116037e+00
4.669965036704426531e-01
-2.247153874191294420e-01
1.424148209223059514e+00
-8.789934585203389439e-01
2.673901727232715242e+00
nan
3.158162649356606178e+00
1.707696022348767162e+00
3.137226342920420574e+00
1.819755315761284464e-02
nan
-1.430291534712795132e+00
4.669965036704426531e-01
2.673901727232715242e+00
8.534674041038123882e-01
2.709770588191484197e+00
-2.247153874191294420e-01
-1.430291534712795132e+00
2.261378527026362217e+00
1.224374075642642890e+00
8.534674041038123882e-01
-4.301945080075091354e-01
7.410521289365181730e-01
-2.001490199001851877e+00
1.364187515348393998e+00
-7.490727660497409346e-03
5.856047485249207263e-01
-2.106822754139111353e+00
-4.263697481391393040e-01
-5.917804402127817553e-01
-1.269824239964215673e+00
2.085765084559145333e+00
-9.844795219114939044e-01
1.661189613212711524e+00
-1.263748025705229372e+00
-2.161864710649196386e+00
2.498567890778800926e+00
1.248386806993055931e+00
1.370646883743127820e+00
2.080068633691352975e+00
-7.490727660497409346e-03
2.940731154179557105e+00
1.242690356125248474e+00
-2.519625560358782046e+00
-1.376822575430989071e+00
-4.320661990069316616e-01
4.110085294269505418e-01
1.932616950054395488e-01
4.053120785591581843e-01
-2.938504580837409286e+00
-2.161864710649196386e+00
4.053120785591581843e-01
1.667265827471682282e+00
9.779478020444023478e-01
8.238113356466212345e-01
1.667265827471682282e+00
-1.769521657129714987e+00
8.238113356466212345e-01
1.248386806993055931e+00
nan
-2.944201031705216298e+00
1.248386806993055931e+00
2.548388100660061273e+00
nan
1.248386806993055931e+00
1.932616950054395488e-01
-4.320661990069316616e-01
-4.263697481391393040e-01
-1.769521657129714987e+00
1.661189613212711524e+00
2.923143362125235623e+00
1.932616950054395488e-01
-2.525701774617753692e+00
-2.519625560358782046e+00
-2.947262874046648218e+00
2.498567890778800926e+00
2.085765084559145333e+00
9.779478020444023478e-01
4.053120785591581843e-01
nan
-2.554563792347922302e+00
8.238113356466212345e-01
-1.263748025705229372e+00
1.370646883743127820e+00
-1.356694191948371042e-02
4.110085294269505418e-01
9.779478020444023478e-01
-2.944201031705216298e+00
4.110085294269505418e-01
5.856047485249207263e-01
4.053120785591581843e-01
nan
-2.161864710649196386e+00
2.498567890778800926e+00
-7.490727660497409346e-03
-2.161864710649196386e+00
4.053120785591581843e-01
-2.101126303271318996e+00
2.155689018961335801e+00
1.242690356125248474e+00
-7.490727660497409346e-03
-1.994373866932863670e-01
-4.320661990069316616e-01
8.298875499055928806e-01
-9.844795219114939044e-01
-2.944201031705216298e+00
-2.101126303271318996e+00
1.932616950054395488e-01
2.498567890778800926e+00
-1.682247282792677323e+00
1.932616950054395488e-01
-1.688323497051663624e+00
nan
-1.769521657129714987e+00
nan
-4.263697481391393040e-01
1.932616950054395488e-01
8.238113356466212345e-01
-8.452487686177811987e-01
-1.994373866932863670e-01
-2.944201031705216298e+00
1.248386806993055931e+00
2.155689018961335801e+00
-4.320661990069316616e-01
-4.263697481391393040e-01
-1.994373866932863670e-01
-4.320661990069316616e-01
-4.263697481391393040e-01
2.155689018961335801e+00
nan
1.248386806993055931e+00
5.856047485249207263e-01
-1.356694191948371042e-02
nan
1.370646883743127820e+00
nan
-1.263748025705229372e+00
1.932616950054395488e-01
-2.525701774617753692e+00
-8.452487686177811987e-01
2.155689018961335801e+00
8.238113356466212345e-01
1.248386806993055931e+00
5.856047485249207263e-01
-1.356694191948371042e-02
3.786337003283244407e-01
-1.541195164287267438e+00
-1.618352092225561645e+00
-2.761534840544528357e+00
-1.210501200751509687e+00
5.796234751137339103e-01
2.472079394243547501e+00
4.420691773166267602e-01
-1.618352092225561645e+00
1.948955322884237784e+00
-8.801070504193027055e-01
5.796234751137339103e-01
nan
7.727631408523962797e-01
nan
-2.238410769185219085e+00
-2.202283278155244162e+00
-4.841023306083203082e-02
nan
1.113752137808572407e-01
1.207657183288300740e+00
1.425356547285935971e+00
1.113752137808572407e-01
1.835690891462877783e+00
-2.238410769185219085e+00
2.094939368588325745e+00
-1.304477649409965023e+00
2.472079394243547501e+00
1.433851254720361457e+00
-2.246385800400128030e+00
-2.238410769185219085e+00
2.094939368588325745e+00
nan
-1.444903710310034839e-01
4.420691773166267602e-01
-3.622846758764177721e-01
9.022324759266076022e-01
nan
-1.304477649409965023e+00
-1.444903710310034839e-01
3.086421632788498126e+00
2.149850156821848213e+00
9.022324759266076022e-01
7.727631408523962797e-01
-6.764439412353984160e-01
-1.714811993586917049e+00
-1.871589314619474420e+00
2.654642097547532664e-01
nan
nan
-1.304477649409965023e+00
-1.444903710310034839e-01
-8.801070504193027055e-01
-2.874704331118089762e+00
-2.761534840544528357e+00
-2.190189365513379727e-01
-4.841023306083203082e-02
-1.444903710310034839e-01
-2.190189365513379727e-01
3.091758307812010553e+00
-1.191213217988615014e+00
nan
-2.560545065759108674e+00
3.786337003283244407e-01
7.727631408523962797e-01
-3.622846758764177721e-01
-6.680891466293057412e-01
-1.541195164287267438e+00
-4.841023306083203082e-02
2.472079394243547501e+00
1.433851254720361457e+00
2.654642097547532664e-01
3.786337003283244407e-01
1.103157291184591937e+00
-2.246385800400128030e+00
-1.191213217988615014e+00
-2.863371392023208895e+00
-9.903183840509952596e-01
nan
-1.541195164287267438e+00
-6.764439412353984160e-01
3.786337003283244407e-01
-1.541195164287267438e+00
-6.764439412353984160e-01
nan
-2.532677428487439375e+00
-2.560545065759108674e+00
nan
-2.863371392023208895e+00
8.937827404727149982e-01
1.425356547285935971e+00
2.425333518920532949e+00
-6.764439412353984160e-01
nan
1.113752137808572407e-01
5.796234751137339103e-01
3.786337003283244407e-01
-2.190189365513379727e-01
-1.932511357584542511e+00
-6.680891466293057412e-01
-2.202283278155244162e+00
1.835690891462877783e+00
1.425356547285935971e+00
1.103157291184591937e+00
-4.841023306083203082e-02
-1.714811993586917049e+00
7.727631408523962797e-01
-2.246385800400128030e+00
-1.191213217988615014e+00
4.420691773166267602e-01
2.654642097547532664e-01
1.425356547285935971e+00
4.420691773166267602e-01
3.091758307812010553e+00
1.948955322884237784e+00
-5.494130868835331860e-01
2.149850156821848213e+00
-1.444903710310034839e-01
3.086421632788498126e+00
5.796234751137339103e-01
1.946221681232149781e+00
3.077128870242491487e-01
1.725435102769961038e+00
2.596009938841493447e+00
3.077128870242491487e-01
-2.389366717181823585e+00
2.379348376524962116e+00
-1.107863700632130133e-01
-2.605831850158097041e+00
1.946221681232149781e+00
-9.481646476292859838e-01
-2.237332407177947680e-01
-6.525384905246864875e-01
-9.481646476292859838e-01
-2.237332407177947680e-01
-1.735257014086569960e+00
3.077128870242491487e-01
-2.237332407177947680e-01
-8.690036235009528376e-01
3.238726740201169019e+00
nan
-1.518791881110296282e+00
2.401348462635066294e+00
-1.739578459572488578e+00
2.379348376524962116e+00
-1.107863700632130133e-01
-2.605831850158097041e+00
2.596009938841493447e+00
1.982469442156424844e+00
-6.568599360106066598e-01
-1.302130318793757402e+00
-2.204421945674029715e+00
1.725435102769961038e+00
3.245601767110571689e+00
1.145091164590322119e+00
-1.956240021889027014e+00
-4.358769282081480512e-01
-2.204421945674029715e+00
2.591688493355568834e+00
-2.750232915343264750e-03
nan
-1.739578459572488578e+00
1.079968290646540208e+00
-2.622921202761476778e+00
-1.089986631303403231e+00
4.303764623774615217e-01
1.145091164590322119e+00
8.591817121843523530e-01
-1.735257014086569960e+00
1.145091164590322119e+00
-1.739578459572488578e+00
-2.750232915343264750e-03
3.238726740201169019e+00
1.292308407477163801e+00
6.468415953537354213e-01
nan
-2.822493412474635477e+00
-2.385045271695913627e+00
1.982469442156424844e+00
4.260550168915404612e-01
6.468415953537354213e-01
-9.481646476292859838e-01
-1.306451764279676464e+00
-1.518791881110296282e+00
1.145091164590322119e+00
4.260550168915404612e-01
nan
nan
-7.071678401256331625e-03
-1.518791881110296282e+00
1.563970185068963570e+00
-4.401983736940682235e-01
-1.302130318793757402e+00
3.077128870242491487e-01
-1.523113326596215122e+00
-1.085665185817491496e+00
3.077128870242491487e-01
-6.568599360106066598e-01
-1.951918576403100847e+00
nan
-8.733250689868645722e-01
1.729756548255883875e+00
1.563970185068963570e+00
2.093934545750020249e-01
-2.750232915343264750e-03
-1.107863700632130133e-01
2.158561798062772485e+00
-2.601510404672179533e+00
-2.204421945674029715e+00
6.425201498678139167e-01
3.029136634134305783e+00
nan
-6.568599360106066598e-01
-1.302130318793757402e+00
-1.107863700632130133e-01
1.075646845160625364e+00
8.635031576702738576e-01
2.819847719722527568e+00
2.375026931039030398e+00
-2.168383709379374746e+00
-2.622921202761476778e+00
-6.568599360106066598e-01
-1.735257014086569960e+00
-2.622921202761476778e+00
-6.568599360106066598e-01
1.946221681232149781e+00
7.265919075028901553e-01
2.375026931039030398e+00
-6.525384905246864875e-01
-5.296653905418540198e-01
2.093934545750020249e-01
4.303764623774615217e-01
3.077128870242491487e-01
2.093934545750020249e-01
-1.735257014086569960e+00
3.238726740201169019e+00
1.075646845160625364e+00
1.946221681232149781e+00
-1.107863700632130133e-01
8.591817121843523530e-01
-6.676144423903256353e-01
6.597205277504900600e-01
2.094939368588328410e+00
-9.814888852059113766e-01
-1.251562574283681784e+00
-1.541195164287270103e+00
5.884529739588182373e-01
-4.325120082052786863e-01
-1.541195164287270103e+00
1.530645947492365710e+00
-7.054463063057974104e-01
2.094939368588328410e+00
-3.534551770313449914e-01
3.117367569539412298e+00
2.425333518920511633e+00
nan
-1.251562574283681784e+00
nan
nan
-2.616977080116825505e+00
-5.494130868835491732e-01
-6.676144423903256353e-01
-7.054463063057974104e-01
-8.801070504193182487e-01
1.844520390307951008e+00
2.844185599662037323e+00
7.727631408523780721e-01
-3.534551770313449914e-01
-2.070860812138941132e+00
1.116750269844262178e-01
-6.676144423903256353e-01
1.751953063706268576e+00
4.420691773166089966e-01
-2.551715566914024791e+00
2.298069331684142735e+00
1.116750269844262178e-01
1.216486682133384623e+00
1.205836795728373989e+00
1.764245405052559779e+00
-1.609522593380477540e+00
-1.524744544161056758e+00
-1.871589314619476418e+00
-3.958073421574814788e-02
1.751953063706268576e+00
-2.190189365513428577e-01
-3.534551770313449914e-01
-4.325120082052786863e-01
-8.801070504193182487e-01
-1.295648150564892243e+00
1.205836795728373989e+00
-5.494130868835491732e-01
-6.676144423903256353e-01
-2.070860812138941132e+00
7.727631408523780721e-01
9.026122393177988812e-01
1.136042597726056869e-01
-2.190189365513428577e-01
1.216486682133384623e+00
6.597205277504900600e-01
1.116750269844262178e-01
1.530645947492365710e+00
-4.325120082052786863e-01
2.756027482456280264e+00
1.530645947492365710e+00
1.205836795728373989e+00
1.764245405052559779e+00
2.472554098482517393e+00
2.025135033583643551e+00
2.094939368588328410e+00
2.745785311432213938e-01
-2.343795110239450530e+00
2.094939368588328410e+00
1.530645947492365710e+00
6.597205277504900600e-01
1.116750269844262178e-01
1.530645947492365710e+00
2.025135033583643551e+00
-5.494130868835491732e-01
1.844520390307951008e+00
6.597205277504900600e-01
-2.190189365513428577e-01
nan
6.597205277504900600e-01
nan
-3.534551770313449914e-01
2.298069331684142735e+00
nan
-2.551715566914024791e+00
6.597205277504900600e-01
-8.801070504193182487e-01
2.745785311432213938e-01
-4.325120082052786863e-01
-1.541195164287270103e+00
2.158679655666932096e+00
2.025135033583643551e+00
2.756027482456280264e+00
-9.814888852059113766e-01
2.025135033583643551e+00
-8.801070504193182487e-01
-1.295648150564892243e+00
-1.797678842261566157e+00
-2.863371392023220885e+00
-1.609522593380477540e+00
-1.524744544161056758e+00
-1.871589314619476418e+00
-6.676144423903256353e-01
-1.524744544161056758e+00
-2.863371392023220885e+00
-1.923681858739458628e+00
-1.524744544161056758e+00
1.764245405052559779e+00
3.100587806657094436e+00
2.025135033583643551e+00
-1.541195164287270103e+00
-2.237556301555043703e+00
-2.889911378217344229e+00
-2.202283278155245494e+00
-6.676144423903256353e-01
-2.889911378217344229e+00
-1.541195164287270103e+00
-1.262418853836074106e+00
-1.153977826704641885e-01
1.266764052836109489e+00
-2.570703736473340051e+00
1.838015176714220544e-01
2.905112856769769270e+00
4.610338092069765636e-02
1.678984240685438944e+00
7.206477848582255596e-01
3.079027687198392371e-01
-4.143258234472226853e-01
1.539698350936627325e+00
1.092826227878309187e+00
3.174438223264605785e+00
7.206477848582255596e-01
2.924709886113876944e+00
nan
-6.447667209749154971e-01
1.616187651357114508e+00
-1.012453164565857211e+00
1.745315168803425188e-01
2.924709886113876944e+00
7.819288587900570242e-01
-1.736999256930692237e+00
2.139549074835919829e+00
1.978183541027326076e+00
-1.463817287053317706e+00
4.610338092069765636e-02
-4.143258234472226853e-01
-6.447667209749154971e-01
-2.154586547589665280e-01
2.277111581804084128e+00
nan
2.662910498314734919e+00
-1.153977826704641885e-01
-2.556049823009084676e+00
1.092826227878309187e+00
-1.012453164565857211e+00
-2.829231792886459207e+00
5.694648043995029774e-01
4.827295584481703372e-01
7.206477848582255596e-01
-2.047342312994534730e+00
-2.806835187921761232e+00
-2.829231792886459207e+00
nan
nan
nan
-2.570703736473340051e+00
-1.153977826704641885e-01
2.631930886892394295e+00
1.092826227878309187e+00
-1.153977826704641885e-01
-9.177010190754342212e-01
-1.785542925195383601e+00
-4.143258234472226853e-01
-1.463817287053317706e+00
4.610338092069765636e-02
-4.143258234472226853e-01
-6.447667209749154971e-01
-7.388200782377722931e-01
2.576310882145960601e+00
-6.447667209749154971e-01
1.092826227878309187e+00
1.678984240685438944e+00
2.085814618914511254e+00
-1.262418853836074106e+00
2.576310882145960601e+00
-3.715847510975409662e-01
-2.832265772153004235e+00
-1.012453164565857211e+00
9.935820829587345138e-01
-1.785542925195383601e+00
2.576310882145960601e+00
nan
nan
-1.909779806026378424e+00
7.206477848582255596e-01
5.694648043995029774e-01
4.827295584481703372e-01
1.745315168803425188e-01
-1.000619466036923200e+00
2.277111581804084128e+00
9.935820829587345138e-01
-4.772580425581174346e-01
-4.143258234472226853e-01
-3.715847510975409662e-01
4.610338092069765636e-02
1.080856899566804419e+00
-1.463817287053317706e+00
8.312641921986543281e-01
1.978183541027326076e+00
2.631930886892394295e+00
8.312641921986543281e-01
-2.208979106368265111e+00
1.539698350936627325e+00
4.610338092069765636e-02
2.875238922922718654e+00
nan
1.616187651357114508e+00
2.576310882145960601e+00
3.178047154870278224e+00
-1.000619466036923200e+00
7.819288587900570242e-01
-1.190882988952798982e+00
-2.047342312994534730e+00
-2.806835187921761232e+00
1.745315168803425188e-01
3.079027687198392371e-01
-1.153977826704641885e-01
-6.447667209749154971e-01
-1.262418853836074106e+00
1.838015176714220544e-01
2.085814618914511254e+00
-4.772580425581174346e-01
-1.610580505684491959e+00
-2.556049823009084676e+00
nan
7.819288587900570242e-01
nan
-2.197586204632680840e+00
3.362351164570323014e-01
-4.628270336930322415e-01
nan
9.973232303249974784e-01
-1.405020007226579715e+00
nan
-2.969205452882803353e+00
7.932403826561005289e-01
-1.499454503834946273e+00
1.658411344192974202e+00
1.649218519381383530e-01
-2.197586204632680840e+00
1.328017193860766998e+00
-1.718894450042176114e+00
-1.038240412248008226e-01
-1.316335261611104146e+00
-1.405020007226579715e+00
-1.038240412248008226e-01
-3.248529974109324314e-01
1.421274090830666470e+00
-1.038240412248008226e-01
-9.859411112788971643e-01
4.790811172971194409e-01
-1.499454503834946273e+00
-9.859411112788971643e-01
1.421274090830666470e+00
2.686803945010191708e+00
6.669290799928018210e-01
2.049307799005232855e+00
2.686803945010191708e+00
9.973232303249974784e-01
-1.405020007226579715e+00
-2.895084966445091723e+00
nan
-7.769862990520133295e-01
-1.499454503834946273e+00
-1.316335261611104146e+00
1.649218519381383530e-01
1.291806421385369941e+00
6.669290799928018210e-01
-7.769862990520133295e-01
-1.038240412248008226e-01
1.328017193860766998e+00
7.932403826561005289e-01
nan
-1.316335261611104146e+00
-1.405020007226579715e+00
nan
-1.647029225146861897e+00
-1.090860741867609729e+00
nan
9.973232303249974784e-01
2.991215949995396084e+00
nan
-6.552471477431276448e-01
-1.090860741867609729e+00
nan
9.973232303249974784e-01
-1.718894450042176114e+00
-8.019557420225105204e-01
1.328017193860766998e+00
1.421274090830666470e+00
nan
-6.552471477431276448e-01
1.649218519381383530e-01
1.291806421385369941e+00
3.362351164570323014e-01
2.991215949995396084e+00
1.989305183197780824e+00
1.328017193860766998e+00
-1.489525908774469443e-01
1.291806421385369941e+00
1.658411344192974202e+00
7.932403826561005289e-01
1.291806421385369941e+00
-9.859411112788971643e-01
1.107114825471686270e+00
nan
nan
1.649218519381383530e-01
nan
2.980587571928903667e+00
1.421274090830666470e+00
-8.019557420225105204e-01
-9.859411112788971643e-01
4.790811172971194409e-01
-1.038240412248008226e-01
9.973232303249974784e-01
-1.489525908774469443e-01
-8.019557420225105204e-01
-1.647029225146861897e+00
-1.090860741867609729e+00
-1.499454503834946273e+00
1.328017193860766998e+00
-1.718894450042176114e+00
1.291806421385369941e+00
1.328017193860766998e+00
1.649218519381383530e-01
nan
-2.638511489347033834e+00
2.049307799005232855e+00
nan
1.328017193860766998e+00
-7.769862990520133295e-01
-2.895084966445091723e+00
-1.977423375479068879e+00
-4.628270336930322415e-01
-8.019557420225105204e-01
2.980587571928903667e+00
1.421274090830666470e+00
1.291806421385369941e+00
9.973232303249974784e-01
-7.769862990520133295e-01
-1.499454503834946273e+00
-9.859411112788971643e-01
-2.661087423575723587e+00
5.936747205876353739e-01
-9.859411112788971643e-01
2.363182241820829699e+00
2.189703403470006027e+00
1.491055613961182136e+00
-1.861495603432673729e+00
-2.641325120949752581e+00
2.746933148614734588e+00
1.488017506831693648e+00
-2.255917644757312601e-01
-2.695835773869282637e+00
-1.861495603432673729e+00
-1.675119416065804279e+00
1.491055613961182136e+00
1.069518249744246585e+00
2.572919937021098669e-01
2.347983159164503952e-01
-1.867390483004824908e-01
-2.158003174243627864e+00
2.746933148614734588e+00
-1.867390483004824908e-01
-7.089137111818386572e-01
-1.840807045621919436e-01
-6.052383053879446528e-01
-1.191797469359679562e+00
2.746933148614734588e+00
1.069518249744246585e+00
7.406139404082341393e-01
2.347983159164503952e-01
-6.052383053879446528e-01
7.406139404082341393e-01
2.347983159164503952e-01
-1.867390483004824908e-01
nan
2.347983159164503952e-01
nan
1.223497698586057947e+00
-1.858457496303192569e+00
1.069518249744246585e+00
nan
-2.277336516781819586e+00
-1.867390483004824908e-01
-7.089137111818386572e-01
-6.025799616496398947e-01
1.488017506831693648e+00
-2.641325120949752581e+00
2.347983159164503952e-01
-6.052383053879446528e-01
-1.675119416065804279e+00
-1.021079218737087846e+00
-6.052383053879446528e-01
nan
2.347983159164503952e-01
nan
1.223497698586057947e+00
-2.277336516781819586e+00
2.744274804876422724e+00
7.406139404082341393e-01
3.165812169093376927e+00
1.069518249744246585e+00
1.223497698586057947e+00
3.165812169093376927e+00
6.506392292656051346e-01
-2.158003174243627864e+00
1.072176593482539797e+00
nan
-2.158003174243627864e+00
1.491055613961182136e+00
1.488017506831693648e+00
-2.158003174243627864e+00
2.347983159164503952e-01
1.906516763919140711e+00
2.189703403470006027e+00
nan
-1.861495603432673729e+00
-2.641325120949752581e+00
3.165812169093376927e+00
-6.052383053879446528e-01
2.572919937021098669e-01
-1.858457496303192569e+00
1.906516763919140711e+00
-2.255917644757312601e-01
-1.021079218737087846e+00
2.744274804876422724e+00
2.673025350176131187e+00
1.491055613961182136e+00
-2.280374623911314735e+00
2.572919937021098669e-01
2.347983159164503952e-01
2.321399721781434167e-01
2.572919937021098669e-01
1.909554871048645186e+00
3.162774061963869787e+00
1.706381456763881754e+00
nan
nan
-2.641325120949752581e+00
1.909554871048645186e+00
2.321399721781434167e-01
1.706381456763881754e+00
1.072176593482539797e+00
2.321399721781434167e-01
-1.191797469359679562e+00
1.909554871048645186e+00
-1.867390483004824908e-01
-2.158003174243627864e+00
6.536773363950922899e-01
-1.861495603432673729e+00
-1.675119416065804279e+00
1.909554871048645186e+00
-1.024117325866585659e+00
-2.255917644757312601e-01
-2.277336516781819586e+00
-1.024117325866585659e+00
2.673025350176131187e+00
6.536773363950922899e-01
2.744274804876422724e+00
-7.089137111818386572e-01
-1.840807045621919436e-01
2.321399721781434167e-01
-1.675119416065804279e+00
-1.858457496303192569e+00
-1.867390483004824908e-01
-7.329653926236647798e-01
1.399129138082108259e+00
-7.405606604473731203e-01
nan
-2.133382456310223940e+00
nan
1.360796770784215237e+00
2.217439493444168797e-01
-4.306189863496179271e-02
nan
2.576870354999044377e+00
nan
nan
nan
nan
nan
-2.918424591528432810e+00
-7.405606604473731203e-01
2.058295532596650990e+00
6.144430310431436837e-01
6.544368631774490908e-01
nan
-2.133382456310223940e+00
-2.834322823855253137e+00
1.360796770784215237e+00
-5.632981858737919900e-01
-2.834322823855253137e+00
1.360796770784215237e+00
2.217439493444168797e-01
-7.405606604473731203e-01
-7.329653926236647798e-01
2.217439493444168797e-01
6.544368631774490908e-01
6.626650699865055394e-01
-1.705991041750793968e-01
-1.438692361245107687e+00
-1.430464154436075885e+00
-2.133382456310223940e+00
-4.306189863496179271e-02
-2.128595855233810674e+00
2.576870354999044377e+00
2.748199026585329552e+00
6.626650699865055394e-01
2.184527301479561867e+00
6.544368631774490908e-01
nan
1.006786084562625749e+00
-7.405606604473731203e-01
-1.430464154436075885e+00
2.184527301479561867e+00
2.050700264772918668e+00
nan
6.144430310431436837e-01
nan
-2.128595855233810674e+00
1.399129138082108259e+00
-4.306189863496179271e-02
2.756427233394385556e+00
1.006786084562625749e+00
6.544368631774490908e-01
2.756427233394385556e+00
2.217439493444168797e-01
-1.438692361245107687e+00
-7.329653926236647798e-01
1.006786084562625749e+00
-1.438692361245107687e+00
nan
-9.556412393932882665e-01
nan
6.626650699865055394e-01
nan
2.050700264772918668e+00
nan
-1.740683374611497136e+00
-2.834322823855253137e+00
-1.430464154436075885e+00
-9.556412393932882665e-01
-2.834322823855253137e+00
nan
-9.556412393932882665e-01
nan
nan
2.184527301479561867e+00
nan
1.360796770784215237e+00
1.006786084562625749e+00
2.050700264772918668e+00
-2.128595855233810674e+00
2.184527301479561867e+00
2.748199026585329552e+00
-1.430464154436075885e+00
-1.740683374611497136e+00
2.748199026585329552e+00
-2.826727556031545241e+00
-5.632981858737919900e-01
6.544368631774490908e-01
6.626650699865055394e-01
1.399129138082108259e+00
-1.438692361245107687e+00
-1.430464154436075885e+00
-5.632981858737919900e-01
-1.438692361245107687e+00
nan
2.576870354999044377e+00
nan
nan
nan
-2.834322823855253137e+00
-3.483369182593021307e-02
-1.348340321092014849e+00
1.352568563975184102e+00
6.626650699865055394e-01
nan
2.050700264772918668e+00
-2.128595855233810674e+00
2.217439493444168797e-01
2.748199026585329552e+00
2.058295532596650990e+00
2.217439493444168797e-01
-1.438692361245107687e+00
1.438363443434055089e+00
nan
1.768130984170803277e+00
1.752522708793036177e+00
nan
-4.927903652576395288e-01
nan
nan
-2.415768819878176821e-01
1.438363443434055089e+00
2.106562146195916085e-01
8.889407572350895848e-01
nan
nan
-2.376834525272667697e+00
1.124489000618469792e+00
6.590482757847309081e-01
1.353003074256058369e-01
8.103297352594882597e-01
1.107847226297562049e+00
-1.623194075463188391e+00
nan
-1.135333747571193319e+00
-9.952173317972969890e-01
4.964552924439029624e-01
nan
1.391367723774742604e+00
-1.315784157306634228e-01
nan
-9.952173317972969890e-01
-1.073771389264210674e+00
2.106562146195916085e-01
-1.120767108923531152e+00
1.124489000618469792e+00
6.590482757847309081e-01
-2.000071264876607025e+00
2.380556416967602562e+00
2.106562146195916085e-01
1.353003074256058369e-01
8.103297352594882597e-01
2.106562146195916085e-01
-2.000071264876607025e+00
-2.957872513787921154e+00
-1.583725808736316409e+00
1.642581207044564895e+00
-1.387645832079807295e+00
-2.032524759249147550e+00
2.145008173584226352e+00
1.438363443434055089e+00
nan
1.014490534361319529e+00
-2.015679540254373681e+00
2.106562146195916085e-01
7.632770510914972384e-01
3.008590125142179605e+00
nan
3.865137906954276836e-01
nan
1.107847226297562049e+00
5.120635678216660658e-01
-1.387645832079807295e+00
1.556239287462684917e+00
-1.874407558733014900e+00
-1.315784157306634228e-01
-1.583725808736316409e+00
1.014490534361319529e+00
-7.596121239052409102e-01
nan
7.632770510914972384e-01
1.752522708793036177e+00
-2.381427358932231009e-01
1.265704017631149814e+00
2.066397151608632132e+00
nan
-2.376834525272667697e+00
-1.701805097438788161e+00
nan
1.014490534361319529e+00
nan
-2.480916820414270418e+00
-6.183401423838783550e-01
nan
-2.480916820414270418e+00
1.265704017631149814e+00
-4.457376810896445107e-01
2.106562146195916085e-01
8.889407572350895848e-01
-7.596121239052409102e-01
-6.865347970583624004e-01
2.270557950710455852e+00
-1.073771389264210674e+00
-2.381427358932231009e-01
1.014490534361319529e+00
8.103297352594882597e-01
2.902229249653470067e+00
-4.927903652576395288e-01
-4.457376810896445107e-01
-2.032524759249147550e+00
8.889407572350895848e-01
1.124489000618469792e+00
2.453430299140638926e+00
1.642581207044564895e+00
-7.596121239052409102e-01
2.005038237975516058e+00
2.772984917250109316e+00
1.822960270849218745e-01
-1.135333747571193319e+00
1.014490534361319529e+00
-4.457376810896445107e-01
-2.032524759249147550e+00
-2.879261491812325158e+00
-1.073771389264210674e+00
-2.032524759249147550e+00
1.265704017631149814e+00
-1.701805097438788161e+00
-6.865347970583624004e-01
-1.497644298336949786e+00
-7.596121239052409102e-01
nan
2.145008173584226352e+00
-5.152343816767541718e-01
-5.160481603721489563e-01
3.183462619774526381e-01
-5.152343816767541718e-01
-2.310430183728052533e+00
-1.775415901430427379e+00
1.054612536640166187e+00
nan
1.015845023789888391e+00
3.148532934794381344e+00
nan
-3.797854388202570597e-01
8.364393921547641497e-03
-2.310430183728052533e+00
-2.472914663242838706e+00
8.364393921547641497e-03
3.072715886339657754e+00
-2.472914663242838706e+00
1.578211312238468000e+00
3.072715886339657754e+00
3.108974248212445612e+00
2.101810087836770702e+00
3.072715886339657754e+00
2.411475486400033841e+00
3.148532934794381344e+00
nan
nan
nan
nan
-1.077284200632692812e+00
3.148532934794381344e+00
nan
-1.077284200632692812e+00
1.054612536640166187e+00
nan
nan
-1.038358453036082318e+00
2.175117985313998137e+00
1.015845023789888391e+00
2.624934159196079531e+00
nan
nan
nan
-1.412832282702424447e+00
nan
5.314884652808569143e-01
-1.412832282702424447e+00
-1.077284200632692812e+00
8.364393921547641497e-03
3.815497406535106606e-01
1.015845023789888391e+00
1.578211312238468000e+00
nan
nan
1.054612536640166187e+00
1.278333862983754177e+00
1.015845023789888391e+00
-1.561957228634365702e+00
-2.310430183728052533e+00
-1.077284200632692812e+00
1.054612536640166187e+00
-1.412832282702424447e+00
-2.472914663242838706e+00
-5.152343816767541718e-01
-5.160481603721489563e-01
1.015845023789888391e+00
5.314884652808569143e-01
-5.160481603721489563e-01
-1.077284200632692812e+00
3.148532934794381344e+00
nan
nan
1.054612536640166187e+00
nan
-2.472914663242838706e+00
2.101810087836770702e+00
1.278333862983754177e+00
3.183462619774526381e-01
-5.152343816767541718e-01
1.278333862983754177e+00
nan
8.364393921547641497e-03
3.072715886339657754e+00
nan
1.054612536640166187e+00
-5.160481603721489563e-01
-1.077284200632692812e+00
8.364393921547641497e-03
3.815497406535106606e-01
1.713976724587622957e+00
5.314884652808569143e-01
-2.310430183728052533e+00
1.713976724587622957e+00
3.148532934794381344e+00
2.175117985313998137e+00
3.183462619774526381e-01
2.624934159196079531e+00
nan
-1.775415901430427379e+00
5.314884652808569143e-01
3.815497406535106606e-01
1.015845023789888391e+00
1.578211312238468000e+00
3.815497406535106606e-01
-1.077284200632692812e+00
2.101810087836770702e+00
1.278333862983754177e+00
1.015845023789888391e+00
-5.152343816767541718e-01
nan
nan
2.624934159196079531e+00
-1.412832282702424447e+00
-3.797854388202570597e-01
nan
-5.160481603721489563e-01
nan
3.148532934794381344e+00
3.072715886339657754e+00
1.015845023789888391e+00
-1.267165896225905586e+00
-2.659729039138011508e+00
-2.431378042331809652e+00
-2.006029082313631307e+00
-1.693523334254062984e+00
3.064272932374886071e+00
1.688286848125011286e+00
1.687977538575622827e+00
nan
1.688286848125011286e+00
-2.444338711922737772e-01
-7.589560849794318997e-02
1.688286848125011286e+00
2.388880755138509393e-01
1.493476605579982408e+00
1.688286848125011286e+00
2.171299485281747987e+00
1.493476605579982408e+00
-8.979018458546281778e-01
-1.210639576076222079e+00
1.493476605579982408e+00
5.801596116659948343e-01
-7.273176293701144601e-01
7.087904985410196090e-01
2.796414084584014415e+00
nan
nan
1.319022797753720777e+00
nan
1.493476605579982408e+00
-5.283027101381798651e-01
-2.659729039138011508e+00
nan
1.319022797753720777e+00
-2.176845280960187701e+00
-7.589560849794318997e-02
-2.744892268401357249e+00
nan
-2.431378042331809652e+00
1.319022797753720777e+00
1.687977538575622827e+00
-7.589560849794318997e-02
-1.267165896225905586e+00
-1.210639576076222079e+00
1.493476605579982408e+00
1.319022797753720777e+00
2.388880755138509393e-01
1.493476605579982408e+00
-8.979018458546281778e-01
-2.444338711922737772e-01
nan
-1.587035744217311084e-01
2.654183243459571795e+00
nan
-2.006029082313631307e+00
1.687977538575622827e+00
7.087904985410196090e-01
1.319022797753720777e+00
2.654183243459571795e+00
-7.589560849794318997e-02
-1.587035744217311084e-01
2.388880755138509393e-01
-1.645979878934385798e+00
2.105604759495460776e-01
7.217718336916747468e-01
nan
-2.744892268401357249e+00
2.654183243459571795e+00
nan
-1.636429946597182994e+00
1.204655591869498554e+00
-7.589560849794318997e-02
2.796414084584014415e+00
7.217718336916747468e-01
-7.589560849794318997e-02
-2.006029082313631307e+00
-2.444338711922737772e-01
-8.612937718953950217e-01
-8.979018458546281778e-01
2.388880755138509393e-01
-8.612937718953950217e-01
-1.267165896225905586e+00
-1.693523334254062984e+00
-7.589560849794318997e-02
3.166013220300463171e+00
1.687977538575622827e+00
3.064272932374886071e+00
-1.636429946597182994e+00
3.137505190165696067e+00
nan
2.427150034212737229e+00
2.388880755138509393e-01
-8.612937718953950217e-01
-5.283027101381798651e-01
-2.444338711922737772e-01
nan
-1.267165896225905586e+00
1.204655591869498554e+00
-8.612937718953950217e-01
2.105604759495460776e-01
-2.176845280960187701e+00
nan
2.427150034212737229e+00
-1.210639576076222079e+00
-8.612937718953950217e-01
-1.267165896225905586e+00
-2.176845280960187701e+00
-7.589560849794318997e-02
-5.283027101381798651e-01
-7.273176293701144601e-01
2.278874768977434240e+00
nan
2.171299485281747987e+00
nan
-1.636429946597182994e+00
-2.659729039138011508e+00
-1.645979878934385798e+00
2.057885983841460042e+00
2.388880755138509393e-01
-8.612937718953950217e-01
1.475894290882277193e+00
nan
-1.574774243086907832e+00
-4.565171188856198548e-01
-9.424681967614980671e-01
-9.470253574557356835e-01
-1.905606581947409062e+00
1.473265159712523253e+00
9.373605896113623714e-01
nan
-2.391557659823287274e+00
9.373605896113623714e-01
2.680482782048798640e-02
9.899432130063989810e-01
nan
nan
nan
nan
5.096885859983286693e-01
-1.425351954939338972e+00
2.821176891591691938e+00
5.096885859983286693e-01
-4.591462500553733506e-01
-9.470253574557356835e-01
2.442099995766225273e+00
1.473265159712523253e+00
1.565109475242534298e+00
-2.388928528653533334e+00
-4.591462500553733506e-01
2.821176891591691938e+00
2.925421942472350434e+00
nan
nan
2.442099995766225273e+00
9.899432130063989810e-01
3.090420588933993074e-01
9.930105327044533858e-01
2.373750812245045694e-02
-3.192764718245637567e-01
9.930105327044533858e-01
1.956148917890347061e+00
nan
-1.422722823769585254e+00
2.373750812245045694e-02
2.193428005960497362e+00
-4.565171188856198548e-01
-2.874879606529411991e+00
-3.192764718245637567e-01
-9.394008770634605376e-01
2.922354622774312904e+00
nan
2.680482782048798640e-02
-4.591462500553733506e-01
-3.192764718245637567e-01
2.680482782048798640e-02
5.066212663002742644e-01
-2.203092773804870674e+00
2.680482782048798640e-02
-1.425351954939338972e+00
-2.203092773804870674e+00
-2.872250475359658051e+00
1.956148917890347061e+00
2.193428005960497362e+00
5.096885859983286693e-01
5.066212663002742644e-01
1.565109475242534298e+00
2.680482782048798640e-02
5.066212663002742644e-01
2.193428005960497362e+00
-4.565171188856198548e-01
-9.424681967614980671e-01
-9.470253574557356835e-01
-4.565171188856198548e-01
2.373750812245045694e-02
1.565109475242534298e+00
-9.394008770634605376e-01
2.373750812245045694e-02
2.193428005960497362e+00
1.475894290882277193e+00
1.956148917890347061e+00
nan
2.442099995766225273e+00
nan
-2.830841659436065250e+00
nan
-1.425351954939338972e+00
nan
-2.388928528653533334e+00
2.373750812245045694e-02
nan
5.096885859983286693e-01
2.373750812245045694e-02
9.373605896113623714e-01
-2.872250475359658051e+00
5.066212663002742644e-01
-3.192764718245637567e-01
5.096885859983286693e-01
-9.424681967614980671e-01
-2.203092773804870674e+00
2.680482782048798640e-02
1.956148917890347061e+00
nan
nan
-9.424681967614980671e-01
nan
-9.394008770634605376e-01
-9.424681967614980671e-01
-3.192764718245637567e-01
1.475894290882277193e+00
2.922354622774312904e+00
nan
-4.565171188856198548e-01
-9.424681967614980671e-01
-9.470253574557356835e-01
5.096885859983286693e-01
2.373750812245045694e-02
3.090420588933993074e-01
-4.565171188856198548e-01
-4.591462500553733506e-01
3.090420588933993074e-01
-3.187068267377783926e-01
-8.000569250665914289e-01
-1.870471829042533507e+00
1.026876246105311363e+00
3.080703113924245784e-01
4.132871097740666855e-01
-3.187068267377783926e-01
-2.277783297242043314e+00
-1.299791023923288380e+00
2.372866208296092960e+00
nan
-1.870471829042533507e+00
-1.216304727763438231e+00
6.773343617637022085e-01
nan
1.296852344273431434e-01
-8.000569250665914289e-01
-1.870471829042533507e+00
-3.187068267377783926e-01
-1.908519246870766128e+00
1.555166579182386766e+00
1.924067257783262708e+00
2.524659869655615285e+00
nan
nan
1.785796683567876908e+00
nan
-3.187068267377783926e-01
-1.908519246870766128e+00
2.126365243471421973e+00
1.296852344273431434e-01
6.773343617637022085e-01
nan
1.475675196618124740e+00
1.046933497480150965e+00
1.555166579182386766e+00
1.026876246105311363e+00
6.773343617637022085e-01
1.555166579182386766e+00
-2.561887800606511778e+00
1.785796683567876908e+00
-1.573936953451782195e-01
1.296852344273431434e-01
2.894259005372050719e+00
nan
-7.675057772506082010e-01
-2.647382432958492071e+00
-7.285923596342334108e-01
5.784841849401729519e-01
1.046933497480150965e+00
nan
-1.216304727763438231e+00
1.416532633196598834e+00
nan
1.026876246105311363e+00
-4.307928746953013643e-01
-1.870471829042533507e+00
2.372866208296092960e+00
3.080703113924245784e-01
-1.870471829042533507e+00
-2.113088850093681970e+00
1.785796683567876908e+00
1.555166579182386766e+00
1.924067257783262708e+00
nan
nan
5.784841849401729519e-01
-1.538920111154317594e+00
9.844857740631218768e-01
-7.675057772506082010e-01
-6.119373897885260760e-02
1.555166579182386766e+00
-7.675057772506082010e-01
-8.000569250665914289e-01
-1.299791023923288380e+00
nan
-1.169656060783027085e+00
2.126365243471421973e+00
-2.113088850093681970e+00
-1.908519246870766128e+00
-2.441152634161778412e+00
5.784841849401729519e-01
-6.119373897885260760e-02
-7.285923596342334108e-01
-1.216304727763438231e+00
-4.307928746953013643e-01
9.844857740631218768e-01
1.475675196618124740e+00
6.773343617637022085e-01
1.555166579182386766e+00
1.924067257783262708e+00
1.785796683567876908e+00
nan
-3.187068267377783926e-01
-4.307928746953013643e-01
-1.573936953451782195e-01
1.296852344273431434e-01
-2.277783297242043314e+00
-7.285923596342334108e-01
-3.010279861771649745e+00
-1.538920111154317594e+00
-1.573936953451782195e-01
nan
-2.647382432958492071e+00
-1.299791023923288380e+00
nan
-1.169656060783027085e+00
2.126365243471421973e+00
nan
nan
nan
-1.216304727763438231e+00
3.080703113924245784e-01
-2.441152634161778412e+00
-2.113088850093681970e+00
-1.169656060783027085e+00
-1.573936953451782195e-01
-7.675057772506082010e-01
nan
-2.441152634161778412e+00
6.684881086513647652e-01
1.261620100547461210e+00
nan
4.073922302018306851e-02
-6.707913092204353944e-01
-1.342847314898059974e+00
nan
7.787363423696374021e-01
nan
-1.215328193328949702e+00
-1.879075510426031492e-01
2.245916731813747180e+00
3.181192586436410341e+00
7.787363423696374021e-01
-1.342847314898059974e+00
-1.215328193328949702e+00
-2.603202718988340880e+00
1.349132609483503220e+00
2.552874055718459712e+00
2.954143956635126855e-01
-2.239631437228303490e+00
-1.843077078960131843e+00
3.194031510315375133e+00
3.143514632839406797e+00
nan
-2.119880772282216164e+00
-1.342847314898059974e+00
-1.843077078960131843e+00
3.194031510315375133e+00
3.143514632839406797e+00
6.684881086513647652e-01
-1.879075510426031492e-01
-4.460631925678160137e-01
-5.870096626109990723e-01
2.227825805431427053e+00
nan
4.073922302018306851e-02
1.744942047253585482e+00
4.515347084578436032e-01
-2.471395609678093575e+00
nan
-1.342847314898059974e+00
nan
nan
3.143514632839406797e+00
1.925125170087277571e+00
2.954143956635126855e-01
-4.460631925678160137e-01
2.552874055718459712e+00
1.261620100547461210e+00
2.245916731813747180e+00
1.925125170087277571e+00
1.744942047253585482e+00
nan
-5.870096626109990723e-01
7.787363423696374021e-01
nan
4.073922302018306851e-02
2.954143956635126855e-01
1.349132609483503220e+00
6.684881086513647652e-01
1.261620100547461210e+00
-4.460631925678160137e-01
4.073922302018306851e-02
2.711147752137534450e+00
nan
-2.471395609678093575e+00
2.954143956635126855e-01
nan
-1.843077078960131843e+00
1.744942047253585482e+00
-4.460631925678160137e-01
1.925125170087277571e+00
2.954143956635126855e-01
-4.460631925678160137e-01
-1.215328193328949702e+00
-2.119880772282216164e+00
nan
-2.471395609678093575e+00
7.787363423696374021e-01
-4.460631925678160137e-01
3.181192586436410341e+00
2.227825805431427053e+00
nan
4.073922302018306851e-02
2.711147752137534450e+00
nan
4.073922302018306851e-02
-6.707913092204353944e-01
-1.342847314898059974e+00
3.181192586436410341e+00
3.194031510315375133e+00
2.245916731813747180e+00
1.296806639369315395e+00
2.711147752137534450e+00
2.245916731813747180e+00
1.925125170087277571e+00
nan
1.349132609483503220e+00
-5.870096626109990723e-01
2.711147752137534450e+00
nan
-2.471395609678093575e+00
-1.636997014104383918e+00
-4.460631925678160137e-01
4.073922302018306851e-02
-1.879075510426031492e-01
-4.460631925678160137e-01
4.073922302018306851e-02
2.711147752137534450e+00
1.349132609483503220e+00
-2.471395609678093575e+00
1.261620100547461210e+00
1.349132609483503220e+00
-5.870096626109990723e-01
-2.603202718988340880e+00
-1.342847314898059974e+00
-2.471395609678093575e+00
-1.636997014104383918e+00
-1.342847314898059974e+00
3.013278742394906562e+00
1.683595653292704331e+00
1.034870425054225773e+00
nan
-8.285391794055616543e-01
nan
-6.098831037878387207e-01
-1.770732152939108905e+00
2.512596797229674994e+00
-3.682221304347845781e-01
-5.146647365899763571e-01
6.652712893377783487e-01
-1.267802513458637925e-01
-2.005054712309952691e-01
-3.029044641100856250e+00
-1.576088808671797015e+00
nan
1.404134475425502959e+00
2.288734010864019286e+00
-1.456572887580139142e+00
-1.920582319296684215e+00
-3.682221304347845781e-01
-1.770732152939108905e+00
-1.551318268925394595e+00
-1.267802513458637925e-01
1.055561945118137945e+00
-4.428559471212225596e-01
1.564189279333123128e+00
-1.142698444764542520e+00
1.034870425054225773e+00
-3.025397365997721799e+00
-2.712640303929271912e+00
-7.359189674994581765e-02
2.771836863305993770e+00
4.275282369435711161e-01
-1.551318268925394595e+00
2.288734010864019286e+00
4.275282369435711161e-01
-8.124550828376704281e-01
-1.267802513458637925e-01
7.414026797591564133e-01
nan
2.288734010864019286e+00
-5.146647365899763571e-01
1.404134475425502959e+00
1.805631158422044802e+00
1.133689715845900281e-01
-4.428559471212225596e-01
5.977644801850234835e-01
2.311629361467281374e+00
nan
-3.682221304347845781e-01
-5.146647365899763571e-01
-1.551318268925394595e+00
2.771836863305993770e+00
-8.285391794055616543e-01
-4.428559471212225596e-01
-1.092985956229822087e+00
-8.285391794055616543e-01
1.773733611141950828e+00
2.288734010864019286e+00
-1.770732152939108905e+00
-8.124550828376704281e-01
8.394254535380860638e-01
-5.146647365899763571e-01
-8.124550828376704281e-01
1.322528305980060548e+00
4.275282369435711161e-01
6.652712893377783487e-01
-2.783736392644667657e+00
1.133689715845900281e-01
nan
-3.025397365997721799e+00
-2.084606595754705527e+00
1.034870425054225773e+00
2.771836863305993770e+00
2.625503804282866671e+00
nan
-1.817749782024859817e+00
-2.712640303929271912e+00
6.652712893377783487e-01
1.564189279333123128e+00
-1.142698444764542520e+00
-3.029044641100856250e+00
-1.334427835318734434e+00
1.133689715845900281e-01
-1.181719133208959827e+00
-1.092985956229822087e+00
-1.456572887580139142e+00
-7.359189674994581765e-02
-3.682221304347845781e-01
1.683595653292704331e+00
6.652712893377783487e-01
1.564189279333123128e+00
-2.005054712309952691e-01
-1.181719133208959827e+00
-3.682221304347845781e-01
-3.026799569288253000e+00
1.034870425054225773e+00
-6.098831037878387207e-01
4.275282369435711161e-01
nan
-2.542294513555746871e+00
-1.142698444764542520e+00
-2.659445505384408381e+00
1.322528305980060548e+00
-1.456572887580139142e+00
6.652712893377783487e-01
2.047292131775098500e+00
1.133689715845900281e-01
-1.551318268925394595e+00
-2.542294513555746871e+00
-2.398765861113686171e+00
2.881860847600964615e+00
-1.817749782024859817e+00
-2.398765861113686171e+00
-8.124550828376704281e-01
8.394254535380860638e-01
-2.005054712309952691e-01
2.960072389665020509e-01
-2.074163102497084576e+00
9.767178865161327828e-01
-4.401752643599126102e-01
1.732101795530608168e+00
nan
-1.179038450447638331e+00
-1.312910122891542075e+00
4.060370813968874337e-01
1.037551107815539719e+00
2.683581710175900081e+00
9.767178865161327828e-01
-1.179038450447638331e+00
-3.614302082462570453e-01
-2.448920521708788378e+00
1.037551107815539719e+00
2.493354775136151336e+00
-7.358423880114330906e-01
6.679519720990909626e-01
-1.312910122891542075e+00
nan
-1.917901636535377374e+00
5.902223261223045192e-01
nan
-2.656764822623103317e+00
7.804492611620537090e-01
4.060370813968874337e-01
2.145678344274555283e+00
9.706761962018028989e-01
-1.877721857419733187e+00
-1.179038450447638331e+00
-1.883936167457328947e+00
-7.358423880114330906e-01
1.776414293903264774e+00
1.919628155651764700e-02
-7.358423880114330906e-01
2.145678344274555283e+00
nan
-1.307041052300467854e+00
nan
2.683581710175900081e+00
1.547916550805187530e+00
-7.091121398863498015e-02
-7.420566980490250764e-01
-3.019601326828033283e+00
2.986879217278133325e-01
-2.835588701825890734e+00
-2.448920521708788378e+00
-8.097744000763609229e-01
3.064208199978668556e+00
nan
nan
1.351475305727840581e+00
nan
nan
1.919628155651764700e-02
nan
-2.656764822623103317e+00
2.493354775136151336e+00
nan
-2.287500772251812808e+00
-1.710306534832382042e-01
-1.877721857419733187e+00
1.037551107815539719e+00
-2.835588701825890734e+00
-2.448920521708788378e+00
-2.656764822623103317e+00
-1.883936167457328947e+00
9.767178865161327828e-01
1.776414293903264774e+00
1.922328730570364019e+00
nan
-2.287500772251812808e+00
-2.454789592299852607e+00
-7.358423880114330906e-01
2.986879217278133325e-01
5.902223261223045192e-01
nan
-2.287500772251812808e+00
nan
nan
nan
2.112728285333376643e+00
-1.307041052300467854e+00
-2.656764822623103317e+00
-1.503309677654560916e+00
-1.307041052300467854e+00
1.037551107815539719e+00
-3.614302082462570453e-01
-1.307041052300467854e+00
2.145678344274555283e+00
2.493354775136151336e+00
2.689796020213487626e+00
1.776414293903264774e+00
-5.516571432860062352e-01
-3.019601326828033283e+00
6.679519720990909626e-01
1.919628155651764700e-02
9.767178865161327828e-01
-7.091121398863498015e-02
-1.710306534832382042e-01
-1.877721857419733187e+00
1.037551107815539719e+00
2.095958363195298269e-01
-1.307041052300467854e+00
1.037551107815539719e+00
-1.693536612694316768e+00
-1.307041052300467854e+00
-4.401752643599126102e-01
-1.883936167457328947e+00
4.060370813968874337e-01
-8.097744000763609229e-01
nan
nan
nan
-2.264562657260103862e+00
4.060370813968874337e-01
1.776414293903264774e+00
2.493354775136151336e+00
nan
-7.091121398863498015e-02
8.509950441963747281e-01
-1.024847640080413402e+00
-7.605168543371716439e-01
-5.672374654053546905e-01
-1.507731398258236988e+00
1.456072703926006628e+00
2.876910231856274702e+00
9.080019582157841107e-01
-7.605168543371716439e-01
-1.174920143463524802e+00
-5.820374666816396925e-02
-2.165366824944570112e-02
-2.998335690597232706e+00
-1.990615156436060795e+00
-1.129780904708461930e+00
1.863860759786522880e+00
nan
-2.607842362229084721e+00
2.431286096586018353e-01
-2.473937103142185290e+00
-1.129780904708461930e+00
2.431286096586018353e-01
1.390885716393625682e+00
nan
-1.580103180995503287e+00
4.246800115096598383e-01
-1.129780904708461930e+00
2.431286096586018353e-01
nan
nan
-9.724205029373331755e-01
-5.820374666816396925e-02
nan
-1.985469975007091659e+00
4.246800115096598383e-01
7.172095178382802416e-01
-5.672374654053546905e-01
9.080019582157841107e-01
-2.165366824944570112e-02
-5.672374654053546905e-01
1.390885716393625682e+00
7.172095178382802416e-01
1.256178081728352769e+00
nan
-2.165366824944570112e-02
6.483116471905803202e-01
4.246800115096598383e-01
2.564535025730180440e+00
-9.724205029373331755e-01
nan
-2.977106412600362351e+00
4.044521265280787148e-02
-5.415256933742886858e-01
1.825671839642454497e+00
2.066360400312707402e+00
-1.507731398258236988e+00
-2.165366824944570112e-02
1.863860759786522880e+00
-1.024847640080413402e+00
-2.238243226512636408e+00
4.044521265280787148e-02
-5.415256933742886858e-01
-2.238243226512636408e+00
2.066360400312707402e+00
1.390885716393625682e+00
1.086473568209557872e+00
2.674226834850479850e+00
1.874207663099733079e+00
3.479454674670030556e-01
2.876910231856274702e+00
nan
nan
2.431286096586018353e-01
-1.990615156436060795e+00
-1.129780904708461930e+00
4.044521265280787148e-02
-2.473937103142185290e+00
-1.129780904708461930e+00
nan
-5.820374666816396925e-02
nan
-5.672374654053546905e-01
-5.820374666816396925e-02
nan
-1.985469975007091659e+00
-5.820374666816396925e-02
-1.499380040424910465e+00
1.053494684722565911e+00
nan
nan
1.256178081728352769e+00
-2.473937103142185290e+00
-2.977106412600362351e+00
-2.593152653065254221e+00
-1.990615156436060795e+00
-2.977106412600362351e+00
1.863860759786522880e+00
1.874207663099733079e+00
2.194935890013732571e+00
-1.377603540469318988e+00
4.246800115096598383e-01
-2.165366824944570112e-02
-9.724205029373331755e-01
-1.024847640080413402e+00
-1.499380040424910465e+00
-1.174920143463524802e+00
-5.415256933742886858e-01
7.172095178382802416e-01
1.256178081728352769e+00
-5.415256933742886858e-01
-2.165366824944570112e-02
-2.187969615533275736e+00
nan
3.479454674670030556e-01
2.066360400312707402e+00
1.874207663099733079e+00
1.825671839642454497e+00
-1.782786578001297473e+00
-2.473937103142185290e+00
2.194935890013732571e+00
2.294816284398444317e-01
9.514341741082601445e-01
2.698784575803592656e+00
nan
-2.373617705959091939e+00
-1.787170482586182052e+00
nan
-2.742881756330382448e+00
-8.899794709082304855e-01
-6.078966491262587368e-01
-1.570281476959141109e-01
9.044025524476730915e-01
-1.026775669604884644e+00
-2.373617705959091939e+00
9.044025524476730915e-01
nan
-2.004018570242643627e+00
1.353201502960503344e+00
-1.026775669604884644e+00
-2.004018570242643627e+00
2.250392514638454688e+00
-1.864153947170987591e+00
2.059561410567276152e+00
9.044025524476730915e-01
-1.893973920387965748e-01
-1.570281476959141109e-01
-4.411805203954006771e-01
nan
9.514341741082601445e-01
nan
nan
-2.373617705959091939e+00
-1.338371532073368231e+00
6.479808855272914947e-01
-5.262921980671917410e-01
-1.787170482586182052e+00
6.479808855272914947e-01
9.514341741082601445e-01
1.801593564125624436e+00
2.322737440659467634e+00
1.690297360195998966e+00
1.801593564125624436e+00
-1.893973920387965748e-01
-8.958913337836400537e-01
-2.235562543751319797e+00
nan
nan
-2.684361494264149606e+00
2.294816284398444317e-01
1.690297360195998966e+00
nan
-1.864153947170987591e+00
1.690297360195998966e+00
4.556036019348432831e-01
-1.445274926692346584e+00
9.514341741082601445e-01
-8.899794709082304855e-01
1.066480142614738558e+00
1.690297360195998966e+00
-8.899794709082304855e-01
1.485359163093379120e+00
9.514341741082601445e-01
1.353201502960503344e+00
-6.078966491262587368e-01
5.818350383918247104e-01
2.250392514638454688e+00
6.479808855272914947e-01
1.690297360195998966e+00
nan
1.904238183572020571e+00
5.818350383918247104e-01
-4.411805203954006771e-01
-6.078966491262587368e-01
-1.634754519871365996e+00
-2.684361494264149606e+00
2.322737440659467634e+00
9.514341741082601445e-01
4.556036019348432831e-01
-2.282653204258434432e+00
-2.373617705959091939e+00
nan
-2.282653204258434432e+00
-1.265490469500088810e+00
-4.411805203954006771e-01
2.294816284398444317e-01
1.320698224479550209e+00
-8.899794709082304855e-01
6.479808855272914947e-01
1.320698224479550209e+00
3.147583526316406033e+00
1.066480142614738558e+00
5.818350383918247104e-01
7.211540769721302979e-03
-2.282653204258434432e+00
2.125709880205342017e-01
3.147583526316406033e+00
-1.026775669604884644e+00
nan
nan
3.160115718225570358e+00
nan
-4.411805203954006771e-01
nan
-1.634754519871365996e+00
2.250392514638454688e+00
3.160115718225570358e+00
1.690297360195998966e+00
9.044025524476730915e-01
-1.445274926692346584e+00
-1.265490469500088810e+00
-8.899794709082304855e-01
6.479808855272914947e-01
-1.570281476959141109e-01
-8.899794709082304855e-01
1.066480142614738558e+00
-1.570281476959141109e-01
-8.899794709082304855e-01
2.741616461138108196e+00
-8.958913337836400537e-01
2.698784575803592656e+00
