7.517695089244586626e+00
9.116024261900498971e+00
6.599592106617746978e+00
6.733008982205608284e+00
6.324763336680195636e+00
3.955239651145880941e+00
4.377526548371739601e+00
5.626631635882460181e+00
4.285933614681645132e+00
nan
5.626631635882460181e+00
4.947021728549615638e+00
5.162924711769191433e+00
7.022262098492614513e+00
5.608109842417580815e+00
5.162924711769191433e+00
nan
8.913550411757418246e+00
nan
6.324763336680195636e+00
6.599592106617746978e+00
nan
4.231001173272305849e+00
8.582856448221654944e+00
5.162924711769191433e+00
4.929132874070041304e+00
6.269197956285552209e+00
nan
7.720393799290343750e+00
7.921768334353684438e+00
5.947610818808162669e+00
7.022262098492614513e+00
5.277415878881816624e+00
8.303093252642032240e+00
nan
9.243944562089620121e+00
6.733008982205608284e+00
8.417892561102769733e+00
6.599592106617746978e+00
nan
3.533502411459886972e+00
7.260680220485719261e+00
6.733008982205608284e+00
nan
7.260680220485719261e+00
7.517695089244586626e+00
6.324763336680195636e+00
6.930286070153517386e+00
nan
5.626631635882460181e+00
6.269197956285552209e+00
nan
4.231001173272305849e+00
7.260680220485719261e+00
nan
nan
nan
nan
5.626631635882460181e+00
5.608109842417580815e+00
nan
nan
7.591374184021482563e+00
nan
4.231001173272305849e+00
5.938503992749781801e+00
8.303093252642032240e+00
9.116024261900498971e+00
6.269197956285552209e+00
4.377526548371739601e+00
8.417892561102769733e+00
7.591374184021482563e+00
5.162924711769191433e+00
8.417892561102769733e+00
6.599592106617746978e+00
3.592840441332768364e+00
4.929132874070041304e+00
7.921768334353684438e+00
5.162924711769191433e+00
5.626631635882460181e+00
3.955239651145880941e+00
4.377526548371739601e+00
4.929132874070041304e+00
6.930286070153517386e+00
7.517695089244586626e+00
7.022262098492614513e+00
4.947021728549615638e+00
7.517695089244586626e+00
6.324763336680195636e+00
8.582856448221654944e+00
5.947610818808162669e+00
9.116024261900498971e+00
7.260680220485719261e+00
3.592840441332768364e+00
nan
3.955239651145880941e+00
7.517695089244586626e+00
7.022262098492614513e+00
7.591374184021482563e+00
nan
4.231001173272305849e+00
4.616327765013846118e+00
nan
nan
6.599592106617746978e+00
5.162924711769191433e+00
7.720393799290343750e+00
6.599592106617746978e+00
5.947610818808162669e+00
4.929132874070041304e+00
3.294151537277913100e+00
4.377526548371739601e+00
5.626631635882460181e+00
4.947021728549615638e+00
nan
5.626631635882460181e+00
8.252462297889453069e+00
7.517695089244586626e+00
8.417892561102769733e+00
5.938503992749781801e+00
4.879383869824620135e+00
5.624099879941219626e+00
7.165939248158148089e+00
4.879383869824620135e+00
3.530654186025989905e+00
5.770308785547994646e+00
nan
3.530654186025989905e+00
nan
5.507702400542582311e+00
7.194421502497132082e+00
nan
9.275904649589991280e+00
6.670822726898835597e+00
8.561569710768303310e+00
6.135451286173758234e+00
9.287867196412362247e+00
9.259068472580727516e+00
8.019837233240853180e+00
nan
nan
7.391518702522896334e+00
6.147698655539516999e+00
5.072177084750264520e+00
7.391518702522896334e+00
6.670822726898835597e+00
6.467807547360418852e+00
6.763769816891715081e+00
9.287867196412362247e+00
9.259068472580727516e+00
9.275904649589991280e+00
7.194421502497132082e+00
5.072177084750264520e+00
3.623316453475481591e+00
5.100975808581906357e+00
6.467807547360418852e+00
6.135451286173758234e+00
7.717545573856449792e+00
6.467807547360418852e+00
5.507702400542582311e+00
6.670822726898835597e+00
9.259068472580727516e+00
8.019837233240853180e+00
6.670822726898835597e+00
6.467807547360418852e+00
6.135451286173758234e+00
8.241144349454748053e+00
7.165939248158148089e+00
6.135451286173758234e+00
7.194421502497132082e+00
8.561569710768303310e+00
7.391518702522896334e+00
5.624099879941219626e+00
9.259068472580727516e+00
4.879383869824620135e+00
3.530654186025989905e+00
7.863438009970574072e+00
4.879383869824620135e+00
9.287867196412362247e+00
9.259068472580727516e+00
6.763769816891715081e+00
9.287867196412362247e+00
nan
6.135451286173758234e+00
6.670822726898835597e+00
7.165939248158148089e+00
7.391518702522896334e+00
6.670822726898835597e+00
6.467807547360418852e+00
nan
6.670822726898835597e+00
nan
5.507702400542582311e+00
6.147698655539516999e+00
7.863438009970574072e+00
7.391518702522896334e+00
5.624099879941219626e+00
8.561569710768303310e+00
9.275904649589991280e+00
7.717545573856449792e+00
6.467807547360418852e+00
8.647586118872034433e+00
6.147698655539516999e+00
4.374678322937846531e+00
6.763769816891715081e+00
6.147698655539516999e+00
5.770308785547994646e+00
6.135451286173758234e+00
7.717545573856449792e+00
5.770308785547994646e+00
8.019837233240853180e+00
8.764268420814060434e+00
nan
6.763769816891715081e+00
6.147698655539516999e+00
5.770308785547994646e+00
6.135451286173758234e+00
8.241144349454748053e+00
6.467807547360418852e+00
nan
9.287867196412362247e+00
nan
7.391518702522896334e+00
8.764268420814060434e+00
7.165939248158148089e+00
7.391518702522896334e+00
nan
4.374678322937846531e+00
6.135451286173758234e+00
9.287867196412362247e+00
8.561569710768303310e+00
4.251634984193443323e+00
4.577377032983605432e+00
3.676546622140110188e+00
6.135451286173758234e+00
5.624099879941219626e+00
5.770308785547994646e+00
3.623316453475481591e+00
8.241144349454748053e+00
6.467807547360418852e+00
7.905053748254752932e+00
5.633155776192589670e+00
3.615531303956166287e+00
3.194800936945486836e+00
9.014656649022278145e+00
9.058679989831350809e+00
9.082794965171688162e+00
9.014656649022278145e+00
6.546545157133071058e+00
6.334969477818329864e+00
6.116039534370422359e+00
5.709166879566983432e+00
9.082794965171688162e+00
6.599361481076542191e+00
7.802422691786620845e+00
7.120011613036542286e+00
6.116039534370422359e+00
4.871788602000894919e+00
8.297752829953475739e+00
6.116039534370422359e+00
7.802422691786620845e+00
5.942626424298845578e+00
6.599361481076542191e+00
6.965044414220525226e+00
5.549927342600119218e+00
9.014656649022278145e+00
7.383923434699166677e+00
5.157584289080633155e+00
4.666950071308640702e+00
5.290287859088342870e+00
7.905053748254752932e+00
8.048450944138329177e+00
8.221301712265255190e+00
4.764885207381910348e+00
7.082245239254374880e+00
nan
7.905053748254752932e+00
nan
4.452909581522254356e+00
8.297752829953475739e+00
8.048450944138329177e+00
7.802422691786620845e+00
7.120011613036542286e+00
6.116039534370422359e+00
5.290287859088342870e+00
3.587500018644210087e+00
4.666950071308640702e+00
6.546545157133071058e+00
7.512710694735265093e+00
7.565567185960496488e+00
7.383923434699166677e+00
9.082794965171688162e+00
nan
3.197032046868711674e+00
8.297752829953475739e+00
nan
6.546545157133071058e+00
5.157584289080633155e+00
3.700744366424686849e+00
7.383923434699166677e+00
7.905053748254752932e+00
4.183628124602515541e+00
3.197032046868711674e+00
5.157584289080633155e+00
5.633155776192589670e+00
6.127666136654437601e+00
nan
6.599361481076542191e+00
nan
5.157584289080633155e+00
3.217422419718561688e+00
6.546545157133071058e+00
6.727668559517056224e+00
6.116039534370422359e+00
6.127666136654437601e+00
5.549927342600119218e+00
6.116039534370422359e+00
6.546545157133071058e+00
7.905053748254752932e+00
6.599361481076542191e+00
5.290287859088342870e+00
3.979843072163698814e+00
6.599361481076542191e+00
3.615531303956166287e+00
5.942626424298845578e+00
9.014656649022278145e+00
6.965044414220525226e+00
nan
nan
nan
7.120011613036542286e+00
8.531772890844445456e+00
nan
3.979843072163698814e+00
9.014656649022278145e+00
6.546545157133071058e+00
6.334969477818329864e+00
3.700744366424686849e+00
5.709166879566983432e+00
4.764885207381910348e+00
5.149833829486468062e+00
5.709166879566983432e+00
nan
3.217422419718561688e+00
6.546545157133071058e+00
6.334969477818329864e+00
6.116039534370422359e+00
6.127666136654437601e+00
9.082794965171688162e+00
nan
nan
8.297752829953475739e+00
6.599361481076542191e+00
8.221301712265255190e+00
4.372542153862421621e+00
8.048450944138329177e+00
6.965044414220525226e+00
7.120011613036542286e+00
7.082245239254374880e+00
6.965044414220525226e+00
5.958291664185281888e+00
7.899582157289632534e+00
6.966563467785269026e+00
5.329973133467325930e+00
3.602359510546060850e+00
8.362193930395427799e+00
7.842107966165603017e+00
6.577405929553696851e+00
5.570933005175123576e+00
7.214359080534419988e+00
7.238494043421667357e+00
4.872801304377389009e+00
nan
nan
nan
6.586040549816464029e+00
5.916317815685731674e+00
4.872801304377389009e+00
nan
6.907800079885898725e+00
nan
6.586040549816464029e+00
5.916317815685731674e+00
8.362193930395427799e+00
8.470426496883558087e+00
8.229976307621834408e+00
6.966563467785269026e+00
4.702224247836149118e+00
8.229976307621834408e+00
5.570933005175123576e+00
6.586040549816464029e+00
nan
4.872801304377389009e+00
5.329973133467325930e+00
6.577405929553696851e+00
9.059692692207837794e+00
nan
7.899582157289632534e+00
nan
8.470426496883558087e+00
7.899582157289632534e+00
5.570933005175123576e+00
6.586040549816464029e+00
6.577405929553696851e+00
7.664062229597693232e+00
5.329973133467325930e+00
5.585623852149964819e+00
4.175302542564965691e+00
nan
7.899582157289632534e+00
nan
nan
7.568888193753869231e+00
8.362193930395427799e+00
nan
5.585623852149964819e+00
9.059692692207837794e+00
5.958291664185281888e+00
6.246711966017933548e+00
6.966563467785269026e+00
nan
7.238494043421667357e+00
nan
7.842107966165603017e+00
7.899582157289632534e+00
nan
7.842107966165603017e+00
6.246711966017933548e+00
4.872801304377389009e+00
6.586040549816464029e+00
9.221758385025569993e+00
8.362193930395427799e+00
7.214359080534419988e+00
7.899582157289632534e+00
6.268431766987546894e+00
6.586040549816464029e+00
6.907800079885898725e+00
4.175302542564965691e+00
nan
6.246711966017933548e+00
nan
5.958291664185281888e+00
8.229976307621834408e+00
8.362193930395427799e+00
4.073905717118187830e+00
6.246711966017933548e+00
nan
nan
6.577405929553696851e+00
nan
4.702224247836149118e+00
3.933053474081830814e+00
5.570933005175123576e+00
6.586040549816464029e+00
8.560670271157604816e+00
nan
5.329973133467325930e+00
5.585623852149964819e+00
4.872801304377389009e+00
3.446156831487011019e+00
6.907800079885898725e+00
5.570933005175123576e+00
5.329973133467325930e+00
5.916317815685731674e+00
6.966563467785269026e+00
6.586040549816464029e+00
8.229976307621834408e+00
8.362193930395427799e+00
7.214359080534419988e+00
7.899582157289632534e+00
nan
4.073905717118187830e+00
4.924535738281996977e+00
3.477170841767243559e+00
5.958291664185281888e+00
4.263447624414029136e+00
5.570933005175123576e+00
5.958291664185281888e+00
5.255229701817763832e+00
nan
6.262238006917002053e+00
4.116218424261774089e+00
5.747223168873246024e+00
6.711036957429827865e+00
3.824109722785231646e+00
7.069399396609181707e+00
6.711036957429827865e+00
5.284653230167950078e+00
8.061181474012915515e+00
3.570664971883134253e+00
7.767643430519360237e+00
3.433564676937145066e+00
nan
7.329414140503756059e+00
6.077617319205447899e+00
3.122272910718008720e+00
3.970230311324289829e+00
7.730487510477146884e+00
nan
4.408327125738319197e+00
3.102870713401375546e+00
6.711036957429827865e+00
7.183426027566271799e+00
6.739005246276980721e+00
7.159429018594957839e+00
3.824109722785231646e+00
4.425046941137311229e+00
5.365046995239046268e+00
3.970230311324289829e+00
5.416829018541045926e+00
5.365046995239046268e+00
3.386012908371204500e+00
8.722269587880880692e+00
5.813845945751872080e+00
4.846556415753923375e+00
5.747223168873246024e+00
nan
3.093904206894659392e+00
8.391575624345117390e+00
nan
8.351860833472445123e+00
nan
6.711036957429827865e+00
5.576761931644492520e+00
5.747223168873246024e+00
nan
7.621522841980299390e+00
6.739005246276980721e+00
7.159429018594957839e+00
8.936078236425533561e+00
5.747223168873246024e+00
8.505418980785739436e+00
4.262339012800834936e+00
4.755740904673080749e+00
5.365046995239046268e+00
6.014991221660096699e+00
4.755740904673080749e+00
8.056620030272908295e+00
5.430773818707008260e+00
6.739005246276980721e+00
5.365046995239046268e+00
4.262339012800834936e+00
3.102870713401375546e+00
3.570664971883134253e+00
5.868870633121037628e+00
5.747223168873246024e+00
nan
nan
nan
7.159429018594957839e+00
4.700435827214862528e+00
9.052663738213082567e+00
6.711036957429827865e+00
6.453088036074122513e+00
6.077617319205447899e+00
4.916654934073916294e+00
4.262339012800834936e+00
6.739005246276980721e+00
nan
4.408327125738319197e+00
8.391575624345117390e+00
5.365046995239046268e+00
5.868870633121037628e+00
4.425046941137311229e+00
4.916654934073916294e+00
4.700435827214862528e+00
6.739005246276980721e+00
8.056620030272908295e+00
7.037305439027210952e+00
7.400093360144945009e+00
3.570664971883134253e+00
5.138665117230465817e+00
nan
5.365046995239046268e+00
7.767643430519360237e+00
8.391575624345117390e+00
5.813845945751872080e+00
3.678121609847747386e+00
7.069399396609181707e+00
3.122272910718008720e+00
6.745196737550668509e+00
5.747223168873246024e+00
3.570664971883134253e+00
4.846556415753923375e+00
9.052663738213082567e+00
7.159429018594957839e+00
4.554447714277378267e+00
7.400093360144945009e+00
7.159429018594957839e+00
5.868870633121037628e+00
3.433564676937145066e+00
3.570664971883134253e+00
7.329414140503756059e+00
5.416829018541045926e+00
8.953811041950869409e+00
8.497848946409929383e+00
7.400093360144945009e+00
5.813845945751872080e+00
7.621522841980299390e+00
7.730487510477146884e+00
9.270777843808971852e+00
nan
5.008123659436821917e+00
7.338366434041066810e+00
6.853176969559608089e+00
8.357636769701192847e+00
3.715204587858323304e+00
6.853176969559608089e+00
7.101759235047641283e+00
4.198307440300297344e+00
5.656922287322332821e+00
4.170745381870732515e+00
3.956646466947235208e+00
6.553977669217720958e+00
6.264380957481552770e+00
5.405955024273166210e+00
8.946487033692271496e+00
nan
6.372160729157114289e+00
8.348359692573632529e+00
nan
6.372160729157114289e+00
5.955850328099085544e+00
7.101759235047641283e+00
7.096924554952151354e+00
4.161468304743175750e+00
6.682880214569007826e+00
3.232101735416344823e+00
8.647558992915518772e+00
8.357636769701192847e+00
8.063130259836103875e+00
6.255049628440968235e+00
5.008123659436821917e+00
5.164513145184249865e+00
9.245686334034154186e+00
8.357636769701192847e+00
6.130718850068202386e+00
5.656922287322332821e+00
7.101759235047641283e+00
3.473543614505260724e+00
5.357722986980445690e+00
6.264380957481552770e+00
5.889057876715140694e+00
7.152105010336361701e+00
5.845501937002911319e+00
7.338366434041066810e+00
6.853176969559608089e+00
8.357636769701192847e+00
5.647615997626224349e+00
7.152105010336361701e+00
6.264380957481552770e+00
4.198307440300297344e+00
5.955850328099085544e+00
4.589624402349366861e+00
6.372160729157114289e+00
5.058794946203697407e+00
5.426622916524276974e+00
7.096924554952151354e+00
5.955850328099085544e+00
6.682880214569007826e+00
5.889057876715140694e+00
3.563340963624535451e+00
7.939137512613738679e+00
7.580027407394130279e+00
7.451304310678242615e+00
9.195015047267283137e+00
5.647615997626224349e+00
4.759595645861811164e+00
5.008123659436821917e+00
4.198307440300297344e+00
3.862540263966422138e+00
5.426622916524276974e+00
4.439749319389213689e+00
8.348359692573632529e+00
9.195015047267283137e+00
8.787674991366994703e+00
5.955850328099085544e+00
8.357636769701192847e+00
6.372160729157114289e+00
4.759595645861811164e+00
4.170745381870732515e+00
4.681410292742271828e+00
8.348359692573632529e+00
nan
7.580027407394130279e+00
nan
4.170745381870732515e+00
4.922852171831188173e+00
7.152105010336361701e+00
6.682880214569007826e+00
8.304572138925019331e+00
7.451304310678242615e+00
8.357636769701192847e+00
7.096924554952151354e+00
6.853176969559608089e+00
8.776515790179827192e+00
7.821469286483045735e+00
7.750232351454997115e+00
5.008123659436821917e+00
6.130718850068202386e+00
4.759595645861811164e+00
4.589624402349366861e+00
8.304572138925019331e+00
5.058794946203697407e+00
5.845501937002911319e+00
7.580027407394130279e+00
5.955850328099085544e+00
5.845501937002911319e+00
7.338366434041066810e+00
7.152105010336361701e+00
4.589624402349366861e+00
3.956646466947235208e+00
7.451304310678242615e+00
8.357636769701192847e+00
8.304572138925019331e+00
6.853176969559608089e+00
6.682880214569007826e+00
7.096924554952151354e+00
4.460667605085056664e+00
7.520258492135097228e+00
5.144907528153244591e+00
5.413623323518276464e+00
5.410556003820230941e+00
7.048039977167089631e+00
5.413623323518276464e+00
6.860083655410303294e+00
8.380319001338413898e+00
4.930301376812152192e+00
7.826289360294252262e+00
8.570545936378167085e+00
5.896507081696109154e+00
4.444350298936282861e+00
7.428666466969858106e+00
5.413623323518276464e+00
5.893439761998063631e+00
3.432174633902416616e+00
nan
nan
5.525534017956012178e+00
5.896507081696109154e+00
5.893439761998063631e+00
7.999692511535643646e+00
5.896507081696109154e+00
6.376761708704179910e+00
3.432174633902416616e+00
7.828918491464005314e+00
6.376761708704179910e+00
4.574054103310724706e+00
nan
4.927672245642398252e+00
6.857813042127337333e+00
nan
5.410556003820230941e+00
4.954680593113492293e+00
3.964095671928204112e+00
3.961466540758450172e+00
8.951172426180933783e+00
9.278446143054079442e+00
nan
7.048039977167089631e+00
7.828918491464005314e+00
nan
3.241775079139399551e+00
7.828918491464005314e+00
nan
nan
nan
7.342967413588135983e+00
4.574054103310724706e+00
6.379829028402225433e+00
7.826289360294252262e+00
8.951172426180933783e+00
nan
4.444350298936282861e+00
7.238439531930108473e+00
6.862712786580058122e+00
4.927672245642398252e+00
7.428666466969858106e+00
7.828918491464005314e+00
6.860083655410303294e+00
4.764281038350477004e+00
7.346034733286181506e+00
6.376761708704179910e+00
5.525534017956012178e+00
4.930301376812152192e+00
4.444350298936282861e+00
8.189919446575395057e+00
5.896507081696109154e+00
5.410556003820230941e+00
6.857813042127337333e+00
nan
4.927672245642398252e+00
6.477186552324569746e+00
nan
7.826289360294252262e+00
5.525534017956012178e+00
7.828918491464005314e+00
nan
4.383654548547705865e+00
nan
4.927672245642398252e+00
6.667413487364322044e+00
4.447417618634320391e+00
6.376761708704179910e+00
6.857813042127337333e+00
7.346034733286181506e+00
nan
9.141571980943952624e+00
8.795124196347963164e+00
9.275378823356041025e+00
3.432174633902416616e+00
nan
6.376761708704179910e+00
6.096560062521798606e+00
6.379829028402225433e+00
5.410556003820230941e+00
7.048039977167089631e+00
nan
5.893439761998063631e+00
9.331798915983702258e+00
8.795124196347963164e+00
8.792495065178210112e+00
7.428666466969858106e+00
5.413623323518276464e+00
6.376761708704179910e+00
8.380319001338413898e+00
5.896507081696109154e+00
4.927672245642398252e+00
6.096560062521798606e+00
4.447417618634320391e+00
7.826289360294252262e+00
5.715933572719031019e+00
7.828918491464005314e+00
8.309173118472084951e+00
8.380319001338413898e+00
9.278446143054079442e+00
nan
9.331798915983702258e+00
nan
nan
3.573614919653954836e+00
4.256951671670049286e+00
8.831834657495985397e+00
6.321084378828075501e+00
4.780550447268346659e+00
4.644943269665527730e+00
7.106126514046287923e+00
7.920718988141194572e+00
nan
4.751000108391652432e+00
7.920718988141194572e+00
6.040573732275682062e+00
7.498825595745010730e+00
5.827273294225962630e+00
5.343074970463257856e+00
7.891168649264498569e+00
5.827273294225962630e+00
5.343074970463257856e+00
3.965957973173444007e+00
8.967441835098810543e+00
nan
6.321084378828075501e+00
5.303674518627665257e+00
6.040573732275682062e+00
5.536042243609863966e+00
4.780550447268346659e+00
6.040573732275682062e+00
6.321084378828075501e+00
5.827273294225962630e+00
6.738705433073412188e+00
5.928741325308590326e+00
4.780550447268346659e+00
6.040573732275682062e+00
nan
4.780550447268346659e+00
nan
5.143699190090378792e+00
3.733827600310735129e+00
3.947444507853103079e+00
7.498825595745010730e+00
8.443843059500508730e+00
nan
3.180915837955232028e+00
4.256951671670049286e+00
8.831834657495985397e+00
4.751000108391652432e+00
6.873996141183578601e+00
nan
8.676210784482707439e+00
nan
8.134335895683561191e+00
8.283867730963221376e+00
nan
nan
6.321084378828075501e+00
8.443843059500508730e+00
nan
4.751000108391652432e+00
8.443843059500508730e+00
nan
7.498825595745010730e+00
nan
5.343074970463257856e+00
6.713783460526798308e+00
nan
5.343074970463257856e+00
5.928741325308590326e+00
5.303674518627665257e+00
7.436204194885837282e+00
8.283867730963221376e+00
8.967441835098810543e+00
nan
6.321084378828075501e+00
7.920718988141194572e+00
nan
5.928741325308590326e+00
3.210228824712432871e+00
6.738705433073412188e+00
nan
nan
5.343074970463257856e+00
9.068909866181433799e+00
nan
4.644943269665527730e+00
4.751000108391652432e+00
3.733827600310735129e+00
3.947444507853103079e+00
5.536042243609863966e+00
6.350397365585281229e+00
4.644943269665527730e+00
8.283867730963221376e+00
6.873996141183578601e+00
7.436204194885837282e+00
9.068909866181433799e+00
7.920718988141194572e+00
8.134335895683561191e+00
4.751000108391652432e+00
5.303674518627665257e+00
8.134335895683561191e+00
7.498825595745010730e+00
6.350397365585281229e+00
6.738705433073412188e+00
7.498825595745010730e+00
7.920718988141194572e+00
nan
4.751000108391652432e+00
3.210228824712432871e+00
3.249312807055373398e+00
7.106126514046287923e+00
7.920718988141194572e+00
6.738705433073412188e+00
7.891168649264498569e+00
8.443843059500508730e+00
nan
6.321084378828075501e+00
5.827273294225962630e+00
7.436204194885837282e+00
7.106126514046287923e+00
5.303674518627665257e+00
4.644943269665527730e+00
5.056885278865157929e+00
5.640104194284080386e+00
4.457934143313334374e+00
3.549604379246193542e+00
4.743320071953820438e+00
6.873229311259064112e+00
4.554458312325504465e+00
8.332084118665642691e+00
6.390345553081231422e+00
8.071447078103089368e+00
4.743320071953820438e+00
3.974612196607210102e+00
8.573874044642744607e+00
nan
4.940817901491158182e+00
9.076301011182399847e+00
9.228868240995902639e+00
7.356551257965188384e+00
8.071447078103089368e+00
nan
4.457934143313334374e+00
4.052031345785849226e+00
4.743320071953820438e+00
5.907023606375116032e+00
7.317920557310962693e+00
7.434486217639983963e+00
8.322756962849137352e+00
6.313066624231652213e+00
4.743320071953820438e+00
7.356551257965188384e+00
5.810639657691998750e+00
nan
8.322756962849137352e+00
9.076301011182399847e+00
8.332084118665642691e+00
9.288962667733093426e+00
6.061739211944468408e+00
8.332084118665642691e+00
nan
9.076301011182399847e+00
8.332084118665642691e+00
9.288962667733093426e+00
6.564166178484124536e+00
4.743320071953820438e+00
6.390345553081231422e+00
6.061739211944468408e+00
4.743320071953820438e+00
7.839435016143021073e+00
7.569020111563434128e+00
nan
7.839435016143021073e+00
8.825201456929926636e+00
6.537702095309724015e+00
4.940817901491158182e+00
5.559312245404813169e+00
8.332084118665642691e+00
7.356551257965188384e+00
5.308212691152342622e+00
5.640104194284080386e+00
5.907023606375116032e+00
6.313066624231652213e+00
nan
3.974612196607210102e+00
6.313066624231652213e+00
5.640104194284080386e+00
8.322756962849137352e+00
8.322774490390273172e+00
5.640104194284080386e+00
3.974612196607210102e+00
9.327628423469581875e+00
nan
9.288962667733093426e+00
3.549604379246193542e+00
6.537702095309724015e+00
4.457934143313334374e+00
6.815493590771307453e+00
9.228868240995902639e+00
6.873229311259064112e+00
5.810639657691998750e+00
nan
4.457934143313334374e+00
9.076301011182399847e+00
7.434486217639983963e+00
4.940817901491158182e+00
8.071447078103089368e+00
nan
3.974612196607210102e+00
6.564166178484124536e+00
9.228868240995902639e+00
7.356551257965188384e+00
6.313066624231652213e+00
nan
nan
5.559312245404813169e+00
nan
3.491728438429377857e+00
8.322774490390273172e+00
nan
3.974612196607210102e+00
7.066593145023780664e+00
3.845722170928168815e+00
5.424139848197283342e+00
8.071447078103089368e+00
6.537702095309724015e+00
6.390345553081231422e+00
7.820347523850617932e+00
4.743320071953820438e+00
3.974612196607210102e+00
3.800931791533376458e+00
7.434486217639983963e+00
6.390345553081231422e+00
7.317920557310962693e+00
4.743320071953820438e+00
5.424139848197283342e+00
6.061739211944468408e+00
4.743320071953820438e+00
8.322756962849137352e+00
5.308212691152342622e+00
5.640104194284080386e+00
7.356551257965188384e+00
3.864995876871838654e+00
6.654735527688854901e+00
4.373582851617117129e+00
8.823006824279806537e+00
8.748075731773200303e+00
8.721508523594902584e+00
5.848260218475742178e+00
8.515576144502391642e+00
7.755302818710950064e+00
8.492612673947609991e+00
nan
4.132140972528200784e+00
nan
nan
nan
9.153700787815576945e+00
7.352445269163045083e+00
5.581449529854127789e+00
5.517566254939971770e+00
8.515576144502391642e+00
7.755302818710950064e+00
5.848260218475742178e+00
3.630764035535971157e+00
3.890479999175143089e+00
4.526083990739806495e+00
8.748075731773200303e+00
7.030758087180059235e+00
6.839742482675907453e+00
4.095974189739355786e+00
8.238405671152923659e+00
3.864995876871838654e+00
5.491604652349508342e+00
8.963169496947960724e+00
5.517566254939971770e+00
7.817655423366430156e+00
6.789097113826996654e+00
4.526083990739806495e+00
3.863474602468547570e+00
3.890479999175143089e+00
7.500830596543874407e+00
4.328684756671932199e+00
8.238405671152923659e+00
4.856478141072004817e+00
7.817655423366430156e+00
3.649038120086226744e+00
7.500830596543874407e+00
8.515576144502391642e+00
4.615243824970179709e+00
8.492612673947609991e+00
7.119945681892239975e+00
3.165935267644248263e+00
4.526083990739806495e+00
4.793894910875317272e+00
8.963169496947960724e+00
3.864995876871838654e+00
3.630764035535971157e+00
3.890479999175143089e+00
5.517566254939971770e+00
8.050365990299006569e+00
4.373582851617117129e+00
4.856478141072004817e+00
6.654735527688854901e+00
5.098346677412154193e+00
6.178654368807939612e+00
6.422024960756278489e+00
3.649038120086226744e+00
nan
4.793894910875317272e+00
7.513860939622032831e+00
6.509348332343706467e+00
7.119945681892239975e+00
7.030758087180059235e+00
6.839742482675907453e+00
4.328684756671932199e+00
4.615243824970179709e+00
8.823006824279806537e+00
7.817655423366430156e+00
7.030758087180059235e+00
4.856478141072004817e+00
6.654735527688854901e+00
7.030758087180059235e+00
5.517566254939971770e+00
7.119945681892239975e+00
7.996963792064008203e+00
6.509348332343706467e+00
4.095974189739355786e+00
7.272199966268971139e+00
7.831524560079641262e+00
7.119945681892239975e+00
5.822891408943044134e+00
7.170436446211674308e+00
3.863474602468547570e+00
4.856685704059091613e+00
6.839742482675907453e+00
7.817655423366430156e+00
8.238405671152923659e+00
5.187172104607773448e+00
8.748075731773200303e+00
4.132140972528200784e+00
3.534301913336072243e+00
4.793894910875317272e+00
4.373582851617117129e+00
7.170436446211674308e+00
7.817655423366430156e+00
7.755302818710950064e+00
5.848260218475742178e+00
7.585155836095625048e+00
8.480066644505985352e+00
7.170436446211674308e+00
5.724315219282084755e+00
7.996963792064008203e+00
3.864995876871838654e+00
5.491604652349508342e+00
5.822891408943044134e+00
4.526083990739806495e+00
7.119945681892239975e+00
8.480066644505985352e+00
5.187172104607773448e+00
5.026394498146123269e+00
8.238405671152923659e+00
8.281925759076473881e+00
nan
5.856230252803935166e+00
4.095034371246016214e+00
7.376707930266626079e+00
nan
nan
nan
4.809507405846316530e+00
3.143381836877460422e+00
4.934196385952530406e+00
nan
8.852779183918993766e+00
nan
nan
3.714407881443245074e+00
3.189816542436163083e+00
nan
7.520672779470935154e+00
5.283262236351397689e+00
5.333106181444617455e+00
4.856287350851554940e+00
3.538565923342375630e+00
7.426077171120862630e+00
7.710899714510686564e+00
nan
4.286383334486998820e+00
9.043178738682012607e+00
nan
nan
7.330273224707919866e+00
6.678892698961545804e+00
nan
8.472152694116225291e+00
6.329826848562684738e+00
6.379829028402227209e+00
5.807767265496842413e+00
3.887631773741243357e+00
5.856230252803935166e+00
7.330273224707919866e+00
4.585447005046317415e+00
3.762784558888706776e+00
7.140046289668166679e+00
7.376707930266626079e+00
nan
6.569020245102381139e+00
3.887631773741243357e+00
4.286383334486998820e+00
6.378793310062628841e+00
7.027642079867758795e+00
nan
6.569020245102381139e+00
6.678892698961545804e+00
5.333106181444617455e+00
6.569020245102381139e+00
5.283262236351397689e+00
7.949675946719155561e+00
6.569020245102381139e+00
nan
3.239660487529388622e+00
9.043178738682012607e+00
7.027642079867758795e+00
5.856230252803935166e+00
7.901299269273705406e+00
5.283262236351397689e+00
4.809507405846316530e+00
7.901299269273705406e+00
nan
nan
5.427140775694074826e+00
7.027642079867758795e+00
5.333106181444617455e+00
6.188393755299613552e+00
5.632011617257603575e+00
nan
4.665887796088536099e+00
5.283262236351397689e+00
nan
6.949646734905148726e+00
nan
3.762784558888706776e+00
6.759419799865399980e+00
nan
nan
7.710899714510686564e+00
6.678892698961545804e+00
8.996398793676773309e+00
7.710899714510686564e+00
5.981077467656472635e+00
6.902953099761544919e+00
9.233405673721764018e+00
nan
3.762784558888706776e+00
5.427140775694074826e+00
3.189816542436163083e+00
4.809507405846316530e+00
8.091526204313458592e+00
5.632011617257603575e+00
5.333106181444617455e+00
4.856287350851554940e+00
8.074523161571701024e+00
nan
7.710899714510686564e+00
8.423272542477914016e+00
nan
8.852779183918993766e+00
7.027642079867758795e+00
6.902953099761544919e+00
4.665887796088536099e+00
3.887631773741243357e+00
8.473274722317455598e+00
4.475660861048783801e+00
4.934196385952530406e+00
4.809507405846316530e+00
4.285261306285768512e+00
8.074523161571701024e+00
nan
7.901299269273705406e+00
nan
7.426077171120862630e+00
3.615496780011506761e+00
9.252264378488636254e+00
8.240194940976779847e+00
6.755535856091899660e+00
8.466866215091190639e+00
7.193472094019165652e+00
5.042716651979440634e+00
4.542011567179372378e+00
8.240194940976779847e+00
7.897415325500208638e+00
7.682180108052211409e+00
8.240194940976779847e+00
5.613656386683594235e+00
3.756613403781919658e+00
6.669873318420869168e+00
7.612074922940580635e+00
7.682180108052211409e+00
8.240194940976779847e+00
7.326475590796054149e+00
5.326697674218342726e+00
5.100026400103939928e+00
3.615496780011506761e+00
6.112095837615788341e+00
9.286917787934390489e+00
3.900837182571132544e+00
nan
7.193472094019165652e+00
4.757376249419811742e+00
nan
3.529704777548023031e+00
7.326475590796054149e+00
6.112095837615788341e+00
6.146749247061549681e+00
3.900837182571132544e+00
5.326697674218342726e+00
nan
6.470195453532274321e+00
6.112095837615788341e+00
4.053303553146324845e+00
4.757376249419811742e+00
nan
8.240194940976779847e+00
6.755535856091899660e+00
nan
4.053303553146324845e+00
8.468355060204361351e+00
6.896781944654765795e+00
5.623150471463253197e+00
9.039294794908514064e+00
nan
8.240194940976779847e+00
8.183014657644733347e+00
nan
nan
3.900837182571132544e+00
8.466866215091190639e+00
6.669873318420869168e+00
4.186436514715660806e+00
3.756613403781919658e+00
4.053303553146324845e+00
8.183014657644733347e+00
9.252264378488636254e+00
6.669873318420869168e+00
4.471776917275287033e+00
5.326697674218342726e+00
5.623150471463253197e+00
3.615496780011506761e+00
5.326697674218342726e+00
8.240194940976779847e+00
5.899255718828120720e+00
6.896781944654765795e+00
nan
8.753954392348887836e+00
nan
4.053303553146324845e+00
4.186436514715660806e+00
6.112095837615788341e+00
4.576427624505638114e+00
3.900837182571132544e+00
6.896781944654765795e+00
7.716596165378483363e+00
5.613656386683594235e+00
nan
5.100026400103939928e+00
6.184596121387746059e+00
5.326697674218342726e+00
7.193472094019165652e+00
4.186436514715660806e+00
4.542011567179372378e+00
5.100026400103939928e+00
8.183014657644733347e+00
4.542011567179372378e+00
6.669873318420869168e+00
7.897415325500208638e+00
3.756613403781919658e+00
9.286917787934390489e+00
4.757376249419811742e+00
5.326697674218342726e+00
5.623150471463253197e+00
5.613656386683594235e+00
6.896781944654765795e+00
6.146749247061549681e+00
6.184596121387746059e+00
5.326697674218342726e+00
4.053303553146324845e+00
6.755535856091899660e+00
7.682180108052211409e+00
6.146749247061549681e+00
5.899255718828120720e+00
nan
5.623150471463253197e+00
4.186436514715660806e+00
7.682180108052211409e+00
8.240194940976779847e+00
9.039294794908514064e+00
nan
9.286917787934390489e+00
3.329897447866978499e+00
6.896781944654765795e+00
4.576427624505638114e+00
nan
3.733827600310734685e+00
5.695848034918945757e+00
5.624642399071484888e+00
9.229478575017450837e+00
5.695848034918945757e+00
nan
6.873996141183582154e+00
7.938622119439978420e+00
4.727044498045831489e+00
7.659394304581027768e+00
7.041431107762027075e+00
5.624642399071484888e+00
3.733827600310734685e+00
5.247049084406115504e+00
4.727044498045831489e+00
5.303911870747158197e+00
4.349858072728164160e+00
8.315808544757659959e+00
7.659394304581027768e+00
8.835813131117937758e+00
7.419024422427398235e+00
nan
3.901466011563034186e+00
nan
nan
4.798657023240985531e+00
nan
5.303911870747158197e+00
nan
nan
5.303911870747158197e+00
5.247049084406115504e+00
5.624642399071484888e+00
5.303911870747158197e+00
7.490230058274857328e+00
5.624642399071484888e+00
nan
4.349858072728164160e+00
4.727044498045831489e+00
5.303911870747158197e+00
7.041431107762027075e+00
3.830260375715578647e+00
nan
3.452667061050208375e+00
nan
5.303911870747158197e+00
6.144240096084075731e+00
nan
4.519225763708186960e+00
7.490230058274857328e+00
5.624642399071484888e+00
nan
7.041431107762027075e+00
5.624642399071484888e+00
6.089310034144610917e+00
4.798657023240985531e+00
3.830260375715578647e+00
6.873996141183582154e+00
6.593039046596897101e+00
8.315808544757659959e+00
8.444080411620005222e+00
6.144240096084075731e+00
nan
9.229478575017450837e+00
nan
9.213406445783311582e+00
nan
5.695848034918945757e+00
5.624642399071484888e+00
6.089310034144610917e+00
7.938622119439978420e+00
9.213406445783311582e+00
nan
3.452667061050208375e+00
5.624642399071484888e+00
7.659394304581027768e+00
6.593039046596897101e+00
3.830260375715578647e+00
5.303911870747158197e+00
4.798657023240985531e+00
nan
4.519225763708186960e+00
7.041431107762027075e+00
nan
3.733827600310734685e+00
9.284612081630760017e+00
nan
4.519225763708186960e+00
7.938622119439978420e+00
3.830260375715578647e+00
5.303911870747158197e+00
4.798657023240985531e+00
nan
nan
3.452667061050208375e+00
5.624642399071484888e+00
5.303911870747158197e+00
7.041431107762027075e+00
6.521426521401744836e+00
8.444080411620005222e+00
7.490230058274857328e+00
5.624642399071484888e+00
5.303911870747158197e+00
3.452667061050208375e+00
nan
4.519225763708186960e+00
6.593039046596897101e+00
5.624642399071484888e+00
nan
4.798657023240985531e+00
nan
nan
9.284612081630760017e+00
7.419024422427398235e+00
6.873996141183582154e+00
7.490230058274857328e+00
5.624642399071484888e+00
7.659394304581027768e+00
6.144240096084075731e+00
nan
3.280959756320908749e+00
7.292814744759068546e+00
6.156631726218565248e+00
5.898004225834435843e+00
6.150935275350764897e+00
3.302191982282697502e+00
7.991449919749666009e+00
6.721616080470022681e+00
5.585950921099309241e+00
9.038172766707281980e+00
nan
4.444071451691005592e+00
6.421128297193753554e+00
8.434694214167381077e+00
nan
nan
nan
7.869709859915925421e+00
6.944727072792050926e+00
5.579736611061713702e+00
6.156631726218565248e+00
5.898004225834435843e+00
5.579736611061713702e+00
5.585950921099309241e+00
5.374405450236139359e+00
5.579736611061713702e+00
nan
4.851281378876820760e+00
7.863495549878324553e+00
nan
nan
nan
8.440390665035176099e+00
6.944727072792050926e+00
6.150935275350764897e+00
6.727830390507616443e+00
6.421128297193753554e+00
6.150935275350764897e+00
4.444071451691005592e+00
6.421128297193753554e+00
8.434694214167381077e+00
9.011589329324232622e+00
nan
4.437857141653406501e+00
6.156631726218565248e+00
4.327682603278523388e+00
7.292814744759068546e+00
nan
5.898004225834435843e+00
nan
4.444071451691005592e+00
4.851281378876820760e+00
5.009055805942457695e+00
6.727830390507616443e+00
7.991449919749666009e+00
5.579736611061713702e+00
6.727830390507616443e+00
6.421128297193753554e+00
5.579736611061713702e+00
5.014752256810257158e+00
5.374405450236139359e+00
5.009055805942457695e+00
6.727830390507616443e+00
7.467851144151364196e+00
8.434694214167381077e+00
8.440390665035176099e+00
nan
3.295977672245097967e+00
5.014752256810257158e+00
5.374405450236139359e+00
5.579736611061713702e+00
6.156631726218565248e+00
7.467851144151364196e+00
nan
7.869709859915925421e+00
5.374405450236139359e+00
7.292814744759068546e+00
nan
3.280959756320908749e+00
4.437857141653406501e+00
5.014752256810257158e+00
6.944727072792050926e+00
nan
nan
5.898004225834435843e+00
nan
nan
3.804558531919210118e+00
7.292814744759068546e+00
nan
3.280959756320908749e+00
3.867176336534149605e+00
7.869709859915925421e+00
6.944727072792050926e+00
6.150935275350764897e+00
5.585950921099309241e+00
4.851281378876820760e+00
3.867176336534149605e+00
5.014752256810257158e+00
7.991449919749666009e+00
nan
4.444071451691005592e+00
nan
6.150935275350764897e+00
6.727830390507616443e+00
7.467851144151364196e+00
7.863495549878324553e+00
nan
4.851281378876820760e+00
7.292814744759068546e+00
5.014752256810257158e+00
5.374405450236139359e+00
5.579736611061713702e+00
6.727830390507616443e+00
6.944727072792050926e+00
7.292814744759068546e+00
5.014752256810257158e+00
5.898004225834435843e+00
6.721616080470022681e+00
7.316325551067979660e+00
6.446175926744799334e+00
5.209841314055349670e+00
7.316325551067979660e+00
6.446175926744799334e+00
5.209841314055349670e+00
3.129434163237521993e+00
7.923902298920255660e+00
8.001102239275653005e+00
5.641568995935799080e+00
7.554638248548972257e+00
8.698917470580733280e+00
6.478947273501887594e+00
7.554638248548972257e+00
8.350168089674520289e+00
5.641568995935799080e+00
4.599185504198058716e+00
3.116395620140121281e+00
6.060448016414436978e+00
8.293501434636697311e+00
5.907656545360424616e+00
6.478947273501887594e+00
7.185039112832523500e+00
7.303287007970578060e+00
3.548313183716163444e+00
nan
3.814210851445195338e+00
7.316325551067979660e+00
5.707312740657074279e+00
7.303287007970578060e+00
6.478947273501887594e+00
7.185039112832523500e+00
6.954537627064366845e+00
5.223069738848344912e+00
4.968449554569343007e+00
3.814210851445195338e+00
3.548313183716163444e+00
9.032364620724429471e+00
8.001102239275653005e+00
6.478947273501887594e+00
7.185039112832523500e+00
4.163276701844063510e+00
6.060448016414436978e+00
8.662765485007980715e+00
nan
4.385691461282251957e+00
6.076911876373515931e+00
3.814210851445195338e+00
7.735204571546621111e+00
7.923902298920255660e+00
7.652352858369447119e+00
nan
3.121459132022605498e+00
4.512026082750269396e+00
5.641568995935799080e+00
4.229586368481617953e+00
6.605471776665504891e+00
6.060448016414436978e+00
3.860322318110333661e+00
5.209841314055349670e+00
6.478947273501887594e+00
5.338048690285790876e+00
7.652352858369447119e+00
5.641568995935799080e+00
nan
6.605471776665504891e+00
6.478947273501887594e+00
4.229586368481617953e+00
5.209841314055349670e+00
6.897826293980529044e+00
7.185039112832523500e+00
6.954537627064366845e+00
4.385691461282251957e+00
3.860322318110333661e+00
8.001102239275653005e+00
8.991082106200163793e+00
nan
3.814210851445195338e+00
5.641568995935799080e+00
5.338048690285790876e+00
4.512026082750269396e+00
7.735204571546621111e+00
6.815775062461247202e+00
5.558907164454211625e+00
7.316325551067979660e+00
7.554638248548972257e+00
7.303287007970578060e+00
6.060448016414436978e+00
5.338048690285790876e+00
4.163276701844063510e+00
6.060448016414436978e+00
6.076911876373515931e+00
5.558907164454211625e+00
8.153703828634071726e+00
7.554638248548972257e+00
6.605471776665504891e+00
6.897826293980529044e+00
7.923902298920255660e+00
4.861091933149137567e+00
6.060448016414436978e+00
3.490723182393888901e+00
6.954537627064366845e+00
3.129434163237521993e+00
4.599185504198058716e+00
5.558907164454211625e+00
nan
4.599185504198058716e+00
5.558907164454211625e+00
nan
nan
nan
4.804190718369707014e+00
6.076911876373515931e+00
3.116395620140121281e+00
4.804190718369707014e+00
5.338048690285790876e+00
5.209841314055349670e+00
8.153703828634071726e+00
nan
5.558907164454211625e+00
7.046313779934424204e+00
7.614405289204679406e+00
9.316032981258693724e+00
4.191356176828757718e+00
3.617568216690703942e+00
nan
7.616994585053674882e+00
nan
7.222270817850803937e+00
nan
3.617568216690703942e+00
4.431009892630500602e+00
6.475115115645369457e+00
8.756284758612988384e+00
7.920402518648540280e+00
4.762554841117811577e+00
8.185086094323931860e+00
7.920402518648540280e+00
8.188193249342731406e+00
6.472525819796372204e+00
4.431009892630500602e+00
9.330072718751038607e+00
7.614405289204679406e+00
5.826640355240655822e+00
4.762554841117811577e+00
5.901327155507320121e+00
7.920402518648540280e+00
5.904434310526116114e+00
7.614405289204679406e+00
6.524772056038385060e+00
4.762554841117811577e+00
4.188766880979756024e+00
3.733511130818076396e+00
8.758874054461982084e+00
nan
7.222270817850803937e+00
6.475115115645369457e+00
8.756284758612988384e+00
7.222270817850803937e+00
nan
4.188766880979756024e+00
nan
nan
nan
7.222270817850803937e+00
8.188193249342731406e+00
7.043206624915622882e+00
6.524772056038385060e+00
6.475115115645369457e+00
5.901327155507320121e+00
5.826640355240655822e+00
5.333235646237064920e+00
6.472525819796372204e+00
7.920402518648540280e+00
5.904434310526116114e+00
7.043206624915622882e+00
nan
8.188193249342731406e+00
8.185086094323931860e+00
5.826640355240655822e+00
8.758874054461982084e+00
5.901327155507320121e+00
8.617901280460959157e+00
8.188193249342731406e+00
6.472525819796372204e+00
5.826640355240655822e+00
nan
3.617568216690703942e+00
7.920402518648540280e+00
4.762554841117811577e+00
8.756284758612988384e+00
6.524772056038385060e+00
5.904434310526116114e+00
4.759447686099012031e+00
3.733511130818076396e+00
7.046313779934424204e+00
6.472525819796372204e+00
5.826640355240655822e+00
3.620157512539703859e+00
7.043206624915622882e+00
5.826640355240655822e+00
4.762554841117811577e+00
4.759447686099012031e+00
5.826640355240655822e+00
8.188193249342731406e+00
6.472525819796372204e+00
5.826640355240655822e+00
7.616994585053674882e+00
7.043206624915622882e+00
6.524772056038385060e+00
6.475115115645369457e+00
7.614405289204679406e+00
5.129141593428230728e+00
5.333235646237064920e+00
3.617568216690703942e+00
7.222270817850803937e+00
nan
7.614405289204679406e+00
nan
6.475115115645369457e+00
5.330646350388063226e+00
4.431009892630500602e+00
7.046313779934424204e+00
4.188766880979756024e+00
5.129141593428230728e+00
7.046313779934424204e+00
6.472525819796372204e+00
7.222270817850803937e+00
3.620157512539703859e+00
7.043206624915622882e+00
3.733511130818076396e+00
9.330072718751038607e+00
8.185086094323931860e+00
7.920402518648540280e+00
5.333235646237064920e+00
7.614405289204679406e+00
5.826640355240655822e+00
5.333235646237064920e+00
5.330646350388063226e+00
6.524772056038385060e+00
5.042696734319063623e+00
6.034813987509348721e+00
3.116097766499974053e+00
8.665858580501810238e+00
nan
5.701951375134441946e+00
6.975108144086966888e+00
3.103990016028029597e+00
3.485361816871251239e+00
3.351727203640074038e+00
7.081441893619168759e+00
7.549276883026342588e+00
4.559593881877087362e+00
3.731928783354803159e+00
6.071550510850883597e+00
nan
6.662752754836124502e+00
nan
3.834830056082050742e+00
7.918820171185261714e+00
3.854960952587699552e+00
5.042696734319063623e+00
7.500131032402212128e+00
6.810413696938616646e+00
6.733447170733906972e+00
9.174887587534398037e+00
7.918540933397625992e+00
4.801035760966003707e+00
4.360057432377168141e+00
8.288140069114067643e+00
3.834830056082050742e+00
3.941368293594120331e+00
3.485361816871251239e+00
5.284138613407977303e+00
4.987996199703939482e+00
4.963088189046709786e+00
4.076491029435111102e+00
4.778746571160212397e+00
6.071550510850883597e+00
7.216550023175882345e+00
6.872192265075440787e+00
8.288140069114067643e+00
4.559593881877087362e+00
3.941368293594120331e+00
7.179677747309893832e+00
3.110285324551160357e+00
4.360057432377168141e+00
6.440814561222167889e+00
6.250344318291929824e+00
6.244063616053075805e+00
7.549276883026342588e+00
6.492005291644989740e+00
8.756198448751353780e+00
7.918540933397625992e+00
6.250344318291929824e+00
6.453503126292396530e+00
4.963088189046709786e+00
4.801035760966003707e+00
7.081441893619168759e+00
3.854960952587699552e+00
4.076491029435111102e+00
6.244063616053075805e+00
6.071550510850883597e+00
5.042696734319063623e+00
6.872192265075440787e+00
5.701951375134441946e+00
6.975108144086966888e+00
5.197435709943260207e+00
nan
7.941313848970919409e+00
9.174887587534398037e+00
nan
3.593388176993136618e+00
6.872192265075440787e+00
6.440814561222167889e+00
6.733447170733906972e+00
4.987996199703939482e+00
nan
6.492005291644989740e+00
6.662752754836124502e+00
6.440814561222167889e+00
5.525799586761039883e+00
8.128259681424577110e+00
6.071550510850883597e+00
4.559593881877087362e+00
5.197435709943260207e+00
6.440814561222167889e+00
6.733447170733906972e+00
5.616124848726304464e+00
4.963088189046709786e+00
7.941313848970919409e+00
4.987996199703939482e+00
6.810413696938616646e+00
6.250344318291929824e+00
3.941368293594120331e+00
5.332687324763158543e+00
7.699652875617857717e+00
8.128259681424577110e+00
6.440814561222167889e+00
6.250344318291929824e+00
6.034813987509348721e+00
7.179677747309893832e+00
6.492005291644989740e+00
6.872192265075440787e+00
4.224225002958983843e+00
6.975108144086966888e+00
6.453503126292396530e+00
7.179677747309893832e+00
8.907519553854870153e+00
5.616124848726304464e+00
7.179677747309893832e+00
5.767241465849954452e+00
8.965637958990670953e+00
5.701951375134441946e+00
5.767241465849954452e+00
4.778746571160212397e+00
3.485361816871251239e+00
6.250344318291929824e+00
4.360057432377168141e+00
8.657404119485352822e+00
3.932336529464601327e+00
6.876103828004667129e+00
3.768575950604295954e+00
4.478452797442487920e+00
4.615296407593572070e+00
6.280710783302572153e+00
5.843619631498772726e+00
3.610442474514261146e+00
8.164527085282887953e+00
4.478452797442487920e+00
5.620150340672882550e+00
5.652392252584610866e+00
3.386220261486714733e+00
7.629858206831505285e+00
nan
3.659154559587229016e+00
4.363968995306391818e+00
6.280710783302572153e+00
5.297503363520886133e+00
8.885811694163285424e+00
nan
3.932336529464601327e+00
4.866395961846045282e+00
8.164527085282887953e+00
4.205270827565112945e+00
3.108015507974607683e+00
nan
8.847382941265577116e+00
6.122577307212536013e+00
3.768575950604295954e+00
6.662917869354031630e+00
3.108015507974607683e+00
6.908459668933755182e+00
7.481968435432429843e+00
6.625004273752194806e+00
nan
3.932336529464601327e+00
nan
6.908459668933755182e+00
5.024569065420374514e+00
4.866395961846045282e+00
6.280710783302572153e+00
7.481968435432429843e+00
6.625004273752194806e+00
8.792845616000850129e+00
5.843619631498772726e+00
8.132285173371158749e+00
5.024643366953440271e+00
3.932336529464601327e+00
6.625004273752194806e+00
nan
5.024569065420374514e+00
nan
6.908459668933755182e+00
6.389735899476659320e+00
7.629858206831505285e+00
nan
6.116801601376145037e+00
4.363968995306391818e+00
nan
5.024569065420374514e+00
4.112869441053918607e+00
nan
8.028084703410318212e+00
7.378530794544319704e+00
5.024643366953440271e+00
4.205270827565112945e+00
7.127431240291848269e+00
8.164527085282887953e+00
7.755150405309805706e+00
6.625004273752194806e+00
8.792845616000850129e+00
5.024569065420374514e+00
3.359115062227080895e+00
8.792845616000850129e+00
3.386220261486714733e+00
4.363968995306391818e+00
7.536778199651704924e+00
nan
nan
nan
3.659154559587229016e+00
6.625004273752194806e+00
7.536778199651704924e+00
7.481968435432429843e+00
8.634712139910812212e+00
6.908459668933755182e+00
8.301266673287688747e+00
7.629858206831505285e+00
5.652392252584610866e+00
4.751387095542999539e+00
5.871249894925355761e+00
nan
8.301266673287688747e+00
7.127431240291848269e+00
nan
4.205270827565112945e+00
4.363968995306391818e+00
5.652392252584610866e+00
4.751387095542999539e+00
3.861542028766733914e+00
nan
7.209034137331915559e+00
5.871249894925355761e+00
6.280710783302572153e+00
3.932336529464601327e+00
8.885811694163285424e+00
nan
5.570685333398259331e+00
7.880957761083973168e+00
6.280710783302572153e+00
nan
nan
nan
6.662917869354031630e+00
4.866395961846045282e+00
3.140257419886345325e+00
7.209034137331915559e+00
6.876103828004667129e+00
nan
nan
6.366157546319512583e+00
6.286096518668482958e+00
nan
7.622224962668644466e+00
8.569855457485099137e+00
3.228552408337179269e+00
3.225704182903284867e+00
3.431397845147714953e+00
6.996754657384594012e+00
nan
3.145798513003192021e+00
6.369005771753412759e+00
nan
3.716738247707343401e+00
8.881140604451688958e+00
nan
6.286096518668482958e+00
4.484619824686317813e+00
8.878292379017789671e+00
5.429557451819802871e+00
8.881140604451688958e+00
nan
6.857036253372639223e+00
7.625073188102545529e+00
7.622224962668644466e+00
5.429557451819802871e+00
nan
nan
3.716738247707343401e+00
nan
5.110090129970379813e+00
8.855195860044727141e+00
nan
5.110090129970379813e+00
6.000497186523960025e+00
6.996754657384594012e+00
8.878292379017789671e+00
6.571436921228110961e+00
8.881140604451688958e+00
nan
4.002337579851871219e+00
6.996754657384594012e+00
nan
7.998915722780942872e+00
nan
4.481771599252417637e+00
6.571436921228110961e+00
nan
4.481771599252417637e+00
5.715156783964331133e+00
6.996754657384594012e+00
7.622224962668644466e+00
5.144217049260173980e+00
6.369005771753412759e+00
5.737839015601550408e+00
6.857036253372639223e+00
3.228552408337179269e+00
3.225704182903284867e+00
3.431397845147714953e+00
6.369005771753412759e+00
6.366157546319512583e+00
7.998915722780942872e+00
nan
4.481771599252417637e+00
5.144217049260173980e+00
7.625073188102545529e+00
nan
6.571436921228110961e+00
nan
nan
5.715156783964331133e+00
6.369005771753412759e+00
nan
3.431397845147714953e+00
3.228552408337179269e+00
7.622224962668644466e+00
7.142376655932261897e+00
nan
nan
nan
3.856870939055135672e+00
nan
4.858617717115651047e+00
5.740687241035455912e+00
6.366157546319512583e+00
7.713316390636418163e+00
nan
nan
7.142376655932261897e+00
3.856870939055135672e+00
4.481771599252417637e+00
4.002337579851871219e+00
6.369005771753412759e+00
6.366157546319512583e+00
7.713316390636418163e+00
8.252822073733726782e+00
nan
4.573277314556023043e+00
3.856870939055135672e+00
6.366157546319512583e+00
6.000497186523960025e+00
6.996754657384594012e+00
8.878292379017789671e+00
6.571436921228110961e+00
5.740687241035455912e+00
5.110090129970379813e+00
8.855195860044727141e+00
8.252822073733726782e+00
nan
4.002337579851871219e+00
nan
nan
3.145798513003192021e+00
4.484619824686317813e+00
8.249973848299827495e+00
7.142376655932261897e+00
3.856870939055135672e+00
5.737839015601550408e+00
5.144217049260173980e+00
8.133267811145850956e+00
8.267253082598818636e+00
7.607414190412384869e+00
6.170484459010704192e+00
6.522556769589796133e+00
5.894594986299924955e+00
3.815358053356072698e+00
5.475992157378509972e+00
5.609254583740296951e+00
4.993099270273007484e+00
5.126926306979644465e+00
4.467375114331989749e+00
6.170484459010704192e+00
8.616002463505024522e+00
9.320233394524844783e+00
3.815358053356072698e+00
6.173807388683584030e+00
7.036474455708233933e+00
4.600400188574281124e+00
8.267253082598818636e+00
5.894594986299924955e+00
6.955526594228915727e+00
5.475992157378509972e+00
7.036474455708233933e+00
5.385442323792492658e+00
5.126926306979644465e+00
8.463953257261064067e+00
nan
5.126926306979644465e+00
nan
7.740568729447128149e+00
8.616002463505024522e+00
7.893013522556913131e+00
6.955526594228915727e+00
5.475992157378509972e+00
3.896435379627837925e+00
7.348225675927638534e+00
7.220372000894876408e+00
6.180194318444448776e+00
6.563183540709427888e+00
5.475992157378509972e+00
8.463953257261064067e+00
8.918309946364061602e+00
7.569437851293738362e+00
5.609254583740296951e+00
3.423014999836583971e+00
nan
3.325495644923681215e+00
nan
4.429111075674567743e+00
4.752715516891617753e+00
8.525610864665335242e+00
6.522556769589796133e+00
4.467375114331989749e+00
6.563183540709427888e+00
4.429111075674567743e+00
5.323655251595768689e+00
7.348225675927638534e+00
7.569437851293738362e+00
9.320233394524844783e+00
6.563183540709427888e+00
8.616002463505024522e+00
7.036474455708233933e+00
6.170484459010704192e+00
6.871622619988664304e+00
6.180194318444448776e+00
5.778141405491219018e+00
6.871622619988664304e+00
6.465534721004077667e+00
6.563183540709427888e+00
5.126926306979644465e+00
3.610836047483309663e+00
6.955526594228915727e+00
5.824741538284722964e+00
8.178353925116535805e+00
6.955526594228915727e+00
5.475992157378509972e+00
7.607414190412384869e+00
4.993099270273007484e+00
4.429111075674567743e+00
3.325495644923681215e+00
7.740568729447128149e+00
7.918187232199951353e+00
7.036474455708233933e+00
4.208057135054795950e+00
5.126926306979644465e+00
5.323655251595768689e+00
6.563183540709427888e+00
7.220372000894876408e+00
6.751134053148605929e+00
4.993099270273007484e+00
4.429111075674567743e+00
7.322073787852756865e+00
6.170484459010704192e+00
4.080361694768355640e+00
5.038314849036146015e+00
nan
nan
4.752715516891617753e+00
5.778141405491219018e+00
7.569437851293738362e+00
8.178353925116535805e+00
8.918309946364061602e+00
nan
4.752715516891617753e+00
4.993099270273007484e+00
3.731295844369490577e+00
9.320233394524844783e+00
5.778141405491219018e+00
5.475992157378509972e+00
4.752715516891617753e+00
7.740568729447128149e+00
6.522556769589796133e+00
4.752715516891617753e+00
5.778141405491219018e+00
9.313817694810104797e+00
6.751134053148605929e+00
4.600400188574281124e+00
7.220372000894876408e+00
7.893013522556913131e+00
