5.379070767524183339e-01
-4.447134359701467865e-01
-6.643288788960428626e-01
-1.555728498858399034e+00
-4.447134359701467865e-01
1.428642110780206309e+00
-1.555728498858399034e+00
1.839045502846460955e+00
3.823939680615873193e-01
1.375285354318505959e+00
1.268364697727213830e+00
9.055180394208965922e-01
-2.994712008136697357e-01
-1.586592905378470642e+00
-1.711051725853653949e+00
5.379070767524183339e-01
2.409726307965708081e+00
nan
9.564063338398796077e-01
2.409726307965708081e+00
nan
-2.994712008136697357e-01
-1.015394241089413896e+00
-6.643288788960428626e-01
2.212663631884608684e+00
1.264852283188901971e-01
-1.187927654494326024e+00
2.212663631884608684e+00
nan
-1.187927654494326024e+00
-1.137229241770951971e+00
1.839045502846460955e+00
9.055180394208965922e-01
1.375285354318505959e+00
2.409726307965708081e+00
nan
-7.183502212923107422e-01
-1.586592905378470642e+00
-1.187927654494326024e+00
-1.137229241770951971e+00
2.980924972254764604e+00
nan
1.190280562737773273e-01
1.264852283188901971e-01
3.823939680615873193e-01
1.793784611405968121e+00
-1.015394241089413896e+00
-1.711051725853653949e+00
-1.137229241770951971e+00
-4.447134359701467865e-01
1.428642110780206309e+00
-2.393106776424486881e+00
1.268364697727213830e+00
3.823939680615873193e-01
nan
nan
-1.187927654494326024e+00
5.379070767524183339e-01
6.971660334381573065e-01
1.428642110780206309e+00
3.049662146059502810e+00
nan
nan
3.049662146059502810e+00
nan
-6.643288788960428626e-01
1.375285354318505959e+00
1.264852283188901971e-01
-6.643288788960428626e-01
-1.137229241770951971e+00
-4.447134359701467865e-01
9.055180394208965922e-01
-2.994712008136697357e-01
-1.015394241089413896e+00
-1.412048075367144939e-01
2.212663631884608684e+00
1.268364697727213830e+00
3.823939680615873193e-01
1.190280562737773273e-01
2.409726307965708081e+00
3.823939680615873193e-01
5.379070767524183339e-01
-1.586592905378470642e+00
1.952240886378508122e+00
9.564063338398796077e-01
-1.015394241089413896e+00
-2.757774572811265479e+00
-1.555728498858399034e+00
-1.586592905378470642e+00
-1.412048075367144939e-01
1.793784611405968121e+00
2.409726307965708081e+00
2.998963733336119653e+00
nan
-1.586592905378470642e+00
2.475839661976809936e+00
1.375285354318505959e+00
-4.447134359701467865e-01
-2.234650501451955762e+00
-7.183502212923107422e-01
-1.586592905378470642e+00
-1.187927654494326024e+00
nan
nan
nan
-2.994712008136697357e-01
-4.447134359701467865e-01
-1.412048075367144939e-01
2.631162888972055747e+00
1.264852283188901971e-01
9.055180394208965922e-01
-2.393106776424486881e+00
1.268364697727213830e+00
9.055180394208965922e-01
5.379070767524183339e-01
nan
-1.187927654494326024e+00
5.379070767524183339e-01
-1.015394241089413896e+00
-1.711051725853653949e+00
-6.806270577677877576e-01
-1.648865470546879930e+00
4.986965066124144919e-01
-1.029376438674006522e+00
-8.634673071494280983e-01
2.592142200527655760e+00
-2.425006901284154637e+00
2.276701233723429141e+00
nan
-2.774072751683022808e+00
nan
-5.480263403451970383e-01
-2.774072751683022808e+00
-8.634673071494280983e-01
1.022295282210716749e+00
-1.029376438674006522e+00
1.492015126684438364e+00
4.986965066124144919e-01
-3.315612073689200301e-01
nan
nan
-2.425006901284154637e+00
-1.648865470546879930e+00
-1.594749187302808346e+00
3.659375544434926297e-01
-1.648865470546879930e+00
-1.071625115943498852e+00
-1.029376438674006522e+00
7.066169632869865325e-01
-5.480263403451970383e-01
-2.774072751683022808e+00
7.066169632869865325e-01
2.592142200527655760e+00
3.659375544434926297e-01
7.066169632869865325e-01
2.592142200527655760e+00
3.157514949156463580e+00
2.276701233723429141e+00
-2.442756474689478097e-02
1.761884486546303030e+00
-8.634673071494280983e-01
1.022295282210716749e+00
1.761884486546303030e+00
7.066169632869865325e-01
4.986965066124144919e-01
7.150034048423603572e-01
3.062099397120853439e+00
1.022295282210716749e+00
-1.378442289072861815e+00
nan
-1.071625115943498852e+00
-1.727191669979080579e+00
-8.634673071494280983e-01
-1.594749187302808346e+00
7.150034048423603572e-01
-2.433551577585842729e+00
2.592142200527655760e+00
-1.029376438674006522e+00
2.276701233723429141e+00
1.022295282210716749e+00
1.412818636147434859e+00
nan
-2.117873258662117841e+00
-1.029376438674006522e+00
nan
-1.594749187302808346e+00
-1.727191669979080579e+00
7.066169632869865325e-01
4.986965066124144919e-01
-6.806270577677877576e-01
nan
-2.641472034260419655e+00
-6.806270577677877576e-01
-2.433551577585842729e+00
-2.442756474689478097e-02
-3.315612073689200301e-01
-7.806914375197626654e-02
-1.071625115943498852e+00
-1.727191669979080579e+00
-1.648865470546879930e+00
2.592142200527655760e+00
1.412818636147434859e+00
-1.648865470546879930e+00
2.069018129168327391e+00
-6.806270577677877576e-01
nan
2.592142200527655760e+00
-2.425006901284154637e+00
-7.806914375197626654e-02
-1.594749187302808346e+00
-6.806270577677877576e-01
-8.634673071494280983e-01
1.022295282210716749e+00
1.412818636147434859e+00
7.066169632869865325e-01
4.986965066124144919e-01
-1.378442289072861815e+00
-1.648865470546879930e+00
1.545419353570044230e+00
nan
2.276701233723429141e+00
nan
2.110633867452521351e+00
-7.806914375197626654e-02
-1.594749187302808346e+00
7.150034048423603572e-01
nan
-2.117873258662117841e+00
2.110633867452521351e+00
1.492015126684438364e+00
-2.442756474689478097e-02
1.718817353728629982e-02
-2.433551577585842729e+00
-1.594749187302808346e+00
-2.425006901284154637e+00
7.066169632869865325e-01
1.022295282210716749e+00
-2.076257520377948307e+00
-7.806914375197626654e-02
1.545419353570044230e+00
-5.368525328737496771e-01
2.190852004069062886e+00
-1.287042625768433091e-01
-1.020174479579857074e+00
-1.631961871776131057e+00
nan
2.361764581778112770e+00
8.256851700127869620e-01
-2.919965187797145312e+00
2.361764581778112770e+00
2.795689020348937071e-01
-1.524334725186994310e+00
-5.368525328737496771e-01
-2.724194407731897805e+00
-1.524334725186994310e+00
-5.396877469590855014e-02
1.371553766213804870e+00
-1.287042625768433091e-01
1.878442635071988498e+00
-1.359027573675622325e+00
-2.221833486999408080e+00
9.122369301880399739e-01
6.386932157528946163e-03
-8.262030243892568571e-01
-1.020174479579857074e+00
5.525032001354124311e-01
-2.221833486999408080e+00
9.122369301880399739e-01
-2.665473659429897779e-01
-2.221833486999408080e+00
9.122369301880399739e-01
1.644735736091178957e+00
-2.221833486999408080e+00
-5.396877469590855014e-02
5.525032001354124311e-01
nan
-1.503058237757697757e+00
-5.397293358203643088e-01
5.694274382208939222e-01
-1.020174479579857074e+00
1.917917705968553932e+00
2.662556662643483563e+00
1.395120688365863337e+00
-8.126636339208732629e-01
nan
2.844648339955936578e+00
-8.126636339208732629e-01
-8.262030243892568571e-01
-5.368525328737496771e-01
8.256851700127869620e-01
5.694274382208939222e-01
-5.396877469590855014e-02
2.464033973946436973e+00
nan
nan
-1.904896169876640011e+00
5.694274382208939222e-01
-1.503058237757697757e+00
5.525032001354124311e-01
-2.221833486999408080e+00
-1.503058237757697757e+00
2.190852004069062886e+00
-1.524334725186994310e+00
1.395120688365863337e+00
6.386932157528946163e-03
-1.287042625768433091e-01
nan
2.795689020348937071e-01
nan
-1.020174479579857074e+00
-2.724194407731897805e+00
-2.919965187797145312e+00
9.122369301880399739e-01
-8.126636339208732629e-01
nan
4.293531720102161664e-01
-5.397293358203643088e-01
-2.221833486999408080e+00
4.293531720102161664e-01
-1.359027573675622325e+00
5.694274382208939222e-01
2.844648339955936578e+00
2.190852004069062886e+00
-8.262030243892568571e-01
9.122369301880399739e-01
-1.631961871776131057e+00
-8.262030243892568571e-01
nan
1.098619468113295916e+00
nan
1.878442635071988498e+00
8.256851700127869620e-01
2.662556662643483563e+00
-1.503058237757697757e+00
1.371553766213804870e+00
-1.524334725186994310e+00
9.122369301880399739e-01
3.010150241924320902e+00
1.965057900831045146e+00
4.293531720102161664e-01
-2.665473659429897779e-01
-1.524334725186994310e+00
-1.503058237757697757e+00
6.386932157528946163e-03
nan
-5.396877469590855014e-02
2.736968272046955697e+00
nan
1.878442635071988498e+00
nan
-1.287042625768433091e-01
-1.020174479579857074e+00
-2.665473659429897779e-01
5.694274382208939222e-01
-5.396877469590855014e-02
1.371553766213804870e+00
5.694274382208939222e-01
-5.368525328737496771e-01
2.464033973946436973e+00
nan
-2.278858015750282462e-01
3.000455660944349567e+00
-6.689050277598385108e-01
1.655930500405300876e+00
-1.395094352546437655e-01
1.340802838398783337e+00
2.911997916754436311e+00
2.103264649266397335e+00
-4.175776154726538181e-01
1.655930500405300876e+00
3.000455660944349567e+00
1.089703284146315454e+00
nan
nan
-1.924858515091613542e+00
-1.483953217924163459e+00
-5.883083857674575867e-01
-1.924858515091613542e+00
nan
-1.395094352546437655e-01
5.872763176066619906e-01
2.284249031123263940e+00
-1.036700446932595554e+00
8.383758718591303172e-01
-1.483953217924163459e+00
-2.831489359636206515e+00
8.484935106699964535e-02
3.998630840561658850e-01
-1.933891458610547121e+00
-2.176185927378798457e+00
-1.483953217924163459e+00
nan
-1.924858515091613542e+00
3.998630840561658850e-01
-1.036700446932595554e+00
3.099411150304937301e+00
nan
-5.883083857674575867e-01
2.094557217225621493e+00
-2.278858015750282462e-01
-1.485499397445425140e+00
3.359489053194768537e-01
-1.483953217924163459e+00
3.088826259104942018e-01
3.099411150304937301e+00
-2.278858015750282462e-01
3.088826259104942018e-01
-1.422431548551960301e+00
nan
nan
-1.664780612201761656e-01
3.998630840561658850e-01
7.576815764233240102e-01
-1.171331994299491752e+00
2.911997916754436311e+00
nan
3.099411150304937301e+00
nan
-1.036700446932595554e+00
-1.673758960839144994e+00
nan
-2.831489359636206515e+00
1.089703284146315454e+00
3.998630840561658850e-01
2.552063599779227587e+00
8.383758718591303172e-01
-2.112271748642126745e+00
-1.485499397445425140e+00
3.359489053194768537e-01
3.998630840561658850e-01
2.103264649266397335e+00
8.484935106699964535e-02
-2.740590279360089809e+00
7.576815764233240102e-01
-2.176185927378798457e+00
-8.562043322929917544e-01
-2.382690409123376707e+00
-1.924858515091613542e+00
2.284249031123263940e+00
nan
-1.422431548551960301e+00
2.284249031123263940e+00
7.576815764233240102e-01
8.383758718591303172e-01
nan
3.088826259104942018e-01
8.484935106699964535e-02
nan
nan
-2.929712448170929129e+00
1.655930500405300876e+00
3.088826259104942018e-01
5.872763176066619906e-01
nan
-1.485499397445425140e+00
-4.175776154726538181e-01
nan
-2.831489359636206515e+00
5.872763176066619906e-01
1.028181614774106301e+00
3.088826259104942018e-01
-2.176185927378798457e+00
-2.278858015750282462e-01
1.654465698753567970e+00
8.484935106699964535e-02
-1.483953217924163459e+00
-1.933891458610547121e+00
-9.200045820123068374e-01
2.911997916754436311e+00
nan
2.596984183765274956e+00
nan
-1.485499397445425140e+00
-1.924858515091613542e+00
3.998630840561658850e-01
-5.883083857674575867e-01
1.843229804938436800e+00
-8.562043322929917544e-01
-1.395094352546437655e-01
1.340802838398783337e+00
-5.522986784960495221e-01
1.787259585866483924e+00
-6.103157922256587931e-01
1.645961711386645376e+00
-1.638378822358427467e+00
4.819167437301064005e-01
1.959836154202220904e+00
1.787259585866483924e+00
-1.702548328181443305e+00
2.587869862376799723e+00
2.643539723130279739e+00
-3.373814941251600530e-01
-8.661731213116468098e-01
7.444038175403822066e-02
2.087347738527323138e-01
1.331802446027664288e+00
1.216319851162341870e+00
3.212498083619529154e+00
-1.494206829486202981e+00
2.358199320570646407e+00
nan
-2.122240537660781801e+00
1.787259585866483924e+00
4.819167437301064005e-01
1.959836154202220904e+00
-1.353038419798814340e+00
1.300967309808497951e+00
7.037687378530854687e-01
3.214479457834421794e+00
7.548510418306051406e-01
-1.808366094845184513e+00
-1.067439087654285856e+00
2.393199845764263145e+00
-1.180332386670628120e+00
-1.638378822358427467e+00
4.819167437301064005e-01
2.273995419561201992e+00
1.501660253721955662e+00
7.548510418306051406e-01
7.037687378530854687e-01
nan
-1.429614030080925025e+00
1.331802446027664288e+00
-1.638378822358427467e+00
1.574149279685872038e+00
1.017928003212067445e+00
1.501660253721955662e+00
1.574149279685872038e+00
3.898942950375108296e-01
-2.494917889207118211e+00
7.548510418306051406e-01
-2.750274245835337972e+00
2.929139055274808001e+00
-8.834977621030328798e-01
-2.750274245835337972e+00
-4.964993529501238179e-01
1.300967309808497951e+00
-1.180332386670628120e+00
-1.638378822358427467e+00
-2.521846566036690440e+00
1.331802446027664288e+00
7.444038175403822066e-02
-1.156432060203550938e+00
2.902029127735780811e+00
2.643539723130279739e+00
2.393199845764263145e+00
nan
nan
nan
1.959836154202220904e+00
6.453801164581802752e-01
-1.156432060203550938e+00
-8.661731213116468098e-01
1.501660253721955662e+00
2.939316113742155068e+00
2.902029127735780811e+00
1.787259585866483924e+00
-1.975730298058817391e+00
nan
-2.111589503904900411e-01
nan
-1.808366094845184513e+00
3.214479457834421794e+00
-6.103157922256587931e-01
1.959836154202220904e+00
-1.067439087654285856e+00
-1.156432060203550938e+00
2.273995419561201992e+00
nan
-1.702548328181443305e+00
-2.381394131370679901e-01
1.787259585866483924e+00
2.939316113742155068e+00
-1.808366094845184513e+00
7.444038175403822066e-02
1.574149279685872038e+00
-5.522986784960495221e-01
9.307205190178136078e-01
-1.702548328181443305e+00
-5.522986784960495221e-01
-2.780258291766731560e+00
-1.702548328181443305e+00
-1.180332386670628120e+00
7.444038175403822066e-02
4.819167437301064005e-01
3.898942950375108296e-01
-1.353038419798814340e+00
1.028033011707979227e+00
7.573502967852929757e-02
1.216319851162341870e+00
1.574149279685872038e+00
-8.661731213116468098e-01
-7.820986850946520796e-01
-1.156432060203550938e+00
-2.381394131370679901e-01
-7.820986850946520796e-01
-1.429614030080925025e+00
-2.436399803019763333e+00
-1.067439087654285856e+00
-6.419952424778552214e-02
2.837564292081868444e+00
1.755653993409646674e+00
2.751358002282552562e+00
-1.349327095748576788e+00
1.559304452560283494e+00
8.672568777588454125e-01
2.837564292081868444e+00
1.855697229732289344e-01
-2.272911663113992287e+00
-4.104221311132016936e-02
1.855697229732289344e-01
1.495290585933421568e+00
7.441185981666458282e-01
1.755653993409646674e+00
-7.493609577468918204e-02
-2.919411366185003409e+00
-5.994724122449803794e-01
2.123324294107976407e+00
1.790841445124256914e+00
1.559304452560283494e+00
nan
-8.259656722697803488e-01
2.344346587778492363e+00
2.123324294107976407e+00
1.790841445124256914e+00
-1.384514547463203238e+00
-2.272911663113992287e+00
-1.611126483547727917e+00
-9.919934798540914755e-01
-3.888105385902851374e-01
2.575764904282717538e+00
2.540696128627855543e+00
8.672568777588454125e-01
-2.396049942706206970e+00
3.817412497329630838e-01
2.392231695842914618e-01
1.529042057325106008e+00
-1.077981787613468967e-02
-1.331003512123841936e+00
1.267480021645460475e+00
1.755653993409646674e+00
-1.959037220298396109e+00
1.529042057325106008e+00
1.166783384951186164e+00
-1.959037220298396109e+00
-8.259656722697803488e-01
-1.973385155921663969e+00
1.809165028748995319e+00
1.529042057325106008e+00
1.559304452560283494e+00
-1.016844246764861737e+00
-8.259656722697803488e-01
-1.077981787613468967e-02
1.495290585933421568e+00
-5.644036365901166086e-01
-2.169556682681412330e+00
8.672568777588454125e-01
-3.026042487909657019e-01
1.951825520169395034e+00
8.672568777588454125e-01
7.441185981666458282e-01
-1.973385155921663969e+00
-1.644877954939415687e+00
1.267480021645460475e+00
-2.069513446358826059e-01
-1.959037220298396109e+00
1.529042057325106008e+00
-4.033008854852462299e-01
-2.272911663113992287e+00
-8.259656722697803488e-01
9.706118581914378041e-01
8.672568777588454125e-01
-8.259656722697803488e-01
-2.365906223530775510e+00
-7.493609577468918204e-02
-4.104221311132016936e-02
-7.958219530943435593e-01
1.495290585933421568e+00
-1.087765060068931477e+00
7.742623173420746241e-01
-1.016844246764861737e+00
-5.644036365901166086e-01
1.363132925800549344e+00
nan
-5.644036365901166086e-01
1.855697229732289344e-01
1.809165028748995319e+00
2.052403480803921099e+00
2.344346587778492363e+00
5.530976123998652128e-01
-1.872688519227391879e+00
3.817412497329630838e-01
-1.644877954939415687e+00
2.314202868603072005e+00
5.780907905823262638e-01
-3.888105385902851374e-01
-5.644036365901166086e-01
3.817412497329630838e-01
-7.029698039492653372e-01
-2.919411366185003409e+00
-2.069513446358826059e-01
-2.587070928472972486e+00
-1.349327095748576788e+00
1.755653993409646674e+00
1.181131320574441368e+00
-8.259656722697803488e-01
2.736867655387603904e+00
-1.016844246764861737e+00
-1.349327095748576788e+00
-2.365906223530775510e+00
-1.644877954939415687e+00
4.823192103674949216e-01
-1.384514547463203238e+00
1.181131320574441368e+00
-2.919411366185003409e+00
2.540696128627855543e+00
1.181131320574441368e+00
2.207571746878307373e-01
-1.077981787613468967e-02
2.392231695842914618e-01
-1.540632904058744534e+00
-1.835229537192373250e-01
-1.496485409833320901e+00
2.537491192971588205e-01
-2.634386205132194014e+00
4.867789317705817353e-01
3.169518184913583170e+00
1.195018156287527056e+00
-1.165791446297552048e+00
2.934964404074413835e-02
2.420449781993999849e+00
1.808955159506508537e+00
1.375136161557679593e+00
-2.174918814405290224e+00
-5.047033324295768786e-01
7.023446251361429304e-01
-3.041346941895683997e-02
1.563847814383754198e-01
3.169518184913583170e+00
3.033165594847236690e+00
8.174728953063503667e-01
2.048131142653078385e+00
2.759444370076669095e-01
-5.047033324295768786e-01
2.934964404074413835e-02
-2.174918814405290224e+00
-1.165791446297552048e+00
3.169518184913583170e+00
1.228349527073757663e-01
-2.818661637569248146e+00
-1.989228409897728200e+00
2.880056110546956205e+00
nan
-2.213627885154135111e+00
2.880056110546956205e+00
4.867789317705817353e-01
-1.540632904058744534e+00
5.823023434342906590e-01
1.147867045638556682e+00
2.934964404074413835e-02
1.654624484840472753e+00
8.174728953063503667e-01
1.375136161557679593e+00
1.960982391267096503e+00
1.147867045638556682e+00
1.823731667396663703e+00
nan
nan
2.934964404074413835e-02
1.960982391267096503e+00
-5.047033324295768786e-01
2.048131142653078385e+00
1.807733969140763897e+00
1.563847814383754198e-01
-6.434418923807925239e-01
-1.408954579425721221e+00
-8.353972959653455099e-01
4.779451498797278042e-01
-1.835229537192373250e-01
-1.743091820973936557e-01
-1.316436873476183544e+00
2.267340297693719364e+00
-1.496485409833320901e+00
-1.316436873476183544e+00
3.186414016973569296e+00
8.174728953063503667e-01
2.048131142653078385e+00
1.654624484840472753e+00
1.478561009174326202e+00
1.599535636814094275e+00
2.759444370076669095e-01
1.563847814383754198e-01
-1.948463865418088581e-01
4.291928591339995158e-01
nan
1.599535636814094275e+00
4.291928591339995158e-01
8.174728953063503667e-01
-6.434418923807925239e-01
-2.481276720831902871e+00
-1.165791446297552048e+00
-1.092037398219768640e+00
-7.962387665724737218e-01
-1.743091820973936557e-01
-1.092037398219768640e+00
-2.634386205132194014e+00
-8.353972959653455099e-01
-1.092037398219768640e+00
-1.868560907978666474e+00
3.131131387242436226e+00
2.272327173235630937e+00
1.228349527073757663e-01
-1.165791446297552048e+00
7.023446251361429304e-01
-2.940744111558817764e+00
2.800737236910253003e+00
-1.540632904058744534e+00
-1.562203001552053605e+00
-2.818661637569248146e+00
-4.192458617982239844e-01
-1.715312485852333868e+00
-1.165791446297552048e+00
2.934964404074413835e-02
-2.940744111558817764e+00
-1.496485409833320901e+00
-6.434418923807925239e-01
-7.962387665724737218e-01
-8.353972959653455099e-01
2.720922679074615047e+00
-1.835229537192373250e-01
2.800737236910253003e+00
-8.678413676372076502e-01
3.033165594847236690e+00
1.147867045638556682e+00
4.779451498797278042e-01
7.355507655606228212e-01
-2.157573523701272755e+00
-6.434418923807925239e-01
7.355507655606228212e-01
nan
1.806446664937646496e-01
nan
-2.644953198679636852e+00
1.227367513451394387e+00
1.451427914251391726e+00
-2.027581238581959155e-01
7.037687378530925741e-01
nan
-2.993702579585843182e+00
-8.660781804638468806e-01
8.236790286202193556e-01
8.441229578457463134e-01
-3.429541091045189560e-01
-1.060706918446878699e+00
1.891004039549688542e+00
-8.660781804638468806e-01
-1.688455804078073053e+00
-2.295887348280769125e+00
1.806446664937646496e-01
1.451427914251391726e+00
1.463077265406722560e-01
-1.389676956062148916e+00
-1.060706918446878699e+00
2.588819270854775034e+00
7.037687378530925741e-01
2.079176799882563209e+00
8.441229578457463134e-01
1.750491584810704104e+00
2.707495330600526273e+00
8.441229578457463134e-01
2.273615656170012933e+00
nan
-2.644953198679636852e+00
nan
nan
-2.993702579585843182e+00
-1.912801027421458189e+00
-1.688455804078073053e+00
2.588819270854775034e+00
-1.912801027421458189e+00
1.953604979022562915e-01
1.463077265406722560e-01
2.273615656170012933e+00
nan
-9.002568856706081313e-01
-8.660781804638468806e-01
nan
-2.644953198679636852e+00
1.806446664937646496e-01
nan
-1.598072116975694845e+00
nan
nan
-1.947137967374550360e+00
-3.429541091045189560e-01
nan
-2.295887348280769125e+00
-3.429541091045189560e-01
-4.323883877289378397e-01
-1.598072116975694845e+00
nan
-2.316774334796035895e+00
4.953735769395399835e-01
nan
-2.944523220427208265e+00
8.441229578457463134e-01
nan
-2.944523220427208265e+00
-1.598072116975694845e+00
-1.389676956062148916e+00
8.236790286202193556e-01
8.441229578457463134e-01
2.273615656170012933e+00
nan
-1.249322736069476081e+00
-2.436399803019760224e+00
1.451427914251391726e+00
-9.002568856706081313e-01
nan
nan
nan
1.750491584810704104e+00
nan
-2.295887348280769125e+00
-1.389676956062148916e+00
-4.323883877289378397e-01
-9.002568856706081313e-01
-3.429541091045189560e-01
2.707495330600526273e+00
-5.515075047644018014e-01
1.806446664937646496e-01
-4.323883877289378397e-01
-1.249322736069476081e+00
-8.660781804638468806e-01
-1.688455804078073053e+00
-2.295887348280769125e+00
-3.429541091045189560e-01
2.707495330600526273e+00
2.239753420455906863e+00
7.037687378530925741e-01
8.236790286202193556e-01
-5.515075047644018014e-01
-2.436399803019760224e+00
-1.688455804078073053e+00
-1.249322736069476081e+00
-2.959998578618062037e+00
-2.944523220427208265e+00
-2.295887348280769125e+00
2.273615656170012933e+00
8.236790286202193556e-01
-1.598072116975694845e+00
-1.912801027421458189e+00
1.953604979022562915e-01
1.463077265406722560e-01
7.037687378530925741e-01
2.079176799882563209e+00
8.441229578457463134e-01
7.037687378530925741e-01
1.953604979022562915e-01
-1.598072116975694845e+00
-2.669077911542825365e+00
4.411216639128996420e-01
3.122021678364790276e+00
1.195744907992985162e+00
8.895137250780376093e-01
2.234045637129451478e-01
2.644834371054774813e+00
-7.677286599930166489e-03
-2.191890604232792583e+00
-1.702872206658876841e+00
-1.353667248790711541e+00
2.155815973480841308e+00
-2.537827435970876344e-01
-7.677286599930166489e-03
7.067265104190694203e-01
1.195744907992985162e+00
-9.048682982778819550e-01
2.234045637129451478e-01
-7.366665017749114419e-01
-7.677286599930166489e-03
2.234045637129451478e-01
2.291010145807361731e-01
-9.048682982778819550e-01
-1.709006846054968998e+00
-1.219988448481035936e+00
-1.353667248790711541e+00
-1.225684899348844281e+00
-2.537827435970876344e-01
-4.560693477650521466e-01
-2.594791944648959792e-01
1.678628666170808970e+00
nan
nan
1.195744907992985162e+00
1.338312675590850986e+00
2.155815973480841308e+00
2.644834371054774813e+00
nan
-7.428011411710033762e-01
1.678628666170808970e+00
1.786704736755988954e+00
1.672494026774717035e+00
1.678628666170808970e+00
-1.802059309955833521e+00
-2.191890604232792583e+00
3.128156317760882210e+00
4.411216639128996420e-01
1.189610268596893228e+00
-2.669077911542825365e+00
2.235503687268819206e+00
nan
3.128156317760882210e+00
2.683895748433941186e+00
3.122021678364790276e+00
-2.537827435970876344e-01
2.683895748433941186e+00
1.189610268596893228e+00
-1.219988448481035936e+00
1.338312675590850986e+00
-7.428011411710033762e-01
-2.669077911542825365e+00
8.895137250780376093e-01
nan
1.678628666170808970e+00
2.235503687268819206e+00
-2.594791944648959792e-01
1.678628666170808970e+00
-1.353667248790711541e+00
1.189610268596893228e+00
1.195744907992985162e+00
nan
-2.191890604232792583e+00
2.644834371054774813e+00
2.235503687268819206e+00
2.155815973480841308e+00
-7.366665017749114419e-01
8.895137250780376093e-01
2.155815973480841308e+00
2.161950612876934130e+00
1.338312675590850986e+00
7.067265104190694203e-01
-7.366665017749114419e-01
1.338312675590850986e+00
7.067265104190694203e-01
7.124229612868608896e-01
8.895137250780376093e-01
1.672494026774717035e+00
1.195744907992985162e+00
3.132287809599063166e+00
1.189610268596893228e+00
nan
1.338312675590850986e+00
nan
-7.366665017749114419e-01
-1.353667248790711541e+00
-2.191890604232792583e+00
-2.537827435970876344e-01
-4.560693477650521466e-01
-7.428011411710033762e-01
-2.186194153364984238e+00
1.338312675590850986e+00
-2.594791944648959792e-01
7.124229612868608896e-01
3.132287809599063166e+00
1.672494026774717035e+00
-7.366665017749114419e-01
-7.677286599930166489e-03
-2.675212550938917300e+00
7.124229612868608896e-01
-1.353667248790711541e+00
7.067265104190694203e-01
1.195744907992985162e+00
-4.560693477650521466e-01
-2.191890604232792583e+00
-2.669077911542825365e+00
1.786704736755988954e+00
2.639137920186966468e+00
-7.366665017749114419e-01
-1.353667248790711541e+00
-1.709006846054968998e+00
3.067388958640960617e+00
2.020123592553076719e+00
-1.695075472845122500e+00
-2.315757111426773207e+00
-2.166767795277384945e+00
9.036846989117139906e-01
1.048810904702485836e+00
-2.166767795277384945e+00
2.540928706426353045e-01
2.170197946963007496e+00
nan
1.120346261228252871e+00
nan
nan
-2.344667301114200963e+00
1.516198930245322707e-01
6.244931299429312688e-01
2.540928706426353045e-01
-1.418566099748820086e+00
-7.711373326672146256e-01
-1.911540605821395955e+00
-1.867161605587796647e+00
-7.300563186950448369e-02
-1.045287215235779055e+00
-2.764352617265749767e+00
-2.166767795277384945e+00
1.553472956521057213e+00
8.244114294460702652e-01
-2.864266557089795828e+00
2.419726347106666786e+00
2.170197946963007496e+00
nan
-2.994455558723544186e+00
1.516198930245322707e-01
2.020123592553076719e+00
-1.045287215235779055e+00
-2.091357636170357637e+00
-1.468636094479650378e+00
-2.561328863430739844e+00
-7.455711186534283996e-01
-7.711373326672146256e-01
2.852853042399479122e+00
1.946001916380438068e+00
-1.468636094479650378e+00
1.120346261228252871e+00
1.516198930245322707e-01
1.322624830740665836e+00
2.852853042399479122e+00
1.048810904702485836e+00
-2.864266557089795828e+00
1.336811394204518777e+00
-1.642965575005235435e+00
-2.864266557089795828e+00
-1.790338246501694819e-01
1.516198930245322707e-01
6.244931299429312688e-01
2.540928706426353045e-01
8.244114294460702652e-01
-2.864266557089795828e+00
2.203064784790135455e+00
-2.969756128144518392e-01
-7.300563186950448369e-02
-2.128202168137927064e+00
2.394597422219423066e+00
-7.300563186950448369e-02
-6.121605199429742683e-01
1.048810904702485836e+00
nan
9.036846989117139906e-01
2.394597422219423066e+00
nan
-1.790338246501694819e-01
-1.867161605587796647e+00
-7.300563186950448369e-02
-1.261948777552317713e+00
1.516198930245322707e-01
2.717622354365487602e+00
1.769938089497323119e+00
-1.194166624492404960e+00
nan
3.069318175375745028e+00
8.244114294460702652e-01
nan
-8.288220822595127046e-01
2.618793452801983612e+00
nan
3.743130832610441772e-02
-9.699705939098435259e-01
-7.711373326672146256e-01
2.636191480082940686e+00
-9.699705939098435259e-01
-2.166767795277384945e+00
1.986599651813862444e+00
2.170197946963007496e+00
2.717622354365487602e+00
1.553472956521057213e+00
-2.764352617265749767e+00
-1.468636094479650378e+00
-1.261948777552317713e+00
-1.642965575005235435e+00
-7.711373326672146256e-01
1.120346261228252871e+00
3.758159236070937048e-01
-2.864266557089795828e+00
9.036846989117139906e-01
1.721602441124031380e+00
nan
3.743130832610441772e-02
-1.642965575005235435e+00
1.322624830740665836e+00
-1.695075472845122500e+00
2.842989483384545046e+00
nan
4.705580036189092041e-01
3.758159236070937048e-01
-1.468636094479650378e+00
-1.045287215235779055e+00
2.170197946963007496e+00
6.244931299429312688e-01
6.872195659354480846e-01
1.269711131568669771e+00
2.753956325947859440e-01
-2.739775192488109745e-01
-4.888971803374659864e-01
7.464921193615654538e-01
nan
nan
nan
-2.458442591160367563e+00
1.772138098108332116e+00
2.002559535710697780e+00
-1.912326323182473420e+00
nan
nan
nan
2.023237652360809768e+00
1.060508973448854420e+00
1.364371284684851915e+00
-7.399967345899431947e-01
-3.021710129685843960e+00
-8.200937872267046735e-01
1.269711131568669771e+00
-3.526380755797804412e-01
-2.185508293059848395e+00
7.672841650290256332e-01
-3.862122149249147540e-02
-8.200937872267046735e-01
-1.242423701129605318e+00
7.464921193615654538e-01
nan
-1.242423701129605318e+00
9.034293407693634315e-01
-1.093275757104079871e+00
-2.498605046496096715e+00
-2.236739200103479597e+00
-5.471594891261859495e-01
-1.242423701129605318e+00
-2.550756054190768118e+00
-1.639392025081954474e+00
1.269711131568669771e+00
-1.922722346016201733e+00
2.721387487290636287e-01
-2.375697680502808495e-01
2.159496757118496646e+00
1.637305582785351099e+00
-9.913241468771278875e-01
2.630593243885275712e+00
5.450730468295827968e-01
-7.399967345899431947e-01
-1.451625859249422668e+00
nan
1.269711131568669771e+00
-2.236739200103479597e+00
-2.458442591160367563e+00
1.772138098108332116e+00
-6.666549296670578606e-01
1.637305582785351099e+00
-2.375697680502808495e-01
-3.862122149249147540e-02
2.721387487290636287e-01
2.274565064647994461e+00
2.159496757118496646e+00
1.910487552662726074e+00
-2.375697680502808495e-01
1.531463048943930261e+00
-1.912326323182473420e+00
nan
-1.137609005162145026e+00
nan
1.018383719281485078e+00
-2.707693275598566540e+00
-1.912326323182473420e+00
-2.498605046496096715e+00
7.464921193615654538e-01
-8.200937872267046735e-01
2.648571984893632880e-01
-3.862122149249147540e-02
-5.471594891261859495e-01
-3.001032013035741297e+00
2.944610097972553575e+00
nan
nan
-1.922722346016201733e+00
1.091189314807476940e+00
-3.001032013035741297e+00
2.002559535710697780e+00
-1.043221148311346269e-03
-7.399967345899431947e-01
-2.864772908278057084e+00
5.450730468295827968e-01
2.776992031187639043e+00
-1.955584429002898972e-01
1.910487552662726074e+00
1.352978620217859529e-02
-1.765642713336711411e+00
-2.739775192488109745e-01
-7.399967345899431947e-01
-9.806717837543468264e-01
1.091189314807476940e+00
-1.493751113416790233e+00
2.944610097972553575e+00
1.910487552662726074e+00
2.023237652360809768e+00
1.184584111869990686e-01
-1.912326323182473420e+00
-4.888971803374659864e-01
-9.806717837543468264e-01
1.091189314807476940e+00
-1.744850667669249678e+00
-1.922722346016201733e+00
-1.093275757104079871e+00
-3.001032013035741297e+00
-2.079659567423989053e+00
5.450730468295827968e-01
3.028091585440115807e+00
-3.862122149249147540e-02
2.729538118741119845e+00
nan
-3.021710129685843960e+00
nan
9.947624363496920807e-01
2.308537686939051703e-01
-1.300527499981108059e+00
-2.494630189668347597e+00
1.197059473577870570e+00
-6.722089692631696423e-01
nan
-1.218673882896167848e+00
1.211607332717153263e+00
9.947624363496920807e-01
1.197059473577870570e+00
1.211607332717153263e+00
9.947624363496920807e-01
2.162826989933518185e+00
-4.446008363197728741e-02
-4.008680262604591427e-01
2.162826989933518185e+00
-4.446008363197728741e-02
nan
1.679943231755694377e+00
1.211607332717153263e+00
1.692261198162130498e+00
-2.524681780122022268e-01
-2.556594916330261036e+00
-2.494630189668347597e+00
1.679943231755694377e+00
nan
nan
1.679943231755694377e+00
nan
2.966307355519797184e-01
2.308537686939051703e-01
-6.722089692631696423e-01
-1.098999727058196374e+00
nan
-1.300527499981108059e+00
-1.098999727058196374e+00
7.137375268717462973e-01
2.467674749066284257e+00
nan
2.308537686939051703e-01
nan
2.966307355519797184e-01
nan
-1.928276385612299970e+00
-1.796498488870610144e+00
-2.668201534486240867e+00
-6.722089692631696423e-01
1.692261198162130498e+00
2.308537686939051703e-01
-6.722089692631696423e-01
nan
nan
nan
9.947624363496920807e-01
-7.353519361900429097e-01
2.467674749066284257e+00
-1.098999727058196374e+00
2.646148936639643345e+00
2.467674749066284257e+00
2.966307355519797184e-01
-2.184879587780116150e+00
1.839356218348322969e+00
1.692261198162130498e+00
7.137375268717462973e-01
-4.446008363197728741e-02
-1.796498488870610144e+00
7.137375268717462973e-01
3.095993279784244656e+00
-2.494630189668347597e+00
7.137375268717462973e-01
nan
-4.008680262604591427e-01
2.308537686939051703e-01
5.838584470859835562e-01
-1.098999727058196374e+00
-2.668201534486240867e+00
-1.928276385612299970e+00
-2.494630189668347597e+00
-1.218673882896167848e+00
-1.300527499981108059e+00
-4.008680262604591427e-01
2.308537686939051703e-01
1.211607332717153263e+00
1.692261198162130498e+00
2.646148936639643345e+00
-4.446008363197728741e-02
2.390392898959867729e+00
1.679943231755694377e+00
1.211607332717153263e+00
2.966307355519797184e-01
1.197059473577870570e+00
2.467674749066284257e+00
3.087891660772282165e+00
-2.524681780122022268e-01
-4.446008363197728741e-02
-1.796498488870610144e+00
-1.701557641073991434e+00
2.467674749066284257e+00
9.947624363496920807e-01
-2.524681780122022268e-01
-1.300527499981108059e+00
-2.494630189668347597e+00
2.646148936639643345e+00
5.838584470859835562e-01
-4.008680262604591427e-01
-2.184879587780116150e+00
-6.722089692631696423e-01
-2.494630189668347597e+00
nan
-6.722089692631696423e-01
9.947624363496920807e-01
-1.218673882896167848e+00
-6.722089692631696423e-01
2.390392898959867729e+00
nan
1.211607332717153263e+00
-1.098999727058196374e+00
2.308537686939051703e-01
-2.556594916330261036e+00
2.119133333826688670e+00
nan
-1.826879560165522109e+00
2.119133333826688670e+00
-6.211908132215704370e-02
1.662513065852503580e+00
-1.469630712885149793e+00
1.821697220658172078e+00
nan
3.015917456156932630e+00
nan
-2.525011260963256454e+00
-5.728465905548740800e-01
1.821697220658172078e+00
3.058143528462673899e+00
1.221535432801029053e+00
5.656298043090370875e-01
-1.128747859367787543e+00
1.221535432801029053e+00
5.656298043090370875e-01
-1.128747859367787543e+00
nan
-1.946505028389255099e+00
2.668826032423581296e-01
nan
nan
nan
nan
nan
2.668826032423581296e-01
-2.367228613910809631e+00
-6.211908132215704370e-02
2.668826032423581296e-01
3.247513104707535625e-01
-6.211908132215704370e-02
-1.826879560165522109e+00
3.015917456156932630e+00
nan
2.668826032423581296e-01
-5.728465905548740800e-01
3.077764637007307513e+00
2.360011827664939332e+00
nan
1.193948335026978391e+00
nan
nan
-1.318186497671292035e+00
2.668826032423581296e-01
-2.367228613910809631e+00
nan
-2.525011260963256454e+00
nan
-6.211908132215704370e-02
nan
1.221535432801029053e+00
5.656298043090370875e-01
-4.312490975553764372e-01
-1.469630712885149793e+00
-2.574823559107218163e+00
2.360011827664939332e+00
-1.469630712885149793e+00
-1.318186497671292035e+00
3.058143528462673899e+00
-5.728465905548740800e-01
nan
-1.826879560165522109e+00
1.221535432801029053e+00
nan
-1.128747859367787543e+00
-5.728465905548740800e-01
-6.904376120401201078e-01
-2.525011260963256454e+00
1.221535432801029053e+00
1.193948335026978391e+00
9.643813650547938821e-01
1.221535432801029053e+00
1.821697220658172078e+00
2.360011827664939332e+00
3.247513104707535625e-01
5.656298043090370875e-01
2.668826032423581296e-01
nan
-6.904376120401201078e-01
2.360011827664939332e+00
nan
-6.904376120401201078e-01
-4.312490975553764372e-01
-2.367228613910809631e+00
-1.318186497671292035e+00
-1.826879560165522109e+00
3.247513104707535625e-01
5.656298043090370875e-01
2.668826032423581296e-01
-2.367228613910809631e+00
3.077764637007307513e+00
nan
-5.728465905548740800e-01
3.077764637007307513e+00
1.662513065852503580e+00
-1.469630712885149793e+00
-6.211908132215704370e-02
2.668826032423581296e-01
-1.469630712885149793e+00
-2.574823559107218163e+00
3.058143528462673899e+00
nan
-1.318186497671292035e+00
1.662513065852503580e+00
nan
1.821697220658172078e+00
nan
nan
nan
nan
-2.367228613910809631e+00
1.821697220658172078e+00
2.668826032423581296e-01
3.247513104707535625e-01
5.656298043090370875e-01
9.643813650547938821e-01
nan
-2.900879643009315334e+00
-4.111216378224931134e-01
-5.871247076650765173e-01
-4.851462865352940135e-01
-1.248499915388583181e+00
-1.592604337602132603e-02
-9.684682332414187300e-01
-2.504757213433315144e+00
nan
-1.451790179947543447e+00
4.262566397436113874e-01
-2.870365787311886852e+00
-9.684682332414187300e-01
-4.111216378224931134e-01
-2.870365787311886852e+00
nan
nan
2.267832895440599295e+00
4.810594183486540665e-01
2.519512451963239918e+00
-5.871247076650765173e-01
-1.451790179947543447e+00
2.101013194875791967e+00
1.697152090321333517e+00
9.639431765264951935e-01
-4.111216378224931134e-01
nan
-4.851462865352940135e-01
8.447558968310593386e-01
nan
1.930148881410443273e+00
nan
-5.871247076650765173e-01
-1.451790179947543447e+00
1.263255153918507290e+00
-1.592604337602132603e-02
-9.684682332414187300e-01
-2.085878192954673249e+00
-1.728486317903566549e+00
-2.262528357470205975e-03
8.447558968310593386e-01
nan
-1.451790179947543447e+00
-8.300006583011203531e-01
-1.728486317903566549e+00
4.810594183486540665e-01
-1.667378935867225298e+00
2.839031559729633614e+00
nan
-4.111216378224931134e-01
5.552726209130338653e-01
4.810594183486540665e-01
-4.111216378224931134e-01
-1.592604337602132603e-02
4.810594183486540665e-01
4.262566397436113874e-01
-2.299684982192621518e+00
-2.417557696303190617e+00
8.447558968310593386e-01
2.267832895440599295e+00
1.930148881410443273e+00
4.262566397436113874e-01
2.839031559729633614e+00
2.896354586294392242e+00
2.101013194875791967e+00
nan
-2.417557696303190617e+00
-2.085878192954673249e+00
-1.592604337602132603e-02
-4.851462865352940135e-01
-1.248499915388583181e+00
nan
-2.417557696303190617e+00
-2.085878192954673249e+00
5.552726209130338653e-01
-1.934673938125367032e+00
2.101013194875791967e+00
-1.728486317903566549e+00
-4.851462865352940135e-01
-4.111216378224931134e-01
5.552726209130338653e-01
1.930148881410443273e+00
2.519512451963239918e+00
-1.157805512784321422e+00
nan
-1.667378935867225298e+00
-2.870365787311886852e+00
4.810594183486540665e-01
1.682134174397149629e+00
1.697152090321333517e+00
1.930148881410443273e+00
8.447558968310593386e-01
-1.157805512784321422e+00
-1.934673938125367032e+00
8.447558968310593386e-01
-2.299684982192621518e+00
-2.900879643009315334e+00
7.377619264969492718e-03
-5.871247076650765173e-01
1.930148881410443273e+00
2.938391472441881369e+00
1.125953426032278770e+00
nan
1.263255153918507290e+00
1.125953426032278770e+00
9.639431765264951935e-01
4.262566397436113874e-01
-1.592604337602132603e-02
1.447265123232602591e+00
2.101013194875791967e+00
-1.592604337602132603e-02
-2.262528357470205975e-03
-8.300006583011203531e-01
5.552726209130338653e-01
4.810594183486540665e-01
-4.111216378224931134e-01
1.697152090321333517e+00
1.930148881410443273e+00
1.263255153918507290e+00
-1.836300613523804914e+00
-9.512084739881316864e-01
-2.308397201166915380e+00
-8.700949086398477306e-01
7.931713695282356369e-01
-4.614067786201734300e-01
-6.284339352867855943e-01
-1.998089555692073693e+00
-1.939133150795625093e+00
-1.455501771089617868e-01
-6.024590930819253565e-01
6.470555431840012695e-01
-2.561064439318841313e+00
2.188801832138383752e+00
2.863645101447191976e+00
8.208746220391369697e-01
-1.998089555692073693e+00
1.016319593555278900e+00
-1.111536787728768294e+00
1.840052451232177866e+00
-4.614067786201734300e-01
2.511625058453979875e+00
2.188801832138383752e+00
2.494045965730743220e+00
1.303977474481111010e+00
nan
-4.614067786201734300e-01
2.028522206012005391e+00
-9.512084739881316864e-01
1.016319593555278900e+00
1.062316501128057311e+00
9.535613822314870092e-02
-9.180764290372467329e-02
-1.455501771089617868e-01
-3.044654167903366293e+00
1.385918729271726768e+00
-1.455501771089617868e-01
-3.044654167903366293e+00
1.385918729271726768e+00
-1.455501771089617868e-01
1.490986600833309694e+00
1.385918729271726768e+00
-1.455501771089617868e-01
9.535613822314870092e-02
2.494045965730743220e+00
-2.077742492612716596e+00
-2.533932426830571849e-01
1.016319593555278900e+00
1.303977474481111010e+00
9.535613822314870092e-02
-9.180764290372467329e-02
-1.594639640170742556e+00
-2.695904786997147973e+00
-1.200269964707899151e+00
5.792136486860748334e-01
-2.695904786997147973e+00
-4.614067786201734300e-01
2.511625058453979875e+00
-6.024590930819253565e-01
-3.047260387254641323e+00
-8.700949086398477306e-01
-2.533932426830571849e-01
2.124781915359452711e+00
-1.836300613523804914e+00
2.537867682537251923e+00
nan
8.208746220391369697e-01
4.444219886220168725e-01
1.385918729271726768e+00
3.377717695971629297e-01
-1.300274324386999414e+00
-1.200269964707899151e+00
-1.594639640170742556e+00
9.535613822314870092e-02
-1.200269964707899151e+00
1.545419353570031795e+00
1.840052451232177866e+00
nan
-1.594639640170742556e+00
4.444219886220168725e-01
-4.614067786201734300e-01
-1.353197761081821993e+00
9.535613822314870092e-02
-1.200269964707899151e+00
-1.455501771089617868e-01
-1.998089555692073693e+00
-2.308397201166915380e+00
-3.869920561978736906e-01
1.840052451232177866e+00
1.016319593555278900e+00
-2.561064439318841313e+00
-2.533932426830571849e-01
-8.306708289914506160e-01
2.753286031807042455e+00
1.490986600833309694e+00
6.470555431840012695e-01
2.028522206012005391e+00
-1.649023705293205744e+00
-1.569534015079189659e+00
2.028522206012005391e+00
-1.649023705293205744e+00
-1.569534015079189659e+00
-1.455501771089617868e-01
-1.300274324386999414e+00
-4.614067786201734300e-01
1.303977474481111010e+00
1.142237219927091374e+00
2.124781915359452711e+00
nan
nan
nan
-8.700949086398477306e-01
-2.346838936598292236e+00
1.385918729271726768e+00
-1.455501771089617868e-01
-1.998089555692073693e+00
-2.308397201166915380e+00
1.062316501128057311e+00
nan
-3.047260387254641323e+00
-2.590678680689233460e+00
-2.440830375916920314e+00
-6.203712663662170890e-01
-4.972329867740108433e-01
-1.045199913306774864e+00
7.377619264954837774e-03
1.073088635781902944e+00
nan
1.264014680700880966e+00
2.642935554098841955e+00
nan
-1.248120151997389016e+00
-1.543955833731622151e+00
1.048562250101105597e+00
-6.203712663662170890e-01
5.494898601836006868e-01
-1.045199913306774864e+00
-1.876438682715352080e+00
2.119811482739513586e+00
1.048562250101105597e+00
-6.203712663662170890e-01
1.073088635781902944e+00
-1.045199913306774864e+00
-2.504187568346546655e+00
1.073088635781902944e+00
3.141691474523686800e+00
nan
5.494898601836006868e-01
3.141691474523686800e+00
1.264014680700880966e+00
5.494898601836006868e-01
3.504305493033710306e-01
6.356961499829179019e-01
1.073088635781902944e+00
nan
7.377619264954837774e-03
-1.020357058133320116e+00
1.746061011913516481e+00
7.377619264954837774e-03
nan
1.746061011913516481e+00
nan
nan
nan
nan
2.589108458529842949e-02
-1.045199913306774864e+00
-1.248120151997389016e+00
2.119811482739513586e+00
2.444192712711251048e+00
2.520082097050016401e+00
-1.543955833731622151e+00
-1.045199913306774864e+00
1.264014680700880966e+00
-2.590678680689233460e+00
-1.045199913306774864e+00
1.264014680700880966e+00
2.119811482739513586e+00
-3.477011514943635362e-01
-2.504187568346546655e+00
-2.067079905090950298e+00
-3.477011514943635362e-01
-2.504187568346546655e+00
1.596212707141211773e+00
1.048562250101105597e+00
6.356961499829179019e-01
-1.543955833731622151e+00
1.746061011913516481e+00
nan
-2.067079905090950298e+00
-1.742698675119185747e+00
7.377619264954837774e-03
2.589108458529842949e-02
-1.045199913306774864e+00
-1.248120151997389016e+00
2.642935554098841955e+00
2.444192712711251048e+00
1.891763566332053337e+00
-1.020357058133320116e+00
-2.440830375916920314e+00
2.520082097050016401e+00
-1.543955833731622151e+00
-1.742698675119185747e+00
7.377619264954837774e-03
2.119811482739513586e+00
1.746061011913516481e+00
1.264014680700880966e+00
-1.020357058133320116e+00
-1.742698675119185747e+00
-1.876438682715352080e+00
3.166534329697125116e+00
1.048562250101105597e+00
2.520082097050016401e+00
-1.543955833731622151e+00
-1.742698675119185747e+00
-6.203712663662170890e-01
nan
1.048562250101105597e+00
nan
2.119811482739513586e+00
1.746061011913516481e+00
1.264014680700880966e+00
-2.067079905090950298e+00
2.444192712711251048e+00
7.377619264954837774e-03
5.494898601836006868e-01
1.048562250101105597e+00
1.891763566332053337e+00
1.596212707141211773e+00
3.141691474523686800e+00
7.377619264954837774e-03
5.494898601836006868e-01
-3.477011514943635362e-01
-6.203712663662170890e-01
2.119811482739513586e+00
3.504305493033710306e-01
-1.248120151997389016e+00
5.494898601836006868e-01
1.048562250101105597e+00
-1.248120151997389016e+00
-4.338599708697716828e-01
7.150666987408813569e-01
-5.525835010394564151e-01
-4.338599708697716828e-01
2.599072882416788133e+00
nan
-9.572213943485863297e-01
-2.215757272740434658e+00
7.516538459173816022e-02
8.744249117675040317e-01
-1.223115788252067127e-01
7.034839153097012243e-01
-1.480582817827392095e+00
3.017762021199839495e+00
3.215618748007971206e+00
nan
1.552444976306984081e+00
nan
2.706308570003062464e+00
5.056271885015606316e-01
7.516538459173816022e-02
-1.480582817827392095e+00
1.343005466067663356e+00
nan
-2.265743629105348766e+00
9.243163272846119938e-01
-1.180902031757419257e+00
-1.219020782147728132e+00
-1.378378995174346366e+00
-5.525835010394564151e-01
1.397786335246300027e+00
1.133755837523932719e+00
nan
-3.050667088263809390e+00
-2.634446411523470921e+00
nan
-2.003944241306197860e+00
-9.596898563912947822e-01
3.215618748007971206e+00
-2.527305664785003625e+00
-2.215757272740434658e+00
-2.436969448106531821e+00
2.182947146524266024e+00
-1.378378995174346366e+00
-1.808650917388568979e+00
2.706308570003062464e+00
-1.223115788252067127e-01
-2.436969448106531821e+00
-1.219020782147728132e+00
-7.504402278475641452e-01
2.587300217290008142e+00
-1.722979351901168243e-01
-2.634446411523470921e+00
-5.525835010394564151e-01
1.659585723045450933e+00
1.761694604850700507e+00
-1.180902031757419257e+00
2.706308570003062464e+00
-9.596898563912947822e-01
7.034839153097012243e-01
1.921147758725115118e+00
-9.596898563912947822e-01
-1.808650917388568979e+00
-1.219020782147728132e+00
-2.843885921762791646e+00
1.331232800940850503e+00
3.510634882886889407e-01
2.599072882416788133e+00
nan
-1.219020782147728132e+00
7.150666987408813569e-01
nan
2.706308570003062464e+00
-2.006507644196703133e+00
3.215618748007971206e+00
-2.789105052584154532e+00
5.056271885015606316e-01
1.331232800940850503e+00
-2.789105052584154532e+00
-1.797068133957382852e+00
7.516538459173816022e-02
-6.956593586689225894e-01
-5.410007176082434199e-01
1.959551331658813567e+00
1.659585723045450933e+00
1.761694604850700507e+00
1.959551331658813567e+00
6.128628760878398474e-01
-3.317510890645274380e-01
7.034839153097012243e-01
-9.572213943485863297e-01
3.227201531439160220e+00
nan
2.444509182203911557e+00
-3.317510890645274380e-01
nan
-6.956593586689225894e-01
2.963775599578446496e-01
-2.436969448106531821e+00
-2.789105052584154532e+00
-2.215757272740434658e+00
-2.436969448106531821e+00
6.128628760878398474e-01
1.133755837523932719e+00
7.516538459173816022e-02
-1.480582817827392095e+00
-1.378378995174346366e+00
-1.180902031757419257e+00
1.136224299566654494e+00
-1.587818505413666870e+00
7.034839153097012243e-01
1.397786335246300027e+00
9.243163272846119938e-01
7.034839153097012243e-01
8.950145260903408229e-02
-7.504402278475641452e-01
-5.525835010394564151e-01
-1.722979351901168243e-01
2.389823253873071707e+00
nan
6.624694690615635650e-01
9.452205757721925394e-01
-2.007267170979071480e+00
3.771290665019404464e-01
6.596212436276642777e-01
8.711019820946113157e-01
-4.794100003467387516e-01
2.087100045180496188e+00
-1.756208648629997704e-01
-1.050349735050889688e+00
6.596212436276642777e-01
-6.989822883417962096e-01
9.480688012060913827e-01
3.742808410680509290e-01
-1.756208648629997704e-01
2.375288673174027032e+00
9.452205757721925394e-01
-6.989822883417962096e-01
-1.621289469755040846e+00
-2.480417832452718851e+00
1.656262793372577313e+00
9.152973435741218466e-02
1.230560978331825872e+00
2.179624216851392404e+00
1.233409203765724271e+00
3.742808410680509290e-01
-9.605443240214603939e-01
1.519008535910242763e+00
-7.675986283402731480e-01
-2.792427982257037478e+00
1.519008535910242763e+00
-1.624137695188943464e+00
3.477405586158148765e-01
2.089948270614403469e+00
1.801500713035967927e+00
1.394463405573426407e+00
nan
-1.909478097748577019e+00
nan
9.480688012060913827e-01
1.230560978331825872e+00
8.711019820946113157e-01
6.624694690615635650e-01
3.742808410680509290e-01
-1.756208648629997704e-01
2.946228407878177968e+00
1.230560978331825872e+00
1.394463405573426407e+00
-1.906629872314673957e+00
1.516160310476355022e+00
nan
-7.647504029063618702e-01
nan
-1.756208648629997704e-01
9.480688012060913827e-01
2.943380182444292004e+00
nan
-2.477569607018824893e+00
9.452205757721925394e-01
-6.989822883417962096e-01
9.480688012060913827e-01
3.742808410680509290e-01
-4.371829005426453030e-01
1.804348938469875208e+00
-1.338538363044414981e+00
-1.745705135299426392e+00
6.624694690615635650e-01
-7.675986283402731480e-01
-2.269066558778222831e+00
-1.906629872314673957e+00
-2.480417832452718851e+00
2.179624216851392404e+00
-4.794100003467387516e-01
-1.909478097748577019e+00
8.711019820946113157e-01
3.771290665019404464e-01
1.801500713035967927e+00
2.702985640330188843e+00
nan
nan
-1.222343711820611301e+00
9.152973435741218466e-02
-1.338538363044414981e+00
-1.756208648629997704e-01
6.624694690615635650e-01
2.658039779884658671e+00
-1.222343711820611301e+00
-7.647504029063618702e-01
2.372440447740130409e+00
1.917824829052241498e+00
-4.794100003467387516e-01
-2.766017164597247557e+00
2.179624216851392404e+00
6.624694690615635650e-01
3.742808410680509290e-01
-4.371829005426453030e-01
-2.192229204459201775e+00
-1.624137695188943464e+00
-9.605443240214603939e-01
9.480688012060913827e-01
3.742808410680509290e-01
-4.371829005426453030e-01
-1.906629872314673957e+00
-2.766017164597247557e+00
1.394463405573426407e+00
-1.906629872314673957e+00
8.868150892352266723e-02
1.656262793372577313e+00
-3.048509341722975829e+00
3.742808410680509290e-01
8.617852293615113624e-02
nan
nan
nan
9.480688012060913827e-01
-1.966588936361111095e-01
3.226347063809003934e+00
9.480688012060913827e-01
1.230560978331825872e+00
1.132901369893762222e+00
-5.666493527976075306e-01
-3.616924343275309539e-01
-3.671640252926584580e-01
nan
-1.353174698527702446e+00
1.203157597263254885e+00
1.849084003676413346e+00
2.943748135012304701e+00
1.726281668622583254e+00
-5.666493527976075306e-01
-1.022780548195495687e+00
-2.460609719207881074e+00
-5.666493527976075306e-01
-3.099847079176143438e-02
1.564347503056437994e-01
-8.332740609148325817e-02
1.952265870812133208e+00
nan
-5.666493527976075306e-01
-3.099847079176143438e-02
6.795588216649717239e-01
-1.532855057681556055e+00
1.621571907276363689e+00
nan
1.365762056970305949e+00
-6.920865846597377136e-01
1.726281668622583254e+00
nan
nan
nan
-1.532855057681556055e+00
2.613353984680097497e+00
nan
1.365762056970305949e+00
1.291177756944168031e+00
2.249880444220885067e+00
-1.049533110975431338e+00
2.613353984680097497e+00
nan
3.995563520863405493e-01
-3.616924343275309539e-01
-1.413886872250269766e+00
nan
-3.616924343275309539e-01
nan
nan
-1.022780548195495687e+00
6.795588216649717239e-01
-2.981944520743345262e+00
-1.683868662063471966e+00
-1.937010943609579039e+00
3.995563520863405493e-01
-1.683868662063471966e+00
6.795588216649717239e-01
-2.499060762565504579e+00
-1.022780548195495687e+00
1.564347503056437994e-01
-8.332740609148325817e-02
1.952265870812133208e+00
6.795588216649717239e-01
-8.332740609148325817e-02
-1.683868662063471966e+00
1.564347503056437994e-01
1.365762056970305949e+00
6.300896430762037426e-01
6.795588216649717239e-01
-1.049533110975431338e+00
2.282660021144340412e+00
1.726281668622583254e+00
nan
-3.006044889799401432e+00
nan
-5.666493527976075306e-01
-3.616924343275309539e-01
1.564347503056437994e-01
-5.666493527976075306e-01
-3.099847079176143438e-02
6.795588216649717239e-01
nan
nan
nan
-2.499060762565504579e+00
1.291177756944168031e+00
nan
8.828782987924652659e-01
2.282660021144340412e+00
1.203157597263254885e+00
-2.499060762565504579e+00
nan
2.249880444220885067e+00
-5.666493527976075306e-01
1.952265870812133208e+00
6.795588216649717239e-01
-1.532855057681556055e+00
6.300896430762037426e-01
-1.413886872250269766e+00
nan
-2.675350926263631912e+00
nan
-8.332740609148325817e-02
-6.920865846597377136e-01
-1.413886872250269766e+00
-2.981944520743345262e+00
1.291177756944168031e+00
6.795588216649717239e-01
2.331967761854254917e+00
2.282660021144340412e+00
1.564347503056437994e-01
-8.332740609148325817e-02
-3.616924343275309539e-01
-8.902880966519677308e-01
nan
-2.014262812395667623e+00
1.726281668622583254e+00
2.815289708560379189e+00
1.952265870812133208e+00
nan
1.849084003676413346e+00
2.993956795404342230e-01
-3.671640252926584580e-01
nan
-1.604717976321467177e+00
3.077764637007307513e+00
-1.418751616312974306e-02
2.582173411508996708e+00
nan
1.780194507192789821e+00
nan
5.656298043090370875e-01
2.228993457705619186e+00
nan
-1.318756142758060967e+00
-1.418751616312974306e-02
-5.579951293638369947e-01
-6.268872640892597659e-02
nan
-5.579951293638369947e-01
nan
1.780194507192789821e+00
2.059049340149687879e+00
nan
4.346114343497000654e-01
4.887277175937740914e-01
1.193378689940209014e+00
4.346114343497000654e-01
1.535450564551385177e+00
nan
nan
-2.651440823279078707e+00
nan
1.331802446027651854e+00
nan
-1.318756142758060967e+00
-2.256961600684155300e+00
-2.651440823279078707e+00
-1.946505028389255099e+00
3.126184469383571418e+00
nan
-6.268872640892597659e-02
1.780194507192789821e+00
3.105772187107298521e+00
nan
-2.256961600684155300e+00
-2.651440823279078707e+00
-1.318756142758060967e+00
nan
4.887277175937740914e-01
nan
-2.256961600684155300e+00
1.012326493192076349e+00
nan
-4.625795773282517231e-01
-5.579951293638369947e-01
-6.268872640892597659e-02
-2.256961600684155300e+00
2.059049340149687879e+00
2.449446106289344449e+00
8.830034955148380327e-01
-1.081119200723165141e+00
3.077764637007307513e+00
2.228993457705619186e+00
-3.439635376555383317e-02
-1.946505028389255099e+00
nan
-1.604717976321467177e+00
2.449446106289344449e+00
-2.705760551196984665e+00
-3.439635376555383317e-02
nan
-4.625795773282517231e-01
-5.579951293638369947e-01
1.193378689940209014e+00
-2.705760551196984665e+00
-2.651440823279078707e+00
-1.318756142758060967e+00
-1.418751616312974306e-02
-3.439635376555383317e-02
1.821697220658172078e+00
-2.256961600684155300e+00
-1.604717976321467177e+00
5.656298043090370875e-01
1.331802446027651854e+00
nan
-2.574823559107218163e+00
1.780194507192789821e+00
4.887277175937740914e-01
-6.904376120401201078e-01
nan
-5.579951293638369947e-01
nan
4.346114343497000654e-01
1.535450564551385177e+00
nan
1.780194507192789821e+00
1.012326493192076349e+00
1.193378689940209014e+00
-9.113785278410815316e-01
nan
nan
3.126184469383571418e+00
nan
3.077764637007307513e+00
nan
1.535450564551385177e+00
nan
4.346114343497000654e-01
4.887277175937740914e-01
1.821697220658172078e+00
4.346114343497000654e-01
2.582173411508996708e+00
nan
-9.113785278410815316e-01
-5.579951293638369947e-01
1.193378689940209014e+00
-1.359770589006203290e+00
-1.604717976321467177e+00
-6.268872640892597659e-02
-1.418751616312974306e-02
-2.651440823279078707e+00
-6.904376120401201078e-01
