9.654893485803617281e-02
-9.855450736399262723e-02
2.909403207215963683e-01
9.654893485803617281e-02
-9.855450736399262723e-02
2.909403207215963683e-01
9.654893485803617281e-02
-9.855450736399262723e-02
-1.014027327978923587e-01
9.654893485803617281e-02
-9.855450736399262723e-02
-1.014027327978923587e-01
9.654893485803617281e-02
-9.855450736399262723e-02
-1.014027327978923587e-01
9.654893485803617281e-02
-9.855450736399262723e-02
2.909403207215963683e-01
9.654893485803617281e-02
-9.855450736399262723e-02
2.909403207215963683e-01
9.654893485803617281e-02
-9.855450736399262723e-02
-1.014027327978923587e-01
-2.730502008584090312e-01
-4.912535890627189872e-01
-1.014027327978923587e-01
4.658129852293200202e-01
2.937885461554960997e-01
2.909403207215963683e-01
4.658129852293200202e-01
2.937885461554960997e-01
2.909403207215963683e-01
9.654893485803617281e-02
-9.855450736399262723e-02
-1.014027327978923587e-01
9.654893485803617281e-02
-9.855450736399262723e-02
2.909403207215963683e-01
9.654893485803617281e-02
-9.855450736399262723e-02
-1.014027327978923587e-01
9.654893485803617281e-02
-9.855450736399262723e-02
2.909403207215963683e-01
9.654893485803617281e-02
-9.855450736399262723e-02
2.909403207215963683e-01
9.654893485803617281e-02
-9.855450736399262723e-02
-1.014027327978923587e-01
9.654893485803617281e-02
-9.855450736399262723e-02
-1.014027327978923587e-01
9.654893485803617281e-02
-9.855450736399262723e-02
-1.014027327978923587e-01
9.654893485803617281e-02
-9.855450736399262723e-02
2.909403207215963683e-01
9.654893485803617281e-02
-9.855450736399262723e-02
2.909403207215963683e-01
9.654893485803617281e-02
2.937885461554960997e-01
2.909403207215963683e-01
9.654893485803617281e-02
-9.855450736399262723e-02
-1.014027327978923587e-01
9.654893485803617281e-02
-9.855450736399262723e-02
-1.014027327978923587e-01
9.654893485803617281e-02
-9.855450736399262723e-02
-1.014027327978923587e-01
-2.730502008584090312e-01
-9.855450736399262723e-02
-1.014027327978923587e-01
9.654893485803617281e-02
-9.855450736399262723e-02
2.909403207215963683e-01
9.654893485803617281e-02
-9.855450736399262723e-02
2.909403207215963683e-01
-2.730502008584090312e-01
-9.855450736399262723e-02
-1.014027327978923587e-01
9.654893485803617281e-02
-9.855450736399262723e-02
-1.014027327978923587e-01
9.654893485803617281e-02
-9.855450736399262723e-02
-1.014027327978923587e-01
9.654893485803617281e-02
-9.855450736399262723e-02
-1.014027327978923587e-01
9.654893485803617281e-02
-9.855450736399262723e-02
-1.014027327978923587e-01
9.654893485803617281e-02
-9.855450736399262723e-02
-1.014027327978923587e-01
9.654893485803617281e-02
-9.855450736399262723e-02
-1.014027327978923587e-01
9.654893485803617281e-02
2.937885461554960997e-01
2.909403207215963683e-01
9.654893485803617281e-02
-9.855450736399262723e-02
-1.014027327978923587e-01
-2.730502008584090312e-01
-9.855450736399262723e-02
-1.014027327978923587e-01
4.658129852293200202e-01
2.937885461554960997e-01
2.909403207215963683e-01
9.654893485803617281e-02
-9.855450736399262723e-02
-1.014027327978923587e-01
2.318396429682030302e-01
2.289914175343059632e-01
2.261431921004106727e-01
-2.912844283911106835e-01
-2.941326538250077505e-01
-2.969808792589030411e-01
2.318396429682030302e-01
2.289914175343059632e-01
2.261431921004106727e-01
2.318396429682030302e-01
2.289914175343059632e-01
2.261431921004106727e-01
2.318396429682030302e-01
2.289914175343059632e-01
2.261431921004106727e-01
2.318396429682030302e-01
2.289914175343059632e-01
2.261431921004106727e-01
2.318396429682030302e-01
2.289914175343059632e-01
2.261431921004106727e-01
-2.912844283911106835e-01
-2.941326538250077505e-01
-2.969808792589030411e-01
2.318396429682030302e-01
2.289914175343059632e-01
2.261431921004106727e-01
2.318396429682030302e-01
2.289914175343059632e-01
2.261431921004106727e-01
-2.912844283911106835e-01
-2.941326538250077505e-01
-2.969808792589030411e-01
2.318396429682030302e-01
2.289914175343059632e-01
2.261431921004106727e-01
2.318396429682030302e-01
2.289914175343059632e-01
2.261431921004106727e-01
2.318396429682030302e-01
2.289914175343059632e-01
2.261431921004106727e-01
2.318396429682030302e-01
2.289914175343059632e-01
2.261431921004106727e-01
-2.912844283911106835e-01
-2.941326538250077505e-01
-2.969808792589030411e-01
2.318396429682030302e-01
2.289914175343059632e-01
2.261431921004106727e-01
2.318396429682030302e-01
2.289914175343059632e-01
2.261431921004106727e-01
2.318396429682030302e-01
2.289914175343059632e-01
2.261431921004106727e-01
2.318396429682030302e-01
2.289914175343059632e-01
2.261431921004106727e-01
2.318396429682030302e-01
2.289914175343059632e-01
2.261431921004106727e-01
7.554384185665043994e-01
7.525901931326082206e-01
7.497419676987080450e-01
2.318396429682030302e-01
2.289914175343059632e-01
2.261431921004106727e-01
2.318396429682030302e-01
2.289914175343059632e-01
2.261431921004106727e-01
2.318396429682030302e-01
2.289914175343059632e-01
2.261431921004106727e-01
2.318396429682030302e-01
2.289914175343059632e-01
2.261431921004106727e-01
-2.912844283911106835e-01
-2.941326538250077505e-01
-2.969808792589030411e-01
2.318396429682030302e-01
2.289914175343059632e-01
2.261431921004106727e-01
2.318396429682030302e-01
2.289914175343059632e-01
2.261431921004106727e-01
2.318396429682030302e-01
2.289914175343059632e-01
2.261431921004106727e-01
2.318396429682030302e-01
2.289914175343059632e-01
2.261431921004106727e-01
-2.912844283911106835e-01
-2.941326538250077505e-01
-2.969808792589030411e-01
2.318396429682030302e-01
2.289914175343059632e-01
2.261431921004106727e-01
2.318396429682030302e-01
2.289914175343059632e-01
2.261431921004106727e-01
2.318396429682030302e-01
2.289914175343059632e-01
2.261431921004106727e-01
2.318396429682030302e-01
2.289914175343059632e-01
2.261431921004106727e-01
2.318396429682030302e-01
2.289914175343059632e-01
2.261431921004106727e-01
-2.912844283911106835e-01
-2.941326538250077505e-01
-2.969808792589030411e-01
2.318396429682030302e-01
2.289914175343059632e-01
2.261431921004106727e-01
2.318396429682030302e-01
2.289914175343059632e-01
2.261431921004106727e-01
1.789575907454930004e-01
1.759194836160018482e-01
-3.197723784661832269e-02
1.789575907454930004e-01
5.947985040946432989e-01
3.603658156728632989e-01
1.789575907454930004e-01
1.759194836160018482e-01
-3.197723784661832269e-02
1.789575907454930004e-01
1.759194836160018482e-01
-3.197723784661832269e-02
1.789575907454930004e-01
1.759194836160018482e-01
-3.197723784661832269e-02
1.789575907454930004e-01
1.759194836160018482e-01
-3.197723784661832269e-02
1.789575907454930004e-01
1.759194836160018482e-01
3.603658156728632989e-01
1.789575907454930004e-01
1.759194836160018482e-01
3.603658156728632989e-01
1.789575907454930004e-01
1.759194836160018482e-01
-3.197723784661832269e-02
1.789575907454930004e-01
1.759194836160018482e-01
3.603658156728632989e-01
1.789575907454930004e-01
1.759194836160018482e-01
-3.197723784661832269e-02
1.789575907454930004e-01
1.759194836160018482e-01
-3.197723784661832269e-02
1.789575907454930004e-01
1.759194836160018482e-01
-3.197723784661832269e-02
1.789575907454930004e-01
1.759194836160018482e-01
-3.197723784661832269e-02
1.789575907454930004e-01
5.947985040946432989e-01
3.603658156728632989e-01
1.789575907454930004e-01
1.759194836160018482e-01
3.603658156728632989e-01
1.789575907454930004e-01
1.759194836160018482e-01
-3.197723784661832269e-02
1.789575907454930004e-01
1.759194836160018482e-01
-3.197723784661832269e-02
1.789575907454930004e-01
5.947985040946432989e-01
3.603658156728632989e-01
1.789575907454930004e-01
1.759194836160018482e-01
-3.197723784661832269e-02
1.789575907454930004e-01
1.759194836160018482e-01
-3.197723784661832269e-02
1.789575907454930004e-01
5.947985040946432989e-01
3.603658156728632989e-01
1.789575907454930004e-01
1.759194836160018482e-01
-3.197723784661832269e-02
1.789575907454930004e-01
1.759194836160018482e-01
3.603658156728632989e-01
-2.399214297331448975e-01
1.759194836160018482e-01
-3.197723784661832269e-02
1.789575907454930004e-01
1.759194836160018482e-01
-3.197723784661832269e-02
-2.399214297331448975e-01
1.759194836160018482e-01
-3.197723784661832269e-02
1.789575907454930004e-01
1.759194836160018482e-01
-3.197723784661832269e-02
1.789575907454930004e-01
1.759194836160018482e-01
-3.197723784661832269e-02
1.789575907454930004e-01
1.759194836160018482e-01
3.603658156728632989e-01
1.789575907454930004e-01
1.759194836160018482e-01
-3.197723784661832269e-02
1.789575907454930004e-01
1.759194836160018482e-01
-3.197723784661832269e-02
1.789575907454930004e-01
5.947985040946432989e-01
3.603658156728632989e-01
1.789575907454930004e-01
1.759194836160018482e-01
-3.197723784661832269e-02
-2.399214297331448975e-01
-2.425797734714532083e-01
-4.246763195453446826e-01
1.789575907454930004e-01
1.759194836160018482e-01
-3.197723784661832269e-02
-2.399214297331448975e-01
1.759194836160018482e-01
-3.197723784661832269e-02
1.789575907454930004e-01
1.759194836160018482e-01
-3.197723784661832269e-02
1.789575907454930004e-01
1.759194836160018482e-01
-3.197723784661832269e-02
1.789575907454930004e-01
1.759194836160018482e-01
-3.197723784661832269e-02
1.369146769008589004e-02
-2.495104553606024567e-01
-2.523586807944999677e-01
1.369146769008589004e-02
-2.495104553606024567e-01
-2.523586807944999677e-01
-5.575071965989653044e-01
-2.495104553606024567e-01
-2.523586807944999677e-01
1.369146769008589004e-02
-2.495104553606024567e-01
-2.523586807944999677e-01
1.369146769008589004e-02
2.740883202376944716e-01
-2.523586807944999677e-01
1.369146769008589004e-02
2.740883202376944716e-01
-2.523586807944999677e-01
1.369146769008589004e-02
-2.495104553606024567e-01
-2.523586807944999677e-01
1.369146769008589004e-02
2.740883202376944716e-01
-2.523586807944999677e-01
1.369146769008589004e-02
-2.495104553606024567e-01
-2.523586807944999677e-01
1.369146769008589004e-02
2.740883202376944716e-01
-2.523586807944999677e-01
1.369146769008589004e-02
-2.495104553606024567e-01
-2.523586807944999677e-01
1.369146769008589004e-02
-2.495104553606024567e-01
-2.523586807944999677e-01
1.369146769008589004e-02
2.740883202376944716e-01
-2.523586807944999677e-01
1.369146769008589004e-02
2.740883202376944716e-01
-2.523586807944999677e-01
5.843722728093427854e-01
2.740883202376944716e-01
2.712400948037974047e-01
5.843722728093427854e-01
2.740883202376944716e-01
2.712400948037974047e-01
1.369146769008589004e-02
2.740883202376944716e-01
-2.523586807944999677e-01
1.369146769008589004e-02
-2.495104553606024567e-01
-2.523586807944999677e-01
1.369146769008589004e-02
-2.495104553606024567e-01
-2.523586807944999677e-01
5.843722728093427854e-01
2.740883202376944716e-01
2.712400948037974047e-01
1.369146769008589004e-02
-2.495104553606024567e-01
-2.523586807944999677e-01
1.369146769008589004e-02
2.740883202376944716e-01
-2.523586807944999677e-01
1.369146769008589004e-02
-2.495104553606024567e-01
-2.523586807944999677e-01
5.843722728093427854e-01
2.740883202376944716e-01
2.712400948037974047e-01
1.369146769008589004e-02
2.740883202376944716e-01
-2.523586807944999677e-01
1.369146769008589004e-02
2.740883202376944716e-01
-2.523586807944999677e-01
1.369146769008589004e-02
2.740883202376944716e-01
-2.523586807944999677e-01
1.369146769008589004e-02
-2.495104553606024567e-01
-2.523586807944999677e-01
5.843722728093427854e-01
2.740883202376944716e-01
2.712400948037974047e-01
5.843722728093427854e-01
2.740883202376944716e-01
2.712400948037974047e-01
5.843722728093427854e-01
2.740883202376944716e-01
2.712400948037974047e-01
1.369146769008589004e-02
-2.495104553606024567e-01
-2.523586807944999677e-01
5.843722728093427854e-01
2.740883202376944716e-01
2.712400948037974047e-01
1.369146769008589004e-02
2.740883202376944716e-01
-2.523586807944999677e-01
1.369146769008589004e-02
-2.495104553606024567e-01
-2.523586807944999677e-01
1.369146769008589004e-02
-2.495104553606024567e-01
-2.523586807944999677e-01
1.369146769008589004e-02
2.740883202376944716e-01
-2.523586807944999677e-01
1.369146769008589004e-02
2.740883202376944716e-01
-2.523586807944999677e-01
1.369146769008589004e-02
-2.495104553606024567e-01
-2.523586807944999677e-01
1.369146769008589004e-02
-2.495104553606024567e-01
-2.523586807944999677e-01
-1.212307637031080354e-01
-1.242980834011522262e-01
-1.269272145709017252e-01
-1.212307637031080354e-01
-1.242980834011522262e-01
-1.269272145709017252e-01
-1.212307637031080354e-01
-1.242980834011522262e-01
3.559565436069309641e-01
-1.212307637031080354e-01
-1.242980834011522262e-01
-1.269272145709017252e-01
3.616529944747246539e-01
3.590238633049724903e-01
8.392784903130467988e-01
-1.212307637031080354e-01
-1.242980834011522262e-01
-1.269272145709017252e-01
-1.212307637031080354e-01
-1.242980834011522262e-01
3.559565436069309641e-01
-1.212307637031080354e-01
-1.242980834011522262e-01
3.559565436069309641e-01
3.616529944747246539e-01
3.590238633049724903e-01
3.559565436069309641e-01
-6.045527104092287551e-01
-1.242980834011522262e-01
-1.269272145709017252e-01
-1.212307637031080354e-01
3.590238633049724903e-01
3.559565436069309641e-01
-1.212307637031080354e-01
-1.242980834011522262e-01
-1.269272145709017252e-01
-1.212307637031080354e-01
-1.242980834011522262e-01
-1.269272145709017252e-01
-1.212307637031080354e-01
-1.242980834011522262e-01
-1.269272145709017252e-01
-1.212307637031080354e-01
-1.242980834011522262e-01
-1.269272145709017252e-01
-1.212307637031080354e-01
-1.242980834011522262e-01
3.559565436069309641e-01
-1.212307637031080354e-01
3.590238633049724903e-01
3.559565436069309641e-01
3.616529944747246539e-01
3.590238633049724903e-01
3.559565436069309641e-01
-1.212307637031080354e-01
-1.242980834011522262e-01
-1.269272145709017252e-01
-1.212307637031080354e-01
-1.242980834011522262e-01
-1.269272145709017252e-01
-1.212307637031080354e-01
-1.242980834011522262e-01
-1.269272145709017252e-01
-1.212307637031080354e-01
-1.242980834011522262e-01
-1.269272145709017252e-01
-1.212307637031080354e-01
-1.242980834011522262e-01
3.559565436069309641e-01
-1.212307637031080354e-01
-1.242980834011522262e-01
-1.269272145709017252e-01
-1.212307637031080354e-01
-1.242980834011522262e-01
-1.269272145709017252e-01
-1.212307637031080354e-01
-1.242980834011522262e-01
-1.269272145709017252e-01
-1.212307637031080354e-01
-1.242980834011522262e-01
-1.269272145709017252e-01
-6.045527104092287551e-01
-1.242980834011522262e-01
-1.269272145709017252e-01
-1.212307637031080354e-01
-1.242980834011522262e-01
-1.269272145709017252e-01
-6.045527104092287551e-01
-1.242980834011522262e-01
-1.269272145709017252e-01
3.616529944747246539e-01
3.590238633049724903e-01
3.559565436069309641e-01
-1.212307637031080354e-01
-1.242980834011522262e-01
-1.269272145709017252e-01
-6.045527104092287551e-01
-6.071818415789800305e-01
-1.269272145709017252e-01
-1.212307637031080354e-01
-1.242980834011522262e-01
3.559565436069309641e-01
-1.212307637031080354e-01
-1.242980834011522262e-01
-1.269272145709017252e-01
-1.212307637031080354e-01
-1.242980834011522262e-01
-1.269272145709017252e-01
-1.212307637031080354e-01
-1.242980834011522262e-01
-1.269272145709017252e-01
-1.212307637031080354e-01
3.590238633049724903e-01
3.559565436069309641e-01
-1.212307637031080354e-01
-1.242980834011522262e-01
-1.269272145709017252e-01
-1.212307637031080354e-01
-1.242980834011522262e-01
-1.269272145709017252e-01
2.408590235088849951e-01
2.859841379217709090e-02
2.575018835828180030e-02
-1.776402335785700615e-01
-4.197936473729484419e-01
2.575018835828180030e-02
-1.776402335785700615e-01
-4.197936473729484419e-01
2.575018835828180030e-02
2.408590235088849951e-01
2.859841379217709090e-02
2.575018835828180030e-02
2.408590235088849951e-01
2.859841379217709090e-02
2.575018835828180030e-02
2.408590235088849951e-01
2.859841379217709090e-02
2.575018835828180030e-02
2.408590235088849951e-01
2.859841379217709090e-02
2.575018835828180030e-02
2.408590235088849951e-01
2.859841379217709090e-02
2.575018835828180030e-02
-1.776402335785700615e-01
-4.197936473729484419e-01
-4.226418728068486175e-01
-1.776402335785700615e-01
2.859841379217709090e-02
2.575018835828180030e-02
-1.776402335785700615e-01
2.859841379217709090e-02
2.575018835828180030e-02
2.408590235088849951e-01
2.859841379217709090e-02
2.575018835828180030e-02
2.408590235088849951e-01
2.859841379217709090e-02
2.575018835828180030e-02
2.408590235088849951e-01
2.859841379217709090e-02
4.745491388711120528e-01
-1.776402335785700615e-01
-4.197936473729484419e-01
2.575018835828180030e-02
2.408590235088849951e-01
2.859841379217709090e-02
2.575018835828180030e-02
2.408590235088849951e-01
2.859841379217709090e-02
2.575018835828180030e-02
-1.776402335785700615e-01
2.859841379217709090e-02
2.575018835828180030e-02
-1.776402335785700615e-01
2.859841379217709090e-02
2.575018835828180030e-02
2.408590235088849951e-01
2.859841379217709090e-02
2.575018835828180030e-02
2.408590235088849951e-01
2.859841379217709090e-02
2.575018835828180030e-02
2.408590235088849951e-01
2.859841379217709090e-02
2.575018835828180030e-02
-1.776402335785700615e-01
2.859841379217709090e-02
2.575018835828180030e-02
-1.776402335785700615e-01
-4.197936473729484419e-01
2.575018835828180030e-02
2.408590235088849951e-01
2.859841379217709090e-02
2.575018835828180030e-02
2.408590235088849951e-01
2.859841379217709090e-02
2.575018835828180030e-02
-1.776402335785700615e-01
2.859841379217709090e-02
2.575018835828180030e-02
-1.776402335785700615e-01
-4.197936473729484419e-01
2.575018835828180030e-02
2.408590235088849951e-01
2.859841379217709090e-02
4.745491388711120528e-01
-1.776402335785700615e-01
2.859841379217709090e-02
2.575018835828180030e-02
2.408590235088849951e-01
2.859841379217709090e-02
2.575018835828180030e-02
-1.776402335785700615e-01
2.859841379217709090e-02
2.575018835828180030e-02
2.408590235088849951e-01
2.859841379217709090e-02
2.575018835828180030e-02
-1.776402335785700615e-01
2.859841379217709090e-02
2.575018835828180030e-02
2.408590235088849951e-01
2.859841379217709090e-02
2.575018835828180030e-02
-1.776402335785700615e-01
-4.197936473729484419e-01
2.575018835828180030e-02
2.408590235088849951e-01
2.859841379217709090e-02
2.575018835828180030e-02
2.408590235088849951e-01
2.859841379217709090e-02
2.575018835828180030e-02
2.408590235088849951e-01
2.859841379217709090e-02
4.745491388711120528e-01
2.408590235088849951e-01
2.859841379217709090e-02
2.575018835828180030e-02
1.873123853515954451e-01
1.842742782221082898e-01
1.816159344837973144e-01
1.873123853515954451e-01
1.842742782221082898e-01
1.816159344837973144e-01
1.873123853515954451e-01
1.842742782221082898e-01
1.816159344837973144e-01
1.873123853515954451e-01
1.842742782221082898e-01
1.816159344837973144e-01
1.873123853515954451e-01
1.842742782221082898e-01
1.816159344837973144e-01
1.873123853515954451e-01
1.842742782221082898e-01
1.816159344837973144e-01
1.873123853515954451e-01
1.842742782221082898e-01
1.816159344837973144e-01
1.873123853515954451e-01
1.842742782221082898e-01
1.816159344837973144e-01
1.873123853515954451e-01
1.842742782221082898e-01
1.816159344837973144e-01
1.873123853515954451e-01
1.842742782221082898e-01
1.816159344837973144e-01
6.058116424390500576e-01
6.031532987007421909e-01
6.001151915712519269e-01
-2.315666351270420087e-01
1.842742782221082898e-01
1.816159344837973144e-01
1.873123853515954451e-01
1.842742782221082898e-01
1.816159344837973144e-01
1.873123853515954451e-01
1.842742782221082898e-01
1.816159344837973144e-01
-2.315666351270420087e-01
-2.342249788653467668e-01
1.816159344837973144e-01
1.873123853515954451e-01
1.842742782221082898e-01
1.816159344837973144e-01
1.873123853515954451e-01
6.031532987007421909e-01
6.001151915712519269e-01
1.873123853515954451e-01
1.842742782221082898e-01
1.816159344837973144e-01
-2.315666351270420087e-01
-2.342249788653467668e-01
-2.372630859948361426e-01
1.873123853515954451e-01
1.842742782221082898e-01
1.816159344837973144e-01
1.873123853515954451e-01
1.842742782221082898e-01
1.816159344837973144e-01
1.873123853515954451e-01
1.842742782221082898e-01
1.816159344837973144e-01
1.873123853515954451e-01
1.842742782221082898e-01
1.816159344837973144e-01
1.873123853515954451e-01
1.842742782221082898e-01
1.816159344837973144e-01
1.873123853515954451e-01
1.842742782221082898e-01
1.816159344837973144e-01
-2.315666351270420087e-01
-2.342249788653467668e-01
-2.372630859948361426e-01
1.873123853515954451e-01
1.842742782221082898e-01
1.816159344837973144e-01
-2.315666351270420087e-01
-2.342249788653467668e-01
-2.372630859948361426e-01
1.873123853515954451e-01
1.842742782221082898e-01
1.816159344837973144e-01
1.873123853515954451e-01
1.842742782221082898e-01
1.816159344837973144e-01
-2.315666351270420087e-01
-2.342249788653467668e-01
-2.372630859948361426e-01
1.873123853515954451e-01
1.842742782221082898e-01
1.816159344837973144e-01
1.873123853515954451e-01
1.842742782221082898e-01
1.816159344837973144e-01
-2.315666351270420087e-01
-2.342249788653467668e-01
-2.372630859948361426e-01
-2.315666351270420087e-01
-2.342249788653467668e-01
-2.372630859948361426e-01
1.873123853515954451e-01
1.842742782221082898e-01
1.816159344837973144e-01
1.873123853515954451e-01
1.842742782221082898e-01
1.816159344837973144e-01
1.873123853515954451e-01
1.842742782221082898e-01
1.816159344837973144e-01
-2.315666351270420087e-01
-2.342249788653467668e-01
-2.372630859948361426e-01
1.873123853515954451e-01
1.842742782221082898e-01
1.816159344837973144e-01
8.841114790404480672e-02
-1.514657721552565839e-01
8.312158638394251398e-02
8.841114790404480672e-02
-1.514657721552565839e-01
8.312158638394251398e-02
-3.599809132610851670e-01
-1.514657721552565839e-01
-3.656773641288793009e-01
-3.599809132610851670e-01
-1.514657721552565839e-01
-3.656773641288793009e-01
8.841114790404480672e-02
3.314179860225712204e-01
8.312158638394251398e-02
8.841114790404480672e-02
-1.514657721552565839e-01
8.312158638394251398e-02
-3.599809132610851670e-01
-1.514657721552565839e-01
-3.656773641288793009e-01
8.841114790404480672e-02
3.314179860225712204e-01
8.312158638394251398e-02
-3.599809132610851670e-01
-1.514657721552565839e-01
-3.656773641288793009e-01
8.841114790404480672e-02
3.314179860225712204e-01
8.312158638394251398e-02
-3.599809132610851670e-01
-6.347877188613813004e-01
-3.656773641288793009e-01
8.841114790404480672e-02
-1.514657721552565839e-01
8.312158638394251398e-02
-3.599809132610851670e-01
-1.514657721552565839e-01
-3.656773641288793009e-01
-3.599809132610851670e-01
-1.514657721552565839e-01
-3.656773641288793009e-01
-3.599809132610851670e-01
-1.514657721552565839e-01
-3.656773641288793009e-01
8.841114790404480672e-02
3.314179860225712204e-01
8.312158638394251398e-02
8.841114790404480672e-02
-1.514657721552565839e-01
8.312158638394251398e-02
8.841114790404480672e-02
3.314179860225712204e-01
8.312158638394251398e-02
8.841114790404480672e-02
-1.514657721552565839e-01
8.312158638394251398e-02
8.841114790404480672e-02
-1.514657721552565839e-01
8.312158638394251398e-02
8.841114790404480672e-02
3.314179860225712204e-01
8.312158638394251398e-02
8.841114790404480672e-02
-1.514657721552565839e-01
8.312158638394251398e-02
-3.599809132610851670e-01
-1.514657721552565839e-01
-3.656773641288793009e-01
8.841114790404480672e-02
-1.514657721552565839e-01
8.312158638394251398e-02
8.841114790404480672e-02
3.314179860225712204e-01
8.312158638394251398e-02
5.372100984168710625e-01
8.147399327286959370e-01
5.315136475490724877e-01
-3.599809132610851670e-01
-1.514657721552565839e-01
-3.656773641288793009e-01
8.841114790404480672e-02
3.314179860225712204e-01
8.312158638394251398e-02
8.841114790404480672e-02
-1.514657721552565839e-01
8.312158638394251398e-02
8.841114790404480672e-02
-1.514657721552565839e-01
8.312158638394251398e-02
-3.599809132610851670e-01
-1.514657721552565839e-01
8.312158638394251398e-02
8.841114790404480672e-02
-1.514657721552565839e-01
8.312158638394251398e-02
8.841114790404480672e-02
-1.514657721552565839e-01
8.312158638394251398e-02
8.841114790404480672e-02
-1.514657721552565839e-01
8.312158638394251398e-02
-3.599809132610851670e-01
-1.514657721552565839e-01
-3.656773641288793009e-01
5.372100984168710625e-01
3.314179860225712204e-01
5.315136475490724877e-01
8.841114790404480672e-02
-1.514657721552565839e-01
8.312158638394251398e-02
-3.599809132610851670e-01
-1.514657721552565839e-01
-3.656773641288793009e-01
8.841114790404480672e-02
-1.514657721552565839e-01
8.312158638394251398e-02
-3.599809132610851670e-01
-1.514657721552565839e-01
-3.656773641288793009e-01
-4.876537485837646457e-01
-1.244733588124709023e-01
-1.273215842463679692e-01
-4.876537485837646457e-01
-1.244733588124709023e-01
-1.273215842463679692e-01
-4.876537485837646457e-01
-1.244733588124709023e-01
-1.273215842463679692e-01
-1.185152510396183079e+00
-7.522222444436472699e-01
-7.550704698775447810e-01
2.104779522139708092e-01
5.038451719054908295e-01
-1.273215842463679692e-01
-4.876537485837646457e-01
-1.244733588124709023e-01
-1.273215842463679692e-01
2.104779522139708092e-01
5.038451719054908295e-01
-1.273215842463679692e-01
-4.876537485837646457e-01
-1.244733588124709023e-01
-1.273215842463679692e-01
-4.876537485837646457e-01
-1.244733588124709023e-01
-1.273215842463679692e-01
2.104779522139708092e-01
5.038451719054908295e-01
-1.273215842463679692e-01
2.104779522139708092e-01
-1.244733588124709023e-01
-1.273215842463679692e-01
-4.876537485837646457e-01
-1.244733588124709023e-01
-1.273215842463679692e-01
-4.876537485837646457e-01
-1.244733588124709023e-01
-1.273215842463679692e-01
2.104779522139708092e-01
5.038451719054908295e-01
5.009969464715946508e-01
-4.876537485837646457e-01
-1.244733588124709023e-01
-1.273215842463679692e-01
2.104779522139708092e-01
5.038451719054908295e-01
5.009969464715946508e-01
2.104779522139708092e-01
-1.244733588124709023e-01
-1.273215842463679692e-01
-4.876537485837646457e-01
-1.244733588124709023e-01
-7.550704698775447810e-01
-4.876537485837646457e-01
-1.244733588124709023e-01
-1.273215842463679692e-01
2.104779522139708092e-01
5.038451719054908295e-01
5.009969464715946508e-01
-4.876537485837646457e-01
-1.244733588124709023e-01
-1.273215842463679692e-01
-4.876537485837646457e-01
-1.244733588124709023e-01
-1.273215842463679692e-01
2.104779522139708092e-01
-1.244733588124709023e-01
-1.273215842463679692e-01
-4.876537485837646457e-01
-1.244733588124709023e-01
-1.273215842463679692e-01
2.104779522139708092e-01
5.038451719054908295e-01
-1.273215842463679692e-01
2.104779522139708092e-01
-1.244733588124709023e-01
-1.273215842463679692e-01
-4.876537485837646457e-01
-1.244733588124709023e-01
-1.273215842463679692e-01
2.104779522139708092e-01
-1.244733588124709023e-01
-1.273215842463679692e-01
-4.876537485837646457e-01
-1.244733588124709023e-01
-7.550704698775447810e-01
-4.876537485837646457e-01
-1.244733588124709023e-01
-1.273215842463679692e-01
2.104779522139708092e-01
-1.244733588124709023e-01
-1.273215842463679692e-01
2.104779522139708092e-01
-1.244733588124709023e-01
-1.273215842463679692e-01
-4.876537485837646457e-01
-1.244733588124709023e-01
-7.550704698775447810e-01
2.104779522139708092e-01
-1.244733588124709023e-01
-1.273215842463679692e-01
-4.876537485837646457e-01
-1.244733588124709023e-01
-1.273215842463679692e-01
-4.876537485837646457e-01
-1.244733588124709023e-01
-1.273215842463679692e-01
2.104779522139708092e-01
5.038451719054908295e-01
-1.273215842463679692e-01
-4.876537485837646457e-01
-1.244733588124709023e-01
-1.273215842463679692e-01
-4.876537485837646457e-01
-7.522222444436472699e-01
-7.550704698775447810e-01
-4.876537485837646457e-01
-1.244733588124709023e-01
-1.273215842463679692e-01
-4.414492026560798976e-01
-8.288926747755009927e-02
-4.471456535238762520e-01
-4.414492026560798976e-01
-8.288926747755009927e-02
-4.471456535238762520e-01
-4.414492026560798976e-01
-8.288926747755009927e-02
-4.471456535238762520e-01
-4.414492026560798976e-01
-8.288926747755009927e-02
-4.471456535238762520e-01
-4.414492026560798976e-01
-7.106381531087317960e-01
-4.471456535238762520e-01
2.566824981416528928e-01
-8.288926747755009927e-02
2.503531082885483983e-01
-4.414492026560798976e-01
-8.288926747755009927e-02
-4.471456535238762520e-01
-4.414492026560798976e-01
-8.288926747755009927e-02
-4.471456535238762520e-01
-4.414492026560798976e-01
-7.106381531087317960e-01
-4.471456535238762520e-01
2.566824981416528928e-01
-8.288926747755009927e-02
-4.471456535238762520e-01
2.566824981416528928e-01
-8.288926747755009927e-02
2.503531082885483983e-01
2.566824981416528928e-01
-8.288926747755009927e-02
2.503531082885483983e-01
2.566824981416528928e-01
-8.288926747755009927e-02
2.503531082885483983e-01
-4.414492026560798976e-01
-8.288926747755009927e-02
-4.471456535238762520e-01
-4.414492026560798976e-01
-8.288926747755009927e-02
-4.471456535238762520e-01
-4.414492026560798976e-01
-8.288926747755009927e-02
-4.471456535238762520e-01
-4.414492026560798976e-01
-8.288926747755009927e-02
-4.471456535238762520e-01
2.566824981416528928e-01
-8.288926747755009927e-02
-4.471456535238762520e-01
-4.414492026560798976e-01
-8.288926747755009927e-02
-4.471456535238762520e-01
-4.414492026560798976e-01
-8.288926747755009927e-02
-4.471456535238762520e-01
-4.414492026560798976e-01
-7.106381531087317960e-01
-4.471456535238762520e-01
-4.414492026560798976e-01
-8.288926747755009927e-02
-4.471456535238762520e-01
-4.414492026560798976e-01
-8.288926747755009927e-02
-4.471456535238762520e-01
-4.414492026560798976e-01
-8.288926747755009927e-02
-4.471456535238762520e-01
-4.414492026560798976e-01
-8.288926747755009927e-02
-4.471456535238762520e-01
2.566824981416528928e-01
-8.288926747755009927e-02
-4.471456535238762520e-01
-4.414492026560798976e-01
-8.288926747755009927e-02
-4.471456535238762520e-01
-4.414492026560798976e-01
-8.288926747755009927e-02
-4.471456535238762520e-01
-4.414492026560798976e-01
-8.288926747755009927e-02
-4.471456535238762520e-01
2.566824981416528928e-01
-8.288926747755009927e-02
2.503531082885483983e-01
-4.414492026560798976e-01
-8.288926747755009927e-02
-4.471456535238762520e-01
2.566824981416528928e-01
-8.288926747755009927e-02
-4.471456535238762520e-01
2.566824981416528928e-01
-8.288926747755009927e-02
-4.471456535238762520e-01
-4.414492026560798976e-01
-7.106381531087317960e-01
-4.471456535238762520e-01
2.566824981416528928e-01
-8.288926747755009927e-02
-4.471456535238762520e-01
-4.414492026560798976e-01
-8.288926747755009927e-02
-4.471456535238762520e-01
2.566824981416528928e-01
-8.288926747755009927e-02
-4.471456535238762520e-01
2.566824981416528928e-01
-8.288926747755009927e-02
-4.471456535238762520e-01
-4.414492026560798976e-01
-8.288926747755009927e-02
-4.471456535238762520e-01
-4.414492026560798976e-01
-8.288926747755009927e-02
-4.471456535238762520e-01
-1.671967403209420056e-01
-1.700449657548408489e-01
-4.399531650544372674e-01
-1.671967403209420056e-01
-1.700449657548408489e-01
-4.399531650544372674e-01
4.605521453102374707e-01
4.577039198763412919e-01
1.307276400648191839e-01
-1.671967403209420056e-01
4.577039198763412919e-01
1.307276400648191839e-01
-7.955152710388988524e-01
-1.700449657548408489e-01
-4.399531650544372674e-01
-1.671967403209420056e-01
-1.700449657548408489e-01
-4.399531650544372674e-01
-1.671967403209420056e-01
-1.700449657548408489e-01
-4.399531650544372674e-01
-1.671967403209420056e-01
-1.700449657548408489e-01
-4.399531650544372674e-01
-1.671967403209420056e-01
-1.700449657548408489e-01
-4.399531650544372674e-01
-1.671967403209420056e-01
-1.700449657548408489e-01
1.307276400648191839e-01
-1.671967403209420056e-01
-1.700449657548408489e-01
1.307276400648191839e-01
-1.671967403209420056e-01
-1.700449657548408489e-01
1.307276400648191839e-01
-1.671967403209420056e-01
-1.700449657548408489e-01
-4.399531650544372674e-01
4.605521453102374707e-01
4.577039198763412919e-01
1.307276400648191839e-01
-1.671967403209420056e-01
-1.700449657548408489e-01
1.307276400648191839e-01
-1.671967403209420056e-01
-1.700449657548408489e-01
-4.399531650544372674e-01
-1.671967403209420056e-01
-1.700449657548408489e-01
1.307276400648191839e-01
-7.955152710388988524e-01
-1.700449657548408489e-01
-4.399531650544372674e-01
-1.671967403209420056e-01
-1.700449657548408489e-01
1.307276400648191839e-01
-1.671967403209420056e-01
-1.700449657548408489e-01
1.307276400648191839e-01
-1.671967403209420056e-01
-1.700449657548408489e-01
-4.399531650544372674e-01
-1.671967403209420056e-01
-1.700449657548408489e-01
1.307276400648191839e-01
-1.671967403209420056e-01
4.577039198763412919e-01
1.307276400648191839e-01
4.605521453102374707e-01
4.577039198763412919e-01
1.307276400648191839e-01
4.605521453102374707e-01
4.577039198763412919e-01
1.307276400648191839e-01
-1.671967403209420056e-01
4.577039198763412919e-01
1.307276400648191839e-01
-1.671967403209420056e-01
-1.700449657548408489e-01
1.307276400648191839e-01
-7.955152710388988524e-01
-1.700449657548408489e-01
-4.399531650544372674e-01
-1.671967403209420056e-01
-1.700449657548408489e-01
-4.399531650544372674e-01
-1.671967403209420056e-01
-1.700449657548408489e-01
-4.399531650544372674e-01
-1.671967403209420056e-01
-1.700449657548408489e-01
-4.399531650544372674e-01
-1.671967403209420056e-01
-1.700449657548408489e-01
1.307276400648191839e-01
-1.671967403209420056e-01
-1.700449657548408489e-01
1.307276400648191839e-01
-1.671967403209420056e-01
4.577039198763412919e-01
1.307276400648191839e-01
-1.671967403209420056e-01
-1.700449657548408489e-01
-4.399531650544372674e-01
-1.671967403209420056e-01
-1.700449657548408489e-01
1.307276400648191839e-01
-1.671967403209420056e-01
-1.700449657548408489e-01
1.307276400648191839e-01
-1.671967403209420056e-01
-1.700449657548408489e-01
1.307276400648191839e-01
-7.955152710388988524e-01
-1.700449657548408489e-01
-4.399531650544372674e-01
-1.671967403209420056e-01
-1.700449657548408489e-01
1.307276400648191839e-01
-1.546645484117870062e-01
-1.575127738456871818e-01
-1.603609992795838046e-01
-1.546645484117870062e-01
-1.575127738456871818e-01
-1.603609992795838046e-01
-1.546645484117870062e-01
-1.575127738456871818e-01
-1.603609992795838046e-01
-1.546645484117870062e-01
-1.575127738456871818e-01
-1.603609992795838046e-01
-1.546645484117870062e-01
-1.575127738456871818e-01
-1.603609992795838046e-01
-1.546645484117870062e-01
-1.575127738456871818e-01
-1.603609992795838046e-01
-1.546645484117870062e-01
-1.575127738456871818e-01
-1.603609992795838046e-01
-1.546645484117870062e-01
-1.575127738456871818e-01
-1.603609992795838046e-01
4.730843372193893615e-01
4.702361117854891859e-01
4.673878863515930071e-01
-7.829830791297491821e-01
-7.858313045636489136e-01
-7.886795299975464246e-01
-7.829830791297491821e-01
-7.858313045636489136e-01
-7.886795299975464246e-01
-1.546645484117870062e-01
-1.575127738456871818e-01
-1.603609992795838046e-01
-1.546645484117870062e-01
-1.575127738456871818e-01
-1.603609992795838046e-01
-1.546645484117870062e-01
-1.575127738456871818e-01
-1.603609992795838046e-01
-1.546645484117870062e-01
-1.575127738456871818e-01
4.673878863515930071e-01
-1.546645484117870062e-01
-1.575127738456871818e-01
-1.603609992795838046e-01
-7.829830791297491821e-01
-7.858313045636489136e-01
-1.603609992795838046e-01
-7.829830791297491821e-01
-7.858313045636489136e-01
-7.886795299975464246e-01
-1.546645484117870062e-01
-1.575127738456871818e-01
-1.603609992795838046e-01
-1.546645484117870062e-01
-1.575127738456871818e-01
-1.603609992795838046e-01
-7.829830791297491821e-01
-1.575127738456871818e-01
-1.603609992795838046e-01
-7.829830791297491821e-01
-1.575127738456871818e-01
-1.603609992795838046e-01
-1.546645484117870062e-01
-1.575127738456871818e-01
-1.603609992795838046e-01
-1.546645484117870062e-01
-1.575127738456871818e-01
-1.603609992795838046e-01
-1.546645484117870062e-01
-1.575127738456871818e-01
-1.603609992795838046e-01
-1.546645484117870062e-01
-1.575127738456871818e-01
-1.603609992795838046e-01
-1.546645484117870062e-01
-1.575127738456871818e-01
-1.603609992795838046e-01
-1.546645484117870062e-01
-1.575127738456871818e-01
-1.603609992795838046e-01
-1.546645484117870062e-01
-1.575127738456871818e-01
-1.603609992795838046e-01
-1.546645484117870062e-01
-1.575127738456871818e-01
-1.603609992795838046e-01
-1.546645484117870062e-01
-1.575127738456871818e-01
-1.603609992795838046e-01
-1.546645484117870062e-01
-1.575127738456871818e-01
-1.603609992795838046e-01
-1.546645484117870062e-01
-1.575127738456871818e-01
-1.603609992795838046e-01
-7.829830791297491821e-01
-1.575127738456871818e-01
-1.603609992795838046e-01
-1.546645484117870062e-01
-1.575127738456871818e-01
-1.603609992795838046e-01
-1.546645484117870062e-01
-1.575127738456871818e-01
-1.603609992795838046e-01
-1.546645484117870062e-01
-1.575127738456871818e-01
4.673878863515930071e-01
-1.546645484117870062e-01
-1.575127738456871818e-01
-1.603609992795838046e-01
-1.546645484117870062e-01
-1.575127738456871818e-01
-1.603609992795838046e-01
-1.546645484117870062e-01
-1.575127738456871818e-01
-1.603609992795838046e-01
1.693369181687724989e-01
1.664886927348754320e-01
3.562400773605238768e-01
1.693369181687724989e-01
1.664886927348754320e-01
3.562400773605238768e-01
-1.797289322300921199e-01
-1.825771576639922955e-01
-1.335905835591777446e-02
1.693369181687724989e-01
1.664886927348754320e-01
-1.335905835591777446e-02
1.693369181687724989e-01
1.664886927348754320e-01
3.562400773605238768e-01
1.693369181687724989e-01
-1.825771576639922955e-01
-1.335905835591777446e-02
-1.797289322300921199e-01
-1.825771576639922955e-01
-1.335905835591777446e-02
1.693369181687724989e-01
1.664886927348754320e-01
3.562400773605238768e-01
1.693369181687724989e-01
1.664886927348754320e-01
-1.335905835591777446e-02
1.693369181687724989e-01
1.664886927348754320e-01
3.562400773605238768e-01
1.693369181687724989e-01
-1.825771576639922955e-01
-1.335905835591777446e-02
1.693369181687724989e-01
-1.825771576639922955e-01
-1.335905835591777446e-02
-1.797289322300921199e-01
-1.825771576639922955e-01
-1.335905835591777446e-02
-1.797289322300921199e-01
-1.825771576639922955e-01
-1.335905835591777446e-02
1.693369181687724989e-01
1.664886927348754320e-01
3.562400773605238768e-01
1.693369181687724989e-01
1.664886927348754320e-01
3.562400773605238768e-01
1.693369181687724989e-01
1.664886927348754320e-01
3.562400773605238768e-01
-1.797289322300921199e-01
-1.825771576639922955e-01
-1.335905835591777446e-02
-1.797289322300921199e-01
-1.825771576639922955e-01
-1.335905835591777446e-02
1.693369181687724989e-01
1.664886927348754320e-01
3.562400773605238768e-01
1.693369181687724989e-01
1.664886927348754320e-01
3.562400773605238768e-01
-1.797289322300921199e-01
-1.825771576639922955e-01
-1.335905835591777446e-02
1.693369181687724989e-01
1.664886927348754320e-01
3.562400773605238768e-01
1.693369181687724989e-01
1.664886927348754320e-01
3.562400773605238768e-01
1.693369181687724989e-01
1.664886927348754320e-01
-1.335905835591777446e-02
1.693369181687724989e-01
1.664886927348754320e-01
3.562400773605238768e-01
1.693369181687724989e-01
1.664886927348754320e-01
3.562400773605238768e-01
1.693369181687724989e-01
1.664886927348754320e-01
3.562400773605238768e-01
-1.797289322300921199e-01
-1.825771576639922955e-01
-1.335905835591777446e-02
1.693369181687724989e-01
-1.825771576639922955e-01
-1.335905835591777446e-02
1.693369181687724989e-01
1.664886927348754320e-01
3.562400773605238768e-01
-1.797289322300921199e-01
-1.825771576639922955e-01
-1.335905835591777446e-02
1.693369181687724989e-01
1.664886927348754320e-01
3.562400773605238768e-01
-1.797289322300921199e-01
-1.825771576639922955e-01
-1.335905835591777446e-02
1.693369181687724989e-01
1.664886927348754320e-01
-1.335905835591777446e-02
-1.797289322300921199e-01
-1.825771576639922955e-01
-1.335905835591777446e-02
-1.797289322300921199e-01
-1.825771576639922955e-01
-1.335905835591777446e-02
1.693369181687724989e-01
1.664886927348754320e-01
3.562400773605238768e-01
-1.797289322300921199e-01
-1.825771576639922955e-01
-1.335905835591777446e-02
1.693369181687724989e-01
1.664886927348754320e-01
3.562400773605238768e-01
-4.657439319535150446e-02
1.546527337095642274e-01
-5.191481588391022584e-02
-4.657439319535150446e-02
1.546527337095642274e-01
-5.191481588391022584e-02
-4.657439319535150446e-02
1.546527337095642274e-01
-5.191481588391022584e-02
-4.657439319535150446e-02
1.546527337095642274e-01
-5.191481588391022584e-02
3.461246885033748555e-01
1.546527337095642274e-01
3.404282376355785011e-01
3.461246885033748555e-01
1.546527337095642274e-01
3.404282376355785011e-01
3.461246885033748555e-01
1.546527337095642274e-01
3.404282376355785011e-01
-4.657439319535150446e-02
1.546527337095642274e-01
-5.191481588391022584e-02
3.461246885033748555e-01
1.546527337095642274e-01
3.404282376355785011e-01
-4.657439319535150446e-02
1.546527337095642274e-01
-5.191481588391022584e-02
3.461246885033748555e-01
5.735317541882021253e-01
3.404282376355785011e-01
-4.657439319535150446e-02
1.546527337095642274e-01
-5.191481588391022584e-02
3.461246885033748555e-01
1.546527337095642274e-01
3.404282376355785011e-01
3.461246885033748555e-01
1.546527337095642274e-01
3.404282376355785011e-01
3.461246885033748555e-01
1.546527337095642274e-01
-5.191481588391022584e-02
-4.657439319535150446e-02
1.546527337095642274e-01
-5.191481588391022584e-02
-4.657439319535150446e-02
1.546527337095642274e-01
-5.191481588391022584e-02
-4.657439319535150446e-02
1.546527337095642274e-01
-5.191481588391022584e-02
-4.657439319535150446e-02
1.546527337095642274e-01
-5.191481588391022584e-02
-4.657439319535150446e-02
1.546527337095642274e-01
-5.191481588391022584e-02
-4.657439319535150446e-02
-2.638465233778903851e-01
-5.191481588391022584e-02
3.461246885033748555e-01
1.546527337095642274e-01
3.404282376355785011e-01
-4.657439319535150446e-02
-2.638465233778903851e-01
-5.191481588391022584e-02
3.461246885033748555e-01
1.546527337095642274e-01
3.404282376355785011e-01
-4.657439319535150446e-02
1.546527337095642274e-01
-5.191481588391022584e-02
3.461246885033748555e-01
1.546527337095642274e-01
3.404282376355785011e-01
3.461246885033748555e-01
1.546527337095642274e-01
3.404282376355785011e-01
-4.657439319535150446e-02
1.546527337095642274e-01
-5.191481588391022584e-02
3.461246885033748555e-01
1.546527337095642274e-01
3.404282376355785011e-01
-4.657439319535150446e-02
1.546527337095642274e-01
-5.191481588391022584e-02
3.461246885033748555e-01
1.546527337095642274e-01
3.404282376355785011e-01
3.461246885033748555e-01
5.735317541882021253e-01
3.404282376355785011e-01
3.461246885033748555e-01
1.546527337095642274e-01
3.404282376355785011e-01
3.461246885033748555e-01
1.546527337095642274e-01
3.404282376355785011e-01
-4.657439319535150446e-02
1.546527337095642274e-01
-5.191481588391022584e-02
3.461246885033748555e-01
1.546527337095642274e-01
3.404282376355785011e-01
-4.657439319535150446e-02
1.546527337095642274e-01
-5.191481588391022584e-02
-4.657439319535150446e-02
1.546527337095642274e-01
-5.191481588391022584e-02
-4.657439319535150446e-02
1.546527337095642274e-01
-5.191481588391022584e-02
-4.657439319535150446e-02
1.546527337095642274e-01
-5.191481588391022584e-02
-8.858571834534822997e-02
-9.143394377924840555e-02
-9.428216921314991339e-02
-8.858571834534822997e-02
-9.143394377924840555e-02
-9.428216921314991339e-02
3.037573351741373884e-01
3.009091097402403214e-01
2.980608843063388136e-01
-8.858571834534822997e-02
-9.143394377924840555e-02
-9.428216921314991339e-02
3.037573351741373884e-01
3.009091097402403214e-01
2.980608843063388136e-01
-8.858571834534822997e-02
3.009091097402403214e-01
2.980608843063388136e-01
3.037573351741373884e-01
3.009091097402403214e-01
2.980608843063388136e-01
3.037573351741373884e-01
3.009091097402403214e-01
2.980608843063388136e-01
-8.858571834534822997e-02
-9.143394377924840555e-02
2.980608843063388136e-01
3.037573351741373884e-01
3.009091097402403214e-01
2.980608843063388136e-01
3.037573351741373884e-01
3.009091097402403214e-01
2.980608843063388136e-01
3.037573351741373884e-01
3.009091097402403214e-01
2.980608843063388136e-01
3.037573351741373884e-01
3.009091097402403214e-01
2.980608843063388136e-01
3.037573351741373884e-01
3.009091097402403214e-01
2.980608843063388136e-01
3.037573351741373884e-01
3.009091097402403214e-01
2.980608843063388136e-01
3.037573351741373884e-01
3.009091097402403214e-01
2.980608843063388136e-01
-8.858571834534822997e-02
-9.143394377924840555e-02
-9.428216921314991339e-02
3.037573351741373884e-01
3.009091097402403214e-01
2.980608843063388136e-01
-8.858571834534822997e-02
-9.143394377924840555e-02
-9.428216921314991339e-02
3.037573351741373884e-01
3.009091097402403214e-01
2.980608843063388136e-01
-8.858571834534822997e-02
-9.143394377924840555e-02
-9.428216921314991339e-02
-8.858571834534822997e-02
-9.143394377924840555e-02
-9.428216921314991339e-02
3.037573351741373884e-01
3.009091097402403214e-01
2.980608843063388136e-01
3.037573351741373884e-01
3.009091097402403214e-01
2.980608843063388136e-01
-8.858571834534822997e-02
-9.143394377924840555e-02
2.980608843063388136e-01
-8.858571834534822997e-02
-9.143394377924840555e-02
-9.428216921314991339e-02
3.037573351741373884e-01
3.009091097402403214e-01
2.980608843063388136e-01
-8.858571834534822997e-02
-9.143394377924840555e-02
-9.428216921314991339e-02
-8.858571834534822997e-02
3.009091097402403214e-01
2.980608843063388136e-01
3.037573351741373884e-01
3.009091097402403214e-01
2.980608843063388136e-01
-8.858571834534822997e-02
3.009091097402403214e-01
2.980608843063388136e-01
-8.858571834534822997e-02
-9.143394377924840555e-02
-9.428216921314991339e-02
3.037573351741373884e-01
3.009091097402403214e-01
2.980608843063388136e-01
3.037573351741373884e-01
3.009091097402403214e-01
2.980608843063388136e-01
-8.858571834534822997e-02
3.009091097402403214e-01
2.980608843063388136e-01
-8.858571834534822997e-02
-9.143394377924840555e-02
-9.428216921314991339e-02
3.037573351741373884e-01
3.009091097402403214e-01
2.980608843063388136e-01
3.037573351741373884e-01
3.009091097402403214e-01
2.980608843063388136e-01
-8.858571834534822997e-02
3.009091097402403214e-01
2.980608843063388136e-01
-8.858571834534822997e-02
-9.143394377924840555e-02
2.980608843063388136e-01
2.492138181149856635e-01
3.754997944157523193e-02
3.470175400767550045e-02
2.492138181149856635e-01
3.754997944157523193e-02
3.470175400767550045e-02
-1.692854389724653963e-01
3.754997944157523193e-02
3.470175400767550045e-02
2.492138181149856635e-01
3.754997944157523193e-02
3.470175400767550045e-02
-1.692854389724653963e-01
-4.108420817235547418e-01
3.470175400767550045e-02
-1.692854389724653963e-01
-4.108420817235547418e-01
3.470175400767550045e-02
-1.692854389724653963e-01
3.754997944157523193e-02
3.470175400767550045e-02
2.492138181149856635e-01
3.754997944157523193e-02
3.470175400767550045e-02
2.492138181149856635e-01
3.754997944157523193e-02
3.470175400767550045e-02
-1.692854389724653963e-01
3.754997944157523193e-02
3.470175400767550045e-02
-1.692854389724653963e-01
3.754997944157523193e-02
3.470175400767550045e-02
2.492138181149856635e-01
3.754997944157523193e-02
3.470175400767550045e-02
-1.692854389724653963e-01
-4.108420817235547418e-01
-4.136903071574549173e-01
-1.692854389724653963e-01
3.754997944157523193e-02
3.470175400767550045e-02
-1.692854389724653963e-01
-4.108420817235547418e-01
-4.136903071574549173e-01
-1.692854389724653963e-01
-4.108420817235547418e-01
3.470175400767550045e-02
2.492138181149856635e-01
3.754997944157523193e-02
3.470175400767550045e-02
-1.692854389724653963e-01
-4.108420817235547418e-01
3.470175400767550045e-02
2.492138181149856635e-01
3.754997944157523193e-02
3.470175400767550045e-02
2.492138181149856635e-01
4.863489299544014877e-01
4.835007045205057530e-01
2.492138181149856635e-01
3.754997944157523193e-02
3.470175400767550045e-02
2.492138181149856635e-01
3.754997944157523193e-02
3.470175400767550045e-02
-1.692854389724653963e-01
-4.108420817235547418e-01
3.470175400767550045e-02
2.492138181149856635e-01
3.754997944157523193e-02
3.470175400767550045e-02
2.492138181149856635e-01
3.754997944157523193e-02
3.470175400767550045e-02
2.492138181149856635e-01
3.754997944157523193e-02
3.470175400767550045e-02
2.492138181149856635e-01
3.754997944157523193e-02
3.470175400767550045e-02
2.492138181149856635e-01
3.754997944157523193e-02
3.470175400767550045e-02
-1.692854389724653963e-01
3.754997944157523193e-02
3.470175400767550045e-02
2.492138181149856635e-01
3.754997944157523193e-02
3.470175400767550045e-02
2.492138181149856635e-01
3.754997944157523193e-02
3.470175400767550045e-02
-1.692854389724653963e-01
3.754997944157523193e-02
3.470175400767550045e-02
-1.692854389724653963e-01
-4.108420817235547418e-01
3.470175400767550045e-02
2.492138181149856635e-01
3.754997944157523193e-02
3.470175400767550045e-02
-1.692854389724653963e-01
3.754997944157523193e-02
3.470175400767550045e-02
-1.692854389724653963e-01
3.754997944157523193e-02
3.470175400767550045e-02
2.492138181149856635e-01
3.754997944157523193e-02
3.470175400767550045e-02
2.492138181149856635e-01
3.754997944157523193e-02
3.470175400767550045e-02
-1.692854389724653963e-01
3.754997944157523193e-02
3.470175400767550045e-02
2.492138181149856635e-01
3.754997944157523193e-02
3.470175400767550045e-02
2.005091631953233033e-01
-5.681705004417869631e-02
-3.287860632707757524e-01
2.005091631953233033e-01
-5.681705004417869631e-02
-3.287860632707757524e-01
-3.230896124029736249e-01
-5.681705004417869631e-02
-3.287860632707757524e-01
-3.230896124029736249e-01
-5.681705004417869631e-02
-3.287860632707757524e-01
-3.230896124029736249e-01
-5.681705004417869631e-02
-3.287860632707757524e-01
-3.230896124029736249e-01
-5.681705004417869631e-02
-3.287860632707757524e-01
2.005091631953233033e-01
-5.681705004417869631e-02
-3.287860632707757524e-01
2.005091631953233033e-01
-5.681705004417869631e-02
-3.287860632707757524e-01
2.005091631953233033e-01
-5.681705004417869631e-02
-3.287860632707757524e-01
-3.230896124029736249e-01
-5.681705004417869631e-02
-3.287860632707757524e-01
2.005091631953233033e-01
-5.681705004417869631e-02
1.943380080885432903e-01
2.005091631953233033e-01
-5.681705004417869631e-02
1.943380080885432903e-01
-3.230896124029736249e-01
-5.681705004417869631e-02
-3.287860632707757524e-01
-3.230896124029736249e-01
-5.401389967502989720e-01
-3.287860632707757524e-01
2.005091631953233033e-01
-5.681705004417869631e-02
1.943380080885432903e-01
2.005091631953233033e-01
-5.681705004417869631e-02
-3.287860632707757524e-01
-3.230896124029736249e-01
-5.681705004417869631e-02
-3.287860632707757524e-01
2.005091631953233033e-01
-5.681705004417869631e-02
1.943380080885432903e-01
2.005091631953233033e-01
-5.681705004417869631e-02
1.943380080885432903e-01
2.005091631953233033e-01
-5.681705004417869631e-02
1.943380080885432903e-01
2.005091631953233033e-01
-5.681705004417869631e-02
1.943380080885432903e-01
-3.230896124029736249e-01
-5.401389967502989720e-01
-3.287860632707757524e-01
-3.230896124029736249e-01
-5.681705004417869631e-02
-3.287860632707757524e-01
2.005091631953233033e-01
-5.681705004417869631e-02
1.943380080885432903e-01
-3.230896124029736249e-01
-5.681705004417869631e-02
-3.287860632707757524e-01
-3.230896124029736249e-01
-5.401389967502989720e-01
-3.287860632707757524e-01
-3.230896124029736249e-01
-5.681705004417869631e-02
-3.287860632707757524e-01
2.005091631953233033e-01
-5.681705004417869631e-02
1.943380080885432903e-01
2.005091631953233033e-01
-5.681705004417869631e-02
1.943380080885432903e-01
2.005091631953233033e-01
-5.681705004417869631e-02
-3.287860632707757524e-01
2.005091631953233033e-01
-5.681705004417869631e-02
1.943380080885432903e-01
2.005091631953233033e-01
-5.681705004417869631e-02
1.943380080885432903e-01
2.005091631953233033e-01
-5.681705004417869631e-02
-3.287860632707757524e-01
2.005091631953233033e-01
-5.681705004417869631e-02
1.943380080885432903e-01
-3.230896124029736249e-01
-5.681705004417869631e-02
-3.287860632707757524e-01
-3.230896124029736249e-01
-5.681705004417869631e-02
-3.287860632707757524e-01
-3.230896124029736249e-01
-5.681705004417869631e-02
-3.287860632707757524e-01
-3.230896124029736249e-01
-5.401389967502989720e-01
-3.287860632707757524e-01
2.005091631953233033e-01
-5.681705004417869631e-02
-3.287860632707757524e-01
-3.230896124029736249e-01
-5.681705004417869631e-02
-3.287860632707757524e-01
3.212027159567649726e-01
3.183544905228652411e-01
-7.719281660975774173e-02
-7.149636574196138739e-02
-7.434459117585801025e-02
-7.719281660975774173e-02
-7.149636574196138739e-02
-7.434459117585801025e-02
-7.719281660975774173e-02
3.212027159567649726e-01
-7.434459117585801025e-02
-7.719281660975774173e-02
3.212027159567649726e-01
-7.434459117585801025e-02
-7.719281660975774173e-02
3.212027159567649726e-01
-7.434459117585801025e-02
-7.719281660975774173e-02
3.212027159567649726e-01
3.183544905228652411e-01
3.155062650889686182e-01
3.212027159567649726e-01
3.183544905228652411e-01
-7.719281660975774173e-02
3.212027159567649726e-01
-7.434459117585801025e-02
-7.719281660975774173e-02
3.212027159567649726e-01
-7.434459117585801025e-02
-7.719281660975774173e-02
-7.149636574196138739e-02
-7.434459117585801025e-02
-7.719281660975774173e-02
3.212027159567649726e-01
3.183544905228652411e-01
-7.719281660975774173e-02
-7.149636574196138739e-02
-7.434459117585801025e-02
-7.719281660975774173e-02
3.212027159567649726e-01
3.183544905228652411e-01
3.155062650889686182e-01
3.212027159567649726e-01
3.183544905228652411e-01
3.155062650889686182e-01
3.212027159567649726e-01
-7.434459117585801025e-02
-7.719281660975774173e-02
-7.149636574196138739e-02
-7.434459117585801025e-02
-7.719281660975774173e-02
-7.149636574196138739e-02
-7.434459117585801025e-02
-7.719281660975774173e-02
3.212027159567649726e-01
-7.434459117585801025e-02
-7.719281660975774173e-02
3.212027159567649726e-01
3.183544905228652411e-01
-7.719281660975774173e-02
3.212027159567649726e-01
3.183544905228652411e-01
-7.719281660975774173e-02
-7.149636574196138739e-02
-7.434459117585801025e-02
-7.719281660975774173e-02
3.212027159567649726e-01
-7.434459117585801025e-02
-7.719281660975774173e-02
3.212027159567649726e-01
3.183544905228652411e-01
3.155062650889686182e-01
3.212027159567649726e-01
-7.434459117585801025e-02
-7.719281660975774173e-02
3.212027159567649726e-01
3.183544905228652411e-01
3.155062650889686182e-01
-7.149636574196138739e-02
-7.434459117585801025e-02
-7.719281660975774173e-02
-7.149636574196138739e-02
-7.434459117585801025e-02
-7.719281660975774173e-02
3.212027159567649726e-01
-7.434459117585801025e-02
-7.719281660975774173e-02
-7.149636574196138739e-02
-7.434459117585801025e-02
-7.719281660975774173e-02
-7.149636574196138739e-02
-7.434459117585801025e-02
-7.719281660975774173e-02
-7.149636574196138739e-02
-7.434459117585801025e-02
-7.719281660975774173e-02
-7.149636574196138739e-02
-7.434459117585801025e-02
-7.719281660975774173e-02
-7.149636574196138739e-02
-7.434459117585801025e-02
-7.719281660975774173e-02
3.212027159567649726e-01
3.183544905228652411e-01
3.155062650889686182e-01
-7.149636574196138739e-02
-7.434459117585801025e-02
-7.719281660975774173e-02
3.212027159567649726e-01
3.183544905228652411e-01
3.155062650889686182e-01
3.212027159567649726e-01
3.183544905228652411e-01
3.155062650889686182e-01
-7.149636574196138739e-02
-7.434459117585801025e-02
-7.719281660975774173e-02
-7.149636574196138739e-02
-7.434459117585801025e-02
-7.719281660975774173e-02
5.748755747886225009e-02
5.463933204496251861e-02
5.179110661106012259e-02
5.748755747886225009e-02
5.463933204496251861e-02
5.179110661106012259e-02
5.748755747886225009e-02
5.463933204496251861e-02
5.179110661106012259e-02
-3.913113930339680024e-01
-3.941596184678637371e-01
-3.970078439017616923e-01
5.748755747886225009e-02
5.463933204496251861e-02
5.179110661106012259e-02
5.748755747886225009e-02
5.463933204496251861e-02
5.179110661106012259e-02
5.748755747886225009e-02
5.463933204496251861e-02
5.179110661106012259e-02
-3.913113930339680024e-01
-3.941596184678637371e-01
-3.970078439017616923e-01
-3.913113930339680024e-01
-3.941596184678637371e-01
-3.970078439017616923e-01
5.748755747886225009e-02
-3.941596184678637371e-01
-3.970078439017616923e-01
5.748755747886225009e-02
5.463933204496251861e-02
5.179110661106012259e-02
5.748755747886225009e-02
5.463933204496251861e-02
5.179110661106012259e-02
5.748755747886225009e-02
5.463933204496251861e-02
5.179110661106012259e-02
-3.913113930339680024e-01
-3.941596184678637371e-01
-3.970078439017616923e-01
5.748755747886225009e-02
5.463933204496251861e-02
5.179110661106012259e-02
5.748755747886225009e-02
5.463933204496251861e-02
5.179110661106012259e-02
-3.913113930339680024e-01
-3.941596184678637371e-01
-3.970078439017616923e-01
5.748755747886225009e-02
5.463933204496251861e-02
5.179110661106012259e-02
5.748755747886225009e-02
5.463933204496251861e-02
-3.970078439017616923e-01
5.748755747886225009e-02
5.463933204496251861e-02
5.179110661106012259e-02
5.748755747886225009e-02
5.463933204496251861e-02
5.179110661106012259e-02
5.748755747886225009e-02
5.463933204496251861e-02
5.179110661106012259e-02
5.748755747886225009e-02
5.463933204496251861e-02
5.179110661106012259e-02
-3.913113930339680024e-01
-3.941596184678637371e-01
-3.970078439017616923e-01
5.748755747886225009e-02
-3.941596184678637371e-01
-3.970078439017616923e-01
5.748755747886225009e-02
5.463933204496251861e-02
5.179110661106012259e-02
5.748755747886225009e-02
-3.941596184678637371e-01
-3.970078439017616923e-01
-3.913113930339680024e-01
-3.941596184678637371e-01
-3.970078439017616923e-01
-3.913113930339680024e-01
-3.941596184678637371e-01
-3.970078439017616923e-01
5.748755747886225009e-02
5.463933204496251861e-02
5.179110661106012259e-02
5.748755747886225009e-02
5.463933204496251861e-02
5.179110661106012259e-02
5.748755747886225009e-02
5.463933204496251861e-02
5.179110661106012259e-02
5.748755747886225009e-02
5.463933204496251861e-02
5.179110661106012259e-02
5.748755747886225009e-02
5.463933204496251861e-02
5.179110661106012259e-02
5.748755747886225009e-02
5.463933204496251861e-02
5.179110661106012259e-02
5.748755747886225009e-02
-3.941596184678637371e-01
-3.970078439017616923e-01
5.748755747886225009e-02
5.463933204496251861e-02
5.179110661106012259e-02
5.748755747886225009e-02
5.463933204496251861e-02
5.179110661106012259e-02
5.748755747886225009e-02
-3.941596184678637371e-01
-3.970078439017616923e-01
-3.913113930339680024e-01
-3.941596184678637371e-01
-3.970078439017616923e-01
-3.454007116351776041e-01
-7.741191087390353331e-02
-8.047923057194683594e-02
1.781980639631246532e-01
4.054718473039291560e-01
-8.047923057194683594e-02
1.781980639631246532e-01
4.054718473039291560e-01
-8.047923057194683594e-02
1.781980639631246532e-01
-7.741191087390353331e-02
-8.047923057194683594e-02
1.781980639631246532e-01
-7.741191087390353331e-02
-8.047923057194683594e-02
1.781980639631246532e-01
-7.741191087390353331e-02
-8.047923057194683594e-02
1.781980639631246532e-01
4.054718473039291560e-01
-8.047923057194683594e-02
1.781980639631246532e-01
-7.741191087390353331e-02
-8.047923057194683594e-02
1.781980639631246532e-01
4.054718473039291560e-01
-8.047923057194683594e-02
-3.454007116351776041e-01
-5.607338575800238090e-01
-5.633629887497786370e-01
-3.454007116351776041e-01
-7.741191087390353331e-02
-5.633629887497786370e-01
-3.454007116351776041e-01
-7.741191087390353331e-02
-5.633629887497786370e-01
1.781980639631246532e-01
-7.741191087390353331e-02
-8.047923057194683594e-02
1.781980639631246532e-01
4.054718473039291560e-01
-8.047923057194683594e-02
-3.454007116351776041e-01
-7.741191087390353331e-02
-8.047923057194683594e-02
1.781980639631246532e-01
4.054718473039291560e-01
4.028427161341734397e-01
1.781980639631246532e-01
4.054718473039291560e-01
-8.047923057194683594e-02
1.781980639631246532e-01
-7.741191087390353331e-02
-8.047923057194683594e-02
1.781980639631246532e-01
-7.741191087390353331e-02
-8.047923057194683594e-02
1.781980639631246532e-01
4.054718473039291560e-01
-8.047923057194683594e-02
7.013221353224383670e-01
4.054718473039291560e-01
4.028427161341734397e-01
-3.454007116351776041e-01
-7.741191087390353331e-02
-8.047923057194683594e-02
1.781980639631246532e-01
4.054718473039291560e-01
-8.047923057194683594e-02
1.781980639631246532e-01
-7.741191087390353331e-02
-8.047923057194683594e-02
1.781980639631246532e-01
-7.741191087390353331e-02
-8.047923057194683594e-02
1.781980639631246532e-01
4.054718473039291560e-01
-8.047923057194683594e-02
1.781980639631246532e-01
-7.741191087390353331e-02
-8.047923057194683594e-02
-3.454007116351776041e-01
-7.741191087390353331e-02
-8.047923057194683594e-02
1.781980639631246532e-01
-7.741191087390353331e-02
-8.047923057194683594e-02
1.781980639631246532e-01
-7.741191087390353331e-02
-8.047923057194683594e-02
1.781980639631246532e-01
-7.741191087390353331e-02
-8.047923057194683594e-02
1.781980639631246532e-01
-7.741191087390353331e-02
-8.047923057194683594e-02
1.781980639631246532e-01
-7.741191087390353331e-02
-8.047923057194683594e-02
1.781980639631246532e-01
4.054718473039291560e-01
-8.047923057194683594e-02
1.781980639631246532e-01
4.054718473039291560e-01
-8.047923057194683594e-02
1.781980639631246532e-01
-7.741191087390353331e-02
-8.047923057194683594e-02
1.781980639631246532e-01
-7.741191087390353331e-02
-8.047923057194683594e-02
1.781980639631246532e-01
4.054718473039291560e-01
-8.047923057194683594e-02
1.781980639631246532e-01
-7.741191087390353331e-02
-8.047923057194683594e-02
1.781980639631246532e-01
-7.741191087390353331e-02
-8.047923057194683594e-02
