2.734483217353020912e-01
7.185260095071299702e-02
-1.249472108312095209e-01
2.734483217353020912e-01
7.185260095071299702e-02
-1.249472108312095209e-01
2.734483217353020912e-01
7.185260095071299702e-02
-1.249472108312095209e-01
2.734483217353020912e-01
7.185260095071299702e-02
-1.249472108312095209e-01
2.734483217353020912e-01
7.185260095071299702e-02
-1.249472108312095209e-01
2.734483217353020912e-01
7.185260095071299702e-02
-1.249472108312095209e-01
2.734483217353020912e-01
7.185260095071299702e-02
2.673958426882721007e-01
2.734483217353020912e-01
7.185260095071299702e-02
-1.249472108312095209e-01
-1.192507599634096138e-01
-2.977465347657353156e-01
-5.176462925299354367e-01
6.657913752547974795e-01
4.411166513219901830e-01
2.673958426882721007e-01
6.657913752547974795e-01
4.411166513219901830e-01
2.673958426882721007e-01
2.734483217353020912e-01
7.185260095071299702e-02
-1.249472108312095209e-01
2.734483217353020912e-01
7.185260095071299702e-02
-1.249472108312095209e-01
2.734483217353020912e-01
7.185260095071299702e-02
-1.249472108312095209e-01
2.734483217353020912e-01
7.185260095071299702e-02
2.673958426882721007e-01
2.734483217353020912e-01
7.185260095071299702e-02
-1.249472108312095209e-01
2.734483217353020912e-01
7.185260095071299702e-02
-1.249472108312095209e-01
2.734483217353020912e-01
7.185260095071299702e-02
-1.249472108312095209e-01
2.734483217353020912e-01
7.185260095071299702e-02
-1.249472108312095209e-01
2.734483217353020912e-01
7.185260095071299702e-02
-1.249472108312095209e-01
2.734483217353020912e-01
7.185260095071299702e-02
2.673958426882721007e-01
2.734483217353020912e-01
4.411166513219901830e-01
2.673958426882721007e-01
2.734483217353020912e-01
7.185260095071299702e-02
-1.249472108312095209e-01
2.734483217353020912e-01
7.185260095071299702e-02
-1.249472108312095209e-01
2.734483217353020912e-01
7.185260095071299702e-02
-1.249472108312095209e-01
-1.192507599634096138e-01
7.185260095071299702e-02
-1.249472108312095209e-01
2.734483217353020912e-01
7.185260095071299702e-02
-1.249472108312095209e-01
2.734483217353020912e-01
7.185260095071299702e-02
2.673958426882721007e-01
-1.192507599634096138e-01
7.185260095071299702e-02
-1.249472108312095209e-01
2.734483217353020912e-01
7.185260095071299702e-02
-1.249472108312095209e-01
2.734483217353020912e-01
7.185260095071299702e-02
-1.249472108312095209e-01
2.734483217353020912e-01
7.185260095071299702e-02
-1.249472108312095209e-01
2.734483217353020912e-01
7.185260095071299702e-02
-1.249472108312095209e-01
2.734483217353020912e-01
7.185260095071299702e-02
-1.249472108312095209e-01
2.734483217353020912e-01
7.185260095071299702e-02
-1.249472108312095209e-01
2.734483217353020912e-01
7.185260095071299702e-02
2.673958426882721007e-01
2.734483217353020912e-01
7.185260095071299702e-02
-1.249472108312095209e-01
-1.192507599634096138e-01
7.185260095071299702e-02
-1.249472108312095209e-01
6.657913752547974795e-01
4.411166513219901830e-01
2.673958426882721007e-01
2.734483217353020912e-01
7.185260095071299702e-02
-1.249472108312095209e-01
2.086511931141181719e-01
2.058029676802184404e-01
2.029547422463369166e-01
2.086511931141181719e-01
2.058029676802184404e-01
2.029547422463369166e-01
2.086511931141181719e-01
2.058029676802184404e-01
2.029547422463369166e-01
2.086511931141181719e-01
2.058029676802184404e-01
2.029547422463369166e-01
2.086511931141181719e-01
2.058029676802184404e-01
2.029547422463369166e-01
2.086511931141181719e-01
2.058029676802184404e-01
2.029547422463369166e-01
2.086511931141181719e-01
2.058029676802184404e-01
2.029547422463369166e-01
-3.149475824841747595e-01
-3.173211036790912765e-01
-3.201693291129910079e-01
2.086511931141181719e-01
2.058029676802184404e-01
2.029547422463369166e-01
2.086511931141181719e-01
2.058029676802184404e-01
2.029547422463369166e-01
-3.149475824841747595e-01
-3.173211036790912765e-01
-3.201693291129910079e-01
2.086511931141181719e-01
2.058029676802184404e-01
2.029547422463369166e-01
2.086511931141181719e-01
2.058029676802184404e-01
2.029547422463369166e-01
2.086511931141181719e-01
2.058029676802184404e-01
2.029547422463369166e-01
2.086511931141181719e-01
2.058029676802184404e-01
2.029547422463369166e-01
-3.149475824841747595e-01
-3.173211036790912765e-01
2.029547422463369166e-01
2.086511931141181719e-01
2.058029676802184404e-01
2.029547422463369166e-01
2.086511931141181719e-01
2.058029676802184404e-01
2.029547422463369166e-01
2.086511931141181719e-01
2.058029676802184404e-01
2.029547422463369166e-01
2.086511931141181719e-01
2.058029676802184404e-01
2.029547422463369166e-01
2.086511931141181719e-01
2.058029676802184404e-01
2.029547422463369166e-01
7.322499687124199852e-01
7.294017432785202537e-01
7.265535178446205222e-01
2.086511931141181719e-01
2.058029676802184404e-01
2.029547422463369166e-01
2.086511931141181719e-01
2.058029676802184404e-01
2.029547422463369166e-01
2.086511931141181719e-01
2.058029676802184404e-01
2.029547422463369166e-01
2.086511931141181719e-01
2.058029676802184404e-01
2.029547422463369166e-01
-3.149475824841747595e-01
-3.173211036790912765e-01
-3.201693291129910079e-01
2.086511931141181719e-01
2.058029676802184404e-01
2.029547422463369166e-01
2.086511931141181719e-01
2.058029676802184404e-01
2.029547422463369166e-01
2.086511931141181719e-01
2.058029676802184404e-01
2.029547422463369166e-01
2.086511931141181719e-01
2.058029676802184404e-01
2.029547422463369166e-01
-3.149475824841747595e-01
-3.173211036790912765e-01
-3.201693291129910079e-01
2.086511931141181719e-01
2.058029676802184404e-01
2.029547422463369166e-01
2.086511931141181719e-01
2.058029676802184404e-01
2.029547422463369166e-01
2.086511931141181719e-01
2.058029676802184404e-01
2.029547422463369166e-01
2.086511931141181719e-01
2.058029676802184404e-01
2.029547422463369166e-01
2.086511931141181719e-01
2.058029676802184404e-01
2.029547422463369166e-01
-3.149475824841747595e-01
-3.173211036790912765e-01
-3.201693291129910079e-01
2.086511931141181719e-01
2.058029676802184404e-01
2.029547422463369166e-01
2.086511931141181719e-01
2.058029676802184404e-01
2.029547422463369166e-01
1.551994958046361006e-01
1.525411520663220166e-01
1.495030449368366376e-01
1.551994958046361006e-01
1.525411520663220166e-01
1.495030449368366376e-01
-2.632997612828256173e-01
1.525411520663220166e-01
1.495030449368366376e-01
1.551994958046361006e-01
1.525411520663220166e-01
1.495030449368366376e-01
-2.632997612828256173e-01
1.525411520663220166e-01
1.495030449368366376e-01
-2.632997612828256173e-01
1.525411520663220166e-01
1.495030449368366376e-01
1.551994958046361006e-01
1.525411520663220166e-01
1.495030449368366376e-01
1.551994958046361006e-01
1.525411520663220166e-01
1.495030449368366376e-01
-2.632997612828256173e-01
-2.663378684123189899e-01
1.495030449368366376e-01
1.551994958046361006e-01
1.525411520663220166e-01
1.495030449368366376e-01
-2.632997612828256173e-01
-2.663378684123189899e-01
1.495030449368366376e-01
1.551994958046361006e-01
1.525411520663220166e-01
1.495030449368366376e-01
-2.632997612828256173e-01
1.525411520663220166e-01
1.495030449368366376e-01
-2.632997612828256173e-01
1.525411520663220166e-01
1.495030449368366376e-01
1.551994958046361006e-01
1.525411520663220166e-01
1.495030449368366376e-01
1.551994958046361006e-01
1.525411520663220166e-01
1.495030449368366376e-01
-2.632997612828256173e-01
-2.663378684123189899e-01
-2.689962121506264126e-01
-2.632997612828256173e-01
1.525411520663220166e-01
1.495030449368366376e-01
1.551994958046361006e-01
1.525411520663220166e-01
1.495030449368366376e-01
-2.632997612828256173e-01
-2.663378684123189899e-01
-2.689962121506264126e-01
-2.632997612828256173e-01
1.525411520663220166e-01
1.495030449368366376e-01
1.551994958046361006e-01
1.525411520663220166e-01
1.495030449368366376e-01
-2.632997612828256173e-01
-2.663378684123189899e-01
-2.689962121506264126e-01
1.551994958046361006e-01
1.525411520663220166e-01
1.495030449368366376e-01
-2.632997612828256173e-01
-2.663378684123189899e-01
-2.689962121506264126e-01
-2.632997612828256173e-01
-2.663378684123189899e-01
1.495030449368366376e-01
-2.632997612828256173e-01
-2.663378684123189899e-01
-2.689962121506264126e-01
-2.632997612828256173e-01
1.525411520663220166e-01
1.495030449368366376e-01
1.551994958046361006e-01
1.525411520663220166e-01
1.495030449368366376e-01
1.551994958046361006e-01
1.525411520663220166e-01
1.495030449368366376e-01
1.551994958046361006e-01
1.525411520663220166e-01
1.495030449368366376e-01
-2.632997612828256173e-01
1.525411520663220166e-01
1.495030449368366376e-01
1.551994958046361006e-01
1.525411520663220166e-01
1.495030449368366376e-01
1.551994958046361006e-01
1.525411520663220166e-01
1.495030449368366376e-01
-2.632997612828256173e-01
-2.663378684123189899e-01
-2.689962121506264126e-01
-2.632997612828256173e-01
1.525411520663220166e-01
1.495030449368366376e-01
-2.632997612828256173e-01
-2.663378684123189899e-01
-2.689962121506264126e-01
-2.632997612828256173e-01
1.525411520663220166e-01
1.495030449368366376e-01
-2.632997612828256173e-01
-2.663378684123189899e-01
1.495030449368366376e-01
1.551994958046361006e-01
1.525411520663220166e-01
1.495030449368366376e-01
-1.079163008849315375e-02
-2.717494967367257708e-01
-1.700594012608291905e-02
-1.079163008849315375e-02
-2.717494967367257708e-01
-1.700594012608291905e-02
-5.819902943775501214e-01
-2.717494967367257708e-01
-5.876867452453500285e-01
-5.819902943775501214e-01
-2.717494967367257708e-01
-5.876867452453500285e-01
-1.079163008849315375e-02
-2.717494967367257708e-01
-1.700594012608291905e-02
-1.079163008849315375e-02
-2.717494967367257708e-01
-1.700594012608291905e-02
-5.819902943775501214e-01
-2.717494967367257708e-01
-5.876867452453500285e-01
-1.079163008849315375e-02
-2.717494967367257708e-01
-1.700594012608291905e-02
-5.819902943775501214e-01
-2.717494967367257708e-01
-5.876867452453500285e-01
-1.079163008849315375e-02
-2.717494967367257708e-01
-1.700594012608291905e-02
-1.079163008849315375e-02
-2.717494967367257708e-01
-1.700594012608291905e-02
-5.819902943775501214e-01
-2.717494967367257708e-01
-5.876867452453500285e-01
-1.079163008849315375e-02
-2.717494967367257708e-01
-1.700594012608291905e-02
-1.079163008849315375e-02
-2.717494967367257708e-01
-1.700594012608291905e-02
-1.079163008849315375e-02
2.518492788615755984e-01
-1.700594012608291905e-02
-1.079163008849315375e-02
2.518492788615755984e-01
-1.700594012608291905e-02
-1.079163008849315375e-02
-2.717494967367257708e-01
-1.700594012608291905e-02
-5.819902943775501214e-01
-2.717494967367257708e-01
-5.876867452453500285e-01
-1.079163008849315375e-02
-2.717494967367257708e-01
-1.700594012608291905e-02
-1.079163008849315375e-02
2.518492788615755984e-01
-1.700594012608291905e-02
-1.079163008849315375e-02
-2.717494967367257708e-01
-1.700594012608291905e-02
-1.079163008849315375e-02
-2.717494967367257708e-01
-1.700594012608291905e-02
-5.819902943775501214e-01
-2.717494967367257708e-01
-5.876867452453500285e-01
-1.079163008849315375e-02
2.518492788615755984e-01
-1.700594012608291905e-02
-1.079163008849315375e-02
-2.717494967367257708e-01
-1.700594012608291905e-02
-1.079163008849315375e-02
-2.717494967367257708e-01
-1.700594012608291905e-02
-1.079163008849315375e-02
-2.717494967367257708e-01
-1.700594012608291905e-02
-1.079163008849315375e-02
-2.717494967367257708e-01
-1.700594012608291905e-02
-1.079163008849315375e-02
2.518492788615755984e-01
-1.700594012608291905e-02
-1.079163008849315375e-02
2.518492788615755984e-01
-1.700594012608291905e-02
-1.079163008849315375e-02
2.518492788615755984e-01
-1.700594012608291905e-02
-5.819902943775501214e-01
-2.717494967367257708e-01
-5.876867452453500285e-01
-1.079163008849315375e-02
2.518492788615755984e-01
-1.700594012608291905e-02
-1.079163008849315375e-02
-2.717494967367257708e-01
-1.700594012608291905e-02
-5.819902943775501214e-01
-2.717494967367257708e-01
-5.876867452453500285e-01
-5.819902943775501214e-01
-2.717494967367257708e-01
-5.876867452453500285e-01
-1.079163008849315375e-02
-2.717494967367257708e-01
-1.700594012608291905e-02
-1.079163008849315375e-02
-2.717494967367257708e-01
-1.700594012608291905e-02
-5.819902943775501214e-01
-2.717494967367257708e-01
-5.876867452453500285e-01
-5.819902943775501214e-01
-2.717494967367257708e-01
-5.876867452453500285e-01
-1.446383078213280271e-01
8.963605891194381670e-02
-1.507729472174199614e-01
-1.446383078213280271e-01
-3.591628916008859917e-01
-1.507729472174199614e-01
3.382454503564957804e-01
8.963605891194381670e-02
-1.507729472174199614e-01
-1.446383078213280271e-01
8.963605891194381670e-02
-1.507729472174199614e-01
8.211292085343195879e-01
5.380281200770657968e-01
3.325489994886874356e-01
3.382454503564957804e-01
8.963605891194381670e-02
-1.507729472174199614e-01
3.382454503564957804e-01
8.963605891194381670e-02
-1.507729472174199614e-01
3.382454503564957804e-01
8.963605891194381670e-02
-1.507729472174199614e-01
3.382454503564957804e-01
8.963605891194381670e-02
3.325489994886874356e-01
-1.446383078213280271e-01
-3.591628916008859917e-01
-1.507729472174199614e-01
3.382454503564957804e-01
8.963605891194381670e-02
3.325489994886874356e-01
3.382454503564957804e-01
8.963605891194381670e-02
-1.507729472174199614e-01
3.382454503564957804e-01
8.963605891194381670e-02
-1.507729472174199614e-01
-1.446383078213280271e-01
8.963605891194381670e-02
-1.507729472174199614e-01
3.382454503564957804e-01
8.963605891194381670e-02
-1.507729472174199614e-01
3.382454503564957804e-01
8.963605891194381670e-02
-1.507729472174199614e-01
3.382454503564957804e-01
8.963605891194381670e-02
3.325489994886874356e-01
3.382454503564957804e-01
5.380281200770657968e-01
3.325489994886874356e-01
-1.446383078213280271e-01
8.963605891194381670e-02
-1.507729472174199614e-01
-1.446383078213280271e-01
8.963605891194381670e-02
-1.507729472174199614e-01
3.382454503564957804e-01
8.963605891194381670e-02
-1.507729472174199614e-01
3.382454503564957804e-01
8.963605891194381670e-02
-1.507729472174199614e-01
3.382454503564957804e-01
8.963605891194381670e-02
-1.507729472174199614e-01
3.382454503564957804e-01
8.963605891194381670e-02
-1.507729472174199614e-01
-1.446383078213280271e-01
-3.591628916008859917e-01
-1.507729472174199614e-01
-1.446383078213280271e-01
8.963605891194381670e-02
-1.507729472174199614e-01
3.382454503564957804e-01
8.963605891194381670e-02
-1.507729472174199614e-01
-1.446383078213280271e-01
-3.591628916008859917e-01
-1.507729472174199614e-01
3.382454503564957804e-01
8.963605891194381670e-02
-1.507729472174199614e-01
-1.446383078213280271e-01
-3.591628916008859917e-01
-1.507729472174199614e-01
3.382454503564957804e-01
5.380281200770657968e-01
3.325489994886874356e-01
-1.446383078213280271e-01
-3.591628916008859917e-01
-1.507729472174199614e-01
-1.446383078213280271e-01
-3.591628916008859917e-01
-6.336567053952606443e-01
3.382454503564957804e-01
8.963605891194381670e-02
-1.507729472174199614e-01
-1.446383078213280271e-01
8.963605891194381670e-02
-1.507729472174199614e-01
-1.446383078213280271e-01
8.963605891194381670e-02
-1.507729472174199614e-01
3.382454503564957804e-01
8.963605891194381670e-02
-1.507729472174199614e-01
3.382454503564957804e-01
8.963605891194381670e-02
-1.507729472174199614e-01
3.382454503564957804e-01
8.963605891194381670e-02
-1.507729472174199614e-01
3.382454503564957804e-01
8.963605891194381670e-02
-1.507729472174199614e-01
7.851300024296126168e-03
4.538020251032262031e-01
2.136830580473501051e-01
7.851300024296126168e-03
5.003074590396394683e-03
-2.051959624312909014e-01
7.851300024296126168e-03
5.003074590396394683e-03
-2.051959624312909014e-01
7.851300024296126168e-03
5.003074590396394683e-03
2.136830580473501051e-01
7.851300024296126168e-03
5.003074590396394683e-03
2.136830580473501051e-01
7.851300024296126168e-03
4.538020251032262031e-01
2.136830580473501051e-01
7.851300024296126168e-03
4.538020251032262031e-01
2.136830580473501051e-01
7.851300024296126168e-03
5.003074590396394683e-03
2.136830580473501051e-01
-4.405407611408267421e-01
5.003074590396394683e-03
-2.051959624312909014e-01
7.851300024296126168e-03
5.003074590396394683e-03
-2.051959624312909014e-01
7.851300024296126168e-03
5.003074590396394683e-03
-2.051959624312909014e-01
7.851300024296126168e-03
5.003074590396394683e-03
2.136830580473501051e-01
7.851300024296126168e-03
5.003074590396394683e-03
2.136830580473501051e-01
4.562433611894189944e-01
4.538020251032262031e-01
2.136830580473501051e-01
7.851300024296126168e-03
5.003074590396394683e-03
-2.051959624312909014e-01
7.851300024296126168e-03
4.538020251032262031e-01
2.136830580473501051e-01
7.851300024296126168e-03
4.538020251032262031e-01
2.136830580473501051e-01
7.851300024296126168e-03
5.003074590396394683e-03
-2.051959624312909014e-01
7.851300024296126168e-03
5.003074590396394683e-03
-2.051959624312909014e-01
7.851300024296126168e-03
4.538020251032262031e-01
2.136830580473501051e-01
7.851300024296126168e-03
4.538020251032262031e-01
2.136830580473501051e-01
7.851300024296126168e-03
5.003074590396394683e-03
2.136830580473501051e-01
7.851300024296126168e-03
5.003074590396394683e-03
-2.051959624312909014e-01
7.851300024296126168e-03
5.003074590396394683e-03
-2.051959624312909014e-01
7.851300024296126168e-03
5.003074590396394683e-03
2.136830580473501051e-01
7.851300024296126168e-03
5.003074590396394683e-03
2.136830580473501051e-01
7.851300024296126168e-03
5.003074590396394683e-03
-2.051959624312909014e-01
-4.405407611408267421e-01
5.003074590396394683e-03
-2.051959624312909014e-01
4.562433611894189944e-01
4.538020251032262031e-01
2.136830580473501051e-01
7.851300024296126168e-03
5.003074590396394683e-03
-2.051959624312909014e-01
7.851300024296126168e-03
5.003074590396394683e-03
2.136830580473501051e-01
7.851300024296126168e-03
5.003074590396394683e-03
-2.051959624312909014e-01
7.851300024296126168e-03
4.538020251032262031e-01
2.136830580473501051e-01
7.851300024296126168e-03
5.003074590396394683e-03
-2.051959624312909014e-01
7.851300024296126168e-03
5.003074590396394683e-03
2.136830580473501051e-01
7.851300024296126168e-03
5.003074590396394683e-03
-2.051959624312909014e-01
7.851300024296126168e-03
5.003074590396394683e-03
2.136830580473501051e-01
7.851300024296126168e-03
5.003074590396394683e-03
2.136830580473501051e-01
7.851300024296126168e-03
4.538020251032262031e-01
2.136830580473501051e-01
7.851300024296126168e-03
5.003074590396394683e-03
2.136830580473501051e-01
-4.056853235198243368e-02
-2.576033104150186048e-01
-2.606414175445199710e-01
-4.056853235198243368e-02
-2.576033104150186048e-01
-2.606414175445199710e-01
3.521305493467443704e-01
1.608959466724284582e-01
1.582376029341219237e-01
-4.056853235198243368e-02
-2.576033104150186048e-01
-2.606414175445199710e-01
-4.056853235198243368e-02
-2.576033104150186048e-01
-2.606414175445199710e-01
-4.056853235198243368e-02
-2.576033104150186048e-01
-2.606414175445199710e-01
3.521305493467443704e-01
1.608959466724284582e-01
1.582376029341219237e-01
-4.056853235198243368e-02
-2.576033104150186048e-01
-2.606414175445199710e-01
-4.056853235198243368e-02
-2.576033104150186048e-01
-2.606414175445199710e-01
3.521305493467443704e-01
1.608959466724284582e-01
1.582376029341219237e-01
3.521305493467443704e-01
1.608959466724284582e-01
1.582376029341219237e-01
-4.056853235198243368e-02
-2.576033104150186048e-01
-2.606414175445199710e-01
3.521305493467443704e-01
1.608959466724284582e-01
1.582376029341219237e-01
-4.056853235198243368e-02
1.608959466724284582e-01
1.582376029341219237e-01
-4.056853235198243368e-02
-2.576033104150186048e-01
-2.606414175445199710e-01
-4.056853235198243368e-02
-2.576033104150186048e-01
-2.606414175445199710e-01
3.521305493467443704e-01
1.608959466724284582e-01
1.582376029341219237e-01
-4.056853235198243368e-02
-2.576033104150186048e-01
-2.606414175445199710e-01
-4.056853235198243368e-02
-2.576033104150186048e-01
-2.606414175445199710e-01
-4.056853235198243368e-02
-2.576033104150186048e-01
-2.606414175445199710e-01
-4.056853235198243368e-02
-2.576033104150186048e-01
-2.606414175445199710e-01
3.521305493467443704e-01
1.608959466724284582e-01
1.582376029341219237e-01
-4.056853235198243368e-02
-2.576033104150186048e-01
-2.606414175445199710e-01
-4.056853235198243368e-02
-2.576033104150186048e-01
-2.606414175445199710e-01
-4.056853235198243368e-02
-2.576033104150186048e-01
-2.606414175445199710e-01
-4.056853235198243368e-02
-2.576033104150186048e-01
-2.606414175445199710e-01
3.521305493467443704e-01
1.608959466724284582e-01
1.582376029341219237e-01
-4.056853235198243368e-02
-2.576033104150186048e-01
-2.606414175445199710e-01
-4.056853235198243368e-02
-2.576033104150186048e-01
-2.606414175445199710e-01
-4.056853235198243368e-02
1.608959466724284582e-01
1.582376029341219237e-01
-4.056853235198243368e-02
-2.576033104150186048e-01
-2.606414175445199710e-01
-4.056853235198243368e-02
-2.576033104150186048e-01
-2.606414175445199710e-01
-4.056853235198243368e-02
-2.576033104150186048e-01
-2.606414175445199710e-01
-4.056853235198243368e-02
-2.576033104150186048e-01
-2.606414175445199710e-01
-4.056853235198243368e-02
-2.576033104150186048e-01
-2.606414175445199710e-01
-4.056853235198243368e-02
-2.576033104150186048e-01
-2.606414175445199710e-01
-4.056853235198243368e-02
-2.576033104150186048e-01
-2.606414175445199710e-01
3.521305493467443704e-01
1.608959466724284582e-01
1.582376029341219237e-01
-4.056853235198243368e-02
-2.576033104150186048e-01
-2.606414175445199710e-01
3.521305493467443704e-01
1.608959466724284582e-01
1.582376029341219237e-01
-1.726823736320342029e-01
6.359514065915350400e-02
-1.788170130281088177e-01
3.102013845457896046e-01
6.359514065915350400e-02
3.040667451497149898e-01
-1.726823736320342029e-01
6.359514065915350400e-02
-1.788170130281088177e-01
-1.726823736320342029e-01
6.359514065915350400e-02
-1.788170130281088177e-01
3.102013845457896046e-01
6.359514065915350400e-02
3.040667451497149898e-01
3.102013845457896046e-01
6.359514065915350400e-02
3.040667451497149898e-01
-1.726823736320342029e-01
6.359514065915350400e-02
-1.788170130281088177e-01
3.102013845457896046e-01
5.119872018242923595e-01
3.040667451497149898e-01
-1.726823736320342029e-01
-3.852038098536616495e-01
-1.788170130281088177e-01
3.102013845457896046e-01
6.359514065915350400e-02
3.040667451497149898e-01
-1.726823736320342029e-01
-3.852038098536616495e-01
-1.788170130281088177e-01
-1.726823736320342029e-01
6.359514065915350400e-02
-1.788170130281088177e-01
-1.726823736320342029e-01
6.359514065915350400e-02
-1.788170130281088177e-01
-1.726823736320342029e-01
6.359514065915350400e-02
-1.788170130281088177e-01
-1.726823736320342029e-01
6.359514065915350400e-02
-1.788170130281088177e-01
3.102013845457896046e-01
6.359514065915350400e-02
3.040667451497149898e-01
3.102013845457896046e-01
6.359514065915350400e-02
3.040667451497149898e-01
3.102013845457896046e-01
6.359514065915350400e-02
3.040667451497149898e-01
-1.726823736320342029e-01
6.359514065915350400e-02
3.040667451497149898e-01
-1.726823736320342029e-01
6.359514065915350400e-02
-1.788170130281088177e-01
3.102013845457896046e-01
6.359514065915350400e-02
3.040667451497149898e-01
3.102013845457896046e-01
6.359514065915350400e-02
3.040667451497149898e-01
-1.726823736320342029e-01
6.359514065915350400e-02
-1.788170130281088177e-01
-1.726823736320342029e-01
6.359514065915350400e-02
3.040667451497149898e-01
3.102013845457896046e-01
6.359514065915350400e-02
3.040667451497149898e-01
7.935233312519143212e-01
5.119872018242923595e-01
7.873886918558392622e-01
-1.726823736320342029e-01
6.359514065915350400e-02
-1.788170130281088177e-01
3.102013845457896046e-01
6.359514065915350400e-02
3.040667451497149898e-01
3.102013845457896046e-01
6.359514065915350400e-02
3.040667451497149898e-01
3.102013845457896046e-01
6.359514065915350400e-02
3.040667451497149898e-01
-1.726823736320342029e-01
6.359514065915350400e-02
-1.788170130281088177e-01
-1.726823736320342029e-01
6.359514065915350400e-02
-1.788170130281088177e-01
-1.726823736320342029e-01
6.359514065915350400e-02
3.040667451497149898e-01
3.102013845457896046e-01
6.359514065915350400e-02
3.040667451497149898e-01
-1.726823736320342029e-01
6.359514065915350400e-02
-1.788170130281088177e-01
3.102013845457896046e-01
5.119872018242923595e-01
3.040667451497149898e-01
-1.726823736320342029e-01
6.359514065915350400e-02
-1.788170130281088177e-01
-1.726823736320342029e-01
-3.852038098536616495e-01
-1.788170130281088177e-01
-1.726823736320342029e-01
6.359514065915350400e-02
-1.788170130281088177e-01
-1.726823736320342029e-01
-3.852038098536616495e-01
-1.788170130281088177e-01
-5.130574848864277726e-01
-1.470921635797659555e-01
-1.499403890136656869e-01
-5.130574848864277726e-01
-1.470921635797659555e-01
-1.499403890136656869e-01
1.850742159112956919e-01
-1.470921635797659555e-01
-1.499403890136656869e-01
-5.130574848864277726e-01
-7.748410492109476522e-01
-7.776892746448478277e-01
1.850742159112956919e-01
4.812263671381851182e-01
-1.499403890136656869e-01
-5.130574848864277726e-01
-1.470921635797659555e-01
-1.499403890136656869e-01
1.850742159112956919e-01
4.812263671381851182e-01
-1.499403890136656869e-01
-5.130574848864277726e-01
-1.470921635797659555e-01
-1.499403890136656869e-01
1.850742159112956919e-01
-1.470921635797659555e-01
-1.499403890136656869e-01
1.850742159112956919e-01
4.812263671381851182e-01
-1.499403890136656869e-01
1.850742159112956919e-01
4.812263671381851182e-01
-1.499403890136656869e-01
-5.130574848864277726e-01
-1.470921635797659555e-01
-1.499403890136656869e-01
-5.130574848864277726e-01
-1.470921635797659555e-01
-1.499403890136656869e-01
1.850742159112956919e-01
4.812263671381851182e-01
4.783781417042849426e-01
-5.130574848864277726e-01
-1.470921635797659555e-01
-1.499403890136656869e-01
1.850742159112956919e-01
4.812263671381851182e-01
4.783781417042849426e-01
1.850742159112956919e-01
4.812263671381851182e-01
-1.499403890136656869e-01
-5.130574848864277726e-01
-1.470921635797659555e-01
-1.499403890136656869e-01
-5.130574848864277726e-01
-1.470921635797659555e-01
-1.499403890136656869e-01
1.850742159112956919e-01
4.812263671381851182e-01
4.783781417042849426e-01
1.850742159112956919e-01
-1.470921635797659555e-01
-1.499403890136656869e-01
-5.130574848864277726e-01
-1.470921635797659555e-01
-1.499403890136656869e-01
1.850742159112956919e-01
4.812263671381851182e-01
-1.499403890136656869e-01
1.850742159112956919e-01
-1.470921635797659555e-01
-1.499403890136656869e-01
1.850742159112956919e-01
4.812263671381851182e-01
-1.499403890136656869e-01
1.850742159112956919e-01
4.812263671381851182e-01
-1.499403890136656869e-01
1.850742159112956919e-01
-1.470921635797659555e-01
-1.499403890136656869e-01
1.850742159112956919e-01
4.812263671381851182e-01
-1.499403890136656869e-01
-5.130574848864277726e-01
-1.470921635797659555e-01
-1.499403890136656869e-01
-5.130574848864277726e-01
-1.470921635797659555e-01
-1.499403890136656869e-01
1.850742159112956919e-01
4.812263671381851182e-01
-1.499403890136656869e-01
1.850742159112956919e-01
4.812263671381851182e-01
-1.499403890136656869e-01
-5.130574848864277726e-01
-1.470921635797659555e-01
-1.499403890136656869e-01
1.850742159112956919e-01
4.812263671381851182e-01
-1.499403890136656869e-01
1.850742159112956919e-01
-1.470921635797659555e-01
-1.499403890136656869e-01
-5.130574848864277726e-01
-1.470921635797659555e-01
-1.499403890136656869e-01
1.850742159112956919e-01
4.812263671381851182e-01
-1.499403890136656869e-01
1.850742159112956919e-01
-1.470921635797659555e-01
-1.499403890136656869e-01
-5.130574848864277726e-01
-1.470921635797659555e-01
-7.776892746448478277e-01
1.850742159112956919e-01
-1.470921635797659555e-01
-1.499403890136656869e-01
-4.655870609881267441e-01
-4.687517559146896495e-01
-1.072170075052012450e-01
-4.655870609881267441e-01
-4.687517559146896495e-01
-1.072170075052012450e-01
-4.655870609881267441e-01
-4.687517559146896495e-01
-1.072170075052012450e-01
-4.655870609881267441e-01
2.293799448830462495e-01
-1.072170075052012450e-01
-4.655870609881267441e-01
-4.687517559146896495e-01
-1.072170075052012450e-01
-4.655870609881267441e-01
2.293799448830462495e-01
-1.072170075052012450e-01
-4.655870609881267441e-01
-4.687517559146896495e-01
-1.072170075052012450e-01
-4.655870609881267441e-01
-4.687517559146896495e-01
-1.072170075052012450e-01
-4.655870609881267441e-01
-4.687517559146896495e-01
-7.349658931363833858e-01
-4.655870609881267441e-01
2.293799448830462495e-01
-1.072170075052012450e-01
-4.655870609881267441e-01
2.293799448830462495e-01
-1.072170075052012450e-01
2.319117008242965738e-01
2.293799448830462495e-01
5.211015232127604868e-01
-4.655870609881267441e-01
2.293799448830462495e-01
-1.072170075052012450e-01
-4.655870609881267441e-01
-4.687517559146896495e-01
-1.072170075052012450e-01
-4.655870609881267441e-01
-4.687517559146896495e-01
-1.072170075052012450e-01
-4.655870609881267441e-01
-4.687517559146896495e-01
-1.072170075052012450e-01
-4.655870609881267441e-01
-4.687517559146896495e-01
-1.072170075052012450e-01
-4.655870609881267441e-01
2.293799448830462495e-01
-1.072170075052012450e-01
-4.655870609881267441e-01
-4.687517559146896495e-01
-1.072170075052012450e-01
-4.655870609881267441e-01
2.293799448830462495e-01
-1.072170075052012450e-01
-4.655870609881267441e-01
-4.687517559146896495e-01
-7.349658931363833858e-01
-4.655870609881267441e-01
-4.687517559146896495e-01
-1.072170075052012450e-01
-4.655870609881267441e-01
-4.687517559146896495e-01
-1.072170075052012450e-01
-4.655870609881267441e-01
-4.687517559146896495e-01
-1.072170075052012450e-01
-4.655870609881267441e-01
2.293799448830462495e-01
-1.072170075052012450e-01
-4.655870609881267441e-01
2.293799448830462495e-01
-1.072170075052012450e-01
-4.655870609881267441e-01
-4.687517559146896495e-01
-1.072170075052012450e-01
-4.655870609881267441e-01
-4.687517559146896495e-01
-1.072170075052012450e-01
-4.655870609881267441e-01
-4.687517559146896495e-01
-1.072170075052012450e-01
2.319117008242965738e-01
2.293799448830462495e-01
-1.072170075052012450e-01
-4.655870609881267441e-01
-4.687517559146896495e-01
-1.072170075052012450e-01
-4.655870609881267441e-01
2.293799448830462495e-01
-1.072170075052012450e-01
-4.655870609881267441e-01
2.293799448830462495e-01
-1.072170075052012450e-01
-4.655870609881267441e-01
-4.687517559146896495e-01
-1.072170075052012450e-01
-4.655870609881267441e-01
2.293799448830462495e-01
-1.072170075052012450e-01
-4.655870609881267441e-01
-4.687517559146896495e-01
-1.072170075052012450e-01
-4.655870609881267441e-01
2.293799448830462495e-01
-1.072170075052012450e-01
-4.655870609881267441e-01
2.293799448830462495e-01
-1.072170075052012450e-01
-4.655870609881267441e-01
-4.687517559146896495e-01
-1.072170075052012450e-01
-4.655870609881267441e-01
2.293799448830462495e-01
-1.072170075052012450e-01
-1.909548352618011258e-01
1.119409931540347181e-01
-1.972209312163810679e-01
-1.909548352618011258e-01
-4.587398119652212891e-01
-1.972209312163810679e-01
4.367940503693805709e-01
1.119409931540347181e-01
4.310975995015700057e-01
4.367940503693805709e-01
1.119409931540347181e-01
-1.972209312163810679e-01
-1.909548352618011258e-01
-4.587398119652212891e-01
-8.249698168475627647e-01
-1.909548352618011258e-01
-4.587398119652212891e-01
-8.249698168475627647e-01
-1.909548352618011258e-01
-4.587398119652212891e-01
-8.249698168475627647e-01
-1.909548352618011258e-01
-4.587398119652212891e-01
-1.972209312163810679e-01
-1.909548352618011258e-01
-4.587398119652212891e-01
-8.249698168475627647e-01
-1.909548352618011258e-01
1.119409931540347181e-01
-1.972209312163810679e-01
4.367940503693805709e-01
1.119409931540347181e-01
-1.972209312163810679e-01
4.367940503693805709e-01
1.119409931540347181e-01
-1.972209312163810679e-01
-1.909548352618011258e-01
-4.587398119652212891e-01
-1.972209312163810679e-01
4.367940503693805709e-01
1.119409931540347181e-01
-1.972209312163810679e-01
-1.909548352618011258e-01
1.119409931540347181e-01
-1.972209312163810679e-01
-1.909548352618011258e-01
-4.587398119652212891e-01
-8.249698168475627647e-01
4.367940503693805709e-01
1.119409931540347181e-01
-1.972209312163810679e-01
-1.909548352618011258e-01
-4.587398119652212891e-01
-8.249698168475627647e-01
-1.909548352618011258e-01
1.119409931540347181e-01
-1.972209312163810679e-01
-1.909548352618011258e-01
1.119409931540347181e-01
-1.972209312163810679e-01
-1.909548352618011258e-01
-4.587398119652212891e-01
-1.972209312163810679e-01
-1.909548352618011258e-01
1.119409931540347181e-01
-1.972209312163810679e-01
4.367940503693805709e-01
1.119409931540347181e-01
-1.972209312163810679e-01
4.367940503693805709e-01
1.119409931540347181e-01
-1.972209312163810679e-01
4.367940503693805709e-01
1.119409931540347181e-01
4.310975995015700057e-01
4.367940503693805709e-01
1.119409931540347181e-01
-1.972209312163810679e-01
-1.909548352618011258e-01
1.119409931540347181e-01
-1.972209312163810679e-01
-1.909548352618011258e-01
-4.587398119652212891e-01
-8.249698168475627647e-01
-1.909548352618011258e-01
-4.587398119652212891e-01
-1.972209312163810679e-01
-1.909548352618011258e-01
-4.587398119652212891e-01
-1.972209312163810679e-01
-1.909548352618011258e-01
-4.587398119652212891e-01
-1.972209312163810679e-01
-1.909548352618011258e-01
1.119409931540347181e-01
-1.972209312163810679e-01
-1.909548352618011258e-01
1.119409931540347181e-01
-1.972209312163810679e-01
4.367940503693805709e-01
1.119409931540347181e-01
-1.972209312163810679e-01
-1.909548352618011258e-01
-4.587398119652212891e-01
-1.972209312163810679e-01
-1.909548352618011258e-01
1.119409931540347181e-01
-1.972209312163810679e-01
4.367940503693805709e-01
1.119409931540347181e-01
-1.972209312163810679e-01
4.367940503693805709e-01
1.119409931540347181e-01
-1.972209312163810679e-01
-1.909548352618011258e-01
-4.587398119652212891e-01
-8.249698168475627647e-01
-1.909548352618011258e-01
1.119409931540347181e-01
-1.972209312163810679e-01
-1.784226433526479028e-01
-1.812708687865418611e-01
-1.841190942204464776e-01
-1.784226433526479028e-01
-1.812708687865418611e-01
-1.841190942204464776e-01
-1.784226433526479028e-01
-1.812708687865418611e-01
-1.841190942204464776e-01
-1.784226433526479028e-01
-1.812708687865418611e-01
-1.841190942204464776e-01
-1.784226433526479028e-01
-1.812708687865418611e-01
-1.841190942204464776e-01
-1.784226433526479028e-01
-1.812708687865418611e-01
-1.841190942204464776e-01
-1.784226433526479028e-01
-1.812708687865418611e-01
4.441994364975032639e-01
-1.784226433526479028e-01
-1.812708687865418611e-01
-1.841190942204464776e-01
4.498958873653040591e-01
4.470476619314087685e-01
4.441994364975032639e-01
-8.061715289838309317e-01
-8.090197544177235578e-01
-8.118679798516277302e-01
-8.061715289838309317e-01
-8.090197544177235578e-01
-8.118679798516277302e-01
-1.784226433526479028e-01
-1.812708687865418611e-01
-1.841190942204464776e-01
-1.784226433526479028e-01
-1.812708687865418611e-01
-1.841190942204464776e-01
-1.784226433526479028e-01
-1.812708687865418611e-01
-1.841190942204464776e-01
-1.784226433526479028e-01
-1.812708687865418611e-01
4.441994364975032639e-01
-1.784226433526479028e-01
-1.812708687865418611e-01
-1.841190942204464776e-01
-8.061715289838309317e-01
-1.812708687865418611e-01
-1.841190942204464776e-01
-8.061715289838309317e-01
-8.090197544177235578e-01
-8.118679798516277302e-01
-1.784226433526479028e-01
-1.812708687865418611e-01
-1.841190942204464776e-01
-1.784226433526479028e-01
-1.812708687865418611e-01
-1.841190942204464776e-01
-1.784226433526479028e-01
-1.812708687865418611e-01
-1.841190942204464776e-01
-1.784226433526479028e-01
-1.812708687865418611e-01
-1.841190942204464776e-01
-1.784226433526479028e-01
-1.812708687865418611e-01
-1.841190942204464776e-01
-1.784226433526479028e-01
-1.812708687865418611e-01
-1.841190942204464776e-01
-1.784226433526479028e-01
-1.812708687865418611e-01
-1.841190942204464776e-01
-1.784226433526479028e-01
-1.812708687865418611e-01
-1.841190942204464776e-01
-1.784226433526479028e-01
-1.812708687865418611e-01
-1.841190942204464776e-01
-1.784226433526479028e-01
-1.812708687865418611e-01
-1.841190942204464776e-01
-1.784226433526479028e-01
-1.812708687865418611e-01
-1.841190942204464776e-01
-1.784226433526479028e-01
-1.812708687865418611e-01
-1.841190942204464776e-01
-1.784226433526479028e-01
-1.812708687865418611e-01
-1.841190942204464776e-01
-1.784226433526479028e-01
-1.812708687865418611e-01
-1.841190942204464776e-01
-1.784226433526479028e-01
-1.812708687865418611e-01
-1.841190942204464776e-01
-1.784226433526479028e-01
-1.812708687865418611e-01
-1.841190942204464776e-01
-1.784226433526479028e-01
-1.812708687865418611e-01
-1.841190942204464776e-01
-1.784226433526479028e-01
-1.812708687865418611e-01
-1.841190942204464776e-01
-1.784226433526479028e-01
-1.812708687865418611e-01
4.441994364975032639e-01
-1.784226433526479028e-01
-1.812708687865418611e-01
-1.841190942204464776e-01
-1.784226433526479028e-01
-1.812708687865418611e-01
-1.841190942204464776e-01
-1.784226433526479028e-01
-1.812708687865418611e-01
-1.841190942204464776e-01
1.461484683146827557e-01
1.433002428807892414e-01
1.404520174468952831e-01
1.461484683146827557e-01
1.433002428807892414e-01
1.404520174468952831e-01
1.461484683146827557e-01
-2.057656075180789301e-01
-2.082973634593106027e-01
1.461484683146827557e-01
1.433002428807892414e-01
1.404520174468952831e-01
1.461484683146827557e-01
1.433002428807892414e-01
1.404520174468952831e-01
1.461484683146827557e-01
1.433002428807892414e-01
-2.082973634593106027e-01
-2.026009125915235742e-01
-2.057656075180789301e-01
-2.082973634593106027e-01
1.461484683146827557e-01
1.433002428807892414e-01
1.404520174468952831e-01
1.461484683146827557e-01
1.433002428807892414e-01
1.404520174468952831e-01
1.461484683146827557e-01
1.433002428807892414e-01
1.404520174468952831e-01
1.461484683146827557e-01
1.433002428807892414e-01
1.404520174468952831e-01
1.461484683146827557e-01
1.433002428807892414e-01
-2.082973634593106027e-01
-2.026009125915235742e-01
-2.057656075180789301e-01
-2.082973634593106027e-01
1.461484683146827557e-01
1.433002428807892414e-01
-2.082973634593106027e-01
1.461484683146827557e-01
1.433002428807892414e-01
1.404520174468952831e-01
1.461484683146827557e-01
1.433002428807892414e-01
1.404520174468952831e-01
1.461484683146827557e-01
1.433002428807892414e-01
1.404520174468952831e-01
-2.026009125915235742e-01
-2.057656075180789301e-01
-2.082973634593106027e-01
1.461484683146827557e-01
-2.057656075180789301e-01
-2.082973634593106027e-01
1.461484683146827557e-01
1.433002428807892414e-01
1.404520174468952831e-01
1.461484683146827557e-01
1.433002428807892414e-01
1.404520174468952831e-01
1.461484683146827557e-01
-2.057656075180789301e-01
-2.082973634593106027e-01
1.461484683146827557e-01
1.433002428807892414e-01
1.404520174468952831e-01
1.461484683146827557e-01
1.433002428807892414e-01
1.404520174468952831e-01
1.461484683146827557e-01
1.433002428807892414e-01
1.404520174468952831e-01
1.461484683146827557e-01
1.433002428807892414e-01
1.404520174468952831e-01
1.461484683146827557e-01
1.433002428807892414e-01
1.404520174468952831e-01
1.461484683146827557e-01
1.433002428807892414e-01
1.404520174468952831e-01
-2.026009125915235742e-01
-2.057656075180789301e-01
-2.082973634593106027e-01
1.461484683146827557e-01
1.433002428807892414e-01
1.404520174468952831e-01
1.461484683146827557e-01
1.433002428807892414e-01
1.404520174468952831e-01
-2.026009125915235742e-01
-2.057656075180789301e-01
-2.082973634593106027e-01
1.461484683146827557e-01
1.433002428807892414e-01
1.404520174468952831e-01
-2.026009125915235742e-01
-2.057656075180789301e-01
-2.082973634593106027e-01
1.461484683146827557e-01
1.433002428807892414e-01
1.404520174468952831e-01
-2.026009125915235742e-01
-2.057656075180789301e-01
-2.082973634593106027e-01
-2.026009125915235742e-01
-2.057656075180789301e-01
-2.082973634593106027e-01
1.461484683146827557e-01
1.433002428807892414e-01
1.404520174468952831e-01
1.461484683146827557e-01
-2.057656075180789301e-01
-2.082973634593106027e-01
1.461484683146827557e-01
1.433002428807892414e-01
1.404520174468952831e-01
-2.849462745804505204e-01
-7.154298394561520169e-02
-2.910224888394368215e-01
-2.849462745804505204e-01
-7.154298394561520169e-02
-2.910224888394368215e-01
-2.849462745804505204e-01
-7.154298394561520169e-02
-2.910224888394368215e-01
-2.849462745804505204e-01
-7.154298394561520169e-02
-2.910224888394368215e-01
1.335529825069974308e-01
3.208000695738664199e-01
1.278565316392050732e-01
1.335529825069974308e-01
-7.154298394561520169e-02
1.278565316392050732e-01
1.335529825069974308e-01
-7.154298394561520169e-02
1.278565316392050732e-01
-2.849462745804505204e-01
-7.154298394561520169e-02
-2.910224888394368215e-01
1.335529825069974308e-01
3.208000695738664199e-01
1.278565316392050732e-01
-2.849462745804505204e-01
-7.154298394561520169e-02
-2.910224888394368215e-01
1.335529825069974308e-01
3.208000695738664199e-01
1.278565316392050732e-01
1.335529825069974308e-01
-7.154298394561520169e-02
1.278565316392050732e-01
1.335529825069974308e-01
-7.154298394561520169e-02
1.278565316392050732e-01
1.335529825069974308e-01
-7.154298394561520169e-02
1.278565316392050732e-01
1.335529825069974308e-01
-7.154298394561520169e-02
1.278565316392050732e-01
-2.849462745804505204e-01
-7.154298394561520169e-02
-2.910224888394368215e-01
1.335529825069974308e-01
-7.154298394561520169e-02
1.278565316392050732e-01
1.335529825069974308e-01
-7.154298394561520169e-02
-2.910224888394368215e-01
-2.849462745804505204e-01
-7.154298394561520169e-02
-2.910224888394368215e-01
1.335529825069974308e-01
-7.154298394561520169e-02
1.278565316392050732e-01
-2.849462745804505204e-01
-4.642420656443411175e-01
-2.910224888394368215e-01
1.335529825069974308e-01
-7.154298394561520169e-02
1.278565316392050732e-01
-2.849462745804505204e-01
-7.154298394561520169e-02
-2.910224888394368215e-01
1.335529825069974308e-01
-7.154298394561520169e-02
1.278565316392050732e-01
1.335529825069974308e-01
-7.154298394561520169e-02
1.278565316392050732e-01
1.335529825069974308e-01
-7.154298394561520169e-02
1.278565316392050732e-01
1.335529825069974308e-01
-7.154298394561520169e-02
1.278565316392050732e-01
1.335529825069974308e-01
-7.154298394561520169e-02
1.278565316392050732e-01
1.335529825069974308e-01
-7.154298394561520169e-02
1.278565316392050732e-01
1.335529825069974308e-01
-7.154298394561520169e-02
-2.910224888394368215e-01
1.335529825069974308e-01
-7.154298394561520169e-02
1.278565316392050732e-01
1.335529825069974308e-01
3.208000695738664199e-01
1.278565316392050732e-01
1.335529825069974308e-01
3.208000695738664199e-01
1.278565316392050732e-01
1.335529825069974308e-01
3.208000695738664199e-01
1.278565316392050732e-01
-2.849462745804505204e-01
-7.154298394561520169e-02
-2.910224888394368215e-01
1.335529825069974308e-01
-7.154298394561520169e-02
1.278565316392050732e-01
-2.849462745804505204e-01
-7.154298394561520169e-02
-2.910224888394368215e-01
1.335529825069974308e-01
-7.154298394561520169e-02
1.278565316392050732e-01
-2.849462745804505204e-01
-7.154298394561520169e-02
-2.910224888394368215e-01
1.335529825069974308e-01
-7.154298394561520169e-02
1.278565316392050732e-01
-1.121301963786742739e-01
-1.149784218125673441e-01
2.748724344522521790e-01
-1.121301963786742739e-01
-1.149784218125673441e-01
2.748724344522521790e-01
2.805688853200516419e-01
2.777206598861590159e-01
2.748724344522521790e-01
-1.121301963786742739e-01
-1.149784218125673441e-01
2.748724344522521790e-01
2.805688853200516419e-01
2.777206598861590159e-01
2.748724344522521790e-01
2.805688853200516419e-01
2.777206598861590159e-01
2.748724344522521790e-01
2.805688853200516419e-01
2.777206598861590159e-01
2.748724344522521790e-01
2.805688853200516419e-01
2.777206598861590159e-01
2.748724344522521790e-01
-1.121301963786742739e-01
2.777206598861590159e-01
2.748724344522521790e-01
2.805688853200516419e-01
2.777206598861590159e-01
2.748724344522521790e-01
2.805688853200516419e-01
2.777206598861590159e-01
2.748724344522521790e-01
2.805688853200516419e-01
2.777206598861590159e-01
2.748724344522521790e-01
2.805688853200516419e-01
2.777206598861590159e-01
2.748724344522521790e-01
2.805688853200516419e-01
2.777206598861590159e-01
2.748724344522521790e-01
2.805688853200516419e-01
2.777206598861590159e-01
2.748724344522521790e-01
2.805688853200516419e-01
2.777206598861590159e-01
2.748724344522521790e-01
-1.121301963786742739e-01
-1.149784218125673441e-01
2.748724344522521790e-01
2.805688853200516419e-01
2.777206598861590159e-01
2.748724344522521790e-01
-1.121301963786742739e-01
-1.149784218125673441e-01
2.748724344522521790e-01
2.805688853200516419e-01
2.777206598861590159e-01
2.748724344522521790e-01
-1.121301963786742739e-01
-1.149784218125673441e-01
-1.178266472464737369e-01
-1.121301963786742739e-01
-1.149784218125673441e-01
-1.178266472464737369e-01
2.805688853200516419e-01
2.777206598861590159e-01
2.748724344522521790e-01
2.805688853200516419e-01
2.777206598861590159e-01
2.748724344522521790e-01
-1.121301963786742739e-01
2.777206598861590159e-01
2.748724344522521790e-01
-1.121301963786742739e-01
-1.149784218125673441e-01
-1.178266472464737369e-01
2.805688853200516419e-01
2.777206598861590159e-01
2.748724344522521790e-01
-1.121301963786742739e-01
-1.149784218125673441e-01
2.748724344522521790e-01
2.805688853200516419e-01
2.777206598861590159e-01
2.748724344522521790e-01
2.805688853200516419e-01
2.777206598861590159e-01
2.748724344522521790e-01
2.805688853200516419e-01
2.777206598861590159e-01
2.748724344522521790e-01
-1.121301963786742739e-01
-1.149784218125673441e-01
2.748724344522521790e-01
2.805688853200516419e-01
2.777206598861590159e-01
2.748724344522521790e-01
2.805688853200516419e-01
2.777206598861590159e-01
2.748724344522521790e-01
2.805688853200516419e-01
2.777206598861590159e-01
2.748724344522521790e-01
-1.121301963786742739e-01
-1.149784218125673441e-01
2.748724344522521790e-01
2.805688853200516419e-01
2.777206598861590159e-01
2.748724344522521790e-01
2.805688853200516419e-01
2.777206598861590159e-01
2.748724344522521790e-01
2.805688853200516419e-01
2.777206598861590159e-01
2.748724344522521790e-01
-1.121301963786742739e-01
-1.149784218125673441e-01
2.748724344522521790e-01
4.656018161865174143e-01
2.246961963917484262e-01
1.110641480588814289e-02
4.656018161865174143e-01
2.246961963917484262e-01
1.110641480588814289e-02
1.720975502137944702e-02
-1.938030606956995250e-01
-4.372856463592338372e-01
1.720975502137944702e-02
2.246961963917484262e-01
1.110641480588814289e-02
1.720975502137944702e-02
-1.938030606956995250e-01
-4.372856463592338372e-01
1.720975502137944702e-02
-1.938030606956995250e-01
-4.372856463592338372e-01
1.720975502137944702e-02
-1.938030606956995250e-01
1.110641480588814289e-02
1.720975502137944702e-02
2.246961963917484262e-01
1.110641480588814289e-02
1.720975502137944702e-02
-1.938030606956995250e-01
1.110641480588814289e-02
1.720975502137944702e-02
-1.938030606956995250e-01
1.110641480588814289e-02
1.720975502137944702e-02
-1.938030606956995250e-01
1.110641480588814289e-02
4.656018161865174143e-01
2.246961963917484262e-01
1.110641480588814289e-02
1.720975502137944702e-02
-1.938030606956995250e-01
-4.372856463592338372e-01
1.720975502137944702e-02
-1.938030606956995250e-01
1.110641480588814289e-02
-4.315891954914503614e-01
-1.938030606956995250e-01
-4.372856463592338372e-01
1.720975502137944702e-02
-1.938030606956995250e-01
-4.372856463592338372e-01
1.720975502137944702e-02
2.246961963917484262e-01
1.110641480588814289e-02
1.720975502137944702e-02
-1.938030606956995250e-01
-4.372856463592338372e-01
4.656018161865174143e-01
2.246961963917484262e-01
1.110641480588814289e-02
4.656018161865174143e-01
2.246961963917484262e-01
4.599053653187179513e-01
1.720975502137944702e-02
2.246961963917484262e-01
1.110641480588814289e-02
4.656018161865174143e-01
2.246961963917484262e-01
1.110641480588814289e-02
1.720975502137944702e-02
-1.938030606956995250e-01
-4.372856463592338372e-01
4.656018161865174143e-01
2.246961963917484262e-01
1.110641480588814289e-02
1.720975502137944702e-02
2.246961963917484262e-01
1.110641480588814289e-02
4.656018161865174143e-01
2.246961963917484262e-01
1.110641480588814289e-02
1.720975502137944702e-02
-1.938030606956995250e-01
1.110641480588814289e-02
1.720975502137944702e-02
2.246961963917484262e-01
1.110641480588814289e-02
1.720975502137944702e-02
-1.938030606956995250e-01
1.110641480588814289e-02
4.656018161865174143e-01
2.246961963917484262e-01
1.110641480588814289e-02
4.656018161865174143e-01
2.246961963917484262e-01
1.110641480588814289e-02
1.720975502137944702e-02
-1.938030606956995250e-01
-4.372856463592338372e-01
1.720975502137944702e-02
-1.938030606956995250e-01
-4.372856463592338372e-01
1.720975502137944702e-02
-1.938030606956995250e-01
1.110641480588814289e-02
1.720975502137944702e-02
-1.938030606956995250e-01
1.110641480588814289e-02
1.720975502137944702e-02
-1.938030606956995250e-01
1.110641480588814289e-02
4.656018161865174143e-01
2.246961963917484262e-01
1.110641480588814289e-02
4.656018161865174143e-01
2.246961963917484262e-01
1.110641480588814289e-02
1.720975502137944702e-02
-1.938030606956995250e-01
-4.372856463592338372e-01
1.720975502137944702e-02
-1.938030606956995250e-01
1.110641480588814289e-02
1.763713048632715719e-01
-7.891002857753637301e-02
1.706748539954721089e-01
1.763713048632715719e-01
-7.891002857753637301e-02
1.706748539954721089e-01
-3.472274707350302414e-01
-7.891002857753637301e-02
-3.529239216028114967e-01
1.763713048632715719e-01
-7.891002857753637301e-02
-3.529239216028114967e-01
1.763713048632715719e-01
-7.891002857753637301e-02
-3.529239216028114967e-01
1.763713048632715719e-01
-7.891002857753637301e-02
-3.529239216028114967e-01
1.763713048632715719e-01
-7.891002857753637301e-02
1.706748539954721089e-01
1.763713048632715719e-01
-7.891002857753637301e-02
-3.529239216028114967e-01
1.763713048632715719e-01
-7.891002857753637301e-02
1.706748539954721089e-01
1.763713048632715719e-01
-7.891002857753637301e-02
-3.529239216028114967e-01
1.763713048632715719e-01
4.044119181285878994e-01
1.706748539954721089e-01
1.763713048632715719e-01
-7.891002857753637301e-02
1.706748539954721089e-01
-3.472274707350302414e-01
-7.891002857753637301e-02
-3.529239216028114967e-01
-3.472274707350302414e-01
-7.891002857753637301e-02
-3.529239216028114967e-01
1.763713048632715719e-01
4.044119181285878994e-01
1.706748539954721089e-01
1.763713048632715719e-01
-7.891002857753637301e-02
1.706748539954721089e-01
1.763713048632715719e-01
-7.891002857753637301e-02
-3.529239216028114967e-01
1.763713048632715719e-01
4.044119181285878994e-01
1.706748539954721089e-01
1.763713048632715719e-01
4.044119181285878994e-01
1.706748539954721089e-01
1.763713048632715719e-01
4.044119181285878994e-01
1.706748539954721089e-01
1.763713048632715719e-01
4.044119181285878994e-01
1.706748539954721089e-01
-3.472274707350302414e-01
-5.617937867553601805e-01
-3.529239216028114967e-01
1.763713048632715719e-01
-7.891002857753637301e-02
-3.529239216028114967e-01
1.763713048632715719e-01
4.044119181285878994e-01
1.706748539954721089e-01
1.763713048632715719e-01
-7.891002857753637301e-02
-3.529239216028114967e-01
-3.472274707350302414e-01
-7.891002857753637301e-02
-3.529239216028114967e-01
1.763713048632715719e-01
-7.891002857753637301e-02
-3.529239216028114967e-01
1.763713048632715719e-01
4.044119181285878994e-01
1.706748539954721089e-01
1.763713048632715719e-01
-7.891002857753637301e-02
1.706748539954721089e-01
1.763713048632715719e-01
-7.891002857753637301e-02
1.706748539954721089e-01
1.763713048632715719e-01
4.044119181285878994e-01
1.706748539954721089e-01
1.763713048632715719e-01
4.044119181285878994e-01
1.706748539954721089e-01
1.763713048632715719e-01
-7.891002857753637301e-02
1.706748539954721089e-01
1.763713048632715719e-01
-7.891002857753637301e-02
1.706748539954721089e-01
1.763713048632715719e-01
-7.891002857753637301e-02
-3.529239216028114967e-01
-3.472274707350302414e-01
-7.891002857753637301e-02
-3.529239216028114967e-01
1.763713048632715719e-01
-7.891002857753637301e-02
-3.529239216028114967e-01
-3.472274707350302414e-01
-7.891002857753637301e-02
-3.529239216028114967e-01
1.763713048632715719e-01
-7.891002857753637301e-02
1.706748539954721089e-01
1.763713048632715719e-01
-7.891002857753637301e-02
-3.529239216028114967e-01
-9.432878741681394175e-02
-9.717701285070745598e-02
1.005135674737887008e-01
-9.432878741681394175e-02
-9.717701285070745598e-02
1.005135674737887008e-01
-9.432878741681394175e-02
-9.717701285070745598e-02
1.005135674737887008e-01
-9.432878741681394175e-02
-9.717701285070745598e-02
1.005135674737887008e-01
-9.432878741681394175e-02
-9.717701285070745598e-02
1.005135674737887008e-01
-9.432878741681394175e-02
-9.717701285070745598e-02
1.005135674737887008e-01
2.980142661026814466e-01
2.951660406687750537e-01
5.190128245612357638e-01
2.980142661026814466e-01
-9.717701285070745598e-02
1.005135674737887008e-01
-9.432878741681394175e-02
-9.717701285070745598e-02
1.005135674737887008e-01
-9.432878741681394175e-02
-9.717701285070745598e-02
1.005135674737887008e-01
-9.432878741681394175e-02
-9.717701285070745598e-02
-3.183654530048523057e-01
2.980142661026814466e-01
-9.717701285070745598e-02
1.005135674737887008e-01
-9.432878741681394175e-02
-9.717701285070745598e-02
1.005135674737887008e-01
2.980142661026814466e-01
2.951660406687750537e-01
1.005135674737887008e-01
2.980142661026814466e-01
2.951660406687750537e-01
5.190128245612357638e-01
-9.432878741681394175e-02
-9.717701285070745598e-02
1.005135674737887008e-01
-9.432878741681394175e-02
-9.717701285070745598e-02
1.005135674737887008e-01
-9.432878741681394175e-02
-9.717701285070745598e-02
1.005135674737887008e-01
-9.432878741681394175e-02
-9.717701285070745598e-02
1.005135674737887008e-01
-9.432878741681394175e-02
-9.717701285070745598e-02
1.005135674737887008e-01
2.980142661026814466e-01
-9.717701285070745598e-02
1.005135674737887008e-01
-9.432878741681394175e-02
-9.717701285070745598e-02
1.005135674737887008e-01
-9.432878741681394175e-02
-9.717701285070745598e-02
1.005135674737887008e-01
2.980142661026814466e-01
2.951660406687750537e-01
5.190128245612357638e-01
-9.432878741681394175e-02
-9.717701285070745598e-02
1.005135674737887008e-01
2.980142661026814466e-01
2.951660406687750537e-01
5.190128245612357638e-01
-9.432878741681394175e-02
-9.717701285070745598e-02
1.005135674737887008e-01
-9.432878741681394175e-02
-9.717701285070745598e-02
1.005135674737887008e-01
-9.432878741681394175e-02
-9.717701285070745598e-02
1.005135674737887008e-01
-9.432878741681394175e-02
-9.717701285070745598e-02
-3.183654530048523057e-01
-9.432878741681394175e-02
-9.717701285070745598e-02
1.005135674737887008e-01
-9.432878741681394175e-02
-9.717701285070745598e-02
1.005135674737887008e-01
-9.432878741681394175e-02
-9.717701285070745598e-02
1.005135674737887008e-01
-9.432878741681394175e-02
-9.717701285070745598e-02
1.005135674737887008e-01
2.980142661026814466e-01
2.951660406687750537e-01
1.005135674737887008e-01
-9.432878741681394175e-02
-9.717701285070745598e-02
-3.183654530048523057e-01
2.980142661026814466e-01
2.951660406687750537e-01
1.005135674737887008e-01
2.980142661026814466e-01
2.951660406687750537e-01
5.190128245612357638e-01
-9.432878741681394175e-02
-4.898760945494342600e-01
-3.183654530048523057e-01
-9.432878741681394175e-02
-4.898760945494342600e-01
-3.183654530048523057e-01
3.429910762477872410e-02
3.145088219088698622e-02
2.860265675697926113e-02
3.429910762477872410e-02
3.145088219088698622e-02
2.860265675697926113e-02
4.830980581376085325e-01
3.145088219088698622e-02
2.860265675697926113e-02
3.429910762477872410e-02
3.145088219088698622e-02
2.860265675697926113e-02
4.830980581376085325e-01
4.802498327037008075e-01
4.769947179221007971e-01
3.429910762477872410e-02
3.145088219088698622e-02
2.860265675697926113e-02
4.830980581376085325e-01
4.802498327037008075e-01
4.769947179221007971e-01
3.429910762477872410e-02
3.145088219088698622e-02
2.860265675697926113e-02
3.429910762477872410e-02
3.145088219088698622e-02
2.860265675697926113e-02
3.429910762477872410e-02
3.145088219088698622e-02
2.860265675697926113e-02
4.830980581376085325e-01
4.802498327037008075e-01
4.769947179221007971e-01
4.830980581376085325e-01
4.802498327037008075e-01
4.769947179221007971e-01
3.429910762477872410e-02
3.145088219088698622e-02
2.860265675697926113e-02
3.429910762477872410e-02
3.145088219088698622e-02
2.860265675697926113e-02
4.830980581376085325e-01
3.145088219088698622e-02
2.860265675697926113e-02
3.429910762477872410e-02
3.145088219088698622e-02
2.860265675697926113e-02
3.429910762477872410e-02
3.145088219088698622e-02
2.860265675697926113e-02
4.830980581376085325e-01
4.802498327037008075e-01
4.769947179221007971e-01
3.429910762477872410e-02
3.145088219088698622e-02
2.860265675697926113e-02
3.429910762477872410e-02
3.145088219088698622e-02
2.860265675697926113e-02
4.830980581376085325e-01
4.802498327037008075e-01
4.769947179221007971e-01
3.429910762477872410e-02
3.145088219088698622e-02
2.860265675697926113e-02
3.429910762477872410e-02
3.145088219088698622e-02
2.860265675697926113e-02
3.429910762477872410e-02
3.145088219088698622e-02
2.860265675697926113e-02
3.429910762477872410e-02
3.145088219088698622e-02
2.860265675697926113e-02
4.830980581376085325e-01
4.802498327037008075e-01
4.769947179221007971e-01
3.429910762477872410e-02
3.145088219088698622e-02
2.860265675697926113e-02
3.429910762477872410e-02
3.145088219088698622e-02
2.860265675697926113e-02
3.429910762477872410e-02
3.145088219088698622e-02
2.860265675697926113e-02
4.830980581376085325e-01
4.802498327037008075e-01
4.769947179221007971e-01
4.830980581376085325e-01
4.802498327037008075e-01
4.769947179221007971e-01
4.830980581376085325e-01
3.145088219088698622e-02
2.860265675697926113e-02
3.429910762477872410e-02
3.145088219088698622e-02
2.860265675697926113e-02
3.429910762477872410e-02
3.145088219088698622e-02
2.860265675697926113e-02
4.830980581376085325e-01
3.145088219088698622e-02
2.860265675697926113e-02
3.429910762477872410e-02
3.145088219088698622e-02
2.860265675697926113e-02
3.429910762477872410e-02
3.145088219088698622e-02
2.860265675697926113e-02
4.830980581376085325e-01
4.802498327037008075e-01
4.769947179221007971e-01
3.429910762477872410e-02
3.145088219088698622e-02
2.860265675697926113e-02
3.429910762477872410e-02
3.145088219088698622e-02
2.860265675697926113e-02
-9.731394676579530056e-02
-9.994307793554924046e-02
-3.757097250740102368e-01
3.855698114120285069e-01
-9.994307793554924046e-02
1.474143462853176878e-01
3.855698114120285069e-01
-9.994307793554924046e-02
1.474143462853176878e-01
-9.731394676579530056e-02
-9.994307793554924046e-02
1.474143462853176878e-01
-9.731394676579530056e-02
-9.994307793554924046e-02
1.474143462853176878e-01
3.855698114120285069e-01
-9.994307793554924046e-02
1.474143462853176878e-01
3.855698114120285069e-01
-9.994307793554924046e-02
1.474143462853176878e-01
-9.731394676579530056e-02
-9.994307793554924046e-02
1.474143462853176878e-01
3.855698114120285069e-01
-9.994307793554924046e-02
1.474143462853176878e-01
-9.731394676579530056e-02
-5.832650246416735129e-01
-3.757097250740102368e-01
-9.731394676579530056e-02
-9.994307793554924046e-02
-3.757097250740102368e-01
-9.731394676579530056e-02
-5.832650246416735129e-01
-3.757097250740102368e-01
-9.731394676579530056e-02
-9.994307793554924046e-02
1.474143462853176878e-01
3.855698114120285069e-01
-9.994307793554924046e-02
1.474143462853176878e-01
-9.731394676579530056e-02
-9.994307793554924046e-02
-3.757097250740102368e-01
3.855698114120285069e-01
3.829406802422745670e-01
1.474143462853176878e-01
3.855698114120285069e-01
-9.994307793554924046e-02
1.474143462853176878e-01
-9.731394676579530056e-02
-9.994307793554924046e-02
1.474143462853176878e-01
-9.731394676579530056e-02
-9.994307793554924046e-02
1.474143462853176878e-01
3.855698114120285069e-01
-9.994307793554924046e-02
1.474143462853176878e-01
3.855698114120285069e-01
3.829406802422745670e-01
6.710131218836012934e-01
-9.731394676579530056e-02
-9.994307793554924046e-02
-3.757097250740102368e-01
3.855698114120285069e-01
3.829406802422745670e-01
1.474143462853176878e-01
-9.731394676579530056e-02
-9.994307793554924046e-02
1.474143462853176878e-01
-9.731394676579530056e-02
-9.994307793554924046e-02
1.474143462853176878e-01
3.855698114120285069e-01
-9.994307793554924046e-02
1.474143462853176878e-01
-9.731394676579530056e-02
-9.994307793554924046e-02
-3.757097250740102368e-01
-9.731394676579530056e-02
-9.994307793554924046e-02
-3.757097250740102368e-01
-9.731394676579530056e-02
-9.994307793554924046e-02
1.474143462853176878e-01
3.855698114120285069e-01
-9.994307793554924046e-02
1.474143462853176878e-01
-9.731394676579530056e-02
-9.994307793554924046e-02
1.474143462853176878e-01
-9.731394676579530056e-02
-9.994307793554924046e-02
1.474143462853176878e-01
-9.731394676579530056e-02
-9.994307793554924046e-02
1.474143462853176878e-01
3.855698114120285069e-01
-9.994307793554924046e-02
1.474143462853176878e-01
3.855698114120285069e-01
-9.994307793554924046e-02
1.474143462853176878e-01
-9.731394676579530056e-02
-9.994307793554924046e-02
1.474143462853176878e-01
-9.731394676579530056e-02
-9.994307793554924046e-02
-3.757097250740102368e-01
3.855698114120285069e-01
-9.994307793554924046e-02
1.474143462853176878e-01
3.855698114120285069e-01
-9.994307793554924046e-02
1.474143462853176878e-01
-9.731394676579530056e-02
-9.994307793554924046e-02
1.474143462853176878e-01
