2.607861805583100434e-01
2.579379551244098678e-01
5.703334786422153968e-02
2.607861805583100434e-01
2.579379551244098678e-01
5.703334786422153968e-02
2.607861805583100434e-01
2.579379551244098678e-01
5.703334786422153968e-02
2.607861805583100434e-01
2.579379551244098678e-01
5.703334786422153968e-02
-1.315568729611862331e-01
2.579379551244098678e-01
5.703334786422153968e-02
2.607861805583100434e-01
2.579379551244098678e-01
5.703334786422153968e-02
2.607861805583100434e-01
2.579379551244098678e-01
5.703334786422153968e-02
-1.315568729611862331e-01
2.579379551244098678e-01
5.703334786422153968e-02
-1.315568729611862331e-01
-1.344050983950721978e-01
-3.122307025070680808e-01
2.607861805583100434e-01
6.506370368231366719e-01
4.266324835806694082e-01
2.607861805583100434e-01
2.579379551244098678e-01
4.266324835806694082e-01
-1.315568729611862331e-01
-1.344050983950721978e-01
5.703334786422153968e-02
2.607861805583100434e-01
2.579379551244098678e-01
5.703334786422153968e-02
-1.315568729611862331e-01
2.579379551244098678e-01
5.703334786422153968e-02
2.607861805583100434e-01
2.579379551244098678e-01
5.703334786422153968e-02
2.607861805583100434e-01
2.579379551244098678e-01
5.703334786422153968e-02
-1.315568729611862331e-01
2.579379551244098678e-01
5.703334786422153968e-02
-1.315568729611862331e-01
2.579379551244098678e-01
5.703334786422153968e-02
-1.315568729611862331e-01
2.579379551244098678e-01
5.703334786422153968e-02
2.607861805583100434e-01
2.579379551244098678e-01
5.703334786422153968e-02
2.607861805583100434e-01
2.579379551244098678e-01
5.703334786422153968e-02
2.607861805583100434e-01
2.579379551244098678e-01
5.703334786422153968e-02
-1.315568729611862331e-01
2.579379551244098678e-01
5.703334786422153968e-02
2.607861805583100434e-01
2.579379551244098678e-01
5.703334786422153968e-02
-1.315568729611862331e-01
2.579379551244098678e-01
5.703334786422153968e-02
-1.315568729611862331e-01
-1.344050983950721978e-01
-3.122307025070680808e-01
2.607861805583100434e-01
2.579379551244098678e-01
5.703334786422153968e-02
2.607861805583100434e-01
2.579379551244098678e-01
5.703334786422153968e-02
-1.315568729611862331e-01
-1.344050983950721978e-01
-3.122307025070680808e-01
2.607861805583100434e-01
2.579379551244098678e-01
5.703334786422153968e-02
2.607861805583100434e-01
2.579379551244098678e-01
5.703334786422153968e-02
2.607861805583100434e-01
2.579379551244098678e-01
5.703334786422153968e-02
2.607861805583100434e-01
2.579379551244098678e-01
5.703334786422153968e-02
-1.315568729611862331e-01
-1.344050983950721978e-01
5.703334786422153968e-02
2.607861805583100434e-01
2.579379551244098678e-01
5.703334786422153968e-02
2.607861805583100434e-01
2.579379551244098678e-01
5.703334786422153968e-02
-1.315568729611862331e-01
-1.344050983950721978e-01
5.703334786422153968e-02
-1.315568729611862331e-01
-1.344050983950721978e-01
-3.122307025070680808e-01
2.607861805583100434e-01
2.579379551244098678e-01
4.266324835806694082e-01
-1.315568729611862331e-01
-1.344050983950721978e-01
5.703334786422153968e-02
1.963450801163677539e-01
1.934968546824680224e-01
1.906486292485580769e-01
1.963450801163677539e-01
1.934968546824680224e-01
1.906486292485580769e-01
1.963450801163677539e-01
1.934968546824680224e-01
1.906486292485580769e-01
1.963450801163677539e-01
1.934968546824680224e-01
1.906486292485580769e-01
1.963450801163677539e-01
1.934968546824680224e-01
1.906486292485580769e-01
1.963450801163677539e-01
1.934968546824680224e-01
1.906486292485580769e-01
1.963450801163677539e-01
1.934968546824680224e-01
1.906486292485580769e-01
-3.267789912429601706e-01
1.934968546824680224e-01
1.906486292485580769e-01
1.963450801163677539e-01
1.934968546824680224e-01
1.906486292485580769e-01
1.963450801163677539e-01
1.934968546824680224e-01
1.906486292485580769e-01
-3.267789912429601706e-01
-3.296272166768416945e-01
-3.329501463497424041e-01
1.963450801163677539e-01
1.934968546824680224e-01
1.906486292485580769e-01
1.963450801163677539e-01
1.934968546824680224e-01
1.906486292485580769e-01
1.963450801163677539e-01
1.934968546824680224e-01
1.906486292485580769e-01
1.963450801163677539e-01
1.934968546824680224e-01
1.906486292485580769e-01
1.963450801163677539e-01
1.934968546824680224e-01
1.906486292485580769e-01
1.963450801163677539e-01
1.934968546824680224e-01
1.906486292485580769e-01
1.963450801163677539e-01
1.934968546824680224e-01
1.906486292485580769e-01
1.963450801163677539e-01
1.934968546824680224e-01
1.906486292485580769e-01
1.963450801163677539e-01
1.934968546824680224e-01
1.906486292485580769e-01
1.963450801163677539e-01
1.934968546824680224e-01
1.906486292485580769e-01
7.199438557146695672e-01
7.166209260417772953e-01
7.142474048468581138e-01
1.963450801163677539e-01
1.934968546824680224e-01
1.906486292485580769e-01
1.963450801163677539e-01
1.934968546824680224e-01
1.906486292485580769e-01
1.963450801163677539e-01
1.934968546824680224e-01
1.906486292485580769e-01
1.963450801163677539e-01
1.934968546824680224e-01
1.906486292485580769e-01
-3.267789912429601706e-01
-3.296272166768416945e-01
-3.329501463497424041e-01
1.963450801163677539e-01
1.934968546824680224e-01
1.906486292485580769e-01
1.963450801163677539e-01
1.934968546824680224e-01
1.906486292485580769e-01
1.963450801163677539e-01
1.934968546824680224e-01
1.906486292485580769e-01
1.963450801163677539e-01
1.934968546824680224e-01
1.906486292485580769e-01
-3.267789912429601706e-01
-3.296272166768416945e-01
-3.329501463497424041e-01
1.963450801163677539e-01
1.934968546824680224e-01
1.906486292485580769e-01
1.963450801163677539e-01
1.934968546824680224e-01
1.906486292485580769e-01
1.963450801163677539e-01
1.934968546824680224e-01
1.906486292485580769e-01
1.963450801163677539e-01
1.934968546824680224e-01
1.906486292485580769e-01
1.963450801163677539e-01
1.934968546824680224e-01
1.906486292485580769e-01
-3.267789912429601706e-01
-3.296272166768416945e-01
-3.329501463497424041e-01
1.963450801163677539e-01
1.934968546824680224e-01
1.906486292485580769e-01
1.963450801163677539e-01
1.934968546824680224e-01
1.906486292485580769e-01
1.430832645024602279e-01
1.400451573729748489e-01
3.266513937172019766e-01
5.615825215899072909e-01
5.589241778516167436e-01
3.266513937172019766e-01
1.430832645024602279e-01
1.400451573729748489e-01
-6.569165980227964496e-02
1.430832645024602279e-01
1.400451573729748489e-01
-6.569165980227964496e-02
1.430832645024602279e-01
1.400451573729748489e-01
-6.569165980227964496e-02
1.430832645024602279e-01
1.400451573729748489e-01
-6.569165980227964496e-02
1.430832645024602279e-01
1.400451573729748489e-01
3.266513937172019766e-01
1.430832645024602279e-01
1.400451573729748489e-01
3.266513937172019766e-01
1.430832645024602279e-01
1.400451573729748489e-01
-6.569165980227964496e-02
1.430832645024602279e-01
5.589241778516167436e-01
3.266513937172019766e-01
1.430832645024602279e-01
1.400451573729748489e-01
-6.569165980227964496e-02
1.430832645024602279e-01
1.400451573729748489e-01
-6.569165980227964496e-02
1.430832645024602279e-01
1.400451573729748489e-01
-6.569165980227964496e-02
1.430832645024602279e-01
1.400451573729748489e-01
-6.569165980227964496e-02
1.430832645024602279e-01
5.589241778516167436e-01
3.266513937172019766e-01
1.430832645024602279e-01
1.400451573729748489e-01
3.266513937172019766e-01
1.430832645024602279e-01
1.400451573729748489e-01
-6.569165980227964496e-02
1.430832645024602279e-01
1.400451573729748489e-01
-6.569165980227964496e-02
5.615825215899072909e-01
5.589241778516167436e-01
3.266513937172019766e-01
1.430832645024602279e-01
1.400451573729748489e-01
-6.569165980227964496e-02
1.430832645024602279e-01
1.400451573729748489e-01
-6.569165980227964496e-02
1.430832645024602279e-01
5.589241778516167436e-01
3.266513937172019766e-01
1.430832645024602279e-01
1.400451573729748489e-01
-6.569165980227964496e-02
1.430832645024602279e-01
1.400451573729748489e-01
3.266513937172019766e-01
1.430832645024602279e-01
1.400451573729748489e-01
-6.569165980227964496e-02
1.430832645024602279e-01
1.400451573729748489e-01
-6.569165980227964496e-02
1.430832645024602279e-01
1.400451573729748489e-01
-6.569165980227964496e-02
1.430832645024602279e-01
1.400451573729748489e-01
-6.569165980227964496e-02
1.430832645024602279e-01
1.400451573729748489e-01
-6.569165980227964496e-02
1.430832645024602279e-01
1.400451573729748489e-01
3.266513937172019766e-01
1.430832645024602279e-01
1.400451573729748489e-01
3.266513937172019766e-01
1.430832645024602279e-01
1.400451573729748489e-01
-6.569165980227964496e-02
5.615825215899072909e-01
5.589241778516167436e-01
3.266513937172019766e-01
1.430832645024602279e-01
1.400451573729748489e-01
-6.569165980227964496e-02
-2.757957559761807786e-01
-2.784540997144877572e-01
-4.583907415010055608e-01
1.430832645024602279e-01
1.400451573729748489e-01
-6.569165980227964496e-02
1.430832645024602279e-01
1.400451573729748489e-01
-6.569165980227964496e-02
1.430832645024602279e-01
1.400451573729748489e-01
-6.569165980227964496e-02
1.430832645024602279e-01
1.400451573729748489e-01
-6.569165980227964496e-02
1.430832645024602279e-01
1.400451573729748489e-01
3.266513937172019766e-01
-2.807326800616070095e-01
-2.646382768994204326e-02
-2.864291309293967025e-01
-2.807326800616070095e-01
-2.646382768994204326e-02
-2.864291309293967025e-01
-2.807326800616070095e-01
-5.976624919789990109e-01
-2.864291309293967025e-01
-2.807326800616070095e-01
-2.646382768994204326e-02
-2.864291309293967025e-01
-2.807326800616070095e-01
-2.646382768994204326e-02
-2.864291309293967025e-01
-2.807326800616070095e-01
-2.646382768994204326e-02
-2.864291309293967025e-01
-2.807326800616070095e-01
-5.976624919789990109e-01
-2.864291309293967025e-01
-2.807326800616070095e-01
-2.646382768994204326e-02
-2.864291309293967025e-01
-2.807326800616070095e-01
-5.976624919789990109e-01
-2.864291309293967025e-01
-2.807326800616070095e-01
-2.646382768994204326e-02
-2.864291309293967025e-01
-2.807326800616070095e-01
-2.646382768994204326e-02
-2.864291309293967025e-01
-2.807326800616070095e-01
-5.976624919789990109e-01
-2.864291309293967025e-01
-2.807326800616070095e-01
-2.646382768994204326e-02
-2.864291309293967025e-01
-2.807326800616070095e-01
-2.646382768994204326e-02
-2.864291309293967025e-01
2.423913912977209151e-01
-2.646382768994204326e-02
2.366949404299107940e-01
2.423913912977209151e-01
-2.646382768994204326e-02
2.366949404299107940e-01
-2.807326800616070095e-01
-2.646382768994204326e-02
-2.864291309293967025e-01
-2.807326800616070095e-01
-5.976624919789990109e-01
-2.864291309293967025e-01
-2.807326800616070095e-01
-2.646382768994204326e-02
-2.864291309293967025e-01
2.423913912977209151e-01
-2.646382768994204326e-02
2.366949404299107940e-01
-2.807326800616070095e-01
-2.646382768994204326e-02
-2.864291309293967025e-01
-2.807326800616070095e-01
-2.646382768994204326e-02
-2.864291309293967025e-01
-2.807326800616070095e-01
-2.646382768994204326e-02
-2.864291309293967025e-01
2.423913912977209151e-01
-2.646382768994204326e-02
2.366949404299107940e-01
-2.807326800616070095e-01
-2.646382768994204326e-02
-2.864291309293967025e-01
-2.807326800616070095e-01
-2.646382768994204326e-02
-2.864291309293967025e-01
-2.807326800616070095e-01
-2.646382768994204326e-02
-2.864291309293967025e-01
-2.807326800616070095e-01
-2.646382768994204326e-02
-2.864291309293967025e-01
2.423913912977209151e-01
-2.646382768994204326e-02
2.366949404299107940e-01
2.423913912977209151e-01
-2.646382768994204326e-02
2.366949404299107940e-01
2.423913912977209151e-01
-2.646382768994204326e-02
2.366949404299107940e-01
-2.807326800616070095e-01
-5.976624919789990109e-01
-2.864291309293967025e-01
2.423913912977209151e-01
-2.646382768994204326e-02
2.366949404299107940e-01
-2.807326800616070095e-01
-2.646382768994204326e-02
-2.864291309293967025e-01
-2.807326800616070095e-01
-5.976624919789990109e-01
-2.864291309293967025e-01
-2.807326800616070095e-01
-5.976624919789990109e-01
-2.864291309293967025e-01
-2.807326800616070095e-01
-2.646382768994204326e-02
-2.864291309293967025e-01
-2.807326800616070095e-01
-2.646382768994204326e-02
-2.864291309293967025e-01
-2.807326800616070095e-01
-5.976624919789990109e-01
-2.864291309293967025e-01
-2.807326800616070095e-01
-5.976624919789990109e-01
-2.864291309293967025e-01
-1.571635150832428884e-01
-1.602308347812977374e-01
-1.628599659510512332e-01
-1.571635150832428884e-01
-1.602308347812977374e-01
-1.628599659510512332e-01
-1.571635150832428884e-01
3.230911119248269792e-01
3.200237922267894497e-01
-1.571635150832428884e-01
-1.602308347812977374e-01
-1.628599659510512332e-01
3.257202430945809191e-01
8.059748701026507867e-01
8.033457389328972909e-01
-1.571635150832428884e-01
-1.602308347812977374e-01
3.200237922267894497e-01
-1.571635150832428884e-01
3.230911119248269792e-01
3.200237922267894497e-01
3.257202430945809191e-01
3.230911119248269792e-01
3.200237922267894497e-01
3.257202430945809191e-01
3.230911119248269792e-01
3.200237922267894497e-01
-1.571635150832428884e-01
-1.602308347812977374e-01
-1.628599659510512332e-01
3.257202430945809191e-01
3.230911119248269792e-01
3.200237922267894497e-01
-1.571635150832428884e-01
-1.602308347812977374e-01
3.200237922267894497e-01
-1.571635150832428884e-01
-1.602308347812977374e-01
3.200237922267894497e-01
-1.571635150832428884e-01
-1.602308347812977374e-01
-1.628599659510512332e-01
-1.571635150832428884e-01
3.230911119248269792e-01
3.200237922267894497e-01
3.257202430945809191e-01
3.230911119248269792e-01
3.200237922267894497e-01
3.257202430945809191e-01
3.230911119248269792e-01
3.200237922267894497e-01
3.257202430945809191e-01
3.230911119248269792e-01
3.200237922267894497e-01
-1.571635150832428884e-01
-1.602308347812977374e-01
-1.628599659510512332e-01
-1.571635150832428884e-01
-1.602308347812977374e-01
-1.628599659510512332e-01
-1.571635150832428884e-01
-1.602308347812977374e-01
3.200237922267894497e-01
-1.571635150832428884e-01
-1.602308347812977374e-01
3.200237922267894497e-01
-1.571635150832428884e-01
3.230911119248269792e-01
3.200237922267894497e-01
-1.571635150832428884e-01
-1.602308347812977374e-01
3.200237922267894497e-01
-1.571635150832428884e-01
-1.602308347812977374e-01
-1.628599659510512332e-01
-1.571635150832428884e-01
-1.602308347812977374e-01
-1.628599659510512332e-01
-1.571635150832428884e-01
-1.602308347812977374e-01
3.200237922267894497e-01
-1.571635150832428884e-01
-1.602308347812977374e-01
-1.628599659510512332e-01
-1.571635150832428884e-01
3.230911119248269792e-01
3.200237922267894497e-01
-1.571635150832428884e-01
-1.602308347812977374e-01
-1.628599659510512332e-01
3.257202430945809191e-01
3.230911119248269792e-01
3.200237922267894497e-01
-1.571635150832428884e-01
-1.602308347812977374e-01
-1.628599659510512332e-01
-6.404854617893676050e-01
-1.602308347812977374e-01
-1.628599659510512332e-01
-1.571635150832428884e-01
3.230911119248269792e-01
3.200237922267894497e-01
-1.571635150832428884e-01
-1.602308347812977374e-01
-1.628599659510512332e-01
-1.571635150832428884e-01
-1.602308347812977374e-01
-1.628599659510512332e-01
-1.571635150832428884e-01
-1.602308347812977374e-01
3.200237922267894497e-01
3.257202430945809191e-01
3.230911119248269792e-01
3.200237922267894497e-01
-1.571635150832428884e-01
-1.602308347812977374e-01
3.200237922267894497e-01
-1.571635150832428884e-01
-1.602308347812977374e-01
-1.628599659510512332e-01
-4.454812973472943582e-03
-7.303038407380668673e-03
4.382407973238584553e-01
-4.454812973472943582e-03
-7.303038407380668673e-03
-1.055815318897268540e-02
-4.454812973472943582e-03
-7.303038407380668673e-03
-1.055815318897268540e-02
-4.454812973472943582e-03
-7.303038407380668673e-03
-1.055815318897268540e-02
-4.454812973472943582e-03
-7.303038407380668673e-03
-1.055815318897268540e-02
-4.454812973472943582e-03
-7.303038407380668673e-03
4.382407973238584553e-01
-4.454812973472943582e-03
-7.303038407380668673e-03
4.382407973238584553e-01
-4.454812973472943582e-03
-7.303038407380668673e-03
4.382407973238584553e-01
-4.532537634863027520e-01
-4.561019889201944899e-01
-1.055815318897268540e-02
-4.454812973472943582e-03
-7.303038407380668673e-03
-1.055815318897268540e-02
-4.454812973472943582e-03
-7.303038407380668673e-03
-1.055815318897268540e-02
-4.454812973472943582e-03
-7.303038407380668673e-03
-1.055815318897268540e-02
-4.454812973472943582e-03
-7.303038407380668673e-03
4.382407973238584553e-01
-4.454812973472943582e-03
4.410890227577568545e-01
4.382407973238584553e-01
-4.454812973472943582e-03
-7.303038407380668673e-03
-1.055815318897268540e-02
-4.454812973472943582e-03
-7.303038407380668673e-03
4.382407973238584553e-01
-4.454812973472943582e-03
4.410890227577568545e-01
4.382407973238584553e-01
-4.454812973472943582e-03
-7.303038407380668673e-03
-1.055815318897268540e-02
-4.454812973472943582e-03
-7.303038407380668673e-03
-1.055815318897268540e-02
-4.454812973472943582e-03
4.410890227577568545e-01
4.382407973238584553e-01
-4.454812973472943582e-03
-7.303038407380668673e-03
4.382407973238584553e-01
-4.454812973472943582e-03
-7.303038407380668673e-03
4.382407973238584553e-01
-4.454812973472943582e-03
-7.303038407380668673e-03
-1.055815318897268540e-02
-4.532537634863027520e-01
-7.303038407380668673e-03
-1.055815318897268540e-02
-4.454812973472943582e-03
-7.303038407380668673e-03
4.382407973238584553e-01
-4.454812973472943582e-03
-7.303038407380668673e-03
-1.055815318897268540e-02
-4.454812973472943582e-03
-7.303038407380668673e-03
-1.055815318897268540e-02
-4.532537634863027520e-01
-7.303038407380668673e-03
-1.055815318897268540e-02
4.439372481916490365e-01
4.410890227577568545e-01
4.382407973238584553e-01
-4.454812973472943582e-03
-7.303038407380668673e-03
-1.055815318897268540e-02
-4.454812973472943582e-03
-7.303038407380668673e-03
4.382407973238584553e-01
-4.454812973472943582e-03
-7.303038407380668673e-03
-1.055815318897268540e-02
-4.454812973472943582e-03
-7.303038407380668673e-03
4.382407973238584553e-01
-4.454812973472943582e-03
-7.303038407380668673e-03
-1.055815318897268540e-02
-4.454812973472943582e-03
-7.303038407380668673e-03
-1.055815318897268540e-02
-4.454812973472943582e-03
-7.303038407380668673e-03
-1.055815318897268540e-02
-4.454812973472943582e-03
-7.303038407380668673e-03
-1.055815318897268540e-02
-4.454812973472943582e-03
-7.303038407380668673e-03
-1.055815318897268540e-02
-4.454812973472943582e-03
4.410890227577568545e-01
4.382407973238584553e-01
-4.454812973472943582e-03
-7.303038407380668673e-03
4.382407973238584553e-01
-2.670611979788803936e-01
1.487797153702525854e-01
1.457416082407672064e-01
-2.670611979788803936e-01
-2.700993051083884211e-01
1.457416082407672064e-01
1.514380591085666694e-01
1.487797153702525854e-01
1.457416082407672064e-01
-2.670611979788803936e-01
-2.700993051083884211e-01
-2.727576488466807447e-01
-2.670611979788803936e-01
1.487797153702525854e-01
1.457416082407672064e-01
-2.670611979788803936e-01
1.487797153702525854e-01
1.457416082407672064e-01
1.514380591085666694e-01
1.487797153702525854e-01
1.457416082407672064e-01
-2.670611979788803936e-01
-2.700993051083884211e-01
-2.727576488466807447e-01
-2.670611979788803936e-01
1.487797153702525854e-01
1.457416082407672064e-01
1.514380591085666694e-01
1.487797153702525854e-01
1.457416082407672064e-01
1.514380591085666694e-01
1.487797153702525854e-01
1.457416082407672064e-01
-2.670611979788803936e-01
-2.700993051083884211e-01
-2.727576488466807447e-01
1.514380591085666694e-01
1.487797153702525854e-01
1.457416082407672064e-01
1.514380591085666694e-01
1.487797153702525854e-01
1.457416082407672064e-01
-2.670611979788803936e-01
-2.700993051083884211e-01
-2.727576488466807447e-01
-2.670611979788803936e-01
-2.700993051083884211e-01
1.457416082407672064e-01
1.514380591085666694e-01
1.487797153702525854e-01
1.457416082407672064e-01
1.514380591085666694e-01
1.487797153702525854e-01
1.457416082407672064e-01
-2.670611979788803936e-01
-2.700993051083884211e-01
-2.727576488466807447e-01
-2.670611979788803936e-01
-2.700993051083884211e-01
-2.727576488466807447e-01
1.514380591085666694e-01
1.487797153702525854e-01
1.457416082407672064e-01
1.514380591085666694e-01
1.487797153702525854e-01
1.457416082407672064e-01
-2.670611979788803936e-01
-2.700993051083884211e-01
1.457416082407672064e-01
-2.670611979788803936e-01
1.487797153702525854e-01
1.457416082407672064e-01
-2.670611979788803936e-01
-2.700993051083884211e-01
-2.727576488466807447e-01
-2.670611979788803936e-01
-2.700993051083884211e-01
-2.727576488466807447e-01
1.514380591085666694e-01
1.487797153702525854e-01
1.457416082407672064e-01
-2.670611979788803936e-01
-2.700993051083884211e-01
-2.727576488466807447e-01
1.514380591085666694e-01
1.487797153702525854e-01
1.457416082407672064e-01
1.514380591085666694e-01
1.487797153702525854e-01
1.457416082407672064e-01
-2.670611979788803936e-01
-2.700993051083884211e-01
-2.727576488466807447e-01
1.514380591085666694e-01
1.487797153702525854e-01
1.457416082407672064e-01
-2.670611979788803936e-01
-2.700993051083884211e-01
-2.727576488466807447e-01
-2.670611979788803936e-01
-2.700993051083884211e-01
-2.727576488466807447e-01
-2.670611979788803936e-01
-2.700993051083884211e-01
-2.727576488466807447e-01
-2.670611979788803936e-01
-2.700993051083884211e-01
-2.727576488466807447e-01
-2.670611979788803936e-01
-2.700993051083884211e-01
-2.727576488466807447e-01
1.514380591085666694e-01
1.487797153702525854e-01
1.457416082407672064e-01
-2.670611979788803936e-01
-2.700993051083884211e-01
-2.727576488466807447e-01
1.514380591085666694e-01
1.487797153702525854e-01
1.457416082407672064e-01
5.413725309529215934e-02
-1.882749005919865937e-01
4.844080222749225229e-02
5.413725309529215934e-02
2.946088575858540892e-01
4.844080222749225229e-02
5.413725309529215934e-02
-1.882749005919865937e-01
4.844080222749225229e-02
5.413725309529215934e-02
-1.882749005919865937e-01
4.844080222749225229e-02
5.413725309529215934e-02
2.946088575858540892e-01
4.844080222749225229e-02
5.413725309529215934e-02
2.946088575858540892e-01
4.844080222749225229e-02
5.413725309529215934e-02
-1.882749005919865937e-01
4.844080222749225229e-02
5.029362036081219678e-01
2.946088575858540892e-01
4.972397527403225048e-01
-3.942548080698298207e-01
-1.882749005919865937e-01
-3.999512589376292837e-01
5.413725309529215934e-02
2.946088575858540892e-01
4.844080222749225229e-02
-3.942548080698298207e-01
-1.882749005919865937e-01
-3.999512589376292837e-01
5.413725309529215934e-02
2.946088575858540892e-01
4.844080222749225229e-02
5.413725309529215934e-02
-1.882749005919865937e-01
4.844080222749225229e-02
5.413725309529215934e-02
-1.882749005919865937e-01
4.844080222749225229e-02
5.413725309529215934e-02
-1.882749005919865937e-01
4.844080222749225229e-02
5.413725309529215934e-02
2.946088575858540892e-01
4.844080222749225229e-02
5.413725309529215934e-02
2.946088575858540892e-01
4.844080222749225229e-02
5.413725309529215934e-02
2.946088575858540892e-01
4.844080222749225229e-02
5.413725309529215934e-02
2.946088575858540892e-01
4.844080222749225229e-02
5.413725309529215934e-02
-1.882749005919865937e-01
4.844080222749225229e-02
5.413725309529215934e-02
2.946088575858540892e-01
4.844080222749225229e-02
5.413725309529215934e-02
2.946088575858540892e-01
4.844080222749225229e-02
5.413725309529215934e-02
-1.882749005919865937e-01
4.844080222749225229e-02
5.413725309529215934e-02
2.946088575858540892e-01
4.844080222749225229e-02
5.413725309529215934e-02
2.946088575858540892e-01
4.844080222749225229e-02
5.029362036081219678e-01
7.779308042919788058e-01
4.972397527403225048e-01
5.413725309529215934e-02
-1.882749005919865937e-01
4.844080222749225229e-02
5.413725309529215934e-02
2.946088575858540892e-01
4.844080222749225229e-02
5.413725309529215934e-02
2.946088575858540892e-01
4.844080222749225229e-02
5.413725309529215934e-02
2.946088575858540892e-01
4.844080222749225229e-02
5.413725309529215934e-02
-1.882749005919865937e-01
4.844080222749225229e-02
5.413725309529215934e-02
-1.882749005919865937e-01
4.844080222749225229e-02
5.413725309529215934e-02
2.946088575858540892e-01
4.844080222749225229e-02
5.413725309529215934e-02
2.946088575858540892e-01
4.844080222749225229e-02
5.413725309529215934e-02
-1.882749005919865937e-01
4.844080222749225229e-02
5.029362036081219678e-01
2.946088575858540892e-01
4.972397527403225048e-01
5.413725309529215934e-02
-1.882749005919865937e-01
4.844080222749225229e-02
-3.942548080698298207e-01
-1.882749005919865937e-01
-3.999512589376292837e-01
5.413725309529215934e-02
-1.882749005919865937e-01
4.844080222749225229e-02
-3.942548080698298207e-01
-1.882749005919865937e-01
-3.999512589376292837e-01
-1.565500511436406228e-01
-7.871471622087096165e-01
-5.320094572299578495e-01
-1.565500511436406228e-01
-1.593982765775399102e-01
-5.320094572299578495e-01
-1.565500511436406228e-01
-1.593982765775399102e-01
1.654893045824556985e-01
-7.842989367748125495e-01
-7.871471622087096165e-01
-5.320094572299578495e-01
-1.565500511436406228e-01
-1.593982765775399102e-01
1.654893045824556985e-01
-1.565500511436406228e-01
-7.871471622087096165e-01
-5.320094572299578495e-01
-1.565500511436406228e-01
-1.593982765775399102e-01
1.654893045824556985e-01
-1.565500511436406228e-01
-1.593982765775399102e-01
-5.320094572299578495e-01
-1.565500511436406228e-01
-1.593982765775399102e-01
1.654893045824556985e-01
-1.565500511436406228e-01
-1.593982765775399102e-01
1.654893045824556985e-01
-1.565500511436406228e-01
-1.593982765775399102e-01
1.654893045824556985e-01
-1.565500511436406228e-01
-1.593982765775399102e-01
-5.320094572299578495e-01
-1.565500511436406228e-01
-1.593982765775399102e-01
-5.320094572299578495e-01
4.717684795743224413e-01
-1.593982765775399102e-01
1.654893045824556985e-01
-1.565500511436406228e-01
-7.871471622087096165e-01
-5.320094572299578495e-01
4.717684795743224413e-01
-1.593982765775399102e-01
1.654893045824556985e-01
-1.565500511436406228e-01
-1.593982765775399102e-01
1.654893045824556985e-01
-7.842989367748125495e-01
-7.871471622087096165e-01
-5.320094572299578495e-01
-1.565500511436406228e-01
-7.871471622087096165e-01
-5.320094572299578495e-01
-1.565500511436406228e-01
-1.593982765775399102e-01
1.654893045824556985e-01
-1.565500511436406228e-01
-1.593982765775399102e-01
1.654893045824556985e-01
-1.565500511436406228e-01
-7.871471622087096165e-01
-5.320094572299578495e-01
-1.565500511436406228e-01
-1.593982765775399102e-01
1.654893045824556985e-01
-1.565500511436406228e-01
-1.593982765775399102e-01
1.654893045824556985e-01
-1.565500511436406228e-01
-1.593982765775399102e-01
1.654893045824556985e-01
-1.565500511436406228e-01
-1.593982765775399102e-01
1.654893045824556985e-01
-1.565500511436406228e-01
-1.593982765775399102e-01
-5.320094572299578495e-01
-1.565500511436406228e-01
-1.593982765775399102e-01
1.654893045824556985e-01
-7.842989367748125495e-01
-7.871471622087096165e-01
-5.320094572299578495e-01
-1.565500511436406228e-01
-7.871471622087096165e-01
-5.320094572299578495e-01
-1.565500511436406228e-01
-1.593982765775399102e-01
1.654893045824556985e-01
-1.565500511436406228e-01
-1.593982765775399102e-01
1.654893045824556985e-01
-7.842989367748125495e-01
-7.871471622087096165e-01
-5.320094572299578495e-01
-1.565500511436406228e-01
-1.593982765775399102e-01
1.654893045824556985e-01
-1.565500511436406228e-01
-1.593982765775399102e-01
1.654893045824556985e-01
-1.565500511436406228e-01
-1.593982765775399102e-01
-5.320094572299578495e-01
-1.565500511436406228e-01
-1.593982765775399102e-01
1.654893045824556985e-01
-1.565500511436406228e-01
-1.593982765775399102e-01
1.654893045824556985e-01
-7.842989367748125495e-01
-7.871471622087096165e-01
-5.320094572299578495e-01
-1.565500511436406228e-01
-1.593982765775399102e-01
1.654893045824556985e-01
-4.782096434785589878e-01
-1.161052499822905482e-01
-4.845390333316643705e-01
-4.782096434785589878e-01
-1.161052499822905482e-01
-4.845390333316643705e-01
-4.782096434785589878e-01
-1.161052499822905482e-01
-4.845390333316643705e-01
-4.782096434785589878e-01
-1.161052499822905482e-01
-4.845390333316643705e-01
-4.782096434785589878e-01
-7.444237807002522800e-01
-4.845390333316643705e-01
2.192891183338661065e-01
-1.161052499822905482e-01
-4.845390333316643705e-01
-4.782096434785589878e-01
-1.161052499822905482e-01
-4.845390333316643705e-01
-4.782096434785589878e-01
-1.161052499822905482e-01
-4.845390333316643705e-01
-4.782096434785589878e-01
-7.444237807002522800e-01
-4.845390333316643705e-01
2.192891183338661065e-01
-1.161052499822905482e-01
-4.845390333316643705e-01
2.192891183338661065e-01
-1.161052499822905482e-01
-4.845390333316643705e-01
2.192891183338661065e-01
-1.161052499822905482e-01
2.135926674660733049e-01
2.192891183338661065e-01
-1.161052499822905482e-01
-4.845390333316643705e-01
-4.782096434785589878e-01
-1.161052499822905482e-01
-4.845390333316643705e-01
-4.782096434785589878e-01
-1.161052499822905482e-01
-4.845390333316643705e-01
-4.782096434785589878e-01
-1.161052499822905482e-01
-4.845390333316643705e-01
-4.782096434785589878e-01
-1.161052499822905482e-01
-4.845390333316643705e-01
-4.782096434785589878e-01
-1.161052499822905482e-01
-4.845390333316643705e-01
-4.782096434785589878e-01
-1.161052499822905482e-01
-4.845390333316643705e-01
-4.782096434785589878e-01
-1.161052499822905482e-01
-4.845390333316643705e-01
-4.782096434785589878e-01
-7.444237807002522800e-01
-4.845390333316643705e-01
-4.782096434785589878e-01
-7.444237807002522800e-01
-4.845390333316643705e-01
-4.782096434785589878e-01
-1.161052499822905482e-01
-4.845390333316643705e-01
-4.782096434785589878e-01
-1.161052499822905482e-01
-4.845390333316643705e-01
-4.782096434785589878e-01
-1.161052499822905482e-01
-4.845390333316643705e-01
-4.782096434785589878e-01
-1.161052499822905482e-01
-4.845390333316643705e-01
-4.782096434785589878e-01
-1.161052499822905482e-01
-4.845390333316643705e-01
-4.782096434785589878e-01
-1.161052499822905482e-01
-4.845390333316643705e-01
-4.782096434785589878e-01
-1.161052499822905482e-01
-4.845390333316643705e-01
2.192891183338661065e-01
-1.161052499822905482e-01
2.135926674660733049e-01
-4.782096434785589878e-01
-1.161052499822905482e-01
-4.845390333316643705e-01
-4.782096434785589878e-01
-1.161052499822905482e-01
-4.845390333316643705e-01
2.192891183338661065e-01
-1.161052499822905482e-01
-4.845390333316643705e-01
-4.782096434785589878e-01
-7.444237807002522800e-01
-4.845390333316643705e-01
2.192891183338661065e-01
-1.161052499822905482e-01
-4.845390333316643705e-01
-4.782096434785589878e-01
-1.161052499822905482e-01
-4.845390333316643705e-01
-4.782096434785589878e-01
-1.161052499822905482e-01
-4.845390333316643705e-01
2.192891183338661065e-01
-1.161052499822905482e-01
-4.845390333316643705e-01
-4.782096434785589878e-01
-1.161052499822905482e-01
-4.845390333316643705e-01
-4.782096434785589878e-01
-1.161052499822905482e-01
-4.845390333316643705e-01
-2.038305933463613329e-01
-2.066788187802557353e-01
9.782237306197094640e-02
-2.038305933463613329e-01
-2.066788187802557353e-01
-4.733762912270864653e-01
4.244879373716003990e-01
4.216397119377073288e-01
9.782237306197094640e-02
-2.038305933463613329e-01
4.216397119377073288e-01
9.782237306197094640e-02
-8.315794789775323714e-01
-2.066788187802557353e-01
-4.733762912270864653e-01
-2.038305933463613329e-01
-2.066788187802557353e-01
-4.733762912270864653e-01
-2.038305933463613329e-01
-2.066788187802557353e-01
-4.733762912270864653e-01
-2.038305933463613329e-01
-2.066788187802557353e-01
-4.733762912270864653e-01
-2.038305933463613329e-01
-2.066788187802557353e-01
-4.733762912270864653e-01
-2.038305933463613329e-01
-2.066788187802557353e-01
9.782237306197094640e-02
-2.038305933463613329e-01
4.216397119377073288e-01
9.782237306197094640e-02
-2.038305933463613329e-01
4.216397119377073288e-01
9.782237306197094640e-02
-2.038305933463613329e-01
-2.066788187802557353e-01
-4.733762912270864653e-01
4.244879373716003990e-01
4.216397119377073288e-01
9.782237306197094640e-02
-2.038305933463613329e-01
-2.066788187802557353e-01
9.782237306197094640e-02
-2.038305933463613329e-01
-2.066788187802557353e-01
-4.733762912270864653e-01
-2.038305933463613329e-01
4.216397119377073288e-01
9.782237306197094640e-02
-8.315794789775323714e-01
-2.066788187802557353e-01
-4.733762912270864653e-01
-2.038305933463613329e-01
-2.066788187802557353e-01
9.782237306197094640e-02
-2.038305933463613329e-01
-2.066788187802557353e-01
9.782237306197094640e-02
-2.038305933463613329e-01
-2.066788187802557353e-01
-4.733762912270864653e-01
-2.038305933463613329e-01
-2.066788187802557353e-01
9.782237306197094640e-02
-2.038305933463613329e-01
4.216397119377073288e-01
9.782237306197094640e-02
4.244879373716003990e-01
4.216397119377073288e-01
9.782237306197094640e-02
4.244879373716003990e-01
4.216397119377073288e-01
9.782237306197094640e-02
-2.038305933463613329e-01
4.216397119377073288e-01
9.782237306197094640e-02
-2.038305933463613329e-01
-2.066788187802557353e-01
9.782237306197094640e-02
-2.038305933463613329e-01
-2.066788187802557353e-01
-4.733762912270864653e-01
-2.038305933463613329e-01
-2.066788187802557353e-01
-4.733762912270864653e-01
-2.038305933463613329e-01
-2.066788187802557353e-01
-4.733762912270864653e-01
-2.038305933463613329e-01
-2.066788187802557353e-01
-4.733762912270864653e-01
-2.038305933463613329e-01
4.216397119377073288e-01
9.782237306197094640e-02
-2.038305933463613329e-01
-2.066788187802557353e-01
9.782237306197094640e-02
-2.038305933463613329e-01
4.216397119377073288e-01
9.782237306197094640e-02
-2.038305933463613329e-01
-2.066788187802557353e-01
-4.733762912270864653e-01
-2.038305933463613329e-01
-2.066788187802557353e-01
9.782237306197094640e-02
-2.038305933463613329e-01
4.216397119377073288e-01
9.782237306197094640e-02
-2.038305933463613329e-01
4.216397119377073288e-01
9.782237306197094640e-02
-8.315794789775323714e-01
-2.066788187802557353e-01
-4.733762912270864653e-01
-2.038305933463613329e-01
-2.066788187802557353e-01
9.782237306197094640e-02
4.375897743675465357e-01
4.347415489336574623e-01
1.097331339673699446e-01
4.375897743675465357e-01
4.347415489336574623e-01
1.097331339673699446e-01
-1.907287563504165284e-01
4.347415489336574623e-01
1.097331339673699446e-01
4.375897743675465357e-01
4.347415489336574623e-01
1.097331339673699446e-01
-1.907287563504165284e-01
-1.935769817843056018e-01
-4.614655303216852467e-01
-1.907287563504165284e-01
-1.935769817843056018e-01
-4.614655303216852467e-01
4.375897743675465357e-01
4.347415489336574623e-01
1.097331339673699446e-01
-1.907287563504165284e-01
-1.935769817843056018e-01
1.097331339673699446e-01
4.375897743675465357e-01
4.347415489336574623e-01
1.097331339673699446e-01
-1.907287563504165284e-01
-1.935769817843056018e-01
-4.614655303216852467e-01
-8.184776419816111037e-01
-1.935769817843056018e-01
-4.614655303216852467e-01
4.375897743675465357e-01
4.347415489336574623e-01
1.097331339673699446e-01
-1.907287563504165284e-01
-1.935769817843056018e-01
-4.614655303216852467e-01
-1.907287563504165284e-01
-1.935769817843056018e-01
-4.614655303216852467e-01
4.375897743675465357e-01
4.347415489336574623e-01
1.097331339673699446e-01
-1.907287563504165284e-01
-1.935769817843056018e-01
-4.614655303216852467e-01
-1.907287563504165284e-01
-1.935769817843056018e-01
-4.614655303216852467e-01
-1.907287563504165284e-01
-1.935769817843056018e-01
-4.614655303216852467e-01
4.375897743675465357e-01
4.347415489336574623e-01
1.097331339673699446e-01
-1.907287563504165284e-01
-1.935769817843056018e-01
-4.614655303216852467e-01
-1.907287563504165284e-01
-1.935769817843056018e-01
-4.614655303216852467e-01
-1.907287563504165284e-01
-1.935769817843056018e-01
-4.614655303216852467e-01
-1.907287563504165284e-01
-1.935769817843056018e-01
1.097331339673699446e-01
-1.907287563504165284e-01
-1.935769817843056018e-01
-4.614655303216852467e-01
-1.907287563504165284e-01
-1.935769817843056018e-01
-4.614655303216852467e-01
-1.907287563504165284e-01
-1.935769817843056018e-01
-4.614655303216852467e-01
-1.907287563504165284e-01
-1.935769817843056018e-01
-4.614655303216852467e-01
-1.907287563504165284e-01
4.347415489336574623e-01
1.097331339673699446e-01
-1.907287563504165284e-01
-1.935769817843056018e-01
1.097331339673699446e-01
-1.907287563504165284e-01
-1.935769817843056018e-01
-4.614655303216852467e-01
4.375897743675465357e-01
4.347415489336574623e-01
1.097331339673699446e-01
-1.907287563504165284e-01
4.347415489336574623e-01
1.097331339673699446e-01
-1.907287563504165284e-01
-1.935769817843056018e-01
-4.614655303216852467e-01
-1.907287563504165284e-01
-1.935769817843056018e-01
-4.614655303216852467e-01
-1.907287563504165284e-01
-1.935769817843056018e-01
1.097331339673699446e-01
-1.907287563504165284e-01
-1.935769817843056018e-01
1.097331339673699446e-01
4.375897743675465357e-01
4.347415489336574623e-01
1.097331339673699446e-01
-1.907287563504165284e-01
4.347415489336574623e-01
1.097331339673699446e-01
-1.907287563504165284e-01
-1.935769817843056018e-01
-4.614655303216852467e-01
-1.907287563504165284e-01
-1.935769817843056018e-01
-4.614655303216852467e-01
1.338423553169261204e-01
3.217507705441753352e-01
4.772117548479939408e-01
1.338423553169261204e-01
3.217507705441753352e-01
4.772117548479939408e-01
-2.149070255892917558e-01
-4.751327982711517350e-02
1.284623739417756205e-01
1.338423553169261204e-01
-4.751327982711517350e-02
1.284623739417756205e-01
1.338423553169261204e-01
3.217507705441753352e-01
4.772117548479939408e-01
-2.149070255892917558e-01
-4.751327982711517350e-02
1.284623739417756205e-01
-2.149070255892917558e-01
-4.751327982711517350e-02
1.284623739417756205e-01
1.338423553169261204e-01
3.217507705441753352e-01
4.772117548479939408e-01
1.338423553169261204e-01
-4.751327982711517350e-02
1.284623739417756205e-01
1.338423553169261204e-01
3.217507705441753352e-01
4.772117548479939408e-01
-2.149070255892917558e-01
-4.751327982711517350e-02
1.284623739417756205e-01
-2.149070255892917558e-01
-4.751327982711517350e-02
1.284623739417756205e-01
-2.149070255892917558e-01
-4.751327982711517350e-02
1.284623739417756205e-01
-2.149070255892917558e-01
-4.751327982711517350e-02
1.284623739417756205e-01
1.338423553169261204e-01
3.217507705441753352e-01
4.772117548479939408e-01
1.338423553169261204e-01
3.217507705441753352e-01
4.772117548479939408e-01
1.338423553169261204e-01
3.217507705441753352e-01
4.772117548479939408e-01
-2.149070255892917558e-01
-4.751327982711517350e-02
1.284623739417756205e-01
-2.149070255892917558e-01
-4.751327982711517350e-02
1.284623739417756205e-01
1.338423553169261204e-01
3.217507705441753352e-01
1.284623739417756205e-01
1.338423553169261204e-01
3.217507705441753352e-01
4.772117548479939408e-01
-2.149070255892917558e-01
-4.751327982711517350e-02
1.284623739417756205e-01
1.338423553169261204e-01
3.217507705441753352e-01
1.284623739417756205e-01
1.338423553169261204e-01
3.217507705441753352e-01
4.772117548479939408e-01
-2.149070255892917558e-01
-4.751327982711517350e-02
1.284623739417756205e-01
1.338423553169261204e-01
3.217507705441753352e-01
4.772117548479939408e-01
1.338423553169261204e-01
3.217507705441753352e-01
4.772117548479939408e-01
1.338423553169261204e-01
3.217507705441753352e-01
4.772117548479939408e-01
-2.149070255892917558e-01
-4.751327982711517350e-02
1.284623739417756205e-01
-2.149070255892917558e-01
-4.751327982711517350e-02
1.284623739417756205e-01
1.338423553169261204e-01
3.217507705441753352e-01
4.772117548479939408e-01
-2.149070255892917558e-01
-4.751327982711517350e-02
1.284623739417756205e-01
1.338423553169261204e-01
3.217507705441753352e-01
1.284623739417756205e-01
-2.149070255892917558e-01
-4.751327982711517350e-02
1.284623739417756205e-01
1.338423553169261204e-01
-4.751327982711517350e-02
1.284623739417756205e-01
-2.149070255892917558e-01
-4.751327982711517350e-02
1.284623739417756205e-01
-2.149070255892917558e-01
-4.751327982711517350e-02
1.284623739417756205e-01
1.338423553169261204e-01
3.217507705441753352e-01
4.772117548479939408e-01
-2.149070255892917558e-01
-4.751327982711517350e-02
1.284623739417756205e-01
1.338423553169261204e-01
3.217507705441753352e-01
4.772117548479939408e-01
1.210569878136498190e-01
-8.349306876414708256e-02
1.153605369458574614e-01
1.210569878136498190e-01
-8.349306876414708256e-02
1.153605369458574614e-01
1.210569878136498190e-01
-8.349306876414708256e-02
1.153605369458574614e-01
1.210569878136498190e-01
-8.349306876414708256e-02
1.153605369458574614e-01
1.210569878136498190e-01
3.088499847553491939e-01
1.153605369458574614e-01
1.210569878136498190e-01
3.088499847553491939e-01
1.153605369458574614e-01
1.210569878136498190e-01
3.088499847553491939e-01
1.153605369458574614e-01
1.210569878136498190e-01
-8.349306876414708256e-02
1.153605369458574614e-01
5.395562449010968820e-01
3.088499847553491939e-01
5.338597940333045244e-01
1.210569878136498190e-01
-8.349306876414708256e-02
1.153605369458574614e-01
5.395562449010968820e-01
3.088499847553491939e-01
5.338597940333045244e-01
1.210569878136498190e-01
3.088499847553491939e-01
1.153605369458574614e-01
1.210569878136498190e-01
3.088499847553491939e-01
1.153605369458574614e-01
1.210569878136498190e-01
3.088499847553491939e-01
1.153605369458574614e-01
1.210569878136498190e-01
3.088499847553491939e-01
1.153605369458574614e-01
1.210569878136498190e-01
-8.349306876414708256e-02
1.153605369458574614e-01
1.210569878136498190e-01
3.088499847553491939e-01
1.153605369458574614e-01
1.210569878136498190e-01
-8.349306876414708256e-02
1.153605369458574614e-01
1.210569878136498190e-01
-8.349306876414708256e-02
1.153605369458574614e-01
1.210569878136498190e-01
-8.349306876414708256e-02
1.153605369458574614e-01
-2.974422692737972440e-01
-8.349306876414708256e-02
-3.035184835327835451e-01
1.210569878136498190e-01
3.088499847553491939e-01
1.153605369458574614e-01
1.210569878136498190e-01
-8.349306876414708256e-02
1.153605369458574614e-01
1.210569878136498190e-01
3.088499847553491939e-01
1.153605369458574614e-01
1.210569878136498190e-01
-8.349306876414708256e-02
1.153605369458574614e-01
1.210569878136498190e-01
3.088499847553491939e-01
1.153605369458574614e-01
1.210569878136498190e-01
3.088499847553491939e-01
1.153605369458574614e-01
1.210569878136498190e-01
-8.349306876414708256e-02
1.153605369458574614e-01
1.210569878136498190e-01
3.088499847553491939e-01
1.153605369458574614e-01
1.210569878136498190e-01
-8.349306876414708256e-02
1.153605369458574614e-01
1.210569878136498190e-01
3.088499847553491939e-01
1.153605369458574614e-01
5.395562449010968820e-01
3.088499847553491939e-01
5.338597940333045244e-01
1.210569878136498190e-01
3.088499847553491939e-01
1.153605369458574614e-01
5.395562449010968820e-01
3.088499847553491939e-01
5.338597940333045244e-01
1.210569878136498190e-01
-8.349306876414708256e-02
1.153605369458574614e-01
1.210569878136498190e-01
3.088499847553491939e-01
1.153605369458574614e-01
1.210569878136498190e-01
-8.349306876414708256e-02
1.153605369458574614e-01
1.210569878136498190e-01
3.088499847553491939e-01
1.153605369458574614e-01
1.210569878136498190e-01
-8.349306876414708256e-02
1.153605369458574614e-01
1.210569878136498190e-01
-8.349306876414708256e-02
1.153605369458574614e-01
6.909642029013118858e-02
-1.272845348103364138e-01
-1.301327602442290399e-01
6.909642029013118858e-02
-1.272845348103364138e-01
-1.301327602442290399e-01
6.909642029013118858e-02
2.650585187091598627e-01
2.622102932752525817e-01
6.909642029013118858e-02
-1.272845348103364138e-01
-1.301327602442290399e-01
6.909642029013118858e-02
-1.272845348103364138e-01
-1.301327602442290399e-01
6.909642029013118858e-02
-1.272845348103364138e-01
-1.301327602442290399e-01
6.909642029013118858e-02
-1.272845348103364138e-01
-1.301327602442290399e-01
6.909642029013118858e-02
2.650585187091598627e-01
2.622102932752525817e-01
6.909642029013118858e-02
-1.272845348103364138e-01
-1.301327602442290399e-01
6.909642029013118858e-02
-1.272845348103364138e-01
-1.301327602442290399e-01
6.909642029013118858e-02
-1.272845348103364138e-01
-1.301327602442290399e-01
6.909642029013118858e-02
-1.272845348103364138e-01
-1.301327602442290399e-01
6.909642029013118858e-02
-1.272845348103364138e-01
-1.301327602442290399e-01
6.909642029013118858e-02
-1.272845348103364138e-01
2.622102932752525817e-01
6.909642029013118858e-02
-1.272845348103364138e-01
-1.301327602442290399e-01
6.909642029013118858e-02
-1.272845348103364138e-01
2.622102932752525817e-01
6.909642029013118858e-02
-1.272845348103364138e-01
-1.301327602442290399e-01
6.909642029013118858e-02
-1.272845348103364138e-01
-1.301327602442290399e-01
6.909642029013118858e-02
-1.272845348103364138e-01
-1.301327602442290399e-01
4.386955560065795012e-01
2.650585187091598627e-01
2.622102932752525817e-01
6.909642029013118858e-02
-1.272845348103364138e-01
-1.301327602442290399e-01
-3.001676300811459974e-01
-5.199836165090494511e-01
-5.228318419429549557e-01
6.909642029013118858e-02
2.650585187091598627e-01
2.622102932752525817e-01
6.909642029013118858e-02
-1.272845348103364138e-01
-1.301327602442290399e-01
6.909642029013118858e-02
-1.272845348103364138e-01
-1.301327602442290399e-01
6.909642029013118858e-02
-1.272845348103364138e-01
-1.301327602442290399e-01
6.909642029013118858e-02
-1.272845348103364138e-01
-1.301327602442290399e-01
6.909642029013118858e-02
-1.272845348103364138e-01
-1.301327602442290399e-01
6.909642029013118858e-02
-1.272845348103364138e-01
-1.301327602442290399e-01
6.909642029013118858e-02
2.650585187091598627e-01
2.622102932752525817e-01
6.909642029013118858e-02
-1.272845348103364138e-01
-1.301327602442290399e-01
6.909642029013118858e-02
-1.272845348103364138e-01
-1.301327602442290399e-01
6.909642029013118858e-02
-1.272845348103364138e-01
-1.301327602442290399e-01
6.909642029013118858e-02
-1.272845348103364138e-01
2.622102932752525817e-01
6.909642029013118858e-02
-1.272845348103364138e-01
-1.301327602442290399e-01
6.909642029013118858e-02
-1.272845348103364138e-01
-1.301327602442290399e-01
6.909642029013118858e-02
-1.272845348103364138e-01
-1.301327602442290399e-01
6.909642029013118858e-02
-1.272845348103364138e-01
-1.301327602442290399e-01
6.909642029013118858e-02
-1.272845348103364138e-01
-1.301327602442290399e-01
6.909642029013118858e-02
-1.272845348103364138e-01
-1.301327602442290399e-01
4.496752675926529719e-03
1.648527242018804628e-03
-1.199698191864939645e-03
4.496752675926529719e-03
1.648527242018804628e-03
4.475992523209497698e-01
4.496752675926529719e-03
1.648527242018804628e-03
-1.199698191864939645e-03
4.496752675926529719e-03
1.648527242018804628e-03
-1.199698191864939645e-03
4.496752675926529719e-03
1.648527242018804628e-03
-1.199698191864939645e-03
-4.438953084892109935e-01
1.648527242018804628e-03
-1.199698191864939645e-03
4.496752675926529719e-03
1.648527242018804628e-03
-1.199698191864939645e-03
4.496752675926529719e-03
1.648527242018804628e-03
-1.199698191864939645e-03
4.496752675926529719e-03
1.648527242018804628e-03
-1.199698191864939645e-03
4.496752675926529719e-03
1.648527242018804628e-03
-1.199698191864939645e-03
4.496752675926529719e-03
1.648527242018804628e-03
-1.199698191864939645e-03
4.496752675926529719e-03
1.648527242018804628e-03
-1.199698191864939645e-03
-4.438953084892109935e-01
1.648527242018804628e-03
-1.199698191864939645e-03
4.496752675926529719e-03
1.648527242018804628e-03
-1.199698191864939645e-03
-4.438953084892109935e-01
-4.471504232708110038e-01
-4.495917593570042392e-01
-4.438953084892109935e-01
1.648527242018804628e-03
-1.199698191864939645e-03
4.496752675926529719e-03
1.648527242018804628e-03
-1.199698191864939645e-03
4.496752675926529719e-03
1.648527242018804628e-03
-1.199698191864939645e-03
4.496752675926529719e-03
1.648527242018804628e-03
4.475992523209497698e-01
4.532957031887563382e-01
4.504474777548486131e-01
4.475992523209497698e-01
4.496752675926529719e-03
1.648527242018804628e-03
-1.199698191864939645e-03
4.496752675926529719e-03
1.648527242018804628e-03
-1.199698191864939645e-03
4.496752675926529719e-03
1.648527242018804628e-03
-1.199698191864939645e-03
4.496752675926529719e-03
1.648527242018804628e-03
4.475992523209497698e-01
4.496752675926529719e-03
1.648527242018804628e-03
-1.199698191864939645e-03
4.496752675926529719e-03
1.648527242018804628e-03
-1.199698191864939645e-03
4.496752675926529719e-03
1.648527242018804628e-03
-1.199698191864939645e-03
4.496752675926529719e-03
1.648527242018804628e-03
-1.199698191864939645e-03
4.496752675926529719e-03
1.648527242018804628e-03
-1.199698191864939645e-03
4.496752675926529719e-03
4.504474777548486131e-01
4.475992523209497698e-01
4.496752675926529719e-03
1.648527242018804628e-03
4.475992523209497698e-01
4.496752675926529719e-03
1.648527242018804628e-03
-1.199698191864939645e-03
4.496752675926529719e-03
1.648527242018804628e-03
-1.199698191864939645e-03
4.496752675926529719e-03
1.648527242018804628e-03
-1.199698191864939645e-03
4.496752675926529719e-03
1.648527242018804628e-03
-1.199698191864939645e-03
4.496752675926529719e-03
1.648527242018804628e-03
-1.199698191864939645e-03
4.496752675926529719e-03
1.648527242018804628e-03
4.475992523209497698e-01
4.496752675926529719e-03
1.648527242018804628e-03
4.475992523209497698e-01
4.496752675926529719e-03
1.648527242018804628e-03
-1.199698191864939645e-03
4.496752675926529719e-03
1.648527242018804628e-03
-1.199698191864939645e-03
-8.792972761309636454e-02
-3.628565134056733754e-01
1.578940367587291504e-01
-8.792972761309636454e-02
-3.628565134056733754e-01
1.578940367587291504e-01
-8.792972761309636454e-02
-3.628565134056733754e-01
-3.652300346005805665e-01
-8.792972761309636454e-02
-3.628565134056733754e-01
1.578940367587291504e-01
-8.792972761309636454e-02
-3.628565134056733754e-01
-3.652300346005805665e-01
-8.792972761309636454e-02
-3.628565134056733754e-01
-3.652300346005805665e-01
-8.792972761309636454e-02
-3.628565134056733754e-01
1.578940367587291504e-01
-8.792972761309636454e-02
-3.628565134056733754e-01
1.578940367587291504e-01
-8.792972761309636454e-02
-3.628565134056733754e-01
1.578940367587291504e-01
-8.792972761309636454e-02
-3.628565134056733754e-01
1.578940367587291504e-01
-8.792972761309636454e-02
1.607422621926288819e-01
1.578940367587291504e-01
-8.792972761309636454e-02
1.607422621926288819e-01
1.578940367587291504e-01
-8.792972761309636454e-02
-3.628565134056733754e-01
-3.652300346005805665e-01
-5.712516743192210811e-01
-3.628565134056733754e-01
-3.652300346005805665e-01
-8.792972761309636454e-02
1.607422621926288819e-01
1.578940367587291504e-01
-8.792972761309636454e-02
-3.628565134056733754e-01
1.578940367587291504e-01
-8.792972761309636454e-02
-3.628565134056733754e-01
-3.652300346005805665e-01
-8.792972761309636454e-02
1.607422621926288819e-01
1.578940367587291504e-01
-8.792972761309636454e-02
1.607422621926288819e-01
1.578940367587291504e-01
-8.792972761309636454e-02
1.607422621926288819e-01
1.578940367587291504e-01
-8.792972761309636454e-02
1.607422621926288819e-01
1.578940367587291504e-01
-5.712516743192210811e-01
-3.628565134056733754e-01
-3.652300346005805665e-01
-8.792972761309636454e-02
-3.628565134056733754e-01
-3.652300346005805665e-01
-8.792972761309636454e-02
1.607422621926288819e-01
1.578940367587291504e-01
-8.792972761309636454e-02
-3.628565134056733754e-01
-3.652300346005805665e-01
-5.712516743192210811e-01
-3.628565134056733754e-01
-3.652300346005805665e-01
-8.792972761309636454e-02
-3.628565134056733754e-01
-3.652300346005805665e-01
-8.792972761309636454e-02
1.607422621926288819e-01
1.578940367587291504e-01
-8.792972761309636454e-02
1.607422621926288819e-01
1.578940367587291504e-01
-8.792972761309636454e-02
-3.628565134056733754e-01
1.578940367587291504e-01
-8.792972761309636454e-02
1.607422621926288819e-01
1.578940367587291504e-01
-8.792972761309636454e-02
1.607422621926288819e-01
1.578940367587291504e-01
-8.792972761309636454e-02
-3.628565134056733754e-01
1.578940367587291504e-01
-8.792972761309636454e-02
1.607422621926288819e-01
1.578940367587291504e-01
-8.792972761309636454e-02
-3.628565134056733754e-01
-3.652300346005805665e-01
-8.792972761309636454e-02
-3.628565134056733754e-01
-3.652300346005805665e-01
-8.792972761309636454e-02
-3.628565134056733754e-01
1.578940367587291504e-01
-5.712516743192210811e-01
-3.628565134056733754e-01
-3.652300346005805665e-01
-8.792972761309636454e-02
-3.628565134056733754e-01
1.578940367587291504e-01
-8.792972761309636454e-02
-3.628565134056733754e-01
-3.652300346005805665e-01
2.860641812841500098e-01
2.828599276710126453e-01
2.803677304163505468e-01
2.860641812841500098e-01
-1.094831258484689762e-01
-1.123313512823624905e-01
2.860641812841500098e-01
2.828599276710126453e-01
2.803677304163505468e-01
2.860641812841500098e-01
2.828599276710126453e-01
2.803677304163505468e-01
2.860641812841500098e-01
2.828599276710126453e-01
2.803677304163505468e-01
2.860641812841500098e-01
2.828599276710126453e-01
2.803677304163505468e-01
6.784072348036462863e-01
2.828599276710126453e-01
2.803677304163505468e-01
2.860641812841500098e-01
2.828599276710126453e-01
2.803677304163505468e-01
2.860641812841500098e-01
2.828599276710126453e-01
2.803677304163505468e-01
2.860641812841500098e-01
2.828599276710126453e-01
2.803677304163505468e-01
-1.066349004145763502e-01
-1.094831258484689762e-01
-1.123313512823624905e-01
2.860641812841500098e-01
2.828599276710126453e-01
2.803677304163505468e-01
2.860641812841500098e-01
-1.094831258484689762e-01
-1.123313512823624905e-01
2.860641812841500098e-01
2.828599276710126453e-01
2.803677304163505468e-01
6.784072348036462863e-01
2.828599276710126453e-01
2.803677304163505468e-01
2.860641812841500098e-01
2.828599276710126453e-01
2.803677304163505468e-01
2.860641812841500098e-01
2.828599276710126453e-01
2.803677304163505468e-01
2.860641812841500098e-01
2.828599276710126453e-01
-1.123313512823624905e-01
2.860641812841500098e-01
2.828599276710126453e-01
2.803677304163505468e-01
2.860641812841500098e-01
2.828599276710126453e-01
2.803677304163505468e-01
2.860641812841500098e-01
2.828599276710126453e-01
2.803677304163505468e-01
2.860641812841500098e-01
2.828599276710126453e-01
-1.123313512823624905e-01
2.860641812841500098e-01
2.828599276710126453e-01
2.803677304163505468e-01
6.784072348036462863e-01
2.828599276710126453e-01
2.803677304163505468e-01
2.860641812841500098e-01
2.828599276710126453e-01
2.803677304163505468e-01
2.860641812841500098e-01
2.828599276710126453e-01
2.803677304163505468e-01
2.860641812841500098e-01
2.828599276710126453e-01
2.803677304163505468e-01
2.860641812841500098e-01
2.828599276710126453e-01
-1.123313512823624905e-01
2.860641812841500098e-01
2.828599276710126453e-01
2.803677304163505468e-01
-1.066349004145763502e-01
-1.094831258484689762e-01
-1.123313512823624905e-01
2.860641812841500098e-01
-1.094831258484689762e-01
-1.123313512823624905e-01
-1.066349004145763502e-01
-1.094831258484689762e-01
-1.123313512823624905e-01
-1.066349004145763502e-01
-1.094831258484689762e-01
-1.123313512823624905e-01
2.860641812841500098e-01
2.828599276710126453e-01
2.803677304163505468e-01
2.860641812841500098e-01
2.828599276710126453e-01
2.803677304163505468e-01
-1.066349004145763502e-01
-1.094831258484689762e-01
-1.123313512823624905e-01
2.860641812841500098e-01
2.828599276710126453e-01
2.803677304163505468e-01
2.860641812841500098e-01
2.828599276710126453e-01
2.803677304163505468e-01
-1.066349004145763502e-01
-1.094831258484689762e-01
-1.123313512823624905e-01
-1.066349004145763502e-01
-1.094831258484689762e-01
-1.123313512823624905e-01
2.199299462700965435e-02
1.914476919312591008e-02
1.629654375921818499e-02
2.199299462700965435e-02
1.914476919312591008e-02
1.629654375921818499e-02
2.199299462700965435e-02
1.914476919312591008e-02
1.629654375921818499e-02
2.199299462700965435e-02
1.914476919312591008e-02
1.629654375921818499e-02
2.199299462700965435e-02
1.914476919312591008e-02
1.629654375921818499e-02
2.199299462700965435e-02
1.914476919312591008e-02
1.629654375921818499e-02
4.707919451398407951e-01
4.679437197059557185e-01
4.650954942720479934e-01
2.199299462700965435e-02
1.914476919312591008e-02
1.629654375921818499e-02
2.199299462700965435e-02
-4.292472919720120572e-01
-4.325024067536116235e-01
2.199299462700965435e-02
1.914476919312591008e-02
1.629654375921818499e-02
4.707919451398407951e-01
4.679437197059557185e-01
1.629654375921818499e-02
2.199299462700965435e-02
1.914476919312591008e-02
1.629654375921818499e-02
2.199299462700965435e-02
1.914476919312591008e-02
1.629654375921818499e-02
2.199299462700965435e-02
1.914476919312591008e-02
1.629654375921818499e-02
2.199299462700965435e-02
1.914476919312591008e-02
1.629654375921818499e-02
2.199299462700965435e-02
1.914476919312591008e-02
1.629654375921818499e-02
2.199299462700965435e-02
1.914476919312591008e-02
1.629654375921818499e-02
4.707919451398407951e-01
4.679437197059557185e-01
4.650954942720479934e-01
2.199299462700965435e-02
1.914476919312591008e-02
1.629654375921818499e-02
2.199299462700965435e-02
1.914476919312591008e-02
1.629654375921818499e-02
4.707919451398407951e-01
4.679437197059557185e-01
4.650954942720479934e-01
2.199299462700965435e-02
1.914476919312591008e-02
1.629654375921818499e-02
2.199299462700965435e-02
1.914476919312591008e-02
1.629654375921818499e-02
2.199299462700965435e-02
1.914476919312591008e-02
1.629654375921818499e-02
2.199299462700965435e-02
1.914476919312591008e-02
1.629654375921818499e-02
4.707919451398407951e-01
4.679437197059557185e-01
4.650954942720479934e-01
2.199299462700965435e-02
1.914476919312591008e-02
1.629654375921818499e-02
2.199299462700965435e-02
1.914476919312591008e-02
1.629654375921818499e-02
2.199299462700965435e-02
1.914476919312591008e-02
1.629654375921818499e-02
4.707919451398407951e-01
1.914476919312591008e-02
1.629654375921818499e-02
4.707919451398407951e-01
4.679437197059557185e-01
4.650954942720479934e-01
2.199299462700965435e-02
1.914476919312591008e-02
1.629654375921818499e-02
2.199299462700965435e-02
1.914476919312591008e-02
1.629654375921818499e-02
2.199299462700965435e-02
1.914476919312591008e-02
1.629654375921818499e-02
2.199299462700965435e-02
1.914476919312591008e-02
1.629654375921818499e-02
2.199299462700965435e-02
1.914476919312591008e-02
1.629654375921818499e-02
2.199299462700965435e-02
1.914476919312591008e-02
1.629654375921818499e-02
4.707919451398407951e-01
1.914476919312591008e-02
1.629654375921818499e-02
2.199299462700965435e-02
1.914476919312591008e-02
1.629654375921818499e-02
2.199299462700965435e-02
1.914476919312591008e-02
1.629654375921818499e-02
-1.094009654994096969e-01
-1.124682851974641018e-01
-3.884905423107531952e-01
3.739209812067150196e-01
-1.124682851974641018e-01
1.346335290485560776e-01
3.739209812067150196e-01
-1.124682851974641018e-01
1.346335290485560776e-01
-1.094009654994096969e-01
-1.124682851974641018e-01
1.346335290485560776e-01
-1.094009654994096969e-01
-1.124682851974641018e-01
1.346335290485560776e-01
-1.094009654994096969e-01
-1.124682851974641018e-01
1.346335290485560776e-01
-1.094009654994096969e-01
-1.124682851974641018e-01
1.346335290485560776e-01
-1.094009654994096969e-01
-1.124682851974641018e-01
1.346335290485560776e-01
3.739209812067150196e-01
-1.124682851974641018e-01
1.346335290485560776e-01
-5.922847236772503798e-01
-5.953520433752879093e-01
-3.884905423107531952e-01
-1.094009654994096969e-01
-5.953520433752879093e-01
-3.884905423107531952e-01
-1.094009654994096969e-01
-5.953520433752879093e-01
-3.884905423107531952e-01
-1.094009654994096969e-01
-1.124682851974641018e-01
1.346335290485560776e-01
3.739209812067150196e-01
-1.124682851974641018e-01
1.346335290485560776e-01
-1.094009654994096969e-01
-1.124682851974641018e-01
-3.884905423107531952e-01
3.739209812067150196e-01
3.708536615086601707e-01
1.346335290485560776e-01
3.739209812067150196e-01
-1.124682851974641018e-01
1.346335290485560776e-01
-1.094009654994096969e-01
-1.124682851974641018e-01
1.346335290485560776e-01
-1.094009654994096969e-01
-1.124682851974641018e-01
1.346335290485560776e-01
-1.094009654994096969e-01
-1.124682851974641018e-01
1.346335290485560776e-01
3.739209812067150196e-01
3.708536615086601707e-01
1.346335290485560776e-01
-1.094009654994096969e-01
-1.124682851974641018e-01
-3.884905423107531952e-01
3.739209812067150196e-01
-1.124682851974641018e-01
1.346335290485560776e-01
-1.094009654994096969e-01
-1.124682851974641018e-01
1.346335290485560776e-01
-1.094009654994096969e-01
-1.124682851974641018e-01
1.346335290485560776e-01
3.739209812067150196e-01
-1.124682851974641018e-01
1.346335290485560776e-01
-1.094009654994096969e-01
-1.124682851974641018e-01
-3.884905423107531952e-01
-1.094009654994096969e-01
-1.124682851974641018e-01
-3.884905423107531952e-01
-1.094009654994096969e-01
-1.124682851974641018e-01
1.346335290485560776e-01
-1.094009654994096969e-01
-1.124682851974641018e-01
1.346335290485560776e-01
-1.094009654994096969e-01
-1.124682851974641018e-01
1.346335290485560776e-01
-1.094009654994096969e-01
-1.124682851974641018e-01
-3.884905423107531952e-01
-1.094009654994096969e-01
-1.124682851974641018e-01
-3.884905423107531952e-01
3.739209812067150196e-01
-1.124682851974641018e-01
1.346335290485560776e-01
3.739209812067150196e-01
-1.124682851974641018e-01
1.346335290485560776e-01
-1.094009654994096969e-01
-1.124682851974641018e-01
1.346335290485560776e-01
-1.094009654994096969e-01
-1.124682851974641018e-01
-3.884905423107531952e-01
3.739209812067150196e-01
-1.124682851974641018e-01
1.346335290485560776e-01
-1.094009654994096969e-01
-1.124682851974641018e-01
1.346335290485560776e-01
-1.094009654994096969e-01
-1.124682851974641018e-01
1.346335290485560776e-01
