-1.164165980424565205e-01
2.734342582223687756e-01
2.705860327884708205e-01
-1.164165980424565205e-01
2.734342582223687756e-01
2.705860327884708205e-01
-1.164165980424565205e-01
2.734342582223687756e-01
2.705860327884708205e-01
-1.164165980424565205e-01
2.734342582223687756e-01
2.705860327884708205e-01
-1.164165980424565205e-01
-1.192648234763558079e-01
2.705860327884708205e-01
-1.164165980424565205e-01
2.734342582223687756e-01
2.705860327884708205e-01
2.762824836562671749e-01
2.734342582223687756e-01
2.705860327884708205e-01
-1.164165980424565205e-01
-1.192648234763558079e-01
2.705860327884708205e-01
-5.087596515619434712e-01
-1.192648234763558079e-01
-1.221130489102555394e-01
2.762824836562671749e-01
2.734342582223687756e-01
6.629290863079559948e-01
2.762824836562671749e-01
2.734342582223687756e-01
2.705860327884708205e-01
-1.164165980424565205e-01
-1.192648234763558079e-01
-1.221130489102555394e-01
-1.164165980424565205e-01
2.734342582223687756e-01
2.705860327884708205e-01
-1.164165980424565205e-01
-1.192648234763558079e-01
2.705860327884708205e-01
2.762824836562671749e-01
2.734342582223687756e-01
2.705860327884708205e-01
-1.164165980424565205e-01
2.734342582223687756e-01
2.705860327884708205e-01
-1.164165980424565205e-01
-1.192648234763558079e-01
2.705860327884708205e-01
-1.164165980424565205e-01
-1.192648234763558079e-01
2.705860327884708205e-01
-1.164165980424565205e-01
2.734342582223687756e-01
2.705860327884708205e-01
-1.164165980424565205e-01
2.734342582223687756e-01
2.705860327884708205e-01
2.762824836562671749e-01
2.734342582223687756e-01
2.705860327884708205e-01
2.762824836562671749e-01
2.734342582223687756e-01
2.705860327884708205e-01
-1.164165980424565205e-01
-1.192648234763558079e-01
2.705860327884708205e-01
-1.164165980424565205e-01
2.734342582223687756e-01
2.705860327884708205e-01
-1.164165980424565205e-01
-1.192648234763558079e-01
2.705860327884708205e-01
-1.164165980424565205e-01
-1.192648234763558079e-01
-1.221130489102555394e-01
-1.164165980424565205e-01
2.734342582223687756e-01
2.705860327884708205e-01
2.762824836562671749e-01
2.734342582223687756e-01
2.705860327884708205e-01
-1.164165980424565205e-01
-1.192648234763558079e-01
-1.221130489102555394e-01
-1.164165980424565205e-01
2.734342582223687756e-01
2.705860327884708205e-01
-1.164165980424565205e-01
2.734342582223687756e-01
2.705860327884708205e-01
-1.164165980424565205e-01
2.734342582223687756e-01
2.705860327884708205e-01
-1.164165980424565205e-01
2.734342582223687756e-01
2.705860327884708205e-01
-1.164165980424565205e-01
-1.192648234763558079e-01
-1.221130489102555394e-01
-1.164165980424565205e-01
2.734342582223687756e-01
2.705860327884708205e-01
2.762824836562671749e-01
2.734342582223687756e-01
2.705860327884708205e-01
-1.164165980424565205e-01
-1.192648234763558079e-01
-1.221130489102555394e-01
-1.164165980424565205e-01
-1.192648234763558079e-01
-1.221130489102555394e-01
2.762824836562671749e-01
2.734342582223687756e-01
2.705860327884708205e-01
-1.164165980424565205e-01
-1.192648234763558079e-01
-1.221130489102555394e-01
2.111293268558438463e-01
2.082811014219458912e-01
2.054328759880479360e-01
-3.124694487424544143e-01
-3.148429699373700430e-01
-3.176911953712684422e-01
2.111293268558438463e-01
2.082811014219458912e-01
2.054328759880479360e-01
2.111293268558438463e-01
2.082811014219458912e-01
2.054328759880479360e-01
2.111293268558438463e-01
2.082811014219458912e-01
2.054328759880479360e-01
2.111293268558438463e-01
2.082811014219458912e-01
2.054328759880479360e-01
2.111293268558438463e-01
2.082811014219458912e-01
2.054328759880479360e-01
-3.124694487424544143e-01
-3.148429699373700430e-01
-3.176911953712684422e-01
2.111293268558438463e-01
2.082811014219458912e-01
2.054328759880479360e-01
2.111293268558438463e-01
2.082811014219458912e-01
2.054328759880479360e-01
-3.124694487424544143e-01
-3.148429699373700430e-01
-3.176911953712684422e-01
2.111293268558438463e-01
2.082811014219458912e-01
2.054328759880479360e-01
2.111293268558438463e-01
2.082811014219458912e-01
2.054328759880479360e-01
2.111293268558438463e-01
2.082811014219458912e-01
2.054328759880479360e-01
2.111293268558438463e-01
2.082811014219458912e-01
2.054328759880479360e-01
-3.124694487424544143e-01
-3.148429699373700430e-01
-3.176911953712684422e-01
2.111293268558438463e-01
2.082811014219458912e-01
2.054328759880479360e-01
-3.124694487424544143e-01
-3.148429699373700430e-01
2.054328759880479360e-01
2.111293268558438463e-01
2.082811014219458912e-01
2.054328759880479360e-01
2.111293268558438463e-01
2.082811014219458912e-01
2.054328759880479360e-01
2.111293268558438463e-01
2.082811014219458912e-01
2.054328759880479360e-01
7.347281024541434391e-01
7.318798770202428194e-01
7.290316515863475288e-01
2.111293268558438463e-01
2.082811014219458912e-01
2.054328759880479360e-01
2.111293268558438463e-01
2.082811014219458912e-01
2.054328759880479360e-01
2.111293268558438463e-01
2.082811014219458912e-01
2.054328759880479360e-01
2.111293268558438463e-01
2.082811014219458912e-01
2.054328759880479360e-01
-3.124694487424544143e-01
-3.148429699373700430e-01
-3.176911953712684422e-01
2.111293268558438463e-01
2.082811014219458912e-01
2.054328759880479360e-01
2.111293268558438463e-01
2.082811014219458912e-01
2.054328759880479360e-01
2.111293268558438463e-01
2.082811014219458912e-01
2.054328759880479360e-01
2.111293268558438463e-01
2.082811014219458912e-01
2.054328759880479360e-01
-3.124694487424544143e-01
-3.148429699373700430e-01
-3.176911953712684422e-01
2.111293268558438463e-01
2.082811014219458912e-01
2.054328759880479360e-01
2.111293268558438463e-01
2.082811014219458912e-01
2.054328759880479360e-01
2.111293268558438463e-01
2.082811014219458912e-01
2.054328759880479360e-01
2.111293268558438463e-01
2.082811014219458912e-01
2.054328759880479360e-01
2.111293268558438463e-01
2.082811014219458912e-01
2.054328759880479360e-01
-3.124694487424544143e-01
-3.148429699373700430e-01
-3.176911953712684422e-01
2.111293268558438463e-01
2.082811014219458912e-01
2.054328759880479360e-01
2.111293268558438463e-01
2.082811014219458912e-01
2.054328759880479360e-01
1.580573929375392872e-01
1.553990491992354173e-01
1.523609420697438210e-01
1.580573929375392872e-01
1.553990491992354173e-01
1.523609420697438210e-01
-2.604418641499117726e-01
-2.634799712794024806e-01
1.523609420697438210e-01
-2.604418641499117726e-01
1.553990491992354173e-01
1.523609420697438210e-01
-2.604418641499117726e-01
1.553990491992354173e-01
1.523609420697438210e-01
-2.604418641499117726e-01
-2.634799712794024806e-01
1.523609420697438210e-01
1.580573929375392872e-01
1.553990491992354173e-01
1.523609420697438210e-01
1.580573929375392872e-01
1.553990491992354173e-01
1.523609420697438210e-01
-2.604418641499117726e-01
-2.634799712794024806e-01
1.523609420697438210e-01
1.580573929375392872e-01
1.553990491992354173e-01
1.523609420697438210e-01
-2.604418641499117726e-01
-2.634799712794024806e-01
1.523609420697438210e-01
1.580573929375392872e-01
1.553990491992354173e-01
1.523609420697438210e-01
-2.604418641499117726e-01
1.553990491992354173e-01
1.523609420697438210e-01
-2.604418641499117726e-01
1.553990491992354173e-01
1.523609420697438210e-01
1.580573929375392872e-01
1.553990491992354173e-01
1.523609420697438210e-01
1.580573929375392872e-01
1.553990491992354173e-01
1.523609420697438210e-01
-2.604418641499117726e-01
-2.634799712794024806e-01
-2.661383150177072388e-01
-2.604418641499117726e-01
1.553990491992354173e-01
1.523609420697438210e-01
1.580573929375392872e-01
1.553990491992354173e-01
1.523609420697438210e-01
-2.604418641499117726e-01
-2.634799712794024806e-01
-2.661383150177072388e-01
-2.604418641499117726e-01
1.553990491992354173e-01
1.523609420697438210e-01
1.580573929375392872e-01
1.553990491992354173e-01
1.523609420697438210e-01
-2.604418641499117726e-01
-2.634799712794024806e-01
-2.661383150177072388e-01
1.580573929375392872e-01
1.553990491992354173e-01
1.523609420697438210e-01
-2.604418641499117726e-01
-2.634799712794024806e-01
-2.661383150177072388e-01
-2.604418641499117726e-01
-2.634799712794024806e-01
1.523609420697438210e-01
-2.604418641499117726e-01
-2.634799712794024806e-01
-2.661383150177072388e-01
-2.604418641499117726e-01
1.553990491992354173e-01
1.523609420697438210e-01
-2.604418641499117726e-01
1.553990491992354173e-01
1.523609420697438210e-01
1.580573929375392872e-01
1.553990491992354173e-01
1.523609420697438210e-01
1.580573929375392872e-01
1.553990491992354173e-01
1.523609420697438210e-01
-2.604418641499117726e-01
1.553990491992354173e-01
1.523609420697438210e-01
1.580573929375392872e-01
1.553990491992354173e-01
1.523609420697438210e-01
-2.604418641499117726e-01
1.553990491992354173e-01
1.523609420697438210e-01
-2.604418641499117726e-01
-2.634799712794024806e-01
-2.661383150177072388e-01
-2.604418641499117726e-01
-2.634799712794024806e-01
1.523609420697438210e-01
-2.604418641499117726e-01
-2.634799712794024806e-01
-2.661383150177072388e-01
-2.604418641499117726e-01
1.553990491992354173e-01
1.523609420697438210e-01
-2.604418641499117726e-01
-2.634799712794024806e-01
1.523609420697438210e-01
1.580573929375392872e-01
1.553990491992354173e-01
1.523609420697438210e-01
-2.678472502780482323e-01
-9.867073856172581259e-03
-2.735437011458454748e-01
-2.678472502780482323e-01
-9.867073856172581259e-03
-2.735437011458454748e-01
-2.678472502780482323e-01
-5.805478789754241475e-01
-2.735437011458454748e-01
-2.678472502780482323e-01
-9.867073856172581259e-03
-2.735437011458454748e-01
2.557515253202500283e-01
-9.867073856172581259e-03
2.500550744524536739e-01
2.557515253202500283e-01
-9.867073856172581259e-03
2.500550744524536739e-01
-2.678472502780482323e-01
-9.867073856172581259e-03
-2.735437011458454748e-01
2.557515253202500283e-01
-9.867073856172581259e-03
2.500550744524536739e-01
-2.678472502780482323e-01
-9.867073856172581259e-03
-2.735437011458454748e-01
-2.678472502780482323e-01
-9.867073856172581259e-03
2.500550744524536739e-01
-2.678472502780482323e-01
-9.867073856172581259e-03
-2.735437011458454748e-01
-2.678472502780482323e-01
-9.867073856172581259e-03
-2.735437011458454748e-01
2.557515253202500283e-01
-9.867073856172581259e-03
2.500550744524536739e-01
2.557515253202500283e-01
-9.867073856172581259e-03
2.500550744524536739e-01
2.557515253202500283e-01
5.608137312630816496e-01
2.500550744524536739e-01
2.557515253202500283e-01
5.608137312630816496e-01
2.500550744524536739e-01
2.557515253202500283e-01
-9.867073856172581259e-03
2.500550744524536739e-01
-2.678472502780482323e-01
-9.867073856172581259e-03
-2.735437011458454748e-01
-2.678472502780482323e-01
-9.867073856172581259e-03
-2.735437011458454748e-01
2.557515253202500283e-01
5.608137312630816496e-01
2.500550744524536739e-01
-2.678472502780482323e-01
-9.867073856172581259e-03
-2.735437011458454748e-01
2.557515253202500283e-01
-9.867073856172581259e-03
2.500550744524536739e-01
-2.678472502780482323e-01
-9.867073856172581259e-03
-2.735437011458454748e-01
2.557515253202500283e-01
5.608137312630816496e-01
2.500550744524536739e-01
2.557515253202500283e-01
-9.867073856172581259e-03
2.500550744524536739e-01
2.557515253202500283e-01
-9.867073856172581259e-03
2.500550744524536739e-01
2.557515253202500283e-01
-9.867073856172581259e-03
2.500550744524536739e-01
-2.678472502780482323e-01
-9.867073856172581259e-03
-2.735437011458454748e-01
2.557515253202500283e-01
5.608137312630816496e-01
2.500550744524536739e-01
2.557515253202500283e-01
5.608137312630816496e-01
2.500550744524536739e-01
2.557515253202500283e-01
5.608137312630816496e-01
2.500550744524536739e-01
-2.678472502780482323e-01
-9.867073856172581259e-03
-2.735437011458454748e-01
2.557515253202500283e-01
-9.867073856172581259e-03
2.500550744524536739e-01
2.557515253202500283e-01
-9.867073856172581259e-03
2.500550744524536739e-01
-2.678472502780482323e-01
-9.867073856172581259e-03
-2.735437011458454748e-01
-2.678472502780482323e-01
-9.867073856172581259e-03
-2.735437011458454748e-01
2.557515253202500283e-01
-9.867073856172581259e-03
2.500550744524536739e-01
2.557515253202500283e-01
-9.867073856172581259e-03
2.500550744524536739e-01
-2.678472502780482323e-01
-9.867073856172581259e-03
-2.735437011458454748e-01
-2.678472502780482323e-01
-9.867073856172581259e-03
-2.735437011458454748e-01
-1.417219855513218718e-01
-1.447893052493665067e-01
-3.611605406838576116e-01
-1.417219855513218718e-01
-1.447893052493665067e-01
-3.611605406838576116e-01
3.411617726265081529e-01
3.385326414567559894e-01
8.723152048126836533e-02
-1.417219855513218718e-01
-1.447893052493665067e-01
-3.611605406838576116e-01
8.244837193326297609e-01
8.214163996345842378e-01
5.360304709940946211e-01
-1.417219855513218718e-01
3.385326414567559894e-01
8.723152048126836533e-02
3.411617726265081529e-01
3.385326414567559894e-01
8.723152048126836533e-02
3.411617726265081529e-01
3.385326414567559894e-01
8.723152048126836533e-02
3.411617726265081529e-01
3.385326414567559894e-01
8.723152048126836533e-02
-1.417219855513218718e-01
-1.447893052493665067e-01
-3.611605406838576116e-01
3.411617726265081529e-01
3.385326414567559894e-01
8.723152048126836533e-02
-1.417219855513218718e-01
3.385326414567559894e-01
8.723152048126836533e-02
-1.417219855513218718e-01
-1.447893052493665067e-01
8.723152048126836533e-02
-1.417219855513218718e-01
-1.447893052493665067e-01
-3.611605406838576116e-01
3.411617726265081529e-01
3.385326414567559894e-01
8.723152048126836533e-02
3.411617726265081529e-01
3.385326414567559894e-01
8.723152048126836533e-02
3.411617726265081529e-01
3.385326414567559894e-01
8.723152048126836533e-02
3.411617726265081529e-01
3.385326414567559894e-01
8.723152048126836533e-02
-1.417219855513218718e-01
-1.447893052493665067e-01
8.723152048126836533e-02
-1.417219855513218718e-01
-1.447893052493665067e-01
-3.611605406838576116e-01
-1.417219855513218718e-01
3.385326414567559894e-01
8.723152048126836533e-02
-1.417219855513218718e-01
3.385326414567559894e-01
8.723152048126836533e-02
3.411617726265081529e-01
3.385326414567559894e-01
8.723152048126836533e-02
-1.417219855513218718e-01
3.385326414567559894e-01
8.723152048126836533e-02
-1.417219855513218718e-01
-1.447893052493665067e-01
-3.611605406838576116e-01
-1.417219855513218718e-01
-1.447893052493665067e-01
-3.611605406838576116e-01
-1.417219855513218718e-01
-1.447893052493665067e-01
8.723152048126836533e-02
-1.417219855513218718e-01
-1.447893052493665067e-01
-3.611605406838576116e-01
3.411617726265081529e-01
3.385326414567559894e-01
8.723152048126836533e-02
-1.417219855513218718e-01
-1.447893052493665067e-01
-3.611605406838576116e-01
3.411617726265081529e-01
3.385326414567559894e-01
5.360304709940946211e-01
-1.417219855513218718e-01
-1.447893052493665067e-01
-3.611605406838576116e-01
-1.417219855513218718e-01
-1.447893052493665067e-01
-3.611605406838576116e-01
3.411617726265081529e-01
3.385326414567559894e-01
8.723152048126836533e-02
-1.417219855513218718e-01
-1.447893052493665067e-01
8.723152048126836533e-02
-1.417219855513218718e-01
-1.447893052493665067e-01
8.723152048126836533e-02
-1.417219855513218718e-01
-1.447893052493665067e-01
8.723152048126836533e-02
3.411617726265081529e-01
3.385326414567559894e-01
8.723152048126836533e-02
-1.417219855513218718e-01
3.385326414567559894e-01
8.723152048126836533e-02
-1.417219855513218718e-01
-1.447893052493665067e-01
8.723152048126836533e-02
2.199588257009295056e-01
8.294987027517741751e-03
5.446761593620674802e-03
-1.989201947777101687e-01
8.294987027517741751e-03
5.446761593620674802e-03
-1.989201947777101687e-01
8.294987027517741751e-03
5.446761593620674802e-03
2.199588257009295056e-01
8.294987027517741751e-03
5.446761593620674802e-03
2.199588257009295056e-01
8.294987027517741751e-03
5.446761593620674802e-03
2.199588257009295056e-01
8.294987027517741751e-03
4.538388227587466517e-01
2.199588257009295056e-01
8.294987027517741751e-03
5.446761593620674802e-03
2.199588257009295056e-01
8.294987027517741751e-03
5.446761593620674802e-03
-1.989201947777101687e-01
-4.405039634853107344e-01
-4.433521889192095777e-01
-1.989201947777101687e-01
8.294987027517741751e-03
5.446761593620674802e-03
2.199588257009295056e-01
8.294987027517741751e-03
5.446761593620674802e-03
2.199588257009295056e-01
8.294987027517741751e-03
5.446761593620674802e-03
2.199588257009295056e-01
8.294987027517741751e-03
5.446761593620674802e-03
2.199588257009295056e-01
8.294987027517741751e-03
4.538388227587466517e-01
-1.989201947777101687e-01
8.294987027517741751e-03
5.446761593620674802e-03
2.199588257009295056e-01
8.294987027517741751e-03
5.446761593620674802e-03
2.199588257009295056e-01
8.294987027517741751e-03
4.538388227587466517e-01
2.199588257009295056e-01
8.294987027517741751e-03
5.446761593620674802e-03
-1.989201947777101687e-01
8.294987027517741751e-03
5.446761593620674802e-03
2.199588257009295056e-01
8.294987027517741751e-03
4.538388227587466517e-01
2.199588257009295056e-01
8.294987027517741751e-03
4.538388227587466517e-01
2.199588257009295056e-01
8.294987027517741751e-03
5.446761593620674802e-03
2.199588257009295056e-01
8.294987027517741751e-03
5.446761593620674802e-03
-1.989201947777101687e-01
8.294987027517741751e-03
5.446761593620674802e-03
2.199588257009295056e-01
8.294987027517741751e-03
5.446761593620674802e-03
2.199588257009295056e-01
8.294987027517741751e-03
5.446761593620674802e-03
2.199588257009295056e-01
8.294987027517741751e-03
5.446761593620674802e-03
-1.989201947777101687e-01
-4.405039634853107344e-01
5.446761593620674802e-03
2.199588257009295056e-01
4.566870481926459391e-01
4.538388227587466517e-01
2.199588257009295056e-01
8.294987027517741751e-03
5.446761593620674802e-03
2.199588257009295056e-01
8.294987027517741751e-03
5.446761593620674802e-03
2.199588257009295056e-01
8.294987027517741751e-03
5.446761593620674802e-03
2.199588257009295056e-01
8.294987027517741751e-03
4.538388227587466517e-01
-1.989201947777101687e-01
8.294987027517741751e-03
5.446761593620674802e-03
2.199588257009295056e-01
8.294987027517741751e-03
5.446761593620674802e-03
-1.989201947777101687e-01
8.294987027517741751e-03
5.446761593620674802e-03
2.199588257009295056e-01
8.294987027517741751e-03
5.446761593620674802e-03
2.199588257009295056e-01
8.294987027517741751e-03
5.446761593620674802e-03
2.199588257009295056e-01
8.294987027517741751e-03
4.538388227587466517e-01
2.199588257009295056e-01
8.294987027517741751e-03
5.446761593620674802e-03
1.664121875436421760e-01
1.637538438053365297e-01
1.607157366758444894e-01
1.664121875436421760e-01
1.637538438053365297e-01
1.607157366758444894e-01
1.664121875436421760e-01
1.637538438053365297e-01
1.607157366758444894e-01
1.664121875436421760e-01
1.637538438053365297e-01
1.607157366758444894e-01
1.664121875436421760e-01
1.637538438053365297e-01
1.607157366758444894e-01
1.664121875436421760e-01
1.637538438053365297e-01
1.607157366758444894e-01
1.664121875436421760e-01
1.637538438053365297e-01
1.607157366758444894e-01
-2.520870695438111042e-01
-2.551251766733031445e-01
-2.577835204116065704e-01
1.664121875436421760e-01
1.637538438053365297e-01
1.607157366758444894e-01
1.664121875436421760e-01
1.637538438053365297e-01
1.607157366758444894e-01
1.664121875436421760e-01
1.637538438053365297e-01
5.795947571544863841e-01
-2.520870695438111042e-01
-2.551251766733031445e-01
-2.577835204116065704e-01
1.664121875436421760e-01
1.637538438053365297e-01
1.607157366758444894e-01
1.664121875436421760e-01
1.637538438053365297e-01
1.607157366758444894e-01
-2.520870695438111042e-01
-2.551251766733031445e-01
-2.577835204116065704e-01
1.664121875436421760e-01
1.637538438053365297e-01
1.607157366758444894e-01
1.664121875436421760e-01
1.637538438053365297e-01
1.607157366758444894e-01
1.664121875436421760e-01
1.637538438053365297e-01
1.607157366758444894e-01
-2.520870695438111042e-01
-2.551251766733031445e-01
-2.577835204116065704e-01
1.664121875436421760e-01
1.637538438053365297e-01
1.607157366758444894e-01
1.664121875436421760e-01
1.637538438053365297e-01
1.607157366758444894e-01
1.664121875436421760e-01
1.637538438053365297e-01
1.607157366758444894e-01
1.664121875436421760e-01
1.637538438053365297e-01
1.607157366758444894e-01
1.664121875436421760e-01
1.637538438053365297e-01
1.607157366758444894e-01
1.664121875436421760e-01
1.637538438053365297e-01
1.607157366758444894e-01
-2.520870695438111042e-01
-2.551251766733031445e-01
-2.577835204116065704e-01
1.664121875436421760e-01
1.637538438053365297e-01
1.607157366758444894e-01
-2.520870695438111042e-01
-2.551251766733031445e-01
-2.577835204116065704e-01
1.664121875436421760e-01
1.637538438053365297e-01
1.607157366758444894e-01
1.664121875436421760e-01
1.637538438053365297e-01
1.607157366758444894e-01
-2.520870695438111042e-01
-2.551251766733031445e-01
-2.577835204116065704e-01
1.664121875436421760e-01
1.637538438053365297e-01
1.607157366758444894e-01
-2.520870695438111042e-01
-2.551251766733031445e-01
-2.577835204116065704e-01
-2.520870695438111042e-01
-2.551251766733031445e-01
-2.577835204116065704e-01
-2.520870695438111042e-01
-2.551251766733031445e-01
-2.577835204116065704e-01
1.664121875436421760e-01
1.637538438053365297e-01
1.607157366758444894e-01
1.664121875436421760e-01
1.637538438053365297e-01
1.607157366758444894e-01
1.664121875436421760e-01
1.637538438053365297e-01
1.607157366758444894e-01
-2.520870695438111042e-01
-2.551251766733031445e-01
-2.577835204116065704e-01
1.664121875436421760e-01
1.637538438053365297e-01
1.607157366758444894e-01
6.770083179168207010e-02
6.485260635778500315e-02
-1.750243137015168315e-01
6.770083179168207010e-02
6.485260635778500315e-02
-1.750243137015168315e-01
6.770083179168207010e-02
-3.839463441550434730e-01
-1.750243137015168315e-01
6.770083179168207010e-02
-3.839463441550434730e-01
-1.750243137015168315e-01
6.770083179168207010e-02
6.485260635778500315e-02
3.082976330046034441e-01
6.770083179168207010e-02
6.485260635778500315e-02
-1.750243137015168315e-01
6.770083179168207010e-02
-3.839463441550434730e-01
-1.750243137015168315e-01
5.160928929568102674e-01
6.485260635778500315e-02
3.082976330046034441e-01
-3.810981187211459620e-01
-3.839463441550434730e-01
-6.579080718793450799e-01
6.770083179168207010e-02
6.485260635778500315e-02
-1.750243137015168315e-01
-3.810981187211459620e-01
-3.839463441550434730e-01
-6.579080718793450799e-01
6.770083179168207010e-02
6.485260635778500315e-02
-1.750243137015168315e-01
6.770083179168207010e-02
-3.839463441550434730e-01
-1.750243137015168315e-01
6.770083179168207010e-02
-3.839463441550434730e-01
-1.750243137015168315e-01
6.770083179168207010e-02
-3.839463441550434730e-01
-1.750243137015168315e-01
6.770083179168207010e-02
6.485260635778500315e-02
3.082976330046034441e-01
6.770083179168207010e-02
6.485260635778500315e-02
-1.750243137015168315e-01
6.770083179168207010e-02
6.485260635778500315e-02
-1.750243137015168315e-01
6.770083179168207010e-02
6.485260635778500315e-02
-1.750243137015168315e-01
6.770083179168207010e-02
6.485260635778500315e-02
-1.750243137015168315e-01
6.770083179168207010e-02
6.485260635778500315e-02
-1.750243137015168315e-01
6.770083179168207010e-02
6.485260635778500315e-02
-1.750243137015168315e-01
6.770083179168207010e-02
-3.839463441550434730e-01
-1.750243137015168315e-01
6.770083179168207010e-02
6.485260635778500315e-02
-1.750243137015168315e-01
5.160928929568102674e-01
6.485260635778500315e-02
3.082976330046034441e-01
5.160928929568102674e-01
5.132446675229109800e-01
3.082976330046034441e-01
6.770083179168207010e-02
-3.839463441550434730e-01
-1.750243137015168315e-01
6.770083179168207010e-02
6.485260635778500315e-02
3.082976330046034441e-01
6.770083179168207010e-02
6.485260635778500315e-02
-1.750243137015168315e-01
6.770083179168207010e-02
6.485260635778500315e-02
-1.750243137015168315e-01
6.770083179168207010e-02
-3.839463441550434730e-01
-1.750243137015168315e-01
6.770083179168207010e-02
6.485260635778500315e-02
-1.750243137015168315e-01
6.770083179168207010e-02
6.485260635778500315e-02
-1.750243137015168315e-01
6.770083179168207010e-02
6.485260635778500315e-02
-1.750243137015168315e-01
6.770083179168207010e-02
-3.839463441550434730e-01
-1.750243137015168315e-01
5.160928929568102674e-01
5.132446675229109800e-01
3.082976330046034441e-01
6.770083179168207010e-02
6.485260635778500315e-02
-1.750243137015168315e-01
6.770083179168207010e-02
-3.839463441550434730e-01
-1.750243137015168315e-01
6.770083179168207010e-02
6.485260635778500315e-02
-1.750243137015168315e-01
6.770083179168207010e-02
-3.839463441550434730e-01
-1.750243137015168315e-01
-1.429050945777090575e-01
-7.735022056427891535e-01
-7.763504310766875527e-01
-1.429050945777090575e-01
-1.457533200116101213e-01
-7.763504310766875527e-01
-1.429050945777090575e-01
-1.457533200116101213e-01
-1.486015454455080764e-01
-7.706539802088885338e-01
-7.735022056427891535e-01
-7.763504310766875527e-01
-1.429050945777090575e-01
-1.457533200116101213e-01
-1.486015454455080764e-01
-1.429050945777090575e-01
-7.735022056427891535e-01
-7.763504310766875527e-01
-1.429050945777090575e-01
-1.457533200116101213e-01
-1.486015454455080764e-01
-1.429050945777090575e-01
-1.457533200116101213e-01
-1.486015454455080764e-01
-1.429050945777090575e-01
-1.457533200116101213e-01
-1.486015454455080764e-01
-1.429050945777090575e-01
-1.457533200116101213e-01
-1.486015454455080764e-01
-1.429050945777090575e-01
-1.457533200116101213e-01
-1.486015454455080764e-01
-1.429050945777090575e-01
-1.457533200116101213e-01
-7.763504310766875527e-01
-1.429050945777090575e-01
-1.457533200116101213e-01
-7.763504310766875527e-01
4.854134361402491216e-01
4.825652107063489460e-01
-1.486015454455080764e-01
-1.429050945777090575e-01
-7.735022056427891535e-01
-7.763504310766875527e-01
4.854134361402491216e-01
-1.457533200116101213e-01
-1.486015454455080764e-01
-1.429050945777090575e-01
-1.457533200116101213e-01
-1.486015454455080764e-01
-7.706539802088885338e-01
-7.735022056427891535e-01
-7.763504310766875527e-01
-1.429050945777090575e-01
-7.735022056427891535e-01
-7.763504310766875527e-01
4.854134361402491216e-01
-1.457533200116101213e-01
-1.486015454455080764e-01
-1.429050945777090575e-01
-1.457533200116101213e-01
-1.486015454455080764e-01
-1.429050945777090575e-01
-7.735022056427891535e-01
-7.763504310766875527e-01
-1.429050945777090575e-01
-1.457533200116101213e-01
-1.486015454455080764e-01
-1.429050945777090575e-01
-1.457533200116101213e-01
-1.486015454455080764e-01
-1.429050945777090575e-01
-1.457533200116101213e-01
-1.486015454455080764e-01
-1.429050945777090575e-01
-1.457533200116101213e-01
-1.486015454455080764e-01
-1.429050945777090575e-01
-1.457533200116101213e-01
-1.486015454455080764e-01
-1.429050945777090575e-01
-1.457533200116101213e-01
-1.486015454455080764e-01
-7.706539802088885338e-01
-7.735022056427891535e-01
-7.763504310766875527e-01
-1.429050945777090575e-01
-1.457533200116101213e-01
-7.763504310766875527e-01
-1.429050945777090575e-01
-1.457533200116101213e-01
-1.486015454455080764e-01
-1.429050945777090575e-01
-1.457533200116101213e-01
-1.486015454455080764e-01
-7.706539802088885338e-01
-7.735022056427891535e-01
-7.763504310766875527e-01
-1.429050945777090575e-01
-1.457533200116101213e-01
-1.486015454455080764e-01
-1.429050945777090575e-01
-1.457533200116101213e-01
-1.486015454455080764e-01
-1.429050945777090575e-01
-1.457533200116101213e-01
-1.486015454455080764e-01
-1.429050945777090575e-01
-1.457533200116101213e-01
-1.486015454455080764e-01
-1.429050945777090575e-01
-1.457533200116101213e-01
-1.486015454455080764e-01
-7.706539802088885338e-01
-7.735022056427891535e-01
-7.763504310766875527e-01
-1.429050945777090575e-01
-1.457533200116101213e-01
-1.486015454455080764e-01
-4.618430492757847894e-01
-4.643748052170288965e-01
-1.064478090238125674e-01
-4.618430492757847894e-01
2.331239565953926451e-01
-1.064478090238125674e-01
-4.618430492757847894e-01
-4.643748052170288965e-01
-1.064478090238125674e-01
-4.618430492757847894e-01
2.331239565953926451e-01
-1.064478090238125674e-01
-4.618430492757847894e-01
-4.643748052170288965e-01
-1.064478090238125674e-01
2.362886515219462247e-01
2.331239565953926451e-01
-1.064478090238125674e-01
-4.618430492757847894e-01
2.331239565953926451e-01
-1.064478090238125674e-01
-4.618430492757847894e-01
-4.643748052170288965e-01
-1.064478090238125674e-01
-4.618430492757847894e-01
-4.643748052170288965e-01
-1.064478090238125674e-01
-4.618430492757847894e-01
2.331239565953926451e-01
-1.064478090238125674e-01
-4.618430492757847894e-01
2.331239565953926451e-01
-1.064478090238125674e-01
2.362886515219462247e-01
2.331239565953926451e-01
5.213010766073669089e-01
-4.618430492757847894e-01
2.331239565953926451e-01
-1.064478090238125674e-01
-4.618430492757847894e-01
2.331239565953926451e-01
-1.064478090238125674e-01
-4.618430492757847894e-01
2.331239565953926451e-01
-1.064478090238125674e-01
-4.618430492757847894e-01
-4.643748052170288965e-01
-1.064478090238125674e-01
-4.618430492757847894e-01
-4.643748052170288965e-01
-1.064478090238125674e-01
-4.618430492757847894e-01
2.331239565953926451e-01
-1.064478090238125674e-01
-4.618430492757847894e-01
-4.643748052170288965e-01
-1.064478090238125674e-01
-4.618430492757847894e-01
2.331239565953926451e-01
-1.064478090238125674e-01
-4.618430492757847894e-01
-4.643748052170288965e-01
-1.064478090238125674e-01
-4.618430492757847894e-01
-4.643748052170288965e-01
-1.064478090238125674e-01
-4.618430492757847894e-01
-4.643748052170288965e-01
-1.064478090238125674e-01
-4.618430492757847894e-01
-4.643748052170288965e-01
-1.064478090238125674e-01
-4.618430492757847894e-01
2.331239565953926451e-01
-1.064478090238125674e-01
-4.618430492757847894e-01
2.331239565953926451e-01
-1.064478090238125674e-01
-4.618430492757847894e-01
-4.643748052170288965e-01
-1.064478090238125674e-01
-4.618430492757847894e-01
2.331239565953926451e-01
-1.064478090238125674e-01
-4.618430492757847894e-01
-4.643748052170288965e-01
-1.064478090238125674e-01
2.362886515219462247e-01
2.331239565953926451e-01
5.213010766073669089e-01
-4.618430492757847894e-01
2.331239565953926451e-01
-1.064478090238125674e-01
-4.618430492757847894e-01
2.331239565953926451e-01
-1.064478090238125674e-01
-4.618430492757847894e-01
2.331239565953926451e-01
-1.064478090238125674e-01
-4.618430492757847894e-01
-4.643748052170288965e-01
-1.064478090238125674e-01
-4.618430492757847894e-01
2.331239565953926451e-01
-1.064478090238125674e-01
-4.618430492757847894e-01
-4.643748052170288965e-01
-1.064478090238125674e-01
-4.618430492757847894e-01
2.331239565953926451e-01
-1.064478090238125674e-01
-4.618430492757847894e-01
2.331239565953926451e-01
-1.064478090238125674e-01
-4.618430492757847894e-01
-4.643748052170288965e-01
-1.064478090238125674e-01
-4.618430492757847894e-01
2.331239565953926451e-01
-1.064478090238125674e-01
-1.879070564333029658e-01
-4.588509740724995289e-01
-1.936035073011006524e-01
-1.879070564333029658e-01
-4.588509740724995289e-01
-1.936035073011006524e-01
4.404114742846561015e-01
1.123476902165543301e-01
4.341453783300788238e-01
4.404114742846561015e-01
1.123476902165543301e-01
-1.936035073011006524e-01
-1.879070564333029658e-01
-4.588509740724995289e-01
-8.219220380190574993e-01
-1.879070564333029658e-01
-4.588509740724995289e-01
-8.219220380190574993e-01
-1.879070564333029658e-01
-4.588509740724995289e-01
-8.219220380190574993e-01
-1.879070564333029658e-01
-4.588509740724995289e-01
-8.219220380190574993e-01
-1.879070564333029658e-01
-4.588509740724995289e-01
-8.219220380190574993e-01
-1.879070564333029658e-01
1.123476902165543301e-01
-1.936035073011006524e-01
-1.879070564333029658e-01
1.123476902165543301e-01
-1.936035073011006524e-01
-1.879070564333029658e-01
1.123476902165543301e-01
-1.936035073011006524e-01
-1.879070564333029658e-01
-4.588509740724995289e-01
-1.936035073011006524e-01
4.404114742846561015e-01
1.123476902165543301e-01
-1.936035073011006524e-01
-1.879070564333029658e-01
1.123476902165543301e-01
-1.936035073011006524e-01
-1.879070564333029658e-01
-4.588509740724995289e-01
-8.219220380190574993e-01
-1.879070564333029658e-01
1.123476902165543301e-01
-1.936035073011006524e-01
-1.879070564333029658e-01
-4.588509740724995289e-01
-8.219220380190574993e-01
-1.879070564333029658e-01
1.123476902165543301e-01
-1.936035073011006524e-01
-1.879070564333029658e-01
1.123476902165543301e-01
-1.936035073011006524e-01
-1.879070564333029658e-01
-4.588509740724995289e-01
-8.219220380190574993e-01
-1.879070564333029658e-01
1.123476902165543301e-01
-1.936035073011006524e-01
-1.879070564333029658e-01
1.123476902165543301e-01
-1.936035073011006524e-01
4.404114742846561015e-01
1.123476902165543301e-01
-1.936035073011006524e-01
4.404114742846561015e-01
1.123476902165543301e-01
-1.936035073011006524e-01
4.404114742846561015e-01
1.123476902165543301e-01
-1.936035073011006524e-01
-1.879070564333029658e-01
-4.588509740724995289e-01
-1.936035073011006524e-01
-1.879070564333029658e-01
-4.588509740724995289e-01
-8.219220380190574993e-01
-1.879070564333029658e-01
-4.588509740724995289e-01
-1.936035073011006524e-01
-1.879070564333029658e-01
-4.588509740724995289e-01
-8.219220380190574993e-01
-1.879070564333029658e-01
-4.588509740724995289e-01
-1.936035073011006524e-01
-1.879070564333029658e-01
1.123476902165543301e-01
-1.936035073011006524e-01
-1.879070564333029658e-01
1.123476902165543301e-01
-1.936035073011006524e-01
4.404114742846561015e-01
1.123476902165543301e-01
-1.936035073011006524e-01
-1.879070564333029658e-01
-4.588509740724995289e-01
-1.936035073011006524e-01
-1.879070564333029658e-01
1.123476902165543301e-01
-1.936035073011006524e-01
-1.879070564333029658e-01
1.123476902165543301e-01
-1.936035073011006524e-01
-1.879070564333029658e-01
1.123476902165543301e-01
-1.936035073011006524e-01
-1.879070564333029658e-01
-4.588509740724995289e-01
-8.219220380190574993e-01
-1.879070564333029658e-01
1.123476902165543301e-01
-1.936035073011006524e-01
4.523740211070284012e-01
1.232227327823474106e-01
-1.816409604787270204e-01
4.523740211070284012e-01
1.232227327823474106e-01
-1.816409604787270204e-01
4.523740211070284012e-01
1.232227327823474106e-01
-1.816409604787270204e-01
4.523740211070284012e-01
1.232227327823474106e-01
-1.816409604787270204e-01
-1.753748645241510751e-01
1.232227327823474106e-01
-1.816409604787270204e-01
-1.753748645241510751e-01
1.232227327823474106e-01
-1.816409604787270204e-01
4.523740211070284012e-01
1.232227327823474106e-01
-1.816409604787270204e-01
-1.753748645241510751e-01
1.232227327823474106e-01
-1.816409604787270204e-01
4.523740211070284012e-01
1.232227327823474106e-01
4.466775702392324909e-01
-1.753748645241510751e-01
-4.474580723369068203e-01
-8.093898461099064967e-01
-1.753748645241510751e-01
-4.474580723369068203e-01
-8.093898461099064967e-01
4.523740211070284012e-01
1.232227327823474106e-01
-1.816409604787270204e-01
-1.753748645241510751e-01
-4.474580723369068203e-01
-1.816409604787270204e-01
-1.753748645241510751e-01
-4.474580723369068203e-01
-8.093898461099064967e-01
4.523740211070284012e-01
1.232227327823474106e-01
-1.816409604787270204e-01
-1.753748645241510751e-01
1.232227327823474106e-01
-1.816409604787270204e-01
-1.753748645241510751e-01
-4.474580723369068203e-01
-8.093898461099064967e-01
-1.753748645241510751e-01
-4.474580723369068203e-01
-8.093898461099064967e-01
4.523740211070284012e-01
1.232227327823474106e-01
-1.816409604787270204e-01
-1.753748645241510751e-01
-4.474580723369068203e-01
-1.816409604787270204e-01
-1.753748645241510751e-01
-4.474580723369068203e-01
-8.093898461099064967e-01
-1.753748645241510751e-01
-4.474580723369068203e-01
-8.093898461099064967e-01
4.523740211070284012e-01
1.232227327823474106e-01
-1.816409604787270204e-01
-1.753748645241510751e-01
-4.474580723369068203e-01
-1.816409604787270204e-01
-1.753748645241510751e-01
-4.474580723369068203e-01
-1.816409604787270204e-01
-1.753748645241510751e-01
-4.474580723369068203e-01
-1.816409604787270204e-01
-1.753748645241510751e-01
1.232227327823474106e-01
-1.816409604787270204e-01
4.523740211070284012e-01
1.232227327823474106e-01
-1.816409604787270204e-01
4.523740211070284012e-01
1.232227327823474106e-01
-1.816409604787270204e-01
-1.753748645241510751e-01
-4.474580723369068203e-01
-8.093898461099064967e-01
4.523740211070284012e-01
1.232227327823474106e-01
-1.816409604787270204e-01
4.523740211070284012e-01
1.232227327823474106e-01
-1.816409604787270204e-01
-1.753748645241510751e-01
1.232227327823474106e-01
-1.816409604787270204e-01
-1.753748645241510751e-01
-4.474580723369068203e-01
-8.093898461099064967e-01
-1.753748645241510751e-01
1.232227327823474106e-01
-1.816409604787270204e-01
4.523740211070284012e-01
1.232227327823474106e-01
-1.816409604787270204e-01
4.523740211070284012e-01
1.232227327823474106e-01
-1.816409604787270204e-01
4.523740211070284012e-01
1.232227327823474106e-01
-1.816409604787270204e-01
-1.753748645241510751e-01
-4.474580723369068203e-01
-8.093898461099064967e-01
-1.753748645241510751e-01
1.232227327823474106e-01
-1.816409604787270204e-01
1.486266020564110946e-01
1.454619071298561828e-01
1.429301511886147402e-01
1.486266020564110946e-01
1.454619071298561828e-01
1.429301511886147402e-01
1.486266020564110946e-01
1.454619071298561828e-01
-2.061356992102534313e-01
1.486266020564110946e-01
1.454619071298561828e-01
1.429301511886147402e-01
1.486266020564110946e-01
1.454619071298561828e-01
1.429301511886147402e-01
1.486266020564110946e-01
1.454619071298561828e-01
1.429301511886147402e-01
-2.004392483424553006e-01
-2.032874737763545880e-01
-2.061356992102534313e-01
1.486266020564110946e-01
1.454619071298561828e-01
1.429301511886147402e-01
1.486266020564110946e-01
1.454619071298561828e-01
1.429301511886147402e-01
1.486266020564110946e-01
1.454619071298561828e-01
1.429301511886147402e-01
1.486266020564110946e-01
1.454619071298561828e-01
1.429301511886147402e-01
1.486266020564110946e-01
1.454619071298561828e-01
1.429301511886147402e-01
-2.004392483424553006e-01
-2.032874737763545880e-01
-2.061356992102534313e-01
1.486266020564110946e-01
1.454619071298561828e-01
1.429301511886147402e-01
1.486266020564110946e-01
1.454619071298561828e-01
1.429301511886147402e-01
1.486266020564110946e-01
1.454619071298561828e-01
1.429301511886147402e-01
1.486266020564110946e-01
1.454619071298561828e-01
1.429301511886147402e-01
-2.004392483424553006e-01
-2.032874737763545880e-01
-2.061356992102534313e-01
1.486266020564110946e-01
1.454619071298561828e-01
-2.061356992102534313e-01
1.486266020564110946e-01
1.454619071298561828e-01
1.429301511886147402e-01
4.973759829626218654e-01
1.454619071298561828e-01
1.429301511886147402e-01
1.486266020564110946e-01
1.454619071298561828e-01
-2.061356992102534313e-01
1.486266020564110946e-01
1.454619071298561828e-01
1.429301511886147402e-01
1.486266020564110946e-01
1.454619071298561828e-01
1.429301511886147402e-01
1.486266020564110946e-01
1.454619071298561828e-01
1.429301511886147402e-01
1.486266020564110946e-01
1.454619071298561828e-01
1.429301511886147402e-01
1.486266020564110946e-01
1.454619071298561828e-01
1.429301511886147402e-01
1.486266020564110946e-01
1.454619071298561828e-01
1.429301511886147402e-01
-2.004392483424553006e-01
-2.032874737763545880e-01
-2.061356992102534313e-01
1.486266020564110946e-01
1.454619071298561828e-01
1.429301511886147402e-01
1.486266020564110946e-01
1.454619071298561828e-01
1.429301511886147402e-01
1.486266020564110946e-01
1.454619071298561828e-01
-2.061356992102534313e-01
1.486266020564110946e-01
1.454619071298561828e-01
1.429301511886147402e-01
-2.004392483424553006e-01
-2.032874737763545880e-01
-2.061356992102534313e-01
1.486266020564110946e-01
1.454619071298561828e-01
1.429301511886147402e-01
-2.004392483424553006e-01
-2.032874737763545880e-01
-2.061356992102534313e-01
-2.004392483424553006e-01
-2.032874737763545880e-01
-2.061356992102534313e-01
4.973759829626218654e-01
1.454619071298561828e-01
1.429301511886147402e-01
1.486266020564110946e-01
1.454619071298561828e-01
-2.061356992102534313e-01
1.486266020564110946e-01
1.454619071298561828e-01
1.429301511886147402e-01
1.371704064222858399e-01
-7.013293474160953167e-02
1.314739555544881533e-01
1.371704064222858399e-01
-7.013293474160953167e-02
1.314739555544881533e-01
1.371704064222858399e-01
-7.013293474160953167e-02
1.314739555544881533e-01
1.371704064222858399e-01
-7.013293474160953167e-02
1.314739555544881533e-01
1.371704064222858399e-01
3.222101187778778630e-01
1.314739555544881533e-01
1.371704064222858399e-01
3.222101187778778630e-01
1.314739555544881533e-01
1.371704064222858399e-01
3.222101187778778630e-01
1.314739555544881533e-01
1.371704064222858399e-01
-7.013293474160953167e-02
1.314739555544881533e-01
5.560494269009255142e-01
3.222101187778778630e-01
1.314739555544881533e-01
1.371704064222858399e-01
-7.013293474160953167e-02
1.314739555544881533e-01
5.560494269009255142e-01
3.222101187778778630e-01
5.499732126419427658e-01
1.371704064222858399e-01
3.222101187778778630e-01
1.314739555544881533e-01
1.371704064222858399e-01
3.222101187778778630e-01
1.314739555544881533e-01
1.371704064222858399e-01
3.222101187778778630e-01
1.314739555544881533e-01
1.371704064222858399e-01
3.222101187778778630e-01
1.314739555544881533e-01
1.371704064222858399e-01
-7.013293474160953167e-02
1.314739555544881533e-01
1.371704064222858399e-01
3.222101187778778630e-01
1.314739555544881533e-01
1.371704064222858399e-01
-7.013293474160953167e-02
1.314739555544881533e-01
1.371704064222858399e-01
-7.013293474160953167e-02
1.314739555544881533e-01
1.371704064222858399e-01
-7.013293474160953167e-02
1.314739555544881533e-01
-2.817086140563525021e-01
-7.013293474160953167e-02
-2.874050649241497446e-01
1.371704064222858399e-01
3.222101187778778630e-01
1.314739555544881533e-01
1.371704064222858399e-01
-7.013293474160953167e-02
1.314739555544881533e-01
1.371704064222858399e-01
3.222101187778778630e-01
1.314739555544881533e-01
1.371704064222858399e-01
-7.013293474160953167e-02
1.314739555544881533e-01
1.371704064222858399e-01
3.222101187778778630e-01
1.314739555544881533e-01
1.371704064222858399e-01
3.222101187778778630e-01
1.314739555544881533e-01
1.371704064222858399e-01
-7.013293474160953167e-02
1.314739555544881533e-01
1.371704064222858399e-01
3.222101187778778630e-01
1.314739555544881533e-01
1.371704064222858399e-01
-7.013293474160953167e-02
1.314739555544881533e-01
1.371704064222858399e-01
3.222101187778778630e-01
1.314739555544881533e-01
5.560494269009255142e-01
3.222101187778778630e-01
5.499732126419427658e-01
1.371704064222858399e-01
3.222101187778778630e-01
1.314739555544881533e-01
5.560494269009255142e-01
3.222101187778778630e-01
1.314739555544881533e-01
1.371704064222858399e-01
-7.013293474160953167e-02
1.314739555544881533e-01
1.371704064222858399e-01
3.222101187778778630e-01
1.314739555544881533e-01
1.371704064222858399e-01
-7.013293474160953167e-02
1.314739555544881533e-01
1.371704064222858399e-01
-7.013293474160953167e-02
1.314739555544881533e-01
1.371704064222858399e-01
-7.013293474160953167e-02
1.314739555544881533e-01
1.371704064222858399e-01
-7.013293474160953167e-02
1.314739555544881533e-01
-1.092960344577100784e-01
-1.121442598916089217e-01
-1.149924853255095414e-01
-1.092960344577100784e-01
-1.121442598916089217e-01
-1.149924853255095414e-01
2.830470190617759840e-01
2.801987936278762525e-01
2.773505681939791856e-01
-1.092960344577100784e-01
-1.121442598916089217e-01
-1.149924853255095414e-01
-1.092960344577100784e-01
-1.121442598916089217e-01
-1.149924853255095414e-01
-1.092960344577100784e-01
-1.121442598916089217e-01
-1.149924853255095414e-01
-1.092960344577100784e-01
-1.121442598916089217e-01
2.773505681939791856e-01
2.830470190617759840e-01
2.801987936278762525e-01
2.773505681939791856e-01
-1.092960344577100784e-01
-1.121442598916089217e-01
-1.149924853255095414e-01
-1.092960344577100784e-01
-1.121442598916089217e-01
2.773505681939791856e-01
-1.092960344577100784e-01
-1.121442598916089217e-01
2.773505681939791856e-01
-1.092960344577100784e-01
-1.121442598916089217e-01
2.773505681939791856e-01
-1.092960344577100784e-01
2.801987936278762525e-01
2.773505681939791856e-01
2.830470190617759840e-01
2.801987936278762525e-01
2.773505681939791856e-01
-1.092960344577100784e-01
-1.121442598916089217e-01
-1.149924853255095414e-01
-1.092960344577100784e-01
2.801987936278762525e-01
2.773505681939791856e-01
-1.092960344577100784e-01
-1.121442598916089217e-01
-1.149924853255095414e-01
-1.092960344577100784e-01
-1.121442598916089217e-01
2.773505681939791856e-01
-1.092960344577100784e-01
-1.121442598916089217e-01
-1.149924853255095414e-01
2.830470190617759840e-01
2.801987936278762525e-01
2.773505681939791856e-01
-1.092960344577100784e-01
-1.121442598916089217e-01
-1.149924853255095414e-01
-5.019951161564351061e-01
-5.048433415903335053e-01
-5.076915670242323486e-01
2.830470190617759840e-01
2.801987936278762525e-01
2.773505681939791856e-01
-1.092960344577100784e-01
-1.121442598916089217e-01
-1.149924853255095414e-01
-1.092960344577100784e-01
-1.121442598916089217e-01
-1.149924853255095414e-01
-1.092960344577100784e-01
-1.121442598916089217e-01
-1.149924853255095414e-01
-1.092960344577100784e-01
-1.121442598916089217e-01
-1.149924853255095414e-01
-1.092960344577100784e-01
-1.121442598916089217e-01
-1.149924853255095414e-01
-1.092960344577100784e-01
-1.121442598916089217e-01
-1.149924853255095414e-01
2.830470190617759840e-01
2.801987936278762525e-01
2.773505681939791856e-01
-1.092960344577100784e-01
-1.121442598916089217e-01
-1.149924853255095414e-01
-1.092960344577100784e-01
-1.121442598916089217e-01
-1.149924853255095414e-01
-1.092960344577100784e-01
-1.121442598916089217e-01
-1.149924853255095414e-01
-1.092960344577100784e-01
2.801987936278762525e-01
2.773505681939791856e-01
-1.092960344577100784e-01
-1.121442598916089217e-01
-1.149924853255095414e-01
-1.092960344577100784e-01
-1.121442598916089217e-01
-1.149924853255095414e-01
-1.092960344577100784e-01
-1.121442598916089217e-01
2.773505681939791856e-01
-1.092960344577100784e-01
-1.121442598916089217e-01
-1.149924853255095414e-01
-1.092960344577100784e-01
-1.121442598916089217e-01
-1.149924853255095414e-01
-1.092960344577100784e-01
-1.121442598916089217e-01
-1.149924853255095414e-01
2.009477811081028520e-02
1.724655267691321825e-02
4.627903884081416841e-01
2.009477811081028520e-02
4.656386138420414156e-01
4.627903884081416841e-01
2.009477811081028520e-02
1.724655267691321825e-02
1.439832724301526312e-02
2.009477811081028520e-02
1.724655267691321825e-02
1.439832724301526312e-02
2.009477811081028520e-02
1.724655267691321825e-02
1.439832724301526312e-02
2.009477811081028520e-02
1.724655267691321825e-02
1.439832724301526312e-02
2.009477811081028520e-02
1.724655267691321825e-02
1.439832724301526312e-02
2.009477811081028520e-02
1.724655267691321825e-02
1.439832724301526312e-02
2.009477811081028520e-02
1.724655267691321825e-02
1.439832724301526312e-02
2.009477811081028520e-02
1.724655267691321825e-02
1.439832724301526312e-02
2.009477811081028520e-02
1.724655267691321825e-02
1.439832724301526312e-02
2.009477811081028520e-02
1.724655267691321825e-02
4.627903884081416841e-01
2.009477811081028520e-02
1.724655267691321825e-02
1.439832724301526312e-02
2.009477811081028520e-02
1.724655267691321825e-02
1.439832724301526312e-02
-4.287041724020168587e-01
-4.315523978359148138e-01
1.439832724301526312e-02
2.009477811081028520e-02
1.724655267691321825e-02
1.439832724301526312e-02
2.009477811081028520e-02
1.724655267691321825e-02
1.439832724301526312e-02
2.009477811081028520e-02
1.724655267691321825e-02
1.439832724301526312e-02
2.009477811081028520e-02
1.724655267691321825e-02
4.627903884081416841e-01
4.684868392759384825e-01
4.656386138420414156e-01
4.627903884081416841e-01
2.009477811081028520e-02
1.724655267691321825e-02
4.627903884081416841e-01
2.009477811081028520e-02
1.724655267691321825e-02
4.627903884081416841e-01
2.009477811081028520e-02
1.724655267691321825e-02
1.439832724301526312e-02
2.009477811081028520e-02
4.656386138420414156e-01
4.627903884081416841e-01
2.009477811081028520e-02
1.724655267691321825e-02
1.439832724301526312e-02
2.009477811081028520e-02
1.724655267691321825e-02
4.627903884081416841e-01
2.009477811081028520e-02
1.724655267691321825e-02
1.439832724301526312e-02
2.009477811081028520e-02
1.724655267691321825e-02
1.439832724301526312e-02
2.009477811081028520e-02
1.724655267691321825e-02
1.439832724301526312e-02
4.684868392759384825e-01
4.656386138420414156e-01
4.627903884081416841e-01
2.009477811081028520e-02
1.724655267691321825e-02
4.627903884081416841e-01
2.009477811081028520e-02
1.724655267691321825e-02
1.439832724301526312e-02
2.009477811081028520e-02
1.724655267691321825e-02
1.439832724301526312e-02
2.009477811081028520e-02
1.724655267691321825e-02
1.439832724301526312e-02
2.009477811081028520e-02
1.724655267691321825e-02
1.439832724301526312e-02
2.009477811081028520e-02
1.724655267691321825e-02
1.439832724301526312e-02
2.009477811081028520e-02
1.724655267691321825e-02
4.627903884081416841e-01
2.009477811081028520e-02
4.656386138420414156e-01
4.627903884081416841e-01
2.009477811081028520e-02
1.724655267691321825e-02
1.439832724301526312e-02
2.009477811081028520e-02
1.724655267691321825e-02
1.439832724301526312e-02
-3.433252242763522588e-01
1.769506216490639439e-01
-8.081378011872830669e-02
-3.433252242763522588e-01
1.769506216490639439e-01
-8.081378011872830669e-02
-3.433252242763522588e-01
1.769506216490639439e-01
-8.081378011872830669e-02
-3.433252242763522588e-01
1.769506216490639439e-01
-8.081378011872830669e-02
-3.433252242763522588e-01
1.769506216490639439e-01
-8.081378011872830669e-02
-3.433252242763522588e-01
1.769506216490639439e-01
-8.081378011872830669e-02
1.797988470829636753e-01
1.769506216490639439e-01
-8.081378011872830669e-02
-3.433252242763522588e-01
1.769506216490639439e-01
-8.081378011872830669e-02
1.797988470829636753e-01
1.769506216490639439e-01
-8.081378011872830669e-02
-3.433252242763522588e-01
1.769506216490639439e-01
-8.081378011872830669e-02
1.797988470829636753e-01
1.769506216490639439e-01
4.025081665873924130e-01
1.797988470829636753e-01
1.769506216490639439e-01
-8.081378011872830669e-02
-3.433252242763522588e-01
-3.461734497102502139e-01
-8.081378011872830669e-02
-3.433252242763522588e-01
-3.461734497102502139e-01
-8.081378011872830669e-02
1.797988470829636753e-01
1.769506216490639439e-01
4.025081665873924130e-01
1.797988470829636753e-01
1.769506216490639439e-01
-8.081378011872830669e-02
-3.433252242763522588e-01
1.769506216490639439e-01
-8.081378011872830669e-02
1.797988470829636753e-01
1.769506216490639439e-01
4.025081665873924130e-01
1.797988470829636753e-01
1.769506216490639439e-01
4.025081665873924130e-01
1.797988470829636753e-01
1.769506216490639439e-01
4.025081665873924130e-01
1.797988470829636753e-01
1.769506216490639439e-01
4.025081665873924130e-01
-3.433252242763522588e-01
-3.461734497102502139e-01
-5.636975382965565551e-01
-3.433252242763522588e-01
1.769506216490639439e-01
-8.081378011872830669e-02
1.797988470829636753e-01
1.769506216490639439e-01
4.025081665873924130e-01
-3.433252242763522588e-01
1.769506216490639439e-01
-8.081378011872830669e-02
-3.433252242763522588e-01
-3.461734497102502139e-01
-8.081378011872830669e-02
-3.433252242763522588e-01
1.769506216490639439e-01
-8.081378011872830669e-02
1.797988470829636753e-01
1.769506216490639439e-01
4.025081665873924130e-01
1.797988470829636753e-01
1.769506216490639439e-01
4.025081665873924130e-01
-3.433252242763522588e-01
1.769506216490639439e-01
-8.081378011872830669e-02
1.797988470829636753e-01
1.769506216490639439e-01
4.025081665873924130e-01
1.797988470829636753e-01
1.769506216490639439e-01
4.025081665873924130e-01
-3.433252242763522588e-01
1.769506216490639439e-01
-8.081378011872830669e-02
1.797988470829636753e-01
1.769506216490639439e-01
-8.081378011872830669e-02
-3.433252242763522588e-01
1.769506216490639439e-01
-8.081378011872830669e-02
-3.433252242763522588e-01
-3.461734497102502139e-01
-8.081378011872830669e-02
-3.433252242763522588e-01
1.769506216490639439e-01
-8.081378011872830669e-02
-3.433252242763522588e-01
-3.461734497102502139e-01
-8.081378011872830669e-02
1.797988470829636753e-01
1.769506216490639439e-01
-8.081378011872830669e-02
-3.433252242763522588e-01
1.769506216490639439e-01
-8.081378011872830669e-02
1.105869690392360383e-01
2.976441744105056131e-01
2.947959489766054375e-01
1.105869690392360383e-01
-9.505490728821897051e-02
-9.790313272211736972e-02
1.105869690392360383e-01
2.976441744105056131e-01
2.947959489766054375e-01
1.105869690392360383e-01
2.976441744105056131e-01
2.947959489766054375e-01
1.105869690392360383e-01
2.976441744105056131e-01
2.947959489766054375e-01
1.105869690392360383e-01
2.976441744105056131e-01
2.947959489766054375e-01
5.294659895178748243e-01
2.976441744105056131e-01
2.947959489766054375e-01
1.105869690392360383e-01
2.976441744105056131e-01
2.947959489766054375e-01
1.105869690392360383e-01
2.976441744105056131e-01
2.947959489766054375e-01
1.105869690392360383e-01
2.976441744105056131e-01
2.947959489766054375e-01
-3.079122880482167979e-01
-9.505490728821897051e-02
-9.790313272211736972e-02
1.105869690392360383e-01
2.976441744105056131e-01
2.947959489766054375e-01
1.105869690392360383e-01
-9.505490728821897051e-02
-9.790313272211736972e-02
1.105869690392360383e-01
2.976441744105056131e-01
2.947959489766054375e-01
5.294659895178748243e-01
6.899872279299925637e-01
2.947959489766054375e-01
1.105869690392360383e-01
2.976441744105056131e-01
2.947959489766054375e-01
1.105869690392360383e-01
2.976441744105056131e-01
2.947959489766054375e-01
1.105869690392360383e-01
2.976441744105056131e-01
-9.790313272211736972e-02
1.105869690392360383e-01
2.976441744105056131e-01
2.947959489766054375e-01
1.105869690392360383e-01
2.976441744105056131e-01
2.947959489766054375e-01
1.105869690392360383e-01
2.976441744105056131e-01
2.947959489766054375e-01
1.105869690392360383e-01
2.976441744105056131e-01
2.947959489766054375e-01
1.105869690392360383e-01
2.976441744105056131e-01
2.947959489766054375e-01
5.294659895178748243e-01
2.976441744105056131e-01
2.947959489766054375e-01
1.105869690392360383e-01
2.976441744105056131e-01
2.947959489766054375e-01
5.294659895178748243e-01
2.976441744105056131e-01
2.947959489766054375e-01
1.105869690392360383e-01
2.976441744105056131e-01
2.947959489766054375e-01
1.105869690392360383e-01
2.976441744105056131e-01
-9.790313272211736972e-02
1.105869690392360383e-01
2.976441744105056131e-01
2.947959489766054375e-01
-3.079122880482167979e-01
-9.505490728821897051e-02
-9.790313272211736972e-02
1.105869690392360383e-01
-9.505490728821897051e-02
-9.790313272211736972e-02
-3.079122880482167979e-01
-9.505490728821897051e-02
-9.790313272211736972e-02
-3.079122880482167979e-01
-9.505490728821897051e-02
-9.790313272211736972e-02
1.105869690392360383e-01
2.976441744105056131e-01
2.947959489766054375e-01
1.105869690392360383e-01
2.976441744105056131e-01
2.947959489766054375e-01
-3.079122880482167979e-01
-9.505490728821897051e-02
-9.790313272211736972e-02
1.105869690392360383e-01
2.976441744105056131e-01
2.947959489766054375e-01
1.105869690392360383e-01
2.976441744105056131e-01
2.947959489766054375e-01
-3.079122880482167979e-01
-9.505490728821897051e-02
-9.790313272211736972e-02
-3.079122880482167979e-01
-9.505490728821897051e-02
-9.790313272211736972e-02
3.677724136650084574e-02
3.392901593260289062e-02
3.108079049870315913e-02
3.677724136650084574e-02
3.392901593260289062e-02
3.108079049870315913e-02
3.677724136650084574e-02
3.392901593260289062e-02
3.108079049870315913e-02
-4.120217091463262982e-01
-4.148699345802251415e-01
-4.177181600141248730e-01
3.677724136650084574e-02
3.392901593260289062e-02
3.108079049870315913e-02
3.677724136650084574e-02
3.392901593260289062e-02
3.108079049870315913e-02
3.677724136650084574e-02
3.392901593260289062e-02
3.108079049870315913e-02
3.677724136650084574e-02
3.392901593260289062e-02
3.108079049870315913e-02
-4.120217091463262982e-01
-4.148699345802251415e-01
-4.177181600141248730e-01
3.677724136650084574e-02
3.392901593260289062e-02
3.108079049870315913e-02
3.677724136650084574e-02
3.392901593260289062e-02
3.108079049870315913e-02
3.677724136650084574e-02
3.392901593260289062e-02
3.108079049870315913e-02
3.677724136650084574e-02
3.392901593260289062e-02
3.108079049870315913e-02
3.677724136650084574e-02
3.392901593260289062e-02
-4.177181600141248730e-01
3.677724136650084574e-02
3.392901593260289062e-02
3.108079049870315913e-02
3.677724136650084574e-02
3.392901593260289062e-02
3.108079049870315913e-02
3.677724136650084574e-02
3.392901593260289062e-02
-4.177181600141248730e-01
3.677724136650084574e-02
3.392901593260289062e-02
3.108079049870315913e-02
3.677724136650084574e-02
3.392901593260289062e-02
3.108079049870315913e-02
3.677724136650084574e-02
3.392901593260289062e-02
3.108079049870315913e-02
4.851693025316285990e-01
4.823210770977310879e-01
4.794728516638291360e-01
3.677724136650084574e-02
3.392901593260289062e-02
3.108079049870315913e-02
3.677724136650084574e-02
3.392901593260289062e-02
3.108079049870315913e-02
3.677724136650084574e-02
3.392901593260289062e-02
-4.177181600141248730e-01
3.677724136650084574e-02
3.392901593260289062e-02
3.108079049870315913e-02
3.677724136650084574e-02
3.392901593260289062e-02
3.108079049870315913e-02
3.677724136650084574e-02
3.392901593260289062e-02
3.108079049870315913e-02
-4.120217091463262982e-01
-4.148699345802251415e-01
-4.177181600141248730e-01
3.677724136650084574e-02
-4.148699345802251415e-01
-4.177181600141248730e-01
3.677724136650084574e-02
3.392901593260289062e-02
3.108079049870315913e-02
3.677724136650084574e-02
3.392901593260289062e-02
3.108079049870315913e-02
3.677724136650084574e-02
3.392901593260289062e-02
3.108079049870315913e-02
3.677724136650084574e-02
3.392901593260289062e-02
3.108079049870315913e-02
3.677724136650084574e-02
3.392901593260289062e-02
3.108079049870315913e-02
3.677724136650084574e-02
3.392901593260289062e-02
3.108079049870315913e-02
3.677724136650084574e-02
3.392901593260289062e-02
3.108079049870315913e-02
3.677724136650084574e-02
3.392901593260289062e-02
3.108079049870315913e-02
3.677724136650084574e-02
3.392901593260289062e-02
3.108079049870315913e-02
3.677724136650084574e-02
3.392901593260289062e-02
3.108079049870315913e-02
3.677724136650084574e-02
3.392901593260289062e-02
3.108079049870315913e-02
-9.571219008065678935e-02
-3.684845489424537490e-01
-1.014086409484558082e-01
-9.571219008065678935e-02
1.546395224168621851e-01
3.819133057576689083e-01
-9.571219008065678935e-02
1.546395224168621851e-01
-1.014086409484558082e-01
-9.571219008065678935e-02
1.546395224168621851e-01
-1.014086409484558082e-01
-9.571219008065678935e-02
-3.684845489424537490e-01
-1.014086409484558082e-01
-9.571219008065678935e-02
1.546395224168621851e-01
-1.014086409484558082e-01
-9.571219008065678935e-02
1.546395224168621851e-01
-1.014086409484558082e-01
-9.571219008065678935e-02
1.546395224168621851e-01
-1.014086409484558082e-01
-9.571219008065678935e-02
1.546395224168621851e-01
-1.014086409484558082e-01
-5.790341367867792854e-01
-3.684845489424537490e-01
-5.842923991262840566e-01
-5.790341367867792854e-01
-3.684845489424537490e-01
-1.014086409484558082e-01
-5.790341367867792854e-01
-3.684845489424537490e-01
-5.842923991262840566e-01
-9.571219008065678935e-02
1.546395224168621851e-01
-1.014086409484558082e-01
-9.571219008065678935e-02
1.546395224168621851e-01
3.819133057576689083e-01
-5.790341367867792854e-01
-3.684845489424537490e-01
-1.014086409484558082e-01
-9.571219008065678935e-02
1.546395224168621851e-01
3.819133057576689083e-01
-9.571219008065678935e-02
1.546395224168621851e-01
-1.014086409484558082e-01
-9.571219008065678935e-02
1.546395224168621851e-01
-1.014086409484558082e-01
-9.571219008065678935e-02
-3.684845489424537490e-01
-1.014086409484558082e-01
-9.571219008065678935e-02
1.546395224168621851e-01
-1.014086409484558082e-01
3.871715680971727913e-01
1.546395224168621851e-01
3.819133057576689083e-01
-5.790341367867792854e-01
-3.684845489424537490e-01
-1.014086409484558082e-01
-9.571219008065678935e-02
1.546395224168621851e-01
3.819133057576689083e-01
-9.571219008065678935e-02
-3.684845489424537490e-01
-1.014086409484558082e-01
-9.571219008065678935e-02
1.546395224168621851e-01
-1.014086409484558082e-01
-9.571219008065678935e-02
1.546395224168621851e-01
-1.014086409484558082e-01
-9.571219008065678935e-02
-3.684845489424537490e-01
-1.014086409484558082e-01
-5.790341367867792854e-01
-3.684845489424537490e-01
-1.014086409484558082e-01
-9.571219008065678935e-02
-3.684845489424537490e-01
-1.014086409484558082e-01
-9.571219008065678935e-02
1.546395224168621851e-01
-1.014086409484558082e-01
-9.571219008065678935e-02
1.546395224168621851e-01
-1.014086409484558082e-01
-9.571219008065678935e-02
-3.684845489424537490e-01
-1.014086409484558082e-01
-9.571219008065678935e-02
-3.684845489424537490e-01
-1.014086409484558082e-01
-9.571219008065678935e-02
1.546395224168621851e-01
-1.014086409484558082e-01
-9.571219008065678935e-02
1.546395224168621851e-01
3.819133057576689083e-01
-9.571219008065678935e-02
1.546395224168621851e-01
-1.014086409484558082e-01
-9.571219008065678935e-02
-3.684845489424537490e-01
-1.014086409484558082e-01
-9.571219008065678935e-02
1.546395224168621851e-01
-1.014086409484558082e-01
-9.571219008065678935e-02
1.546395224168621851e-01
-1.014086409484558082e-01
-9.571219008065678935e-02
-3.684845489424537490e-01
-1.014086409484558082e-01
