2.750361021356111380e-01
2.721878767017109624e-01
6.975444255420359951e-02
2.750361021356111380e-01
2.721878767017109624e-01
6.975444255420359951e-02
2.750361021356111380e-01
2.721878767017109624e-01
6.975444255420359951e-02
2.750361021356111380e-01
2.721878767017109624e-01
6.975444255420359951e-02
-1.173069513838780331e-01
2.721878767017109624e-01
6.975444255420359951e-02
2.750361021356111380e-01
2.721878767017109624e-01
6.975444255420359951e-02
2.750361021356111380e-01
2.721878767017109624e-01
6.975444255420359951e-02
2.750361021356111380e-01
2.721878767017109624e-01
6.975444255420359951e-02
-1.173069513838780331e-01
-1.201551768177777646e-01
-2.998446931622380518e-01
2.750361021356111380e-01
6.648869584004373223e-01
4.393535782706514681e-01
2.750361021356111380e-01
2.721878767017109624e-01
4.393535782706514681e-01
-1.173069513838780331e-01
2.721878767017109624e-01
6.975444255420359951e-02
2.750361021356111380e-01
2.721878767017109624e-01
6.975444255420359951e-02
2.750361021356111380e-01
2.721878767017109624e-01
6.975444255420359951e-02
2.750361021356111380e-01
2.721878767017109624e-01
6.975444255420359951e-02
2.750361021356111380e-01
2.721878767017109624e-01
6.975444255420359951e-02
-1.173069513838780331e-01
2.721878767017109624e-01
6.975444255420359951e-02
-1.173069513838780331e-01
2.721878767017109624e-01
6.975444255420359951e-02
2.750361021356111380e-01
2.721878767017109624e-01
6.975444255420359951e-02
2.750361021356111380e-01
2.721878767017109624e-01
6.975444255420359951e-02
2.750361021356111380e-01
2.721878767017109624e-01
6.975444255420359951e-02
2.750361021356111380e-01
2.721878767017109624e-01
6.975444255420359951e-02
-1.173069513838780331e-01
2.721878767017109624e-01
6.975444255420359951e-02
2.750361021356111380e-01
2.721878767017109624e-01
6.975444255420359951e-02
-1.173069513838780331e-01
2.721878767017109624e-01
6.975444255420359951e-02
-1.173069513838780331e-01
-1.201551768177777646e-01
-2.998446931622380518e-01
2.750361021356111380e-01
2.721878767017109624e-01
6.975444255420359951e-02
2.750361021356111380e-01
2.721878767017109624e-01
6.975444255420359951e-02
-1.173069513838780331e-01
-1.201551768177777646e-01
6.975444255420359951e-02
2.750361021356111380e-01
2.721878767017109624e-01
6.975444255420359951e-02
2.750361021356111380e-01
2.721878767017109624e-01
6.975444255420359951e-02
2.750361021356111380e-01
2.721878767017109624e-01
6.975444255420359951e-02
2.750361021356111380e-01
2.721878767017109624e-01
6.975444255420359951e-02
-1.173069513838780331e-01
-1.201551768177777646e-01
6.975444255420359951e-02
2.750361021356111380e-01
2.721878767017109624e-01
6.975444255420359951e-02
2.750361021356111380e-01
2.721878767017109624e-01
6.975444255420359951e-02
-1.173069513838780331e-01
2.721878767017109624e-01
6.975444255420359951e-02
-1.173069513838780331e-01
-1.201551768177777646e-01
6.975444255420359951e-02
2.750361021356111380e-01
2.721878767017109624e-01
4.393535782706514681e-01
-1.173069513838780331e-01
2.721878767017109624e-01
6.975444255420359951e-02
2.102389735144249983e-01
2.073907480805208259e-01
2.045425226466304203e-01
-3.128850978448927123e-01
-3.157333232787884469e-01
-3.185815487126881784e-01
2.102389735144249983e-01
2.073907480805208259e-01
2.045425226466304203e-01
2.102389735144249983e-01
2.073907480805208259e-01
2.045425226466304203e-01
2.102389735144249983e-01
2.073907480805208259e-01
2.045425226466304203e-01
2.102389735144249983e-01
2.073907480805208259e-01
2.045425226466304203e-01
2.102389735144249983e-01
2.073907480805208259e-01
2.045425226466304203e-01
-3.128850978448927123e-01
-3.157333232787884469e-01
-3.185815487126881784e-01
2.102389735144249983e-01
2.073907480805208259e-01
2.045425226466304203e-01
2.102389735144249983e-01
2.073907480805208259e-01
2.045425226466304203e-01
-3.128850978448927123e-01
-3.157333232787884469e-01
-3.185815487126881784e-01
2.102389735144249983e-01
2.073907480805208259e-01
2.045425226466304203e-01
2.102389735144249983e-01
2.073907480805208259e-01
2.045425226466304203e-01
2.102389735144249983e-01
2.073907480805208259e-01
2.045425226466304203e-01
2.102389735144249983e-01
2.073907480805208259e-01
2.045425226466304203e-01
-3.128850978448927123e-01
-3.157333232787884469e-01
-3.185815487126881784e-01
2.102389735144249983e-01
2.073907480805208259e-01
2.045425226466304203e-01
2.102389735144249983e-01
2.073907480805208259e-01
2.045425226466304203e-01
2.102389735144249983e-01
2.073907480805208259e-01
2.045425226466304203e-01
2.102389735144249983e-01
2.073907480805208259e-01
2.045425226466304203e-01
2.102389735144249983e-01
2.073907480805208259e-01
2.045425226466304203e-01
7.338377491127263674e-01
7.309895236788230832e-01
7.281412982449229077e-01
2.102389735144249983e-01
2.073907480805208259e-01
2.045425226466304203e-01
2.102389735144249983e-01
2.073907480805208259e-01
2.045425226466304203e-01
2.102389735144249983e-01
2.073907480805208259e-01
2.045425226466304203e-01
2.102389735144249983e-01
2.073907480805208259e-01
2.045425226466304203e-01
-3.128850978448927123e-01
-3.157333232787884469e-01
-3.185815487126881784e-01
2.102389735144249983e-01
2.073907480805208259e-01
2.045425226466304203e-01
2.102389735144249983e-01
2.073907480805208259e-01
2.045425226466304203e-01
2.102389735144249983e-01
2.073907480805208259e-01
2.045425226466304203e-01
2.102389735144249983e-01
2.073907480805208259e-01
2.045425226466304203e-01
-3.128850978448927123e-01
-3.157333232787884469e-01
-3.185815487126881784e-01
2.102389735144249983e-01
2.073907480805208259e-01
2.045425226466304203e-01
2.102389735144249983e-01
2.073907480805208259e-01
2.045425226466304203e-01
2.102389735144249983e-01
2.073907480805208259e-01
2.045425226466304203e-01
2.102389735144249983e-01
2.073907480805208259e-01
2.045425226466304203e-01
2.102389735144249983e-01
2.073907480805208259e-01
2.045425226466304203e-01
-3.128850978448927123e-01
-3.157333232787884469e-01
-3.185815487126881784e-01
2.102389735144249983e-01
2.073907480805208259e-01
2.045425226466304203e-01
2.102389735144249983e-01
2.073907480805208259e-01
2.045425226466304203e-01
1.571670395961239919e-01
1.541289324666266225e-01
1.514705887283245289e-01
1.571670395961239919e-01
1.541289324666266225e-01
1.514705887283245289e-01
-2.617119808825174587e-01
1.541289324666266225e-01
1.514705887283245289e-01
-2.617119808825174587e-01
1.541289324666266225e-01
1.514705887283245289e-01
-2.617119808825174587e-01
1.541289324666266225e-01
1.514705887283245289e-01
-2.617119808825174587e-01
1.541289324666266225e-01
1.514705887283245289e-01
1.571670395961239919e-01
1.541289324666266225e-01
1.514705887283245289e-01
1.571670395961239919e-01
1.541289324666266225e-01
1.514705887283245289e-01
-2.617119808825174587e-01
-2.647500880120068345e-01
1.514705887283245289e-01
1.571670395961239919e-01
1.541289324666266225e-01
1.514705887283245289e-01
-2.617119808825174587e-01
-2.647500880120068345e-01
1.514705887283245289e-01
1.571670395961239919e-01
1.541289324666266225e-01
1.514705887283245289e-01
-2.617119808825174587e-01
1.541289324666266225e-01
1.514705887283245289e-01
-2.617119808825174587e-01
1.541289324666266225e-01
1.514705887283245289e-01
1.571670395961239919e-01
1.541289324666266225e-01
1.514705887283245289e-01
1.571670395961239919e-01
1.541289324666266225e-01
1.514705887283245289e-01
-2.617119808825174587e-01
-2.647500880120068345e-01
-2.674084317503173658e-01
-2.617119808825174587e-01
1.541289324666266225e-01
1.514705887283245289e-01
1.571670395961239919e-01
1.541289324666266225e-01
1.514705887283245289e-01
-2.617119808825174587e-01
-2.647500880120068345e-01
-2.674084317503173658e-01
-2.617119808825174587e-01
1.541289324666266225e-01
1.514705887283245289e-01
1.571670395961239919e-01
1.541289324666266225e-01
1.514705887283245289e-01
-2.617119808825174587e-01
-2.647500880120068345e-01
-2.674084317503173658e-01
1.571670395961239919e-01
1.541289324666266225e-01
1.514705887283245289e-01
-2.617119808825174587e-01
-2.647500880120068345e-01
-2.674084317503173658e-01
-2.617119808825174587e-01
-2.647500880120068345e-01
1.514705887283245289e-01
-2.617119808825174587e-01
-2.647500880120068345e-01
-2.674084317503173658e-01
-2.617119808825174587e-01
1.541289324666266225e-01
1.514705887283245289e-01
1.571670395961239919e-01
1.541289324666266225e-01
1.514705887283245289e-01
1.571670395961239919e-01
1.541289324666266225e-01
1.514705887283245289e-01
1.571670395961239919e-01
1.541289324666266225e-01
1.514705887283245289e-01
-2.617119808825174587e-01
1.541289324666266225e-01
1.514705887283245289e-01
1.571670395961239919e-01
1.541289324666266225e-01
1.514705887283245289e-01
-2.617119808825174587e-01
1.541289324666266225e-01
1.514705887283245289e-01
-2.617119808825174587e-01
-2.647500880120068345e-01
-2.674084317503173658e-01
-2.617119808825174587e-01
-2.647500880120068345e-01
1.514705887283245289e-01
-2.617119808825174587e-01
-2.647500880120068345e-01
-2.674084317503173658e-01
-2.617119808825174587e-01
1.541289324666266225e-01
1.514705887283245289e-01
-2.617119808825174587e-01
-2.647500880120068345e-01
1.514705887283245289e-01
1.571670395961239919e-01
1.541289324666266225e-01
1.514705887283245289e-01
-5.793667956376453709e-01
-2.706364205754017149e-01
-1.438244138618571810e-02
-5.793667956376453709e-01
-2.706364205754017149e-01
-1.438244138618571810e-02
-5.793667956376453709e-01
-2.706364205754017149e-01
-5.855811056752417976e-01
-5.793667956376453709e-01
-2.706364205754017149e-01
-5.855811056752417976e-01
-8.685990518388919668e-03
-2.706364205754017149e-01
-1.438244138618571810e-02
-8.685990518388919668e-03
-2.706364205754017149e-01
-1.438244138618571810e-02
-5.793667956376453709e-01
-2.706364205754017149e-01
-5.855811056752417976e-01
-8.685990518388919668e-03
-2.706364205754017149e-01
-1.438244138618571810e-02
-5.793667956376453709e-01
-2.706364205754017149e-01
-5.855811056752417976e-01
-8.685990518388919668e-03
-2.706364205754017149e-01
-1.438244138618571810e-02
-5.793667956376453709e-01
-2.706364205754017149e-01
-5.855811056752417976e-01
-5.793667956376453709e-01
-2.706364205754017149e-01
-5.855811056752417976e-01
-8.685990518388919668e-03
-2.706364205754017149e-01
-1.438244138618571810e-02
-8.685990518388919668e-03
-2.706364205754017149e-01
-1.438244138618571810e-02
-8.685990518388919668e-03
2.524876507839168838e-01
-1.438244138618571810e-02
-8.685990518388919668e-03
2.524876507839168838e-01
-1.438244138618571810e-02
-8.685990518388919668e-03
-2.706364205754017149e-01
-1.438244138618571810e-02
-5.793667956376453709e-01
-2.706364205754017149e-01
-5.855811056752417976e-01
-5.793667956376453709e-01
-2.706364205754017149e-01
-5.855811056752417976e-01
-8.685990518388919668e-03
2.524876507839168838e-01
-1.438244138618571810e-02
-5.793667956376453709e-01
-2.706364205754017149e-01
-1.438244138618571810e-02
-8.685990518388919668e-03
-2.706364205754017149e-01
-1.438244138618571810e-02
-5.793667956376453709e-01
-2.706364205754017149e-01
-5.855811056752417976e-01
-8.685990518388919668e-03
2.524876507839168838e-01
-1.438244138618571810e-02
-8.685990518388919668e-03
-2.706364205754017149e-01
-1.438244138618571810e-02
-8.685990518388919668e-03
-2.706364205754017149e-01
-1.438244138618571810e-02
-8.685990518388919668e-03
-2.706364205754017149e-01
-1.438244138618571810e-02
-8.685990518388919668e-03
-2.706364205754017149e-01
-1.438244138618571810e-02
-8.685990518388919668e-03
2.524876507839168838e-01
-1.438244138618571810e-02
-8.685990518388919668e-03
2.524876507839168838e-01
-1.438244138618571810e-02
-8.685990518388919668e-03
2.524876507839168838e-01
-1.438244138618571810e-02
-5.793667956376453709e-01
-2.706364205754017149e-01
-5.855811056752417976e-01
-8.685990518388919668e-03
2.524876507839168838e-01
-1.438244138618571810e-02
-8.685990518388919668e-03
-2.706364205754017149e-01
-1.438244138618571810e-02
-5.793667956376453709e-01
-2.706364205754017149e-01
-5.855811056752417976e-01
-5.793667956376453709e-01
-2.706364205754017149e-01
-5.855811056752417976e-01
-8.685990518388919668e-03
-2.706364205754017149e-01
-1.438244138618571810e-02
-8.685990518388919668e-03
-2.706364205754017149e-01
-1.438244138618571810e-02
-5.793667956376453709e-01
-2.706364205754017149e-01
-5.855811056752417976e-01
-5.793667956376453709e-01
-2.706364205754017149e-01
-5.855811056752417976e-01
-1.430505274210331912e-01
-3.583888898959819436e-01
-1.487469782888282133e-01
-1.430505274210331912e-01
-3.583888898959819436e-01
-1.487469782888282133e-01
3.402714192850915254e-01
9.000317126914803012e-02
-1.487469782888282133e-01
-1.430505274210331912e-01
-3.583888898959819436e-01
-1.487469782888282133e-01
8.231551774629153329e-01
5.388021217819698450e-01
3.341367798890044760e-01
3.402714192850915254e-01
9.000317126914803012e-02
-1.487469782888282133e-01
3.402714192850915254e-01
9.000317126914803012e-02
-1.487469782888282133e-01
3.402714192850915254e-01
9.000317126914803012e-02
-1.487469782888282133e-01
3.402714192850915254e-01
9.000317126914803012e-02
-1.487469782888282133e-01
-1.430505274210331912e-01
-3.583888898959819436e-01
-6.320689249949538180e-01
3.402714192850915254e-01
9.000317126914803012e-02
-1.487469782888282133e-01
3.402714192850915254e-01
9.000317126914803012e-02
-1.487469782888282133e-01
-1.430505274210331912e-01
9.000317126914803012e-02
-1.487469782888282133e-01
-1.430505274210331912e-01
-3.583888898959819436e-01
-1.487469782888282133e-01
3.402714192850915254e-01
9.000317126914803012e-02
-1.487469782888282133e-01
3.402714192850915254e-01
9.000317126914803012e-02
-1.487469782888282133e-01
3.402714192850915254e-01
9.000317126914803012e-02
-1.487469782888282133e-01
3.402714192850915254e-01
9.000317126914803012e-02
3.341367798890044760e-01
-1.430505274210331912e-01
9.000317126914803012e-02
-1.487469782888282133e-01
-1.430505274210331912e-01
-3.583888898959819436e-01
-1.487469782888282133e-01
3.402714192850915254e-01
9.000317126914803012e-02
-1.487469782888282133e-01
3.402714192850915254e-01
9.000317126914803012e-02
-1.487469782888282133e-01
3.402714192850915254e-01
9.000317126914803012e-02
-1.487469782888282133e-01
3.402714192850915254e-01
9.000317126914803012e-02
-1.487469782888282133e-01
-1.430505274210331912e-01
-3.583888898959819436e-01
-6.320689249949538180e-01
-1.430505274210331912e-01
-3.583888898959819436e-01
-1.487469782888282133e-01
-1.430505274210331912e-01
9.000317126914803012e-02
-1.487469782888282133e-01
-1.430505274210331912e-01
-3.583888898959819436e-01
-6.320689249949538180e-01
3.402714192850915254e-01
9.000317126914803012e-02
-1.487469782888282133e-01
-1.430505274210331912e-01
-3.583888898959819436e-01
-6.320689249949538180e-01
3.402714192850915254e-01
9.000317126914803012e-02
3.341367798890044760e-01
-1.430505274210331912e-01
-3.583888898959819436e-01
-6.320689249949538180e-01
-1.430505274210331912e-01
-3.583888898959819436e-01
-6.320689249949538180e-01
3.402714192850915254e-01
9.000317126914803012e-02
-1.487469782888282133e-01
-1.430505274210331912e-01
9.000317126914803012e-02
-1.487469782888282133e-01
-1.430505274210331912e-01
9.000317126914803012e-02
-1.487469782888282133e-01
-1.430505274210331912e-01
9.000317126914803012e-02
-1.487469782888282133e-01
3.402714192850915254e-01
9.000317126914803012e-02
-1.487469782888282133e-01
3.402714192850915254e-01
9.000317126914803012e-02
-1.487469782888282133e-01
-1.430505274210331912e-01
9.000317126914803012e-02
-1.487469782888282133e-01
4.586449202851219376e-01
2.171696554035773552e-01
4.149518904500215655e-03
9.845969772300122713e-03
-2.017093650750569900e-01
4.149518904500215655e-03
9.845969772300122713e-03
-2.017093650750569900e-01
4.149518904500215655e-03
9.845969772300122713e-03
2.171696554035773552e-01
4.149518904500215655e-03
9.845969772300122713e-03
2.171696554035773552e-01
4.149518904500215655e-03
4.586449202851219376e-01
2.171696554035773552e-01
4.149518904500215655e-03
4.586449202851219376e-01
2.171696554035773552e-01
4.149518904500215655e-03
4.586449202851219376e-01
2.171696554035773552e-01
4.149518904500215655e-03
9.845969772300122713e-03
-2.017093650750569900e-01
-4.446494316083295928e-01
9.845969772300122713e-03
-2.017093650750569900e-01
4.149518904500215655e-03
9.845969772300122713e-03
-2.017093650750569900e-01
4.149518904500215655e-03
9.845969772300122713e-03
2.171696554035773552e-01
4.149518904500215655e-03
9.845969772300122713e-03
2.171696554035773552e-01
4.149518904500215655e-03
4.586449202851219376e-01
2.171696554035773552e-01
4.149518904500215655e-03
9.845969772300122713e-03
-2.017093650750569900e-01
4.149518904500215655e-03
4.586449202851219376e-01
2.171696554035773552e-01
4.149518904500215655e-03
4.586449202851219376e-01
2.171696554035773552e-01
4.149518904500215655e-03
9.845969772300122713e-03
2.171696554035773552e-01
4.149518904500215655e-03
9.845969772300122713e-03
-2.017093650750569900e-01
4.149518904500215655e-03
4.586449202851219376e-01
2.171696554035773552e-01
4.149518904500215655e-03
4.586449202851219376e-01
2.171696554035773552e-01
4.149518904500215655e-03
4.586449202851219376e-01
2.171696554035773552e-01
4.149518904500215655e-03
9.845969772300122713e-03
-2.017093650750569900e-01
4.149518904500215655e-03
9.845969772300122713e-03
-2.017093650750569900e-01
-4.446494316083295928e-01
4.586449202851219376e-01
2.171696554035773552e-01
4.149518904500215655e-03
9.845969772300122713e-03
2.171696554035773552e-01
4.149518904500215655e-03
9.845969772300122713e-03
-2.017093650750569900e-01
4.149518904500215655e-03
9.845969772300122713e-03
-2.017093650750569900e-01
-4.446494316083295928e-01
4.586449202851219376e-01
2.171696554035773552e-01
4.525415800696301893e-01
9.845969772300122713e-03
-2.017093650750569900e-01
4.149518904500215655e-03
9.845969772300122713e-03
2.171696554035773552e-01
4.149518904500215655e-03
9.845969772300122713e-03
2.171696554035773552e-01
4.149518904500215655e-03
4.586449202851219376e-01
2.171696554035773552e-01
4.149518904500215655e-03
9.845969772300122713e-03
-2.017093650750569900e-01
4.149518904500215655e-03
9.845969772300122713e-03
2.171696554035773552e-01
4.149518904500215655e-03
9.845969772300122713e-03
-2.017093650750569900e-01
4.149518904500215655e-03
9.845969772300122713e-03
2.171696554035773552e-01
4.149518904500215655e-03
9.845969772300122713e-03
2.171696554035773552e-01
4.149518904500215655e-03
4.586449202851219376e-01
2.171696554035773552e-01
4.149518904500215655e-03
9.845969772300122713e-03
2.171696554035773552e-01
4.149518904500215655e-03
1.655218342022228839e-01
1.628634904639163494e-01
1.598253833344305264e-01
1.655218342022228839e-01
1.628634904639163494e-01
1.598253833344305264e-01
1.655218342022228839e-01
1.628634904639163494e-01
1.598253833344305264e-01
1.655218342022228839e-01
1.628634904639163494e-01
1.598253833344305264e-01
1.655218342022228839e-01
1.628634904639163494e-01
1.598253833344305264e-01
1.655218342022228839e-01
1.628634904639163494e-01
1.598253833344305264e-01
1.655218342022228839e-01
1.628634904639163494e-01
1.598253833344305264e-01
1.655218342022228839e-01
1.628634904639163494e-01
1.598253833344305264e-01
1.655218342022228839e-01
1.628634904639163494e-01
1.598253833344305264e-01
1.655218342022228839e-01
1.628634904639163494e-01
1.598253833344305264e-01
5.844008546808572291e-01
5.813627475513714060e-01
5.787044038130648715e-01
1.655218342022228839e-01
1.628634904639163494e-01
1.598253833344305264e-01
1.655218342022228839e-01
1.628634904639163494e-01
5.787044038130648715e-01
1.655218342022228839e-01
1.628634904639163494e-01
1.598253833344305264e-01
1.655218342022228839e-01
1.628634904639163494e-01
1.598253833344305264e-01
1.655218342022228839e-01
1.628634904639163494e-01
1.598253833344305264e-01
5.844008546808572291e-01
5.813627475513714060e-01
5.787044038130648715e-01
1.655218342022228839e-01
1.628634904639163494e-01
1.598253833344305264e-01
-2.529774228852321727e-01
1.628634904639163494e-01
1.598253833344305264e-01
1.655218342022228839e-01
1.628634904639163494e-01
1.598253833344305264e-01
1.655218342022228839e-01
1.628634904639163494e-01
1.598253833344305264e-01
1.655218342022228839e-01
5.813627475513714060e-01
5.787044038130648715e-01
1.655218342022228839e-01
1.628634904639163494e-01
1.598253833344305264e-01
1.655218342022228839e-01
1.628634904639163494e-01
1.598253833344305264e-01
1.655218342022228839e-01
1.628634904639163494e-01
1.598253833344305264e-01
-2.529774228852321727e-01
-2.560155300147179958e-01
1.598253833344305264e-01
1.655218342022228839e-01
1.628634904639163494e-01
1.598253833344305264e-01
-2.529774228852321727e-01
-2.560155300147179958e-01
-2.586738737530245302e-01
1.655218342022228839e-01
1.628634904639163494e-01
1.598253833344305264e-01
1.655218342022228839e-01
1.628634904639163494e-01
1.598253833344305264e-01
1.655218342022228839e-01
1.628634904639163494e-01
1.598253833344305264e-01
1.655218342022228839e-01
1.628634904639163494e-01
1.598253833344305264e-01
1.655218342022228839e-01
1.628634904639163494e-01
1.598253833344305264e-01
-2.529774228852321727e-01
1.628634904639163494e-01
1.598253833344305264e-01
-2.529774228852321727e-01
-2.560155300147179958e-01
-2.586738737530245302e-01
1.655218342022228839e-01
1.628634904639163494e-01
1.598253833344305264e-01
1.655218342022228839e-01
1.628634904639163494e-01
1.598253833344305264e-01
1.655218342022228839e-01
1.628634904639163494e-01
1.598253833344305264e-01
-2.529774228852321727e-01
1.628634904639163494e-01
1.598253833344305264e-01
1.655218342022228839e-01
1.628634904639163494e-01
1.598253833344305264e-01
-1.706564047034384579e-01
6.436914236406199308e-02
-1.763528555712294832e-01
3.126655420026862586e-01
6.436914236406199308e-02
3.065309026066027620e-01
-1.706564047034384579e-01
-3.840229188010684247e-01
-1.763528555712294832e-01
-1.706564047034384579e-01
-3.840229188010684247e-01
-1.763528555712294832e-01
3.126655420026862586e-01
6.436914236406199308e-02
3.065309026066027620e-01
-1.706564047034384579e-01
6.436914236406199308e-02
-1.763528555712294832e-01
-1.706564047034384579e-01
-3.840229188010684247e-01
-1.763528555712294832e-01
3.126655420026862586e-01
6.436914236406199308e-02
3.065309026066027620e-01
-1.706564047034384579e-01
-3.840229188010684247e-01
-1.763528555712294832e-01
3.126655420026862586e-01
6.436914236406199308e-02
3.065309026066027620e-01
-6.535401628812622654e-01
-3.840229188010684247e-01
-1.763528555712294832e-01
-1.706564047034384579e-01
6.436914236406199308e-02
-1.763528555712294832e-01
-1.706564047034384579e-01
-3.840229188010684247e-01
-1.763528555712294832e-01
-1.706564047034384579e-01
-3.840229188010684247e-01
-1.763528555712294832e-01
-1.706564047034384579e-01
-3.840229188010684247e-01
-1.763528555712294832e-01
3.126655420026862586e-01
6.436914236406199308e-02
3.065309026066027620e-01
-1.706564047034384579e-01
6.436914236406199308e-02
3.065309026066027620e-01
3.126655420026862586e-01
6.436914236406199308e-02
3.065309026066027620e-01
-1.706564047034384579e-01
6.436914236406199308e-02
-1.763528555712294832e-01
-1.706564047034384579e-01
6.436914236406199308e-02
-1.763528555712294832e-01
3.126655420026862586e-01
6.436914236406199308e-02
3.065309026066027620e-01
3.126655420026862586e-01
6.436914236406199308e-02
3.065309026066027620e-01
-1.706564047034384579e-01
6.436914236406199308e-02
-1.763528555712294832e-01
-1.706564047034384579e-01
6.436914236406199308e-02
-1.763528555712294832e-01
3.126655420026862586e-01
6.436914236406199308e-02
3.065309026066027620e-01
7.955493001805185038e-01
5.131680928768922456e-01
7.894146607844350072e-01
-1.706564047034384579e-01
-3.840229188010684247e-01
-1.763528555712294832e-01
3.126655420026862586e-01
6.436914236406199308e-02
3.065309026066027620e-01
-1.706564047034384579e-01
6.436914236406199308e-02
-1.763528555712294832e-01
-1.706564047034384579e-01
6.436914236406199308e-02
3.065309026066027620e-01
-1.706564047034384579e-01
6.436914236406199308e-02
-1.763528555712294832e-01
-1.706564047034384579e-01
6.436914236406199308e-02
-1.763528555712294832e-01
-1.706564047034384579e-01
6.436914236406199308e-02
-1.763528555712294832e-01
-1.706564047034384579e-01
6.436914236406199308e-02
3.065309026066027620e-01
-1.706564047034384579e-01
6.436914236406199308e-02
-1.763528555712294832e-01
3.126655420026862586e-01
5.131680928768922456e-01
3.065309026066027620e-01
-1.706564047034384579e-01
6.436914236406199308e-02
-1.763528555712294832e-01
-1.706564047034384579e-01
-3.840229188010684247e-01
-1.763528555712294832e-01
-1.706564047034384579e-01
6.436914236406199308e-02
-1.763528555712294832e-01
-1.706564047034384579e-01
-3.840229188010684247e-01
-1.763528555712294832e-01
-7.709746884635269026e-01
-7.738229138974301868e-01
-5.159002773833107902e-01
-1.432258028323505350e-01
-7.738229138974301868e-01
-5.159002773833107902e-01
-1.432258028323505350e-01
-1.460740282662476019e-01
-5.159002773833107902e-01
-7.709746884635269026e-01
-7.738229138974301868e-01
-1.214031978181033145e+00
-1.432258028323505350e-01
-1.460740282662476019e-01
1.815984844291125277e-01
-7.709746884635269026e-01
-7.738229138974301868e-01
-5.159002773833107902e-01
-1.432258028323505350e-01
-1.460740282662476019e-01
1.815984844291125277e-01
-1.432258028323505350e-01
-7.738229138974301868e-01
-5.159002773833107902e-01
-1.432258028323505350e-01
-1.460740282662476019e-01
-5.159002773833107902e-01
-1.432258028323505350e-01
-1.460740282662476019e-01
1.815984844291125277e-01
-1.432258028323505350e-01
-1.460740282662476019e-01
1.815984844291125277e-01
-1.432258028323505350e-01
-7.738229138974301868e-01
-5.159002773833107902e-01
-1.432258028323505350e-01
-7.738229138974301868e-01
-5.159002773833107902e-01
-1.432258028323505350e-01
-1.460740282662476019e-01
1.815984844291125277e-01
-7.709746884635269026e-01
-7.738229138974301868e-01
-5.159002773833107902e-01
-1.432258028323505350e-01
-1.460740282662476019e-01
1.815984844291125277e-01
-1.432258028323505350e-01
-1.460740282662476019e-01
1.815984844291125277e-01
-7.709746884635269026e-01
-7.738229138974301868e-01
-5.159002773833107902e-01
-7.709746884635269026e-01
-7.738229138974301868e-01
-5.159002773833107902e-01
-1.432258028323505350e-01
-1.460740282662476019e-01
1.815984844291125277e-01
-1.432258028323505350e-01
-1.460740282662476019e-01
-5.159002773833107902e-01
-7.709746884635269026e-01
-7.738229138974301868e-01
-5.159002773833107902e-01
-1.432258028323505350e-01
-1.460740282662476019e-01
1.815984844291125277e-01
-1.432258028323505350e-01
-1.460740282662476019e-01
-5.159002773833107902e-01
-1.432258028323505350e-01
-1.460740282662476019e-01
1.815984844291125277e-01
-1.432258028323505350e-01
-1.460740282662476019e-01
1.815984844291125277e-01
-1.432258028323505350e-01
-1.460740282662476019e-01
-5.159002773833107902e-01
-1.432258028323505350e-01
-1.460740282662476019e-01
1.815984844291125277e-01
-7.709746884635269026e-01
-7.738229138974301868e-01
-5.159002773833107902e-01
-1.432258028323505350e-01
-7.738229138974301868e-01
-5.159002773833107902e-01
-1.432258028323505350e-01
-1.460740282662476019e-01
1.815984844291125277e-01
-1.432258028323505350e-01
-1.460740282662476019e-01
1.815984844291125277e-01
-7.709746884635269026e-01
-7.738229138974301868e-01
-5.159002773833107902e-01
-1.432258028323505350e-01
-1.460740282662476019e-01
1.815984844291125277e-01
-1.432258028323505350e-01
-1.460740282662476019e-01
-5.159002773833107902e-01
-1.432258028323505350e-01
-1.460740282662476019e-01
-5.159002773833107902e-01
-1.432258028323505350e-01
-1.460740282662476019e-01
1.815984844291125277e-01
-1.432258028323505350e-01
-1.460740282662476019e-01
-5.159002773833107902e-01
-7.709746884635269026e-01
-7.738229138974301868e-01
-5.159002773833107902e-01
-1.432258028323505350e-01
-1.460740282662476019e-01
-5.159002773833107902e-01
2.347653591952156837e-01
-1.039202918445520929e-01
-4.690627924703107965e-01
2.347653591952156837e-01
-1.039202918445520929e-01
-4.690627924703107965e-01
2.347653591952156837e-01
-1.039202918445520929e-01
-4.690627924703107965e-01
2.347653591952156837e-01
-1.039202918445520929e-01
2.284359693421138537e-01
-4.633663416025135540e-01
-1.039202918445520929e-01
-4.690627924703107965e-01
2.347653591952156837e-01
-1.039202918445520929e-01
2.284359693421138537e-01
2.347653591952156837e-01
-1.039202918445520929e-01
-4.690627924703107965e-01
2.347653591952156837e-01
-1.039202918445520929e-01
-4.690627924703107965e-01
-4.633663416025135540e-01
-1.039202918445520929e-01
-4.690627924703107965e-01
2.347653591952156837e-01
-1.039202918445520929e-01
2.284359693421138537e-01
2.347653591952156837e-01
-1.039202918445520929e-01
2.284359693421138537e-01
2.347653591952156837e-01
5.243982388734047539e-01
2.284359693421138537e-01
2.347653591952156837e-01
-1.039202918445520929e-01
2.284359693421138537e-01
2.347653591952156837e-01
-1.039202918445520929e-01
-4.690627924703107965e-01
2.347653591952156837e-01
-1.039202918445520929e-01
-4.690627924703107965e-01
2.347653591952156837e-01
-1.039202918445520929e-01
-4.690627924703107965e-01
-4.633663416025135540e-01
-1.039202918445520929e-01
-4.690627924703107965e-01
2.347653591952156837e-01
-1.039202918445520929e-01
2.284359693421138537e-01
2.347653591952156837e-01
-1.039202918445520929e-01
-4.690627924703107965e-01
2.347653591952156837e-01
-1.039202918445520929e-01
-4.690627924703107965e-01
-4.633663416025135540e-01
-1.039202918445520929e-01
-4.690627924703107965e-01
-4.633663416025135540e-01
-1.039202918445520929e-01
-4.690627924703107965e-01
-4.633663416025135540e-01
-1.039202918445520929e-01
-4.690627924703107965e-01
-4.633663416025135540e-01
-1.039202918445520929e-01
-4.690627924703107965e-01
2.347653591952156837e-01
-1.039202918445520929e-01
-4.690627924703107965e-01
2.347653591952156837e-01
-1.039202918445520929e-01
2.284359693421138537e-01
2.347653591952156837e-01
-1.039202918445520929e-01
-4.690627924703107965e-01
2.347653591952156837e-01
-1.039202918445520929e-01
-4.690627924703107965e-01
-4.633663416025135540e-01
-1.039202918445520929e-01
-4.690627924703107965e-01
2.347653591952156837e-01
5.243982388734047539e-01
2.284359693421138537e-01
2.347653591952156837e-01
-1.039202918445520929e-01
-4.690627924703107965e-01
2.347653591952156837e-01
-1.039202918445520929e-01
2.284359693421138537e-01
2.347653591952156837e-01
-1.039202918445520929e-01
2.284359693421138537e-01
-4.633663416025135540e-01
-1.039202918445520929e-01
-4.690627924703107965e-01
2.347653591952156837e-01
-1.039202918445520929e-01
2.284359693421138537e-01
-4.633663416025135540e-01
-1.039202918445520929e-01
-4.690627924703107965e-01
2.347653591952156837e-01
-1.039202918445520929e-01
2.284359693421138537e-01
2.347653591952156837e-01
-1.039202918445520929e-01
2.284359693421138537e-01
-4.633663416025135540e-01
-1.039202918445520929e-01
-4.690627924703107965e-01
2.347653591952156837e-01
-1.039202918445520929e-01
2.284359693421138537e-01
-1.893670548615005167e-01
-1.922152802953975836e-01
-1.950635057292999797e-01
-1.893670548615005167e-01
-1.922152802953975836e-01
-1.950635057292999797e-01
4.389514758564558861e-01
4.361032504225597073e-01
4.332550249886617522e-01
-1.893670548615005167e-01
-1.922152802953975836e-01
4.332550249886617522e-01
-8.171159404926822134e-01
-8.199641659265801685e-01
-1.950635057292999797e-01
-8.171159404926822134e-01
-1.922152802953975836e-01
-1.950635057292999797e-01
-8.171159404926822134e-01
-1.922152802953975836e-01
-1.950635057292999797e-01
-1.893670548615005167e-01
-1.922152802953975836e-01
-1.950635057292999797e-01
-8.171159404926822134e-01
-1.922152802953975836e-01
-1.950635057292999797e-01
-1.893670548615005167e-01
-1.922152802953975836e-01
-1.950635057292999797e-01
-1.893670548615005167e-01
-1.922152802953975836e-01
4.332550249886617522e-01
-1.893670548615005167e-01
-1.922152802953975836e-01
4.332550249886617522e-01
-1.893670548615005167e-01
-1.922152802953975836e-01
-1.950635057292999797e-01
-1.893670548615005167e-01
4.361032504225597073e-01
4.332550249886617522e-01
-1.893670548615005167e-01
-1.922152802953975836e-01
-1.950635057292999797e-01
-8.171159404926822134e-01
-1.922152802953975836e-01
-1.950635057292999797e-01
-1.893670548615005167e-01
-1.922152802953975836e-01
-1.950635057292999797e-01
-8.171159404926822134e-01
-8.199641659265801685e-01
-1.950635057292999797e-01
-1.893670548615005167e-01
-1.922152802953975836e-01
-1.950635057292999797e-01
-1.893670548615005167e-01
-1.922152802953975836e-01
-1.950635057292999797e-01
-1.893670548615005167e-01
-1.922152802953975836e-01
-1.950635057292999797e-01
-1.893670548615005167e-01
-1.922152802953975836e-01
-1.950635057292999797e-01
-1.893670548615005167e-01
-1.922152802953975836e-01
4.332550249886617522e-01
-1.893670548615005167e-01
4.361032504225597073e-01
4.332550249886617522e-01
4.389514758564558861e-01
4.361032504225597073e-01
4.332550249886617522e-01
-1.893670548615005167e-01
-1.922152802953975836e-01
4.332550249886617522e-01
-1.893670548615005167e-01
-1.922152802953975836e-01
-1.950635057292999797e-01
-8.171159404926822134e-01
-8.199641659265801685e-01
-1.950635057292999797e-01
-1.893670548615005167e-01
-1.922152802953975836e-01
-1.950635057292999797e-01
-8.171159404926822134e-01
-1.922152802953975836e-01
-1.950635057292999797e-01
-1.893670548615005167e-01
-1.922152802953975836e-01
-1.950635057292999797e-01
-1.893670548615005167e-01
-1.922152802953975836e-01
-1.950635057292999797e-01
-1.893670548615005167e-01
-1.922152802953975836e-01
-1.950635057292999797e-01
-1.893670548615005167e-01
-1.922152802953975836e-01
4.332550249886617522e-01
-1.893670548615005167e-01
-1.922152802953975836e-01
-1.950635057292999797e-01
-1.893670548615005167e-01
-1.922152802953975836e-01
-1.950635057292999797e-01
-1.893670548615005167e-01
-1.922152802953975836e-01
4.332550249886617522e-01
-1.893670548615005167e-01
-1.922152802953975836e-01
-1.950635057292999797e-01
-8.171159404926822134e-01
-8.199641659265801685e-01
-1.950635057292999797e-01
-1.893670548615005167e-01
-1.922152802953975836e-01
-1.950635057292999797e-01
-1.762652178655668145e-01
4.486354423317191475e-01
4.457872168978211924e-01
4.514836677656095532e-01
4.486354423317191475e-01
4.457872168978211924e-01
-1.762652178655668145e-01
-1.791134432994634373e-01
4.457872168978211924e-01
4.514836677656095532e-01
4.486354423317191475e-01
4.457872168978211924e-01
-1.762652178655668145e-01
-1.791134432994634373e-01
-1.819616687333609484e-01
-1.762652178655668145e-01
-1.791134432994634373e-01
-1.819616687333609484e-01
4.514836677656095532e-01
4.486354423317191475e-01
4.457872168978211924e-01
-1.762652178655668145e-01
-1.791134432994634373e-01
-1.819616687333609484e-01
4.514836677656095532e-01
4.486354423317191475e-01
4.457872168978211924e-01
-1.762652178655668145e-01
-1.791134432994634373e-01
-1.819616687333609484e-01
-8.045837485835285463e-01
-1.791134432994634373e-01
-1.819616687333609484e-01
4.514836677656095532e-01
4.486354423317191475e-01
4.457872168978211924e-01
-1.762652178655668145e-01
-1.791134432994634373e-01
-1.819616687333609484e-01
-1.762652178655668145e-01
-1.791134432994634373e-01
-1.819616687333609484e-01
4.514836677656095532e-01
4.486354423317191475e-01
4.457872168978211924e-01
-1.762652178655668145e-01
-1.791134432994634373e-01
-1.819616687333609484e-01
-1.762652178655668145e-01
-1.791134432994634373e-01
-1.819616687333609484e-01
-8.045837485835285463e-01
-1.791134432994634373e-01
-1.819616687333609484e-01
-1.762652178655668145e-01
4.486354423317191475e-01
4.457872168978211924e-01
-1.762652178655668145e-01
-1.791134432994634373e-01
-1.819616687333609484e-01
-1.762652178655668145e-01
-1.791134432994634373e-01
-1.819616687333609484e-01
-1.762652178655668145e-01
-1.791134432994634373e-01
-1.819616687333609484e-01
-1.762652178655668145e-01
-1.791134432994634373e-01
-1.819616687333609484e-01
-1.762652178655668145e-01
-1.791134432994634373e-01
-1.819616687333609484e-01
-1.762652178655668145e-01
-1.791134432994634373e-01
-1.819616687333609484e-01
-1.762652178655668145e-01
-1.791134432994634373e-01
-1.819616687333609484e-01
-1.762652178655668145e-01
-1.791134432994634373e-01
-1.819616687333609484e-01
-1.762652178655668145e-01
-1.791134432994634373e-01
4.457872168978211924e-01
-1.762652178655668145e-01
-1.791134432994634373e-01
4.457872168978211924e-01
-1.762652178655668145e-01
-1.791134432994634373e-01
-1.819616687333609484e-01
4.514836677656095532e-01
4.486354423317191475e-01
4.457872168978211924e-01
-1.762652178655668145e-01
4.486354423317191475e-01
4.457872168978211924e-01
-1.762652178655668145e-01
-1.791134432994634373e-01
-1.819616687333609484e-01
-1.762652178655668145e-01
-1.791134432994634373e-01
-1.819616687333609484e-01
-1.762652178655668145e-01
-1.791134432994634373e-01
-1.819616687333609484e-01
-1.762652178655668145e-01
-1.791134432994634373e-01
-1.819616687333609484e-01
4.514836677656095532e-01
4.486354423317191475e-01
4.457872168978211924e-01
-1.762652178655668145e-01
4.486354423317191475e-01
4.457872168978211924e-01
-1.762652178655668145e-01
-1.791134432994634373e-01
-1.819616687333609484e-01
-1.762652178655668145e-01
-1.791134432994634373e-01
-1.819616687333609484e-01
4.968020991138564213e-01
4.939538736799566898e-01
4.911056482460631756e-01
4.968020991138564213e-01
1.448880232810947355e-01
1.420397978471950040e-01
1.477362487149886938e-01
1.448880232810947355e-01
1.420397978471950040e-01
1.477362487149886938e-01
1.448880232810947355e-01
1.420397978471950040e-01
4.968020991138564213e-01
4.939538736799566898e-01
4.911056482460631756e-01
1.477362487149886938e-01
1.448880232810947355e-01
1.420397978471950040e-01
1.477362487149886938e-01
1.448880232810947355e-01
1.420397978471950040e-01
4.968020991138564213e-01
4.939538736799566898e-01
4.911056482460631756e-01
1.477362487149886938e-01
1.448880232810947355e-01
1.420397978471950040e-01
4.968020991138564213e-01
4.939538736799566898e-01
1.420397978471950040e-01
1.477362487149886938e-01
1.448880232810947355e-01
1.420397978471950040e-01
1.477362487149886938e-01
1.448880232810947355e-01
1.420397978471950040e-01
1.477362487149886938e-01
1.448880232810947355e-01
1.420397978471950040e-01
1.477362487149886938e-01
1.448880232810947355e-01
1.420397978471950040e-01
4.968020991138564213e-01
1.448880232810947355e-01
1.420397978471950040e-01
4.968020991138564213e-01
1.448880232810947355e-01
1.420397978471950040e-01
4.968020991138564213e-01
4.939538736799566898e-01
4.911056482460631756e-01
1.477362487149886938e-01
1.448880232810947355e-01
1.420397978471950040e-01
1.477362487149886938e-01
1.448880232810947355e-01
1.420397978471950040e-01
1.477362487149886938e-01
1.448880232810947355e-01
1.420397978471950040e-01
4.968020991138564213e-01
4.939538736799566898e-01
4.911056482460631756e-01
1.477362487149886938e-01
1.448880232810947355e-01
1.420397978471950040e-01
4.968020991138564213e-01
1.448880232810947355e-01
1.420397978471950040e-01
4.968020991138564213e-01
1.448880232810947355e-01
1.420397978471950040e-01
1.477362487149886938e-01
1.448880232810947355e-01
1.420397978471950040e-01
4.968020991138564213e-01
4.939538736799566898e-01
4.911056482460631756e-01
4.968020991138564213e-01
4.939538736799566898e-01
1.420397978471950040e-01
4.968020991138564213e-01
4.939538736799566898e-01
1.420397978471950040e-01
1.477362487149886938e-01
1.448880232810947355e-01
1.420397978471950040e-01
1.477362487149886938e-01
1.448880232810947355e-01
1.420397978471950040e-01
4.968020991138564213e-01
1.448880232810947355e-01
1.420397978471950040e-01
1.477362487149886938e-01
1.448880232810947355e-01
1.420397978471950040e-01
1.477362487149886938e-01
1.448880232810947355e-01
1.420397978471950040e-01
1.477362487149886938e-01
1.448880232810947355e-01
1.420397978471950040e-01
1.477362487149886938e-01
1.448880232810947355e-01
1.420397978471950040e-01
1.477362487149886938e-01
1.448880232810947355e-01
1.420397978471950040e-01
1.477362487149886938e-01
1.448880232810947355e-01
1.420397978471950040e-01
4.968020991138564213e-01
4.939538736799566898e-01
4.911056482460631756e-01
1.477362487149886938e-01
1.448880232810947355e-01
1.420397978471950040e-01
4.968020991138564213e-01
4.939538736799566898e-01
4.911056482460631756e-01
1.359002896896823742e-01
-7.066725990379563171e-02
1.298240754306929645e-01
1.359002896896823742e-01
-7.066725990379563171e-02
1.298240754306929645e-01
1.359002896896823742e-01
-7.066725990379563171e-02
1.298240754306929645e-01
-2.829787307889586323e-01
-7.066725990379563171e-02
-2.890549450479413807e-01
1.359002896896823742e-01
3.220318217949307282e-01
1.298240754306929645e-01
1.359002896896823742e-01
3.220318217949307282e-01
1.298240754306929645e-01
1.359002896896823742e-01
-7.066725990379563171e-02
1.298240754306929645e-01
1.359002896896823742e-01
-7.066725990379563171e-02
1.298240754306929645e-01
1.359002896896823742e-01
3.220318217949307282e-01
1.298240754306929645e-01
1.359002896896823742e-01
-7.066725990379563171e-02
1.298240754306929645e-01
1.359002896896823742e-01
3.220318217949307282e-01
1.298240754306929645e-01
1.359002896896823742e-01
-7.066725990379563171e-02
1.298240754306929645e-01
1.359002896896823742e-01
3.220318217949307282e-01
1.298240754306929645e-01
1.359002896896823742e-01
3.220318217949307282e-01
1.298240754306929645e-01
1.359002896896823742e-01
-7.066725990379563171e-02
1.298240754306929645e-01
1.359002896896823742e-01
-7.066725990379563171e-02
-2.890549450479413807e-01
1.359002896896823742e-01
-7.066725990379563171e-02
1.298240754306929645e-01
1.359002896896823742e-01
-7.066725990379563171e-02
1.298240754306929645e-01
1.359002896896823742e-01
-7.066725990379563171e-02
-2.890549450479413807e-01
1.359002896896823742e-01
-7.066725990379563171e-02
1.298240754306929645e-01
-2.829787307889586323e-01
-7.066725990379563171e-02
-2.890549450479413807e-01
1.359002896896823742e-01
-7.066725990379563171e-02
1.298240754306929645e-01
-2.829787307889586323e-01
-7.066725990379563171e-02
-2.890549450479413807e-01
1.359002896896823742e-01
3.220318217949307282e-01
1.298240754306929645e-01
1.359002896896823742e-01
-7.066725990379563171e-02
1.298240754306929645e-01
1.359002896896823742e-01
3.220318217949307282e-01
1.298240754306929645e-01
1.359002896896823742e-01
3.220318217949307282e-01
1.298240754306929645e-01
1.359002896896823742e-01
-7.066725990379563171e-02
1.298240754306929645e-01
1.359002896896823742e-01
-7.066725990379563171e-02
1.298240754306929645e-01
1.359002896896823742e-01
-7.066725990379563171e-02
1.298240754306929645e-01
1.359002896896823742e-01
3.220318217949307282e-01
1.298240754306929645e-01
5.543995467771294372e-01
3.220318217949307282e-01
5.487030959093344151e-01
1.359002896896823742e-01
3.220318217949307282e-01
1.298240754306929645e-01
1.359002896896823742e-01
3.220318217949307282e-01
1.298240754306929645e-01
1.359002896896823742e-01
-7.066725990379563171e-02
-2.890549450479413807e-01
1.359002896896823742e-01
3.220318217949307282e-01
1.298240754306929645e-01
1.359002896896823742e-01
-7.066725990379563171e-02
-2.890549450479413807e-01
1.359002896896823742e-01
-7.066725990379563171e-02
1.298240754306929645e-01
1.359002896896823742e-01
-7.066725990379563171e-02
1.298240754306929645e-01
1.359002896896823742e-01
-7.066725990379563171e-02
1.298240754306929645e-01
2.821566657203535833e-01
7.913683221881173679e-02
-1.162388668461584729e-01
2.821566657203535833e-01
7.913683221881173679e-02
-1.162388668461584729e-01
2.821566657203535833e-01
7.913683221881173679e-02
2.764602148525607817e-01
2.821566657203535833e-01
7.913683221881173679e-02
-1.162388668461584729e-01
2.821566657203535833e-01
7.913683221881173679e-02
-1.162388668461584729e-01
2.821566657203535833e-01
7.913683221881173679e-02
-1.162388668461584729e-01
2.821566657203535833e-01
7.913683221881173679e-02
-1.162388668461584729e-01
2.821566657203535833e-01
7.913683221881173679e-02
2.764602148525607817e-01
2.821566657203535833e-01
7.913683221881173679e-02
-1.162388668461584729e-01
2.821566657203535833e-01
7.913683221881173679e-02
-1.162388668461584729e-01
2.821566657203535833e-01
7.913683221881173679e-02
-1.162388668461584729e-01
2.821566657203535833e-01
7.913683221881173679e-02
-1.162388668461584729e-01
2.821566657203535833e-01
7.913683221881173679e-02
-1.162388668461584729e-01
2.821566657203535833e-01
7.913683221881173679e-02
-1.162388668461584729e-01
2.821566657203535833e-01
7.913683221881173679e-02
-1.162388668461584729e-01
2.821566657203535833e-01
7.913683221881173679e-02
-1.162388668461584729e-01
2.821566657203535833e-01
7.913683221881173679e-02
-1.162388668461584729e-01
2.821566657203535833e-01
7.913683221881173679e-02
-1.162388668461584729e-01
2.821566657203535833e-01
7.913683221881173679e-02
-1.162388668461584729e-01
2.821566657203535833e-01
4.487359679352600494e-01
2.764602148525607817e-01
2.821566657203535833e-01
7.913683221881173679e-02
-1.162388668461584729e-01
-1.101863877991351437e-01
-2.904623034976303586e-01
-5.085819203656471998e-01
2.821566657203535833e-01
7.913683221881173679e-02
2.764602148525607817e-01
2.821566657203535833e-01
7.913683221881173679e-02
-1.162388668461584729e-01
2.821566657203535833e-01
7.913683221881173679e-02
-1.162388668461584729e-01
2.821566657203535833e-01
7.913683221881173679e-02
-1.162388668461584729e-01
2.821566657203535833e-01
7.913683221881173679e-02
-1.162388668461584729e-01
2.821566657203535833e-01
7.913683221881173679e-02
-1.162388668461584729e-01
2.821566657203535833e-01
7.913683221881173679e-02
-1.162388668461584729e-01
2.821566657203535833e-01
7.913683221881173679e-02
2.764602148525607817e-01
2.821566657203535833e-01
7.913683221881173679e-02
-1.162388668461584729e-01
2.821566657203535833e-01
7.913683221881173679e-02
-1.162388668461584729e-01
2.821566657203535833e-01
7.913683221881173679e-02
-1.162388668461584729e-01
2.821566657203535833e-01
7.913683221881173679e-02
-1.162388668461584729e-01
2.821566657203535833e-01
7.913683221881173679e-02
-1.162388668461584729e-01
2.821566657203535833e-01
7.913683221881173679e-02
-1.162388668461584729e-01
2.821566657203535833e-01
7.913683221881173679e-02
-1.162388668461584729e-01
2.821566657203535833e-01
7.913683221881173679e-02
-1.162388668461584729e-01
2.821566657203535833e-01
7.913683221881173679e-02
-1.162388668461584729e-01
2.821566657203535833e-01
7.913683221881173679e-02
-1.162388668461584729e-01
1.879753542169160241e-02
4.647482605006185707e-01
2.228661062713728214e-01
4.675964859345214109e-01
4.647482605006185707e-01
2.228661062713728214e-01
1.879753542169160241e-02
1.594930998779631182e-02
-1.960129142072610797e-01
1.879753542169160241e-02
1.594930998779631182e-02
2.228661062713728214e-01
1.879753542169160241e-02
1.594930998779631182e-02
-1.960129142072610797e-01
1.879753542169160241e-02
1.594930998779631182e-02
-1.960129142072610797e-01
1.879753542169160241e-02
1.594930998779631182e-02
-1.960129142072610797e-01
1.879753542169160241e-02
1.594930998779631182e-02
2.228661062713728214e-01
1.879753542169160241e-02
1.594930998779631182e-02
-1.960129142072610797e-01
1.879753542169160241e-02
1.594930998779631182e-02
-1.960129142072610797e-01
1.879753542169160241e-02
1.594930998779631182e-02
-1.960129142072610797e-01
1.879753542169160241e-02
4.647482605006185707e-01
2.228661062713728214e-01
1.879753542169160241e-02
1.594930998779631182e-02
-1.960129142072610797e-01
1.879753542169160241e-02
1.594930998779631182e-02
-1.960129142072610797e-01
-4.295945257434383713e-01
-4.324427511773345501e-01
-1.960129142072610797e-01
1.879753542169160241e-02
1.594930998779631182e-02
-1.960129142072610797e-01
1.879753542169160241e-02
1.594930998779631182e-02
2.228661062713728214e-01
1.879753542169160241e-02
1.594930998779631182e-02
-1.960129142072610797e-01
1.879753542169160241e-02
4.647482605006185707e-01
2.228661062713728214e-01
4.675964859345214109e-01
4.647482605006185707e-01
2.228661062713728214e-01
1.879753542169160241e-02
4.647482605006185707e-01
2.228661062713728214e-01
1.879753542169160241e-02
4.647482605006185707e-01
2.228661062713728214e-01
1.879753542169160241e-02
1.594930998779631182e-02
-1.960129142072610797e-01
1.879753542169160241e-02
4.647482605006185707e-01
2.228661062713728214e-01
1.879753542169160241e-02
1.594930998779631182e-02
2.228661062713728214e-01
1.879753542169160241e-02
4.647482605006185707e-01
2.228661062713728214e-01
1.879753542169160241e-02
1.594930998779631182e-02
2.228661062713728214e-01
1.879753542169160241e-02
1.594930998779631182e-02
2.228661062713728214e-01
1.879753542169160241e-02
1.594930998779631182e-02
-1.960129142072610797e-01
4.675964859345214109e-01
4.647482605006185707e-01
2.228661062713728214e-01
1.879753542169160241e-02
4.647482605006185707e-01
2.228661062713728214e-01
1.879753542169160241e-02
1.594930998779631182e-02
-1.960129142072610797e-01
1.879753542169160241e-02
1.594930998779631182e-02
-1.960129142072610797e-01
1.879753542169160241e-02
1.594930998779631182e-02
-1.960129142072610797e-01
1.879753542169160241e-02
1.594930998779631182e-02
-1.960129142072610797e-01
1.879753542169160241e-02
1.594930998779631182e-02
-1.960129142072610797e-01
1.879753542169160241e-02
4.647482605006185707e-01
2.228661062713728214e-01
1.879753542169160241e-02
4.647482605006185707e-01
2.228661062713728214e-01
1.879753542169160241e-02
1.594930998779631182e-02
-1.960129142072610797e-01
1.879753542169160241e-02
1.594930998779631182e-02
2.228661062713728214e-01
1.784337895025669418e-01
-7.819862523380916031e-02
-3.508614369635347785e-01
1.784337895025669418e-01
-7.819862523380916031e-02
-3.508614369635347785e-01
-3.446902818567516569e-01
-7.819862523380916031e-02
-3.508614369635347785e-01
1.784337895025669418e-01
-7.819862523380916031e-02
-3.508614369635347785e-01
-3.446902818567516569e-01
-7.819862523380916031e-02
-3.508614369635347785e-01
-3.446902818567516569e-01
-7.819862523380916031e-02
-3.508614369635347785e-01
1.784337895025669418e-01
-7.819862523380916031e-02
-3.508614369635347785e-01
1.784337895025669418e-01
-7.819862523380916031e-02
-3.508614369635347785e-01
1.784337895025669418e-01
-7.819862523380916031e-02
1.727373386347674789e-01
1.784337895025669418e-01
-7.819862523380916031e-02
-3.508614369635347785e-01
1.784337895025669418e-01
-7.819862523380916031e-02
1.727373386347674789e-01
1.784337895025669418e-01
-7.819862523380916031e-02
1.727373386347674789e-01
-3.446902818567516569e-01
-7.819862523380916031e-02
-3.508614369635347785e-01
-3.446902818567516569e-01
-5.610823834116414055e-01
-3.508614369635347785e-01
1.784337895025669418e-01
-7.819862523380916031e-02
1.727373386347674789e-01
1.784337895025669418e-01
-7.819862523380916031e-02
1.727373386347674789e-01
-3.446902818567516569e-01
-7.819862523380916031e-02
-3.508614369635347785e-01
1.784337895025669418e-01
-7.819862523380916031e-02
1.727373386347674789e-01
1.784337895025669418e-01
-7.819862523380916031e-02
1.727373386347674789e-01
1.784337895025669418e-01
-7.819862523380916031e-02
1.727373386347674789e-01
1.784337895025669418e-01
-7.819862523380916031e-02
1.727373386347674789e-01
-3.446902818567516569e-01
-5.610823834116414055e-01
-3.508614369635347785e-01
-3.446902818567516569e-01
-7.819862523380916031e-02
-3.508614369635347785e-01
1.784337895025669418e-01
-7.819862523380916031e-02
1.727373386347674789e-01
-3.446902818567516569e-01
-7.819862523380916031e-02
-3.508614369635347785e-01
-3.446902818567516569e-01
-7.819862523380916031e-02
-3.508614369635347785e-01
-3.446902818567516569e-01
-7.819862523380916031e-02
-3.508614369635347785e-01
1.784337895025669418e-01
4.051233214723155562e-01
1.727373386347674789e-01
1.784337895025669418e-01
-7.819862523380916031e-02
1.727373386347674789e-01
1.784337895025669418e-01
-7.819862523380916031e-02
-3.508614369635347785e-01
1.784337895025669418e-01
-7.819862523380916031e-02
1.727373386347674789e-01
1.784337895025669418e-01
4.051233214723155562e-01
1.727373386347674789e-01
1.784337895025669418e-01
-7.819862523380916031e-02
-3.508614369635347785e-01
1.784337895025669418e-01
-7.819862523380916031e-02
1.727373386347674789e-01
-3.446902818567516569e-01
-7.819862523380916031e-02
-3.508614369635347785e-01
-3.446902818567516569e-01
-7.819862523380916031e-02
-3.508614369635347785e-01
1.784337895025669418e-01
-7.819862523380916031e-02
-3.508614369635347785e-01
-3.446902818567516569e-01
-5.610823834116414055e-01
-3.508614369635347785e-01
1.784337895025669418e-01
-7.819862523380916031e-02
-3.508614369635347785e-01
-3.446902818567516569e-01
-7.819862523380916031e-02
-3.508614369635347785e-01
-9.309703519574297204e-02
1.058989817859563587e-01
2.939055956351905863e-01
-9.309703519574297204e-02
1.058989817859563587e-01
2.939055956351905863e-01
-9.309703519574297204e-02
1.058989817859563587e-01
2.939055956351905863e-01
-9.309703519574297204e-02
1.058989817859563587e-01
2.939055956351905863e-01
-9.309703519574297204e-02
1.058989817859563587e-01
2.939055956351905863e-01
-9.309703519574297204e-02
1.058989817859563587e-01
2.939055956351905863e-01
2.996020465029833879e-01
5.247780022645907039e-01
2.939055956351905863e-01
-9.309703519574297204e-02
1.058989817859563587e-01
2.939055956351905863e-01
-9.309703519574297204e-02
1.058989817859563587e-01
2.939055956351905863e-01
-9.309703519574297204e-02
1.058989817859563587e-01
2.939055956351905863e-01
-9.309703519574297204e-02
-3.126002753014986979e-01
-9.843745788429814070e-02
-9.309703519574297204e-02
1.058989817859563587e-01
2.939055956351905863e-01
-9.309703519574297204e-02
1.058989817859563587e-01
-9.843745788429814070e-02
2.996020465029833879e-01
1.058989817859563587e-01
2.939055956351905863e-01
2.996020465029833879e-01
5.247780022645907039e-01
6.866046773339098408e-01
-9.309703519574297204e-02
1.058989817859563587e-01
2.939055956351905863e-01
-9.309703519574297204e-02
1.058989817859563587e-01
2.939055956351905863e-01
-9.309703519574297204e-02
1.058989817859563587e-01
2.939055956351905863e-01
-9.309703519574297204e-02
1.058989817859563587e-01
2.939055956351905863e-01
-9.309703519574297204e-02
1.058989817859563587e-01
2.939055956351905863e-01
-9.309703519574297204e-02
1.058989817859563587e-01
2.939055956351905863e-01
-9.309703519574297204e-02
1.058989817859563587e-01
2.939055956351905863e-01
-9.309703519574297204e-02
1.058989817859563587e-01
2.939055956351905863e-01
2.996020465029833879e-01
5.247780022645907039e-01
6.866046773339098408e-01
-9.309703519574297204e-02
1.058989817859563587e-01
2.939055956351905863e-01
2.996020465029833879e-01
5.247780022645907039e-01
2.939055956351905863e-01
-9.309703519574297204e-02
1.058989817859563587e-01
2.939055956351905863e-01
-9.309703519574297204e-02
1.058989817859563587e-01
2.939055956351905863e-01
-9.309703519574297204e-02
1.058989817859563587e-01
2.939055956351905863e-01
-9.309703519574297204e-02
-3.126002753014986979e-01
-9.843745788429814070e-02
-9.309703519574297204e-02
1.058989817859563587e-01
-9.843745788429814070e-02
-9.309703519574297204e-02
1.058989817859563587e-01
-9.843745788429814070e-02
-9.309703519574297204e-02
1.058989817859563587e-01
-9.843745788429814070e-02
-9.309703519574297204e-02
1.058989817859563587e-01
2.939055956351905863e-01
-9.309703519574297204e-02
1.058989817859563587e-01
2.939055956351905863e-01
-9.309703519574297204e-02
-3.126002753014986979e-01
-9.843745788429814070e-02
2.996020465029833879e-01
1.058989817859563587e-01
2.939055956351905863e-01
2.996020465029833879e-01
1.058989817859563587e-01
2.939055956351905863e-01
-4.854400887152250377e-01
-3.126002753014986979e-01
-9.843745788429814070e-02
-4.854400887152250377e-01
-3.126002753014986979e-01
-9.843745788429814070e-02
3.588688802507933318e-02
3.303866259118315440e-02
-4.186085133555428328e-01
3.588688802507933318e-02
3.303866259118315440e-02
3.019043715728741972e-02
3.588688802507933318e-02
3.303866259118315440e-02
3.019043715728741972e-02
-4.129120624877433698e-01
-4.157602879216470981e-01
-4.186085133555428328e-01
3.588688802507933318e-02
3.303866259118315440e-02
3.019043715728741972e-02
3.588688802507933318e-02
3.303866259118315440e-02
-4.186085133555428328e-01
3.588688802507933318e-02
3.303866259118315440e-02
3.019043715728741972e-02
-4.129120624877433698e-01
-4.157602879216470981e-01
-4.186085133555428328e-01
-4.129120624877433698e-01
-4.157602879216470981e-01
-4.186085133555428328e-01
-4.129120624877433698e-01
-4.157602879216470981e-01
-4.186085133555428328e-01
3.588688802507933318e-02
3.303866259118315440e-02
3.019043715728741972e-02
3.588688802507933318e-02
3.303866259118315440e-02
3.019043715728741972e-02
3.588688802507933318e-02
3.303866259118315440e-02
-4.186085133555428328e-01
-4.129120624877433698e-01
-4.157602879216470981e-01
-4.186085133555428328e-01
3.588688802507933318e-02
3.303866259118315440e-02
3.019043715728741972e-02
-4.129120624877433698e-01
-4.157602879216470981e-01
-4.186085133555428328e-01
-4.129120624877433698e-01
-4.157602879216470981e-01
-4.186085133555428328e-01
3.588688802507933318e-02
3.303866259118315440e-02
3.019043715728741972e-02
-4.129120624877433698e-01
-4.157602879216470981e-01
-4.186085133555428328e-01
3.588688802507933318e-02
3.303866259118315440e-02
3.019043715728741972e-02
3.588688802507933318e-02
3.303866259118315440e-02
3.019043715728741972e-02
3.588688802507933318e-02
3.303866259118315440e-02
3.019043715728741972e-02
3.588688802507933318e-02
3.303866259118315440e-02
3.019043715728741972e-02
-4.129120624877433698e-01
-4.157602879216470981e-01
-4.186085133555428328e-01
-4.129120624877433698e-01
-4.157602879216470981e-01
-4.186085133555428328e-01
3.588688802507933318e-02
3.303866259118315440e-02
3.019043715728741972e-02
-4.129120624877433698e-01
-4.157602879216470981e-01
-4.186085133555428328e-01
-4.129120624877433698e-01
-4.157602879216470981e-01
-4.186085133555428328e-01
-4.129120624877433698e-01
-4.157602879216470981e-01
-4.186085133555428328e-01
3.588688802507933318e-02
3.303866259118315440e-02
3.019043715728741972e-02
3.588688802507933318e-02
3.303866259118315440e-02
3.019043715728741972e-02
3.588688802507933318e-02
3.303866259118315440e-02
3.019043715728741972e-02
3.588688802507933318e-02
3.303866259118315440e-02
3.019043715728741972e-02
3.588688802507933318e-02
3.303866259118315440e-02
-4.186085133555428328e-01
3.588688802507933318e-02
3.303866259118315440e-02
3.019043715728741972e-02
-4.129120624877433698e-01
-4.157602879216470981e-01
-4.186085133555428328e-01
-4.129120624877433698e-01
-4.157602879216470981e-01
-4.186085133555428328e-01
3.588688802507933318e-02
3.303866259118315440e-02
3.019043715728741972e-02
-4.129120624877433698e-01
-4.157602879216470981e-01
-4.186085133555428328e-01
-4.129120624877433698e-01
-4.157602879216470981e-01
-4.186085133555428328e-01
-3.674760853279410711e-01
-9.879348606353799411e-02
-1.018608057615839613e-01
1.561226902703514163e-01
3.840902721142942511e-01
-1.018608057615839613e-01
1.561226902703514163e-01
-9.879348606353799411e-02
-1.018608057615839613e-01
1.561226902703514163e-01
-9.879348606353799411e-02
-1.018608057615839613e-01
1.561226902703514163e-01
-9.879348606353799411e-02
-1.018608057615839613e-01
1.561226902703514163e-01
-9.879348606353799411e-02
-1.018608057615839613e-01
1.561226902703514163e-01
-9.879348606353799411e-02
-1.018608057615839613e-01
1.561226902703514163e-01
-9.879348606353799411e-02
-1.018608057615839613e-01
1.561226902703514163e-01
3.840902721142942511e-01
-1.018608057615839613e-01
-3.674760853279410711e-01
-5.821154327696627107e-01
-5.847445639394162065e-01
-3.674760853279410711e-01
-9.879348606353799411e-02
-5.847445639394162065e-01
-3.674760853279410711e-01
-9.879348606353799411e-02
-5.847445639394162065e-01
1.561226902703514163e-01
-9.879348606353799411e-02
-1.018608057615839613e-01
1.561226902703514163e-01
3.840902721142942511e-01
-1.018608057615839613e-01
-3.674760853279410711e-01
-9.879348606353799411e-02
-1.018608057615839613e-01
1.561226902703514163e-01
3.840902721142942511e-01
-1.018608057615839613e-01
1.561226902703514163e-01
3.840902721142942511e-01
-1.018608057615839613e-01
1.561226902703514163e-01
-9.879348606353799411e-02
-1.018608057615839613e-01
1.561226902703514163e-01
-9.879348606353799411e-02
-1.018608057615839613e-01
1.561226902703514163e-01
-9.879348606353799411e-02
-1.018608057615839613e-01
1.561226902703514163e-01
3.840902721142942511e-01
3.814611409445407553e-01
-3.674760853279410711e-01
-9.879348606353799411e-02
-1.018608057615839613e-01
1.561226902703514163e-01
3.840902721142942511e-01
-1.018608057615839613e-01
1.561226902703514163e-01
-9.879348606353799411e-02
-1.018608057615839613e-01
1.561226902703514163e-01
-9.879348606353799411e-02
-1.018608057615839613e-01
1.561226902703514163e-01
-9.879348606353799411e-02
-1.018608057615839613e-01
-3.674760853279410711e-01
-9.879348606353799411e-02
-1.018608057615839613e-01
-3.674760853279410711e-01
-9.879348606353799411e-02
-5.847445639394162065e-01
1.561226902703514163e-01
-9.879348606353799411e-02
-1.018608057615839613e-01
1.561226902703514163e-01
-9.879348606353799411e-02
-1.018608057615839613e-01
1.561226902703514163e-01
-9.879348606353799411e-02
-1.018608057615839613e-01
-3.674760853279410711e-01
-9.879348606353799411e-02
-1.018608057615839613e-01
-3.674760853279410711e-01
-9.879348606353799411e-02
-1.018608057615839613e-01
1.561226902703514163e-01
-9.879348606353799411e-02
-1.018608057615839613e-01
1.561226902703514163e-01
3.840902721142942511e-01
-1.018608057615839613e-01
1.561226902703514163e-01
-9.879348606353799411e-02
-1.018608057615839613e-01
-3.674760853279410711e-01
-9.879348606353799411e-02
-1.018608057615839613e-01
1.561226902703514163e-01
3.840902721142942511e-01
-1.018608057615839613e-01
1.561226902703514163e-01
-9.879348606353799411e-02
-1.018608057615839613e-01
1.561226902703514163e-01
-9.879348606353799411e-02
-1.018608057615839613e-01
