-1.137057907173621984e-01
2.761450655474573246e-01
2.729408119343199601e-01
-1.137057907173621984e-01
2.761450655474573246e-01
2.729408119343199601e-01
-1.137057907173621984e-01
-1.165540161512685913e-01
2.729408119343199601e-01
-1.137057907173621984e-01
-1.165540161512685913e-01
2.729408119343199601e-01
-1.137057907173621984e-01
-1.165540161512685913e-01
-1.194022415851621055e-01
-1.137057907173621984e-01
2.761450655474573246e-01
2.729408119343199601e-01
2.789932909813641615e-01
2.761450655474573246e-01
2.729408119343199601e-01
-1.137057907173621984e-01
-1.165540161512685913e-01
2.729408119343199601e-01
-5.060488442368584749e-01
-1.165540161512685913e-01
-1.194022415851621055e-01
2.789932909813641615e-01
2.761450655474573246e-01
2.729408119343199601e-01
2.789932909813641615e-01
2.761450655474573246e-01
2.729408119343199601e-01
-1.137057907173621984e-01
-1.165540161512685913e-01
-1.194022415851621055e-01
-1.137057907173621984e-01
2.761450655474573246e-01
2.729408119343199601e-01
-1.137057907173621984e-01
-1.165540161512685913e-01
2.729408119343199601e-01
-1.137057907173621984e-01
2.761450655474573246e-01
2.729408119343199601e-01
-1.137057907173621984e-01
2.761450655474573246e-01
2.729408119343199601e-01
-1.137057907173621984e-01
-1.165540161512685913e-01
2.729408119343199601e-01
-1.137057907173621984e-01
-1.165540161512685913e-01
2.729408119343199601e-01
-1.137057907173621984e-01
-1.165540161512685913e-01
2.729408119343199601e-01
-1.137057907173621984e-01
2.761450655474573246e-01
2.729408119343199601e-01
2.789932909813641615e-01
2.761450655474573246e-01
2.729408119343199601e-01
2.789932909813641615e-01
2.761450655474573246e-01
2.729408119343199601e-01
-1.137057907173621984e-01
-1.165540161512685913e-01
-1.194022415851621055e-01
-1.137057907173621984e-01
-1.165540161512685913e-01
2.729408119343199601e-01
-1.137057907173621984e-01
-1.165540161512685913e-01
2.729408119343199601e-01
-1.137057907173621984e-01
-1.165540161512685913e-01
-1.194022415851621055e-01
-1.137057907173621984e-01
2.761450655474573246e-01
2.729408119343199601e-01
2.789932909813641615e-01
2.761450655474573246e-01
2.729408119343199601e-01
-1.137057907173621984e-01
-1.165540161512685913e-01
-1.194022415851621055e-01
-1.137057907173621984e-01
2.761450655474573246e-01
2.729408119343199601e-01
-1.137057907173621984e-01
-1.165540161512685913e-01
2.729408119343199601e-01
-1.137057907173621984e-01
-1.165540161512685913e-01
2.729408119343199601e-01
-1.137057907173621984e-01
2.761450655474573246e-01
2.729408119343199601e-01
-1.137057907173621984e-01
-1.165540161512685913e-01
-1.194022415851621055e-01
-1.137057907173621984e-01
-1.165540161512685913e-01
2.729408119343199601e-01
2.789932909813641615e-01
2.761450655474573246e-01
2.729408119343199601e-01
-1.137057907173621984e-01
-1.165540161512685913e-01
-1.194022415851621055e-01
-1.137057907173621984e-01
-1.165540161512685913e-01
-1.194022415851621055e-01
2.789932909813641615e-01
2.761450655474573246e-01
2.729408119343199601e-01
-1.137057907173621984e-01
-1.165540161512685913e-01
-1.194022415851621055e-01
2.141961623601731368e-01
2.113479369262822871e-01
2.084997114923776707e-01
2.141961623601731368e-01
2.113479369262822871e-01
2.084997114923776707e-01
2.141961623601731368e-01
2.113479369262822871e-01
2.084997114923776707e-01
2.141961623601731368e-01
2.113479369262822871e-01
2.084997114923776707e-01
2.141961623601731368e-01
2.113479369262822871e-01
2.084997114923776707e-01
2.141961623601731368e-01
2.113479369262822871e-01
2.084997114923776707e-01
2.141961623601731368e-01
2.113479369262822871e-01
2.084997114923776707e-01
-3.089279089991454619e-01
-3.117761344330363116e-01
-3.146243598669404840e-01
2.141961623601731368e-01
2.113479369262822871e-01
2.084997114923776707e-01
2.141961623601731368e-01
2.113479369262822871e-01
2.084997114923776707e-01
-3.089279089991454619e-01
-3.117761344330363116e-01
-3.146243598669404840e-01
2.141961623601731368e-01
2.113479369262822871e-01
2.084997114923776707e-01
2.141961623601731368e-01
2.113479369262822871e-01
2.084997114923776707e-01
2.141961623601731368e-01
2.113479369262822871e-01
2.084997114923776707e-01
2.141961623601731368e-01
2.113479369262822871e-01
2.084997114923776707e-01
-3.089279089991454619e-01
-3.117761344330363116e-01
-3.146243598669404840e-01
2.141961623601731368e-01
2.113479369262822871e-01
2.084997114923776707e-01
2.141961623601731368e-01
2.113479369262822871e-01
2.084997114923776707e-01
2.141961623601731368e-01
2.113479369262822871e-01
2.084997114923776707e-01
2.141961623601731368e-01
2.113479369262822871e-01
2.084997114923776707e-01
2.141961623601731368e-01
2.113479369262822871e-01
2.084997114923776707e-01
7.377949379584749501e-01
7.349467125245752186e-01
7.316237828516953812e-01
2.141961623601731368e-01
2.113479369262822871e-01
2.084997114923776707e-01
2.141961623601731368e-01
2.113479369262822871e-01
2.084997114923776707e-01
2.141961623601731368e-01
2.113479369262822871e-01
2.084997114923776707e-01
2.141961623601731368e-01
2.113479369262822871e-01
2.084997114923776707e-01
-3.089279089991454619e-01
-3.117761344330363116e-01
-3.146243598669404840e-01
2.141961623601731368e-01
2.113479369262822871e-01
2.084997114923776707e-01
2.141961623601731368e-01
2.113479369262822871e-01
2.084997114923776707e-01
2.141961623601731368e-01
2.113479369262822871e-01
2.084997114923776707e-01
2.141961623601731368e-01
2.113479369262822871e-01
2.084997114923776707e-01
-3.089279089991454619e-01
-3.117761344330363116e-01
-3.146243598669404840e-01
2.141961623601731368e-01
2.113479369262822871e-01
2.084997114923776707e-01
2.141961623601731368e-01
2.113479369262822871e-01
2.084997114923776707e-01
2.141961623601731368e-01
2.113479369262822871e-01
2.084997114923776707e-01
2.141961623601731368e-01
2.113479369262822871e-01
2.084997114923776707e-01
2.141961623601731368e-01
2.113479369262822871e-01
2.084997114923776707e-01
-3.089279089991454619e-01
-3.117761344330363116e-01
-3.146243598669404840e-01
2.141961623601731368e-01
2.113479369262822871e-01
2.084997114923776707e-01
2.141961623601731368e-01
2.113479369262822871e-01
2.084997114923776707e-01
1.609343467462736044e-01
1.582760030079630731e-01
-4.890866209618227600e-02
1.609343467462736044e-01
5.767752600954247910e-01
3.437904196025440839e-01
1.609343467462736044e-01
1.582760030079630731e-01
-4.890866209618227600e-02
1.609343467462736044e-01
1.582760030079630731e-01
-4.890866209618227600e-02
1.609343467462736044e-01
1.582760030079630731e-01
-4.890866209618227600e-02
1.609343467462736044e-01
1.582760030079630731e-01
-4.890866209618227600e-02
1.609343467462736044e-01
1.582760030079630731e-01
3.437904196025440839e-01
1.609343467462736044e-01
1.582760030079630731e-01
3.437904196025440839e-01
1.609343467462736044e-01
1.582760030079630731e-01
-4.890866209618227600e-02
1.609343467462736044e-01
1.582760030079630731e-01
3.437904196025440839e-01
1.609343467462736044e-01
1.582760030079630731e-01
-4.890866209618227600e-02
1.609343467462736044e-01
1.582760030079630731e-01
-4.890866209618227600e-02
1.609343467462736044e-01
1.582760030079630731e-01
-4.890866209618227600e-02
1.609343467462736044e-01
1.582760030079630731e-01
-4.890866209618227600e-02
1.609343467462736044e-01
5.767752600954247910e-01
3.437904196025440839e-01
1.609343467462736044e-01
1.582760030079630731e-01
3.437904196025440839e-01
1.609343467462736044e-01
1.582760030079630731e-01
-4.890866209618227600e-02
1.609343467462736044e-01
1.582760030079630731e-01
-4.890866209618227600e-02
1.609343467462736044e-01
5.767752600954247910e-01
3.437904196025440839e-01
1.609343467462736044e-01
1.582760030079630731e-01
-4.890866209618227600e-02
1.609343467462736044e-01
1.582760030079630731e-01
-4.890866209618227600e-02
1.609343467462736044e-01
5.767752600954247910e-01
3.437904196025440839e-01
1.609343467462736044e-01
1.582760030079630731e-01
-4.890866209618227600e-02
1.609343467462736044e-01
1.582760030079630731e-01
3.437904196025440839e-01
-2.579446737323607408e-01
1.582760030079630731e-01
-4.890866209618227600e-02
1.609343467462736044e-01
1.582760030079630731e-01
-4.890866209618227600e-02
-2.579446737323607408e-01
1.582760030079630731e-01
-4.890866209618227600e-02
1.609343467462736044e-01
1.582760030079630731e-01
-4.890866209618227600e-02
1.609343467462736044e-01
1.582760030079630731e-01
-4.890866209618227600e-02
1.609343467462736044e-01
1.582760030079630731e-01
3.437904196025440839e-01
1.609343467462736044e-01
1.582760030079630731e-01
-4.890866209618227600e-02
1.609343467462736044e-01
1.582760030079630731e-01
-4.890866209618227600e-02
1.609343467462736044e-01
5.767752600954247910e-01
3.437904196025440839e-01
1.609343467462736044e-01
1.582760030079630731e-01
-4.890866209618227600e-02
-2.579446737323607408e-01
-2.606030174706632785e-01
-4.416077437949090800e-01
1.609343467462736044e-01
1.582760030079630731e-01
-4.890866209618227600e-02
-2.579446737323607408e-01
1.582760030079630731e-01
-4.890866209618227600e-02
1.609343467462736044e-01
1.582760030079630731e-01
-4.890866209618227600e-02
1.609343467462736044e-01
1.582760030079630731e-01
-4.890866209618227600e-02
1.609343467462736044e-01
1.582760030079630731e-01
-4.890866209618227600e-02
-2.638310062957498481e-01
-8.094886276343249421e-03
-2.695274571635497551e-01
-2.638310062957498481e-01
-8.094886276343249421e-03
-2.695274571635497551e-01
-2.638310062957498481e-01
-5.787756913955992566e-01
-2.695274571635497551e-01
-2.638310062957498481e-01
-5.787756913955992566e-01
-2.695274571635497551e-01
-2.638310062957498481e-01
-8.094886276343249421e-03
-2.695274571635497551e-01
-2.638310062957498481e-01
-8.094886276343249421e-03
-2.695274571635497551e-01
-2.638310062957498481e-01
-5.787756913955992566e-01
-2.695274571635497551e-01
-2.638310062957498481e-01
-8.094886276343249421e-03
-2.695274571635497551e-01
-2.638310062957498481e-01
-5.787756913955992566e-01
-2.695274571635497551e-01
-2.638310062957498481e-01
-8.094886276343249421e-03
-2.695274571635497551e-01
-2.638310062957498481e-01
-8.094886276343249421e-03
-2.695274571635497551e-01
-2.638310062957498481e-01
-5.787756913955992566e-01
-2.695274571635497551e-01
-2.638310062957498481e-01
-8.094886276343249421e-03
-2.695274571635497551e-01
-2.638310062957498481e-01
-8.094886276343249421e-03
-2.695274571635497551e-01
2.597677693025426393e-01
-8.094886276343249421e-03
2.540713184347431763e-01
2.597677693025426393e-01
-8.094886276343249421e-03
2.540713184347431763e-01
-2.638310062957498481e-01
-8.094886276343249421e-03
-2.695274571635497551e-01
-2.638310062957498481e-01
-5.787756913955992566e-01
-2.695274571635497551e-01
-2.638310062957498481e-01
-5.787756913955992566e-01
-2.695274571635497551e-01
2.597677693025426393e-01
-8.094886276343249421e-03
2.540713184347431763e-01
-2.638310062957498481e-01
-8.094886276343249421e-03
-2.695274571635497551e-01
-2.638310062957498481e-01
-8.094886276343249421e-03
-2.695274571635497551e-01
-2.638310062957498481e-01
-5.787756913955992566e-01
-2.695274571635497551e-01
2.597677693025426393e-01
-8.094886276343249421e-03
2.540713184347431763e-01
-2.638310062957498481e-01
-8.094886276343249421e-03
-2.695274571635497551e-01
-2.638310062957498481e-01
-8.094886276343249421e-03
-2.695274571635497551e-01
-2.638310062957498481e-01
-8.094886276343249421e-03
-2.695274571635497551e-01
-2.638310062957498481e-01
-8.094886276343249421e-03
-2.695274571635497551e-01
2.597677693025426393e-01
-8.094886276343249421e-03
2.540713184347431763e-01
2.597677693025426393e-01
-8.094886276343249421e-03
2.540713184347431763e-01
2.597677693025426393e-01
-8.094886276343249421e-03
2.540713184347431763e-01
-2.638310062957498481e-01
-5.787756913955992566e-01
-2.695274571635497551e-01
2.597677693025426393e-01
-8.094886276343249421e-03
2.540713184347431763e-01
-2.638310062957498481e-01
-8.094886276343249421e-03
-2.695274571635497551e-01
-2.638310062957498481e-01
-5.787756913955992566e-01
-2.695274571635497551e-01
-2.638310062957498481e-01
-5.787756913955992566e-01
-2.695274571635497551e-01
-2.638310062957498481e-01
-8.094886276343249421e-03
-2.695274571635497551e-01
-2.638310062957498481e-01
-8.094886276343249421e-03
-2.695274571635497551e-01
-2.638310062957498481e-01
-5.787756913955992566e-01
-2.695274571635497551e-01
-2.638310062957498481e-01
-5.787756913955992566e-01
-2.695274571635497551e-01
-1.393124328394277356e-01
-1.419415640091812314e-01
-1.450088837072187609e-01
-1.393124328394277356e-01
-1.419415640091812314e-01
-1.450088837072187609e-01
-1.393124328394277356e-01
-1.419415640091812314e-01
3.383130629988886362e-01
-1.393124328394277356e-01
-1.419415640091812314e-01
-1.450088837072187609e-01
3.435713253384045096e-01
8.242641408747668486e-01
8.211968211767297632e-01
-1.393124328394277356e-01
-1.419415640091812314e-01
-1.450088837072187609e-01
-1.393124328394277356e-01
-1.419415640091812314e-01
3.383130629988886362e-01
-1.393124328394277356e-01
3.409421941686510138e-01
3.383130629988886362e-01
3.435713253384045096e-01
3.409421941686510138e-01
3.383130629988886362e-01
-1.393124328394277356e-01
-1.419415640091812314e-01
-1.450088837072187609e-01
3.435713253384045096e-01
3.409421941686510138e-01
3.383130629988886362e-01
-1.393124328394277356e-01
-1.419415640091812314e-01
-1.450088837072187609e-01
-1.393124328394277356e-01
-1.419415640091812314e-01
-1.450088837072187609e-01
-1.393124328394277356e-01
-1.419415640091812314e-01
-1.450088837072187609e-01
-1.393124328394277356e-01
-1.419415640091812314e-01
3.383130629988886362e-01
-1.393124328394277356e-01
3.409421941686510138e-01
3.383130629988886362e-01
3.435713253384045096e-01
3.409421941686510138e-01
3.383130629988886362e-01
3.435713253384045096e-01
3.409421941686510138e-01
3.383130629988886362e-01
-1.393124328394277356e-01
-1.419415640091812314e-01
-1.450088837072187609e-01
-1.393124328394277356e-01
-1.419415640091812314e-01
-1.450088837072187609e-01
-1.393124328394277356e-01
-1.419415640091812314e-01
3.383130629988886362e-01
-1.393124328394277356e-01
-1.419415640091812314e-01
-1.450088837072187609e-01
-1.393124328394277356e-01
3.409421941686510138e-01
3.383130629988886362e-01
-1.393124328394277356e-01
-1.419415640091812314e-01
-1.450088837072187609e-01
-1.393124328394277356e-01
-1.419415640091812314e-01
-1.450088837072187609e-01
-1.393124328394277356e-01
-1.419415640091812314e-01
-1.450088837072187609e-01
-1.393124328394277356e-01
-1.419415640091812314e-01
-1.450088837072187609e-01
-1.393124328394277356e-01
-1.419415640091812314e-01
-1.450088837072187609e-01
-1.393124328394277356e-01
-1.419415640091812314e-01
3.383130629988886362e-01
-1.393124328394277356e-01
-1.419415640091812314e-01
-1.450088837072187609e-01
3.435713253384045096e-01
3.409421941686510138e-01
3.383130629988886362e-01
-1.393124328394277356e-01
-1.419415640091812314e-01
-1.450088837072187609e-01
-6.221961910172599808e-01
-1.419415640091812314e-01
-1.450088837072187609e-01
-1.393124328394277356e-01
3.409421941686510138e-01
3.383130629988886362e-01
-1.393124328394277356e-01
-1.419415640091812314e-01
-1.450088837072187609e-01
-1.393124328394277356e-01
-1.419415640091812314e-01
-1.450088837072187609e-01
-1.393124328394277356e-01
-1.419415640091812314e-01
-1.450088837072187609e-01
3.435713253384045096e-01
3.409421941686510138e-01
3.383130629988886362e-01
-1.393124328394277356e-01
-1.419415640091812314e-01
3.383130629988886362e-01
-1.393124328394277356e-01
-1.419415640091812314e-01
-1.450088837072187609e-01
1.380315861804737310e-02
2.213167259449164703e-01
7.699818402551183993e-03
1.380315861804737310e-02
-1.975622945337169867e-01
-4.406922427625867833e-01
1.380315861804737310e-02
-1.975622945337169867e-01
-4.406922427625867833e-01
1.380315861804737310e-02
2.213167259449164703e-01
7.699818402551183993e-03
1.380315861804737310e-02
2.213167259449164703e-01
7.699818402551183993e-03
1.380315861804737310e-02
2.213167259449164703e-01
7.699818402551183993e-03
1.380315861804737310e-02
2.213167259449164703e-01
7.699818402551183993e-03
1.380315861804737310e-02
2.213167259449164703e-01
7.699818402551183993e-03
-4.349957918947833235e-01
-1.975622945337169867e-01
-4.406922427625867833e-01
1.380315861804737310e-02
-1.975622945337169867e-01
-4.406922427625867833e-01
1.380315861804737310e-02
-1.975622945337169867e-01
7.699818402551183993e-03
1.380315861804737310e-02
2.213167259449164703e-01
7.699818402551183993e-03
1.380315861804737310e-02
2.213167259449164703e-01
7.699818402551183993e-03
4.621952197831777909e-01
2.213167259449164703e-01
7.699818402551183993e-03
1.380315861804737310e-02
-1.975622945337169867e-01
-4.406922427625867833e-01
1.380315861804737310e-02
2.213167259449164703e-01
7.699818402551183993e-03
4.621952197831777909e-01
2.213167259449164703e-01
7.699818402551183993e-03
1.380315861804737310e-02
-1.975622945337169867e-01
7.699818402551183993e-03
1.380315861804737310e-02
-1.975622945337169867e-01
7.699818402551183993e-03
4.621952197831777909e-01
2.213167259449164703e-01
7.699818402551183993e-03
1.380315861804737310e-02
2.213167259449164703e-01
7.699818402551183993e-03
1.380315861804737310e-02
2.213167259449164703e-01
7.699818402551183993e-03
1.380315861804737310e-02
-1.975622945337169867e-01
7.699818402551183993e-03
1.380315861804737310e-02
-1.975622945337169867e-01
-4.406922427625867833e-01
1.380315861804737310e-02
2.213167259449164703e-01
7.699818402551183993e-03
1.380315861804737310e-02
2.213167259449164703e-01
7.699818402551183993e-03
1.380315861804737310e-02
-1.975622945337169867e-01
7.699818402551183993e-03
1.380315861804737310e-02
-1.975622945337169867e-01
-4.406922427625867833e-01
4.621952197831777909e-01
2.213167259449164703e-01
7.699818402551183993e-03
1.380315861804737310e-02
-1.975622945337169867e-01
7.699818402551183993e-03
1.380315861804737310e-02
2.213167259449164703e-01
7.699818402551183993e-03
1.380315861804737310e-02
-1.975622945337169867e-01
7.699818402551183993e-03
1.380315861804737310e-02
2.213167259449164703e-01
7.699818402551183993e-03
1.380315861804737310e-02
-1.975622945337169867e-01
7.699818402551183993e-03
1.380315861804737310e-02
-1.975622945337169867e-01
7.699818402551183993e-03
1.380315861804737310e-02
-1.975622945337169867e-01
-4.406922427625867833e-01
1.380315861804737310e-02
-1.975622945337169867e-01
7.699818402551183993e-03
1.380315861804737310e-02
2.213167259449164703e-01
7.699818402551183993e-03
4.621952197831777909e-01
2.213167259449164703e-01
7.699818402551183993e-03
1.380315861804737310e-02
2.213167259449164703e-01
7.699818402551183993e-03
1.696689047435664399e-01
1.666307976140690705e-01
1.639724538757700856e-01
1.696689047435664399e-01
1.666307976140690705e-01
1.639724538757700856e-01
1.696689047435664399e-01
1.666307976140690705e-01
5.824717109632171486e-01
1.696689047435664399e-01
1.666307976140690705e-01
1.639724538757700856e-01
1.696689047435664399e-01
1.666307976140690705e-01
1.639724538757700856e-01
1.696689047435664399e-01
1.666307976140690705e-01
1.639724538757700856e-01
1.696689047435664399e-01
1.666307976140690705e-01
5.824717109632171486e-01
1.696689047435664399e-01
1.666307976140690705e-01
1.639724538757700856e-01
1.696689047435664399e-01
1.666307976140690705e-01
1.639724538757700856e-01
1.696689047435664399e-01
1.666307976140690705e-01
5.824717109632171486e-01
5.881681618310214965e-01
5.855098180927100771e-01
5.824717109632171486e-01
1.696689047435664399e-01
1.666307976140690705e-01
1.639724538757700856e-01
5.881681618310214965e-01
5.855098180927100771e-01
5.824717109632171486e-01
1.696689047435664399e-01
1.666307976140690705e-01
1.639724538757700856e-01
1.696689047435664399e-01
1.666307976140690705e-01
1.639724538757700856e-01
1.696689047435664399e-01
1.666307976140690705e-01
1.639724538757700856e-01
5.881681618310214965e-01
5.855098180927100771e-01
5.824717109632171486e-01
1.696689047435664399e-01
1.666307976140690705e-01
1.639724538757700856e-01
1.696689047435664399e-01
1.666307976140690705e-01
1.639724538757700856e-01
1.696689047435664399e-01
1.666307976140690705e-01
1.639724538757700856e-01
1.696689047435664399e-01
1.666307976140690705e-01
1.639724538757700856e-01
5.881681618310214965e-01
5.855098180927100771e-01
5.824717109632171486e-01
1.696689047435664399e-01
1.666307976140690705e-01
1.639724538757700856e-01
1.696689047435664399e-01
1.666307976140690705e-01
1.639724538757700856e-01
1.696689047435664399e-01
1.666307976140690705e-01
1.639724538757700856e-01
1.696689047435664399e-01
1.666307976140690705e-01
1.639724538757700856e-01
1.696689047435664399e-01
1.666307976140690705e-01
1.639724538757700856e-01
-2.492101157350674612e-01
-2.518684594733779925e-01
-2.549065666028709209e-01
1.696689047435664399e-01
1.666307976140690705e-01
1.639724538757700856e-01
1.696689047435664399e-01
1.666307976140690705e-01
1.639724538757700856e-01
1.696689047435664399e-01
1.666307976140690705e-01
1.639724538757700856e-01
1.696689047435664399e-01
1.666307976140690705e-01
1.639724538757700856e-01
1.696689047435664399e-01
1.666307976140690705e-01
1.639724538757700856e-01
1.696689047435664399e-01
1.666307976140690705e-01
1.639724538757700856e-01
1.696689047435664399e-01
1.666307976140690705e-01
1.639724538757700856e-01
1.696689047435664399e-01
1.666307976140690705e-01
1.639724538757700856e-01
1.696689047435664399e-01
1.666307976140690705e-01
1.639724538757700856e-01
5.881681618310214965e-01
5.855098180927100771e-01
5.824717109632171486e-01
1.696689047435664399e-01
1.666307976140690705e-01
1.639724538757700856e-01
1.696689047435664399e-01
5.855098180927100771e-01
5.824717109632171486e-01
7.158144599140792153e-02
-1.699856298198789695e-01
6.588499512360845856e-02
7.158144599140792153e-02
3.133363168862457471e-01
6.588499512360845856e-02
-3.772175045214218869e-01
-1.699856298198789695e-01
6.588499512360845856e-02
7.158144599140792153e-02
-1.699856298198789695e-01
6.588499512360845856e-02
7.158144599140792153e-02
3.133363168862457471e-01
6.588499512360845856e-02
7.158144599140792153e-02
3.133363168862457471e-01
6.588499512360845856e-02
-3.772175045214218869e-01
-1.699856298198789695e-01
6.588499512360845856e-02
7.158144599140792153e-02
3.133363168862457471e-01
6.588499512360845856e-02
-3.772175045214218869e-01
-1.699856298198789695e-01
-3.825070660415135215e-01
7.158144599140792153e-02
3.133363168862457471e-01
6.588499512360845856e-02
-3.772175045214218869e-01
-1.699856298198789695e-01
-3.825070660415135215e-01
7.158144599140792153e-02
-1.699856298198789695e-01
6.588499512360845856e-02
-3.772175045214218869e-01
-1.699856298198789695e-01
6.588499512360845856e-02
-3.772175045214218869e-01
-1.699856298198789695e-01
6.588499512360845856e-02
7.158144599140792153e-02
-1.699856298198789695e-01
6.588499512360845856e-02
7.158144599140792153e-02
3.133363168862457471e-01
6.588499512360845856e-02
7.158144599140792153e-02
3.133363168862457471e-01
6.588499512360845856e-02
7.158144599140792153e-02
3.133363168862457471e-01
6.588499512360845856e-02
7.158144599140792153e-02
-1.699856298198789695e-01
6.588499512360845856e-02
7.158144599140792153e-02
-1.699856298198789695e-01
6.588499512360845856e-02
7.158144599140792153e-02
3.133363168862457471e-01
6.588499512360845856e-02
7.158144599140792153e-02
3.133363168862457471e-01
6.588499512360845856e-02
7.158144599140792153e-02
-1.699856298198789695e-01
6.588499512360845856e-02
7.158144599140792153e-02
-1.699856298198789695e-01
6.588499512360845856e-02
7.158144599140792153e-02
3.133363168862457471e-01
6.588499512360845856e-02
5.199735071565378952e-01
7.962200750640779923e-01
5.142770562887304386e-01
-3.772175045214218869e-01
-1.699856298198789695e-01
-3.825070660415135215e-01
7.158144599140792153e-02
3.133363168862457471e-01
6.588499512360845856e-02
7.158144599140792153e-02
3.133363168862457471e-01
6.588499512360845856e-02
7.158144599140792153e-02
3.133363168862457471e-01
6.588499512360845856e-02
7.158144599140792153e-02
-1.699856298198789695e-01
6.588499512360845856e-02
7.158144599140792153e-02
-1.699856298198789695e-01
6.588499512360845856e-02
7.158144599140792153e-02
-1.699856298198789695e-01
6.588499512360845856e-02
7.158144599140792153e-02
3.133363168862457471e-01
6.588499512360845856e-02
7.158144599140792153e-02
-1.699856298198789695e-01
6.588499512360845856e-02
5.199735071565378952e-01
3.133363168862457471e-01
5.142770562887304386e-01
7.158144599140792153e-02
-1.699856298198789695e-01
6.588499512360845856e-02
-3.772175045214218869e-01
-1.699856298198789695e-01
-3.825070660415135215e-01
7.158144599140792153e-02
-1.699856298198789695e-01
6.588499512360845856e-02
-3.772175045214218869e-01
-1.699856298198789695e-01
-3.825070660415135215e-01
-1.386989688998281345e-01
-1.415471943337220928e-01
-7.727139504855728980e-01
-1.386989688998281345e-01
-1.415471943337220928e-01
-1.443954197676218243e-01
-1.386989688998281345e-01
-1.415471943337220928e-01
-1.443954197676218243e-01
-7.670174996177800963e-01
-7.698657250516727224e-01
-7.727139504855728980e-01
4.890499167313553386e-01
-1.415471943337220928e-01
-1.443954197676218243e-01
-1.386989688998281345e-01
-1.415471943337220928e-01
-7.727139504855728980e-01
-1.386989688998281345e-01
-1.415471943337220928e-01
-1.443954197676218243e-01
-1.386989688998281345e-01
-1.415471943337220928e-01
-1.443954197676218243e-01
-1.386989688998281345e-01
-1.415471943337220928e-01
-1.443954197676218243e-01
4.890499167313553386e-01
-1.415471943337220928e-01
-1.443954197676218243e-01
-1.386989688998281345e-01
-1.415471943337220928e-01
-1.443954197676218243e-01
-1.386989688998281345e-01
-1.415471943337220928e-01
-1.443954197676218243e-01
-1.386989688998281345e-01
-1.415471943337220928e-01
-1.443954197676218243e-01
4.890499167313553386e-01
4.862016912974600480e-01
-1.443954197676218243e-01
-1.386989688998281345e-01
-1.415471943337220928e-01
-7.727139504855728980e-01
4.890499167313553386e-01
4.862016912974600480e-01
-1.443954197676218243e-01
-1.386989688998281345e-01
-1.415471943337220928e-01
-1.443954197676218243e-01
-1.386989688998281345e-01
-7.698657250516727224e-01
-7.727139504855728980e-01
-1.386989688998281345e-01
-1.415471943337220928e-01
-7.727139504855728980e-01
4.890499167313553386e-01
-1.415471943337220928e-01
-1.443954197676218243e-01
-1.386989688998281345e-01
-1.415471943337220928e-01
-1.443954197676218243e-01
-1.386989688998281345e-01
-1.415471943337220928e-01
-7.727139504855728980e-01
-1.386989688998281345e-01
-1.415471943337220928e-01
-1.443954197676218243e-01
-1.386989688998281345e-01
-1.415471943337220928e-01
-1.443954197676218243e-01
4.890499167313553386e-01
-1.415471943337220928e-01
-1.443954197676218243e-01
-1.386989688998281345e-01
-1.415471943337220928e-01
-1.443954197676218243e-01
-1.386989688998281345e-01
-1.415471943337220928e-01
-1.443954197676218243e-01
-1.386989688998281345e-01
-1.415471943337220928e-01
-1.443954197676218243e-01
-1.386989688998281345e-01
-7.698657250516727224e-01
-7.727139504855728980e-01
-1.386989688998281345e-01
-1.415471943337220928e-01
-1.443954197676218243e-01
-1.386989688998281345e-01
-1.415471943337220928e-01
-1.443954197676218243e-01
-1.386989688998281345e-01
-1.415471943337220928e-01
-1.443954197676218243e-01
-1.386989688998281345e-01
-7.698657250516727224e-01
-7.727139504855728980e-01
-1.386989688998281345e-01
-1.415471943337220928e-01
-1.443954197676218243e-01
-1.386989688998281345e-01
-1.415471943337220928e-01
-1.443954197676218243e-01
-1.386989688998281345e-01
-1.415471943337220928e-01
-1.443954197676218243e-01
4.890499167313553386e-01
-1.415471943337220928e-01
-1.443954197676218243e-01
-1.386989688998281345e-01
-1.415471943337220928e-01
-1.443954197676218243e-01
-7.670174996177800963e-01
-7.698657250516727224e-01
-7.727139504855728980e-01
-1.386989688998281345e-01
-1.415471943337220928e-01
-1.443954197676218243e-01
-9.654523247812685227e-02
-4.628903171759666257e-01
-1.022416833459152130e-01
-9.654523247812685227e-02
-4.628903171759666257e-01
-1.022416833459152130e-01
-9.654523247812685227e-02
-4.628903171759666257e-01
-1.022416833459152130e-01
-9.654523247812685227e-02
-4.628903171759666257e-01
-1.022416833459152130e-01
-9.654523247812685227e-02
-4.628903171759666257e-01
-7.299905689770973538e-01
-9.654523247812685227e-02
2.352413836217568388e-01
-1.022416833459152130e-01
-9.654523247812685227e-02
-4.628903171759666257e-01
-1.022416833459152130e-01
-9.654523247812685227e-02
-4.628903171759666257e-01
-1.022416833459152130e-01
-7.248637631960774819e-01
-4.628903171759666257e-01
-7.299905689770973538e-01
-9.654523247812685227e-02
-4.628903171759666257e-01
-1.022416833459152130e-01
-9.654523247812685227e-02
2.352413836217568388e-01
-1.022416833459152130e-01
5.312036531530552885e-01
2.352413836217568388e-01
-1.022416833459152130e-01
-9.654523247812685227e-02
2.352413836217568388e-01
-1.022416833459152130e-01
-9.654523247812685227e-02
-4.628903171759666257e-01
-1.022416833459152130e-01
-9.654523247812685227e-02
-4.628903171759666257e-01
-1.022416833459152130e-01
-9.654523247812685227e-02
-4.628903171759666257e-01
-1.022416833459152130e-01
-9.654523247812685227e-02
-4.628903171759666257e-01
-1.022416833459152130e-01
-9.654523247812685227e-02
-4.628903171759666257e-01
-1.022416833459152130e-01
-9.654523247812685227e-02
-4.628903171759666257e-01
-1.022416833459152130e-01
-9.654523247812685227e-02
-4.628903171759666257e-01
-1.022416833459152130e-01
-7.248637631960774819e-01
-4.628903171759666257e-01
-7.299905689770973538e-01
-9.654523247812685227e-02
-4.628903171759666257e-01
-7.299905689770973538e-01
-9.654523247812685227e-02
-4.628903171759666257e-01
-7.299905689770973538e-01
-9.654523247812685227e-02
-4.628903171759666257e-01
-1.022416833459152130e-01
-9.654523247812685227e-02
-4.628903171759666257e-01
-1.022416833459152130e-01
-9.654523247812685227e-02
-4.628903171759666257e-01
-1.022416833459152130e-01
-9.654523247812685227e-02
-4.628903171759666257e-01
-1.022416833459152130e-01
-9.654523247812685227e-02
-4.628903171759666257e-01
-1.022416833459152130e-01
-9.654523247812685227e-02
-4.628903171759666257e-01
-7.299905689770973538e-01
-9.654523247812685227e-02
2.352413836217568388e-01
-1.022416833459152130e-01
-9.654523247812685227e-02
-4.628903171759666257e-01
-1.022416833459152130e-01
-9.654523247812685227e-02
-4.628903171759666257e-01
-1.022416833459152130e-01
-9.654523247812685227e-02
2.352413836217568388e-01
-1.022416833459152130e-01
-7.248637631960774819e-01
-4.628903171759666257e-01
-7.299905689770973538e-01
-9.654523247812685227e-02
-4.628903171759666257e-01
-1.022416833459152130e-01
-9.654523247812685227e-02
-4.628903171759666257e-01
-7.299905689770973538e-01
-9.654523247812685227e-02
-4.628903171759666257e-01
-1.022416833459152130e-01
-9.654523247812685227e-02
-4.628903171759666257e-01
-1.022416833459152130e-01
-9.654523247812685227e-02
-4.628903171759666257e-01
-1.022416833459152130e-01
-9.654523247812685227e-02
-4.628903171759666257e-01
-1.022416833459152130e-01
-4.513823356248769514e-01
-1.882580914496574387e-01
-1.911063168835518411e-01
-4.513823356248769514e-01
-1.882580914496574387e-01
-1.911063168835518411e-01
1.198163286641791281e-01
4.394907941815247021e-01
4.366425687476311879e-01
1.198163286641791281e-01
-1.882580914496574387e-01
-1.911063168835518411e-01
-4.513823356248769514e-01
-8.165766221676191705e-01
-8.194248476015149052e-01
-4.513823356248769514e-01
-8.165766221676191705e-01
-1.911063168835518411e-01
-4.513823356248769514e-01
-8.165766221676191705e-01
-1.911063168835518411e-01
-4.513823356248769514e-01
-1.882580914496574387e-01
-1.911063168835518411e-01
-4.513823356248769514e-01
-8.165766221676191705e-01
-1.911063168835518411e-01
1.198163286641791281e-01
-1.882580914496574387e-01
-1.911063168835518411e-01
1.198163286641791281e-01
-1.882580914496574387e-01
-1.911063168835518411e-01
1.198163286641791281e-01
-1.882580914496574387e-01
-1.911063168835518411e-01
-4.513823356248769514e-01
-1.882580914496574387e-01
-1.911063168835518411e-01
1.198163286641791281e-01
-1.882580914496574387e-01
4.366425687476311879e-01
1.198163286641791281e-01
-1.882580914496574387e-01
-1.911063168835518411e-01
-4.513823356248769514e-01
-8.165766221676191705e-01
-1.911063168835518411e-01
1.198163286641791281e-01
-1.882580914496574387e-01
-1.911063168835518411e-01
-4.513823356248769514e-01
-8.165766221676191705e-01
-8.194248476015149052e-01
1.198163286641791281e-01
-1.882580914496574387e-01
-1.911063168835518411e-01
1.198163286641791281e-01
-1.882580914496574387e-01
-1.911063168835518411e-01
-4.513823356248769514e-01
-1.882580914496574387e-01
-1.911063168835518411e-01
1.198163286641791281e-01
-1.882580914496574387e-01
-1.911063168835518411e-01
1.198163286641791281e-01
-1.882580914496574387e-01
-1.911063168835518411e-01
1.198163286641791281e-01
-1.882580914496574387e-01
4.366425687476311879e-01
1.198163286641791281e-01
4.394907941815247021e-01
4.366425687476311879e-01
1.198163286641791281e-01
-1.882580914496574387e-01
-1.911063168835518411e-01
1.198163286641791281e-01
-1.882580914496574387e-01
-1.911063168835518411e-01
-4.513823356248769514e-01
-8.165766221676191705e-01
-1.911063168835518411e-01
-4.513823356248769514e-01
-1.882580914496574387e-01
-1.911063168835518411e-01
-4.513823356248769514e-01
-1.882580914496574387e-01
-1.911063168835518411e-01
-4.513823356248769514e-01
-1.882580914496574387e-01
-1.911063168835518411e-01
1.198163286641791281e-01
-1.882580914496574387e-01
-1.911063168835518411e-01
1.198163286641791281e-01
-1.882580914496574387e-01
-1.911063168835518411e-01
1.198163286641791281e-01
-1.882580914496574387e-01
-1.911063168835518411e-01
-4.513823356248769514e-01
-1.882580914496574387e-01
-1.911063168835518411e-01
1.198163286641791281e-01
-1.882580914496574387e-01
-1.911063168835518411e-01
1.198163286641791281e-01
-1.882580914496574387e-01
-1.911063168835518411e-01
1.198163286641791281e-01
-1.882580914496574387e-01
-1.911063168835518411e-01
-4.513823356248769514e-01
-8.165766221676191705e-01
-8.194248476015149052e-01
1.198163286641791281e-01
-1.882580914496574387e-01
-1.911063168835518411e-01
1.312092303997784981e-01
-1.757258995404979984e-01
-1.785741249743977299e-01
1.312092303997784981e-01
-1.757258995404979984e-01
-1.785741249743977299e-01
1.312092303997784981e-01
-1.757258995404979984e-01
-1.785741249743977299e-01
1.312092303997784981e-01
-1.757258995404979984e-01
-1.785741249743977299e-01
1.312092303997784981e-01
-1.757258995404979984e-01
-1.785741249743977299e-01
-4.394715747194775091e-01
-1.757258995404979984e-01
-1.785741249743977299e-01
1.312092303997784981e-01
-1.757258995404979984e-01
-1.785741249743977299e-01
1.312092303997784981e-01
-1.757258995404979984e-01
-1.785741249743977299e-01
1.312092303997784981e-01
4.525926311774526312e-01
4.497444057435528997e-01
-4.394715747194775091e-01
-8.034747851716801392e-01
-8.063230106055798707e-01
-4.394715747194775091e-01
-8.034747851716801392e-01
-8.063230106055798707e-01
1.312092303997784981e-01
-1.757258995404979984e-01
-1.785741249743977299e-01
-4.394715747194775091e-01
-8.034747851716801392e-01
-1.785741249743977299e-01
-4.394715747194775091e-01
-8.034747851716801392e-01
-8.063230106055798707e-01
1.312092303997784981e-01
-1.757258995404979984e-01
-1.785741249743977299e-01
1.312092303997784981e-01
-1.757258995404979984e-01
-1.785741249743977299e-01
-4.394715747194775091e-01
-8.034747851716801392e-01
-8.063230106055798707e-01
-4.394715747194775091e-01
-8.034747851716801392e-01
-8.063230106055798707e-01
1.312092303997784981e-01
-1.757258995404979984e-01
-1.785741249743977299e-01
-4.394715747194775091e-01
-1.757258995404979984e-01
-1.785741249743977299e-01
-4.394715747194775091e-01
-8.034747851716801392e-01
-8.063230106055798707e-01
-4.394715747194775091e-01
-8.034747851716801392e-01
-8.063230106055798707e-01
1.312092303997784981e-01
-1.757258995404979984e-01
-1.785741249743977299e-01
-4.394715747194775091e-01
-1.757258995404979984e-01
-1.785741249743977299e-01
-4.394715747194775091e-01
-8.034747851716801392e-01
-1.785741249743977299e-01
-4.394715747194775091e-01
-1.757258995404979984e-01
-1.785741249743977299e-01
-4.394715747194775091e-01
-1.757258995404979984e-01
-1.785741249743977299e-01
1.312092303997784981e-01
-1.757258995404979984e-01
-1.785741249743977299e-01
1.312092303997784981e-01
-1.757258995404979984e-01
-1.785741249743977299e-01
-4.394715747194775091e-01
-8.034747851716801392e-01
-1.785741249743977299e-01
1.312092303997784981e-01
-1.757258995404979984e-01
-1.785741249743977299e-01
1.312092303997784981e-01
-1.757258995404979984e-01
-1.785741249743977299e-01
-4.394715747194775091e-01
-1.757258995404979984e-01
-1.785741249743977299e-01
-4.394715747194775091e-01
-8.034747851716801392e-01
-8.063230106055798707e-01
1.312092303997784981e-01
-1.757258995404979984e-01
-1.785741249743977299e-01
1.312092303997784981e-01
-1.757258995404979984e-01
-1.785741249743977299e-01
1.312092303997784981e-01
-1.757258995404979984e-01
-1.785741249743977299e-01
1.312092303997784981e-01
-1.757258995404979984e-01
-1.785741249743977299e-01
-4.394715747194775091e-01
-8.034747851716801392e-01
-1.785741249743977299e-01
1.312092303997784981e-01
-1.757258995404979984e-01
-1.785741249743977299e-01
1.516934375607439378e-01
1.488452121268437622e-01
1.459969866929440308e-01
1.516934375607439378e-01
1.488452121268437622e-01
1.459969866929440308e-01
1.516934375607439378e-01
1.488452121268437622e-01
1.459969866929440308e-01
1.516934375607439378e-01
1.488452121268437622e-01
1.459969866929440308e-01
1.516934375607439378e-01
1.488452121268437622e-01
1.459969866929440308e-01
1.516934375607439378e-01
1.488452121268437622e-01
1.459969866929440308e-01
1.516934375607439378e-01
1.488452121268437622e-01
-2.027523942132742896e-01
5.004428184669498236e-01
1.488452121268437622e-01
1.459969866929440308e-01
1.516934375607439378e-01
1.488452121268437622e-01
1.459969866929440308e-01
1.516934375607439378e-01
1.488452121268437622e-01
1.459969866929440308e-01
1.516934375607439378e-01
1.488452121268437622e-01
1.459969866929440308e-01
1.516934375607439378e-01
1.488452121268437622e-01
1.459969866929440308e-01
1.516934375607439378e-01
-1.999041687793741140e-01
-2.027523942132742896e-01
1.516934375607439378e-01
1.488452121268437622e-01
1.459969866929440308e-01
1.516934375607439378e-01
1.488452121268437622e-01
1.459969866929440308e-01
1.516934375607439378e-01
1.488452121268437622e-01
1.459969866929440308e-01
1.516934375607439378e-01
1.488452121268437622e-01
1.459969866929440308e-01
1.516934375607439378e-01
-1.999041687793741140e-01
-2.027523942132742896e-01
1.516934375607439378e-01
1.488452121268437622e-01
1.459969866929440308e-01
1.516934375607439378e-01
1.488452121268437622e-01
1.459969866929440308e-01
5.004428184669498236e-01
4.979110625257110456e-01
4.950628370917997678e-01
1.516934375607439378e-01
1.488452121268437622e-01
1.459969866929440308e-01
1.516934375607439378e-01
1.488452121268437622e-01
1.459969866929440308e-01
1.516934375607439378e-01
1.488452121268437622e-01
1.459969866929440308e-01
1.516934375607439378e-01
1.488452121268437622e-01
1.459969866929440308e-01
1.516934375607439378e-01
1.488452121268437622e-01
1.459969866929440308e-01
1.516934375607439378e-01
1.488452121268437622e-01
1.459969866929440308e-01
1.516934375607439378e-01
1.488452121268437622e-01
1.459969866929440308e-01
1.516934375607439378e-01
-1.999041687793741140e-01
-2.027523942132742896e-01
1.516934375607439378e-01
1.488452121268437622e-01
1.459969866929440308e-01
1.516934375607439378e-01
1.488452121268437622e-01
1.459969866929440308e-01
1.516934375607439378e-01
1.488452121268437622e-01
1.459969866929440308e-01
1.516934375607439378e-01
1.488452121268437622e-01
1.459969866929440308e-01
-1.970559433454623921e-01
-1.999041687793741140e-01
-2.027523942132742896e-01
1.516934375607439378e-01
1.488452121268437622e-01
1.459969866929440308e-01
1.516934375607439378e-01
1.488452121268437622e-01
-2.027523942132742896e-01
-1.970559433454623921e-01
-1.999041687793741140e-01
-2.027523942132742896e-01
5.004428184669498236e-01
4.979110625257110456e-01
4.950628370917997678e-01
1.516934375607439378e-01
1.488452121268437622e-01
1.459969866929440308e-01
1.516934375607439378e-01
1.488452121268437622e-01
1.459969866929440308e-01
-6.350581744490524372e-02
1.366294897103461636e-01
-6.920226831270470669e-02
-6.350581744490524372e-02
1.366294897103461636e-01
-6.920226831270470669e-02
-6.350581744490524372e-02
-2.822495307682948429e-01
-6.920226831270470669e-02
-6.350581744490524372e-02
-2.822495307682948429e-01
-6.920226831270470669e-02
3.288372360745839273e-01
1.366294897103461636e-01
3.234968133860212092e-01
3.288372360745839273e-01
1.366294897103461636e-01
3.234968133860212092e-01
-6.350581744490524372e-02
1.366294897103461636e-01
-6.920226831270470669e-02
-6.350581744490524372e-02
1.366294897103461636e-01
-6.920226831270470669e-02
3.288372360745839273e-01
1.366294897103461636e-01
3.234968133860212092e-01
-6.350581744490524372e-02
1.366294897103461636e-01
-6.920226831270470669e-02
3.288372360745839273e-01
1.366294897103461636e-01
3.234968133860212092e-01
-6.350581744490524372e-02
1.366294897103461636e-01
-6.920226831270470669e-02
3.288372360745839273e-01
1.366294897103461636e-01
-6.920226831270470669e-02
3.288372360745839273e-01
1.366294897103461636e-01
-6.920226831270470669e-02
-6.350581744490524372e-02
1.366294897103461636e-01
-6.920226831270470669e-02
-6.350581744490524372e-02
-2.822495307682948429e-01
-6.920226831270470669e-02
-6.350581744490524372e-02
1.366294897103461636e-01
-6.920226831270470669e-02
-6.350581744490524372e-02
1.366294897103461636e-01
-6.920226831270470669e-02
-6.350581744490524372e-02
-2.822495307682948429e-01
-6.920226831270470669e-02
-6.350581744490524372e-02
1.366294897103461636e-01
-6.920226831270470669e-02
-6.350581744490524372e-02
-2.822495307682948429e-01
-6.920226831270470669e-02
-6.350581744490524372e-02
1.366294897103461636e-01
-6.920226831270470669e-02
-6.350581744490524372e-02
-2.822495307682948429e-01
-6.920226831270470669e-02
-6.350581744490524372e-02
1.366294897103461636e-01
-6.920226831270470669e-02
-6.350581744490524372e-02
1.366294897103461636e-01
-6.920226831270470669e-02
3.288372360745839273e-01
1.366294897103461636e-01
-6.920226831270470669e-02
3.288372360745839273e-01
1.366294897103461636e-01
-6.920226831270470669e-02
-6.350581744490524372e-02
1.366294897103461636e-01
-6.920226831270470669e-02
-6.350581744490524372e-02
1.366294897103461636e-01
-6.920226831270470669e-02
-6.350581744490524372e-02
1.366294897103461636e-01
-6.920226831270470669e-02
-6.350581744490524372e-02
1.366294897103461636e-01
-6.920226831270470669e-02
3.288372360745839273e-01
1.366294897103461636e-01
3.234968133860212092e-01
3.288372360745839273e-01
1.366294897103461636e-01
3.234968133860212092e-01
3.288372360745839273e-01
1.366294897103461636e-01
3.234968133860212092e-01
-6.350581744490524372e-02
-2.822495307682948429e-01
-6.920226831270470669e-02
-6.350581744490524372e-02
1.366294897103461636e-01
-6.920226831270470669e-02
-6.350581744490524372e-02
-2.822495307682948429e-01
-6.920226831270470669e-02
-6.350581744490524372e-02
1.366294897103461636e-01
-6.920226831270470669e-02
-6.350581744490524372e-02
1.366294897103461636e-01
-6.920226831270470669e-02
-6.350581744490524372e-02
1.366294897103461636e-01
-6.920226831270470669e-02
-1.065852271326228617e-01
-1.094334525665190405e-01
-1.122816780004125548e-01
-1.065852271326228617e-01
-1.094334525665190405e-01
-1.122816780004125548e-01
2.861138545661034982e-01
2.829096009529621369e-01
2.804174036983004825e-01
-1.065852271326228617e-01
-1.094334525665190405e-01
-1.122816780004125548e-01
-1.065852271326228617e-01
-1.094334525665190405e-01
2.804174036983004825e-01
-1.065852271326228617e-01
-1.094334525665190405e-01
-1.122816780004125548e-01
-1.065852271326228617e-01
2.829096009529621369e-01
2.804174036983004825e-01
2.861138545661034982e-01
2.829096009529621369e-01
2.804174036983004825e-01
-1.065852271326228617e-01
-1.094334525665190405e-01
-1.122816780004125548e-01
-1.065852271326228617e-01
2.829096009529621369e-01
2.804174036983004825e-01
-1.065852271326228617e-01
2.829096009529621369e-01
2.804174036983004825e-01
-1.065852271326228617e-01
2.829096009529621369e-01
2.804174036983004825e-01
2.861138545661034982e-01
2.829096009529621369e-01
2.804174036983004825e-01
2.861138545661034982e-01
2.829096009529621369e-01
2.804174036983004825e-01
-1.065852271326228617e-01
-1.094334525665190405e-01
2.804174036983004825e-01
2.861138545661034982e-01
2.829096009529621369e-01
2.804174036983004825e-01
-1.065852271326228617e-01
-1.094334525665190405e-01
-1.122816780004125548e-01
-1.065852271326228617e-01
2.829096009529621369e-01
2.804174036983004825e-01
-1.065852271326228617e-01
-1.094334525665190405e-01
-1.122816780004125548e-01
2.861138545661034982e-01
2.829096009529621369e-01
2.804174036983004825e-01
-1.065852271326228617e-01
-1.094334525665190405e-01
-1.122816780004125548e-01
-4.989282806521044833e-01
-5.017765060860006621e-01
-1.122816780004125548e-01
2.861138545661034982e-01
2.829096009529621369e-01
2.804174036983004825e-01
-1.065852271326228617e-01
-1.094334525665190405e-01
2.804174036983004825e-01
-1.065852271326228617e-01
-1.094334525665190405e-01
-1.122816780004125548e-01
-1.065852271326228617e-01
-1.094334525665190405e-01
-1.122816780004125548e-01
-1.065852271326228617e-01
-1.094334525665190405e-01
-1.122816780004125548e-01
-1.065852271326228617e-01
-1.094334525665190405e-01
-1.122816780004125548e-01
-1.065852271326228617e-01
-1.094334525665190405e-01
-1.122816780004125548e-01
2.861138545661034982e-01
2.829096009529621369e-01
2.804174036983004825e-01
-1.065852271326228617e-01
-1.094334525665190405e-01
-1.122816780004125548e-01
-1.065852271326228617e-01
-1.094334525665190405e-01
-1.122816780004125548e-01
-1.065852271326228617e-01
-1.094334525665190405e-01
2.804174036983004825e-01
2.861138545661034982e-01
2.829096009529621369e-01
2.804174036983004825e-01
-1.065852271326228617e-01
-1.094334525665190405e-01
-1.122816780004125548e-01
-1.065852271326228617e-01
-1.094334525665190405e-01
-1.122816780004125548e-01
-1.065852271326228617e-01
2.829096009529621369e-01
2.804174036983004825e-01
-1.065852271326228617e-01
-1.094334525665190405e-01
2.804174036983004825e-01
-1.065852271326228617e-01
-1.094334525665190405e-01
-1.122816780004125548e-01
-1.065852271326228617e-01
-1.094334525665190405e-01
-1.122816780004125548e-01
2.275472426743885279e-02
1.990649883354267402e-02
1.665138405193467008e-02
2.275472426743885279e-02
1.990649883354267402e-02
1.665138405193467008e-02
-4.260442262453913997e-01
1.990649883354267402e-02
1.665138405193467008e-02
2.275472426743885279e-02
1.990649883354267402e-02
1.665138405193467008e-02
-4.260442262453913997e-01
1.990649883354267402e-02
1.665138405193467008e-02
-4.260442262453913997e-01
-4.288924516792871344e-01
1.665138405193467008e-02
2.275472426743885279e-02
1.990649883354267402e-02
1.665138405193467008e-02
2.275472426743885279e-02
1.990649883354267402e-02
1.665138405193467008e-02
2.275472426743885279e-02
1.990649883354267402e-02
1.665138405193467008e-02
2.275472426743885279e-02
1.990649883354267402e-02
1.665138405193467008e-02
2.275472426743885279e-02
1.990649883354267402e-02
1.665138405193467008e-02
2.275472426743885279e-02
1.990649883354267402e-02
1.665138405193467008e-02
-4.260442262453913997e-01
-4.288924516792871344e-01
1.665138405193467008e-02
2.275472426743885279e-02
1.990649883354267402e-02
1.665138405193467008e-02
-4.260442262453913997e-01
-4.288924516792871344e-01
-4.317406771131868659e-01
-4.260442262453913997e-01
-4.288924516792871344e-01
1.665138405193467008e-02
2.275472426743885279e-02
1.990649883354267402e-02
1.665138405193467008e-02
-4.260442262453913997e-01
1.990649883354267402e-02
1.665138405193467008e-02
2.275472426743885279e-02
1.990649883354267402e-02
1.665138405193467008e-02
4.711467854325692706e-01
4.682985599986726477e-01
4.654503345647644785e-01
2.275472426743885279e-02
1.990649883354267402e-02
1.665138405193467008e-02
2.275472426743885279e-02
1.990649883354267402e-02
1.665138405193467008e-02
-4.260442262453913997e-01
1.990649883354267402e-02
1.665138405193467008e-02
2.275472426743885279e-02
1.990649883354267402e-02
1.665138405193467008e-02
2.275472426743885279e-02
1.990649883354267402e-02
1.665138405193467008e-02
2.275472426743885279e-02
1.990649883354267402e-02
1.665138405193467008e-02
2.275472426743885279e-02
1.990649883354267402e-02
1.665138405193467008e-02
2.275472426743885279e-02
1.990649883354267402e-02
1.665138405193467008e-02
2.275472426743885279e-02
1.990649883354267402e-02
1.665138405193467008e-02
2.275472426743885279e-02
1.990649883354267402e-02
4.654503345647644785e-01
2.275472426743885279e-02
1.990649883354267402e-02
1.665138405193467008e-02
2.275472426743885279e-02
1.990649883354267402e-02
1.665138405193467008e-02
-4.260442262453913997e-01
1.990649883354267402e-02
1.665138405193467008e-02
2.275472426743885279e-02
1.990649883354267402e-02
1.665138405193467008e-02
2.275472426743885279e-02
1.990649883354267402e-02
1.665138405193467008e-02
2.275472426743885279e-02
1.990649883354267402e-02
1.665138405193467008e-02
2.275472426743885279e-02
1.990649883354267402e-02
1.665138405193467008e-02
2.275472426743885279e-02
1.990649883354267402e-02
1.665138405193467008e-02
-4.260442262453913997e-01
1.990649883354267402e-02
1.665138405193467008e-02
2.275472426743885279e-02
1.990649883354267402e-02
1.665138405193467008e-02
1.823909783483048663e-01
-7.358415359562764380e-02
-3.469042481177919690e-01
1.823909783483048663e-01
-7.358415359562764380e-02
-3.469042481177919690e-01
-3.412077972499871770e-01
-7.358415359562764380e-02
-3.469042481177919690e-01
1.823909783483048663e-01
-7.358415359562764380e-02
-3.469042481177919690e-01
-3.412077972499871770e-01
-7.358415359562764380e-02
-3.469042481177919690e-01
1.823909783483048663e-01
-7.358415359562764380e-02
-3.469042481177919690e-01
1.823909783483048663e-01
-7.358415359562764380e-02
1.762198232415270738e-01
1.823909783483048663e-01
-7.358415359562764380e-02
-3.469042481177919690e-01
1.823909783483048663e-01
-7.358415359562764380e-02
1.762198232415270738e-01
1.823909783483048663e-01
-7.358415359562764380e-02
-3.469042481177919690e-01
1.823909783483048663e-01
-7.358415359562764380e-02
1.762198232415270738e-01
1.823909783483048663e-01
-7.358415359562764380e-02
1.762198232415270738e-01
-3.412077972499871770e-01
-7.358415359562764380e-02
-3.469042481177919690e-01
-3.412077972499871770e-01
-7.358415359562764380e-02
-3.469042481177919690e-01
1.823909783483048663e-01
-7.358415359562764380e-02
1.762198232415270738e-01
1.823909783483048663e-01
-7.358415359562764380e-02
1.762198232415270738e-01
1.823909783483048663e-01
-7.358415359562764380e-02
-3.469042481177919690e-01
1.823909783483048663e-01
-7.358415359562764380e-02
1.762198232415270738e-01
1.823909783483048663e-01
4.092996045822046014e-01
1.762198232415270738e-01
1.823909783483048663e-01
4.092996045822046014e-01
1.762198232415270738e-01
1.823909783483048663e-01
4.092996045822046014e-01
1.762198232415270738e-01
-3.412077972499871770e-01
-5.569061003017523603e-01
-3.469042481177919690e-01
1.823909783483048663e-01
-7.358415359562764380e-02
-3.469042481177919690e-01
1.823909783483048663e-01
-7.358415359562764380e-02
1.762198232415270738e-01
-3.412077972499871770e-01
-7.358415359562764380e-02
-3.469042481177919690e-01
-3.412077972499871770e-01
-7.358415359562764380e-02
-3.469042481177919690e-01
-3.412077972499871770e-01
-7.358415359562764380e-02
-3.469042481177919690e-01
1.823909783483048663e-01
4.092996045822046014e-01
1.762198232415270738e-01
1.823909783483048663e-01
-7.358415359562764380e-02
1.762198232415270738e-01
1.823909783483048663e-01
-7.358415359562764380e-02
-3.469042481177919690e-01
1.823909783483048663e-01
4.092996045822046014e-01
1.762198232415270738e-01
1.823909783483048663e-01
4.092996045822046014e-01
1.762198232415270738e-01
1.823909783483048663e-01
-7.358415359562764380e-02
-3.469042481177919690e-01
1.823909783483048663e-01
-7.358415359562764380e-02
1.762198232415270738e-01
1.823909783483048663e-01
-7.358415359562764380e-02
-3.469042481177919690e-01
-3.412077972499871770e-01
-7.358415359562764380e-02
-3.469042481177919690e-01
1.823909783483048663e-01
-7.358415359562764380e-02
-3.469042481177919690e-01
-3.412077972499871770e-01
-7.358415359562764380e-02
-3.469042481177919690e-01
1.823909783483048663e-01
-7.358415359562764380e-02
1.762198232415270738e-01
1.823909783483048663e-01
-7.358415359562764380e-02
-3.469042481177919690e-01
3.035592353487333028e-01
3.007110099148362359e-01
2.978627844809298431e-01
-8.878381817075586824e-02
-9.163204360465915244e-02
-9.483629721779696098e-02
3.035592353487333028e-01
-9.163204360465915244e-02
-9.483629721779696098e-02
3.035592353487333028e-01
3.007110099148362359e-01
2.978627844809298431e-01
3.035592353487333028e-01
3.007110099148362359e-01
-9.483629721779696098e-02
3.035592353487333028e-01
3.007110099148362359e-01
-9.483629721779696098e-02
3.035592353487333028e-01
3.007110099148362359e-01
2.978627844809298431e-01
3.035592353487333028e-01
3.007110099148362359e-01
2.978627844809298431e-01
3.035592353487333028e-01
3.007110099148362359e-01
2.978627844809298431e-01
3.035592353487333028e-01
3.007110099148362359e-01
-9.483629721779696098e-02
-8.878381817075586824e-02
-9.163204360465915244e-02
-9.483629721779696098e-02
3.035592353487333028e-01
3.007110099148362359e-01
2.978627844809298431e-01
-8.878381817075586824e-02
-9.163204360465915244e-02
-9.483629721779696098e-02
3.035592353487333028e-01
3.007110099148362359e-01
2.978627844809298431e-01
3.035592353487333028e-01
3.007110099148362359e-01
2.978627844809298431e-01
3.035592353487333028e-01
3.007110099148362359e-01
-9.483629721779696098e-02
3.035592353487333028e-01
3.007110099148362359e-01
-9.483629721779696098e-02
-8.878381817075586824e-02
-9.163204360465915244e-02
-9.483629721779696098e-02
3.035592353487333028e-01
3.007110099148362359e-01
2.978627844809298431e-01
3.035592353487333028e-01
3.007110099148362359e-01
2.978627844809298431e-01
3.035592353487333028e-01
3.007110099148362359e-01
2.978627844809298431e-01
3.035592353487333028e-01
-9.163204360465915244e-02
-9.483629721779696098e-02
3.035592353487333028e-01
3.007110099148362359e-01
2.978627844809298431e-01
3.035592353487333028e-01
3.007110099148362359e-01
2.978627844809298431e-01
3.035592353487333028e-01
3.007110099148362359e-01
2.978627844809298431e-01
3.035592353487333028e-01
3.007110099148362359e-01
2.978627844809298431e-01
3.035592353487333028e-01
-9.163204360465915244e-02
-9.483629721779696098e-02
3.035592353487333028e-01
-9.163204360465915244e-02
-9.483629721779696098e-02
3.035592353487333028e-01
3.007110099148362359e-01
-9.483629721779696098e-02
-8.878381817075586824e-02
-9.163204360465915244e-02
-9.483629721779696098e-02
-8.878381817075586824e-02
-9.163204360465915244e-02
-9.483629721779696098e-02
-8.878381817075586824e-02
-9.163204360465915244e-02
-9.483629721779696098e-02
-8.878381817075586824e-02
-9.163204360465915244e-02
-9.483629721779696098e-02
3.035592353487333028e-01
3.007110099148362359e-01
-9.483629721779696098e-02
3.035592353487333028e-01
3.007110099148362359e-01
2.978627844809298431e-01
-8.878381817075586824e-02
-9.163204360465915244e-02
-9.483629721779696098e-02
3.035592353487333028e-01
3.007110099148362359e-01
2.978627844809298431e-01
3.035592353487333028e-01
3.007110099148362359e-01
2.978627844809298431e-01
-8.878381817075586824e-02
-9.163204360465915244e-02
-9.483629721779696098e-02
-8.878381817075586824e-02
-9.163204360465915244e-02
-9.483629721779696098e-02
-2.010970153286057993e-01
3.699585143693395750e-02
3.414762600303822282e-02
-2.010970153286057993e-01
3.699585143693395750e-02
3.414762600303822282e-02
2.817867428492268900e-01
4.857948019497557723e-01
4.829465765158689194e-01
-2.010970153286057993e-01
3.699585143693395750e-02
3.414762600303822282e-02
2.817867428492268900e-01
4.857948019497557723e-01
4.829465765158689194e-01
-2.010970153286057993e-01
3.699585143693395750e-02
3.414762600303822282e-02
2.817867428492268900e-01
4.857948019497557723e-01
4.829465765158689194e-01
-2.010970153286057993e-01
3.699585143693395750e-02
3.414762600303822282e-02
-2.010970153286057993e-01
3.699585143693395750e-02
3.414762600303822282e-02
-2.010970153286057993e-01
3.699585143693395750e-02
3.414762600303822282e-02
2.817867428492268900e-01
4.857948019497557723e-01
4.829465765158689194e-01
2.817867428492268900e-01
4.857948019497557723e-01
4.829465765158689194e-01
-2.010970153286057993e-01
3.699585143693395750e-02
3.414762600303822282e-02
-2.010970153286057993e-01
3.699585143693395750e-02
3.414762600303822282e-02
2.817867428492268900e-01
4.857948019497557723e-01
4.829465765158689194e-01
-2.010970153286057993e-01
3.699585143693395750e-02
3.414762600303822282e-02
-2.010970153286057993e-01
3.699585143693395750e-02
3.414762600303822282e-02
2.817867428492268900e-01
4.857948019497557723e-01
4.829465765158689194e-01
-2.010970153286057993e-01
3.699585143693395750e-02
3.414762600303822282e-02
2.817867428492268900e-01
3.699585143693395750e-02
3.414762600303822282e-02
2.817867428492268900e-01
4.857948019497557723e-01
4.829465765158689194e-01
2.817867428492268900e-01
3.699585143693395750e-02
3.414762600303822282e-02
2.817867428492268900e-01
4.857948019497557723e-01
4.829465765158689194e-01
-2.010970153286057993e-01
3.699585143693395750e-02
3.414762600303822282e-02
-2.010970153286057993e-01
3.699585143693395750e-02
3.414762600303822282e-02
2.817867428492268900e-01
4.857948019497557723e-01
4.829465765158689194e-01
-2.010970153286057993e-01
3.699585143693395750e-02
3.414762600303822282e-02
-2.010970153286057993e-01
3.699585143693395750e-02
3.414762600303822282e-02
-2.010970153286057993e-01
3.699585143693395750e-02
3.414762600303822282e-02
2.817867428492268900e-01
4.857948019497557723e-01
4.829465765158689194e-01
2.817867428492268900e-01
4.857948019497557723e-01
4.829465765158689194e-01
2.817867428492268900e-01
4.857948019497557723e-01
4.829465765158689194e-01
-2.010970153286057993e-01
3.699585143693395750e-02
3.414762600303822282e-02
-2.010970153286057993e-01
3.699585143693395750e-02
3.414762600303822282e-02
2.817867428492268900e-01
4.857948019497557723e-01
4.829465765158689194e-01
-2.010970153286057993e-01
3.699585143693395750e-02
3.414762600303822282e-02
-2.010970153286057993e-01
3.699585143693395750e-02
3.414762600303822282e-02
2.817867428492268900e-01
4.857948019497557723e-01
4.829465765158689194e-01
-2.010970153286057993e-01
3.699585143693395750e-02
3.414762600303822282e-02
-2.010970153286057993e-01
3.699585143693395750e-02
3.414762600303822282e-02
-3.639936007211814761e-01
-9.461720295364894895e-02
-3.696900515889720573e-01
1.596051748771203371e-01
3.882665552241832962e-01
1.534340197703465414e-01
1.596051748771203371e-01
-9.461720295364894895e-02
1.534340197703465414e-01
1.596051748771203371e-01
-9.461720295364894895e-02
1.534340197703465414e-01
1.596051748771203371e-01
-9.461720295364894895e-02
1.534340197703465414e-01
1.596051748771203371e-01
-9.461720295364894895e-02
1.534340197703465414e-01
1.596051748771203371e-01
-9.461720295364894895e-02
1.534340197703465414e-01
1.596051748771203371e-01
-9.461720295364894895e-02
1.534340197703465414e-01
1.596051748771203371e-01
-9.461720295364894895e-02
1.534340197703465414e-01
-3.639936007211814761e-01
-5.779391496597647837e-01
-3.696900515889720573e-01
-3.639936007211814761e-01
-9.461720295364894895e-02
-3.696900515889720573e-01
-3.639936007211814761e-01
-5.779391496597647837e-01
-3.696900515889720573e-01
1.596051748771203371e-01
-9.461720295364894895e-02
1.534340197703465414e-01
1.596051748771203371e-01
3.882665552241832962e-01
1.534340197703465414e-01
-3.639936007211814761e-01
-9.461720295364894895e-02
-3.696900515889720573e-01
1.596051748771203371e-01
3.882665552241832962e-01
1.534340197703465414e-01
1.596051748771203371e-01
3.882665552241832962e-01
1.534340197703465414e-01
1.596051748771203371e-01
-9.461720295364894895e-02
1.534340197703465414e-01
1.596051748771203371e-01
-9.461720295364894895e-02
1.534340197703465414e-01
1.596051748771203371e-01
-9.461720295364894895e-02
1.534340197703465414e-01
1.596051748771203371e-01
3.882665552241832962e-01
6.770327953686394729e-01
-3.639936007211814761e-01
-9.461720295364894895e-02
-3.696900515889720573e-01
1.596051748771203371e-01
3.882665552241832962e-01
1.534340197703465414e-01
-3.639936007211814761e-01
-9.461720295364894895e-02
1.534340197703465414e-01
1.596051748771203371e-01
-9.461720295364894895e-02
1.534340197703465414e-01
1.596051748771203371e-01
-9.461720295364894895e-02
1.534340197703465414e-01
-3.639936007211814761e-01
-9.461720295364894895e-02
1.534340197703465414e-01
-3.639936007211814761e-01
-9.461720295364894895e-02
-3.696900515889720573e-01
-3.639936007211814761e-01
-9.461720295364894895e-02
1.534340197703465414e-01
1.596051748771203371e-01
-9.461720295364894895e-02
1.534340197703465414e-01
1.596051748771203371e-01
-9.461720295364894895e-02
1.534340197703465414e-01
-3.639936007211814761e-01
-9.461720295364894895e-02
1.534340197703465414e-01
-3.639936007211814761e-01
-9.461720295364894895e-02
1.534340197703465414e-01
1.596051748771203371e-01
-9.461720295364894895e-02
1.534340197703465414e-01
1.596051748771203371e-01
3.882665552241832962e-01
1.534340197703465414e-01
1.596051748771203371e-01
-9.461720295364894895e-02
1.534340197703465414e-01
-3.639936007211814761e-01
-9.461720295364894895e-02
1.534340197703465414e-01
1.596051748771203371e-01
-9.461720295364894895e-02
1.534340197703465414e-01
1.596051748771203371e-01
-9.461720295364894895e-02
1.534340197703465414e-01
-3.639936007211814761e-01
-9.461720295364894895e-02
1.534340197703465414e-01
