-9.376216081898567367e-01
-1.251468925048938807e+00
-1.254317150482825438e+00
-9.376216081898567367e-01
-8.026699745361085547e-01
-8.055181999700113948e-01
-4.144975368305390262e-01
-3.542779133709856865e-01
-3.571261388048734275e-01
6.327000143660539422e-01
9.452103714184456607e-02
9.167281170795638090e-02
nan
1.440104109984936098e+00
nan
nan
9.917120488197972428e-01
1.886054835063859958e+00
-4.144975368305390262e-01
-3.542779133709856865e-01
-3.571261388048734275e-01
6.327000143660539422e-01
-1.251468925048938807e+00
5.400648728730779169e-01
nan
-2.148659936726891928e+00
nan
nan
9.452103714184456607e-02
1.437255884551029705e+00
nan
9.917120488197972428e-01
1.886054835063859958e+00
-1.460745679549174669e+00
-1.251468925048938807e+00
-1.254317150482825438e+00
-4.144975368305390262e-01
-3.542779133709856865e-01
-3.571261388048734275e-01
-2.507468526506784201e+00
-3.542779133709856865e-01
-1.702709211647963183e+00
-4.144975368305390262e-01
-3.542779133709856865e-01
-3.571261388048734275e-01
2.726145708281282776e+00
-3.045850948404844605e+00
1.886054835063859958e+00
6.327000143660539422e-01
5.429130983069829774e-01
5.400648728730779169e-01
-4.144975368305390262e-01
-3.542779133709856865e-01
-3.571261388048734275e-01
1.155824085725372097e+00
5.429130983069829774e-01
5.400648728730779169e-01
nan
9.917120488197972428e-01
1.886054835063859958e+00
1.679422861323664140e+00
9.917120488197972428e-01
5.400648728730779169e-01
1.091012387677530171e-01
9.452103714184456607e-02
9.167281170795638090e-02
-4.144975368305390262e-01
-3.542779133709856865e-01
-3.571261388048734275e-01
1.091012387677530171e-01
-3.542779133709856865e-01
-3.571261388048734275e-01
-4.144975368305390262e-01
-3.542779133709856865e-01
-3.571261388048734275e-01
1.679422861323664140e+00
9.917120488197972428e-01
5.400648728730779169e-01
nan
9.917120488197972428e-01
1.886054835063859958e+00
-9.376216081898567367e-01
-8.026699745361085547e-01
-8.055181999700113948e-01
-9.376216081898567367e-01
-1.700267875561761288e+00
-1.702709211647963183e+00
-1.984344455147466491e+00
-2.597051997892022346e+00
-3.571261388048734275e-01
6.327000143660539422e-01
5.429130983069829774e-01
5.400648728730779169e-01
-4.144975368305390262e-01
-3.542779133709856865e-01
-3.571261388048734275e-01
nan
5.429130983069829774e-01
1.437255884551029705e+00
1.091012387677530171e-01
9.452103714184456607e-02
9.167281170795638090e-02
nan
1.440104109984936098e+00
2.334446896228981938e+00
2.202546932682981851e+00
-3.542779133709856865e-01
-1.254317150482825438e+00
1.155824085725372097e+00
5.429130983069829774e-01
5.400648728730779169e-01
1.679422861323664140e+00
9.917120488197972428e-01
5.400648728730779169e-01
6.327000143660539422e-01
9.917120488197972428e-01
9.884569340382003411e-01
6.327000143660539422e-01
9.917120488197972428e-01
9.884569340382003411e-01
1.430440487977072461e+00
7.906369070535861354e-01
6.393458737118193902e-01
-5.323428641580862930e-01
-3.178254147505858995e-01
-1.456962615063899236e-01
nan
1.529500093141324069e+00
2.209430144148237130e+00
-1.396437824593594890e-01
1.160236042770034448e+00
-1.323081450244095070e+00
-1.710084081075015083e+00
-1.056353515493138939e+00
-5.380393150258862001e-01
nan
1.160236042770034448e+00
1.817087090628754620e+00
2.215126595016036593e+00
nan
1.817087090628754620e+00
-5.323428641580862930e-01
-1.056353515493138939e+00
-1.323081450244095070e+00
1.430440487977072461e+00
7.906369070535861354e-01
nan
-1.396437824593594890e-01
5.177372096586196903e-02
-1.456962615063899236e-01
-5.323428641580862930e-01
-3.178254147505858995e-01
-1.456962615063899236e-01
1.037741406278346101e+00
-6.870894651218621973e-01
-9.307383967245987932e-01
6.453983527588493807e-01
4.213728566823098376e-01
2.470028201923368805e-01
1.430440487977072461e+00
7.906369070535861354e-01
6.393458737118193902e-01
nan
4.213728566823098376e-01
1.424388008930028260e+00
nan
7.906369070535861354e-01
1.424388008930028260e+00
6.453983527588493807e-01
-6.870894651218621973e-01
-9.307383967245987932e-01
2.526992710601367875e-01
5.177372096586196903e-02
2.470028201923368805e-01
1.037741406278346101e+00
3.007226465316772401e+00
nan
6.453983527588493807e-01
1.160236042770034448e+00
1.424388008930028260e+00
-1.317384999376295385e+00
2.637962414945496104e+00
-5.380393150258862001e-01
-1.710084081075015083e+00
-2.534079887668600595e+00
-9.307383967245987932e-01
3.000524758413490201e+00
-3.178254147505858995e-01
2.470028201923368805e-01
-9.246859176775683586e-01
-6.870894651218621973e-01
-5.380393150258862001e-01
2.526992710601367875e-01
5.177372096586196903e-02
2.470028201923368805e-01
1.822783541496554971e+00
1.160236042770034448e+00
1.031688927231301900e+00
-9.246859176775683586e-01
-1.425952651209586586e+00
-2.108123585462303939e+00
-2.494770188113993648e+00
7.906369070535861354e-01
1.031688927231301900e+00
-5.323428641580862930e-01
2.637962414945496104e+00
-1.456962615063899236e-01
-1.396437824593594890e-01
-3.178254147505858995e-01
-1.456962615063899236e-01
1.037741406278346101e+00
nan
6.393458737118193902e-01
-1.396437824593594890e-01
-3.178254147505858995e-01
-1.456962615063899236e-01
1.037741406278346101e+00
-1.056353515493138939e+00
2.602129225846964378e+00
2.526992710601367875e-01
5.177372096586196903e-02
2.470028201923368805e-01
2.526992710601367875e-01
5.177372096586196903e-02
2.470028201923368805e-01
-9.246859176775683586e-01
-6.870894651218621973e-01
-5.380393150258862001e-01
-2.102427134594504032e+00
-1.425952651209586586e+00
-9.307383967245987932e-01
-1.710084081075015083e+00
-2.534079887668600595e+00
-5.380393150258862001e-01
-2.494770188113993648e+00
7.906369070535861354e-01
1.031688927231301900e+00
6.453983527588493807e-01
4.213728566823098376e-01
6.393458737118193902e-01
1.095759430067437812e-01
1.067277175728476024e-01
1.171712108304743261e-01
-3.388161181583866366e-01
-3.416643435922823713e-01
1.171712108304743261e-01
2.801148978040610249e+00
5.555266680856694173e-01
-4.059528605288447167e-01
1.095759430067437812e-01
-3.416643435922823713e-01
1.171712108304743261e-01
1.095759430067437812e-01
-3.416643435922823713e-01
1.171712108304743261e-01
1.095759430067437812e-01
1.067277175728476024e-01
1.171712108304743261e-01
1.903957966362658016e+00
-3.416643435922823713e-01
-9.290769318881633154e-01
1.006766954684696902e+00
1.452310790415929365e+00
1.687492833386377900e+00
nan
1.067277175728476024e-01
2.734215680344008081e+00
1.095759430067437812e-01
-3.416643435922823713e-01
1.171712108304743261e-01
1.903957966362658016e+00
-3.416643435922823713e-01
-1.452675707486455803e+00
5.583748935195664842e-01
1.067277175728476024e-01
1.171712108304743261e-01
-7.876150686712173332e-01
-7.904632941051121797e-01
-4.059528605288447167e-01
-3.388161181583866366e-01
-3.416643435922823713e-01
1.171712108304743261e-01
-3.388161181583866366e-01
-3.416643435922823713e-01
1.171712108304743261e-01
nan
1.901109740928750735e+00
nan
5.583748935195664842e-01
1.067277175728476024e-01
6.407699864287668134e-01
1.903957966362658016e+00
1.452310790415929365e+00
1.164368762027069071e+00
-3.388161181583866366e-01
1.003918729250799391e+00
-1.452675707486455803e+00
2.801148978040610249e+00
-3.416643435922823713e-01
-1.975799778845774624e+00
-2.133198141514300428e+00
2.349908691441580988e+00
-4.059528605288447167e-01
1.455565905197527155e+00
1.003918729250799391e+00
1.164368762027069071e+00
-1.684806080349170010e+00
1.003918729250799391e+00
-4.059528605288447167e-01
-1.236414019184039592e+00
-2.136046366948193942e+00
6.407699864287668134e-01
1.095759430067437812e-01
-3.416643435922823713e-01
1.171712108304743261e-01
1.006766954684696902e+00
5.555266680856694173e-01
6.407699864287668134e-01
nan
-7.904632941051121797e-01
2.211091608984680601e+00
5.583748935195664842e-01
-7.904632941051121797e-01
-9.290769318881633154e-01
nan
1.003918729250799391e+00
nan
-3.030389153192253548e+00
2.798300752606710962e+00
nan
nan
-2.584845317461023750e+00
nan
-3.388161181583866366e-01
-3.416643435922823713e-01
1.171712108304743261e-01
-7.876150686712173332e-01
-1.238855355270242153e+00
-4.059528605288447167e-01
-7.876150686712173332e-01
-7.904632941051121797e-01
-4.059528605288447167e-01
1.455565905197527155e+00
1.452310790415929365e+00
2.734215680344008081e+00
-2.581997092027123131e+00
-7.904632941051121797e-01
-1.452675707486455803e+00
-7.876150686712173332e-01
1.067277175728476024e-01
-1.452675707486455803e+00
1.006766954684696902e+00
nan
nan
1.455565905197527155e+00
-1.687654305783063968e+00
-1.452675707486455803e+00
-7.876150686712173332e-01
-7.904632941051121797e-01
-4.059528605288447167e-01
nan
1.379227203732932505e+00
nan
4.868363482058102321e-01
4.130214988489844252e-01
4.103923676792309294e-01
-8.436231608323696562e-02
-6.986225932884781997e-02
-5.558133372047260323e-01
4.868363482058102321e-01
4.130214988489844252e-01
4.103923676792309294e-01
1.058035012494867200e+00
4.130214988489844252e-01
4.103923676792309294e-01
-2.938802060019111817e+00
-5.531842060349725365e-01
-1.522019042088674556e+00
-6.550431212024938610e-01
-5.531842060349725365e-01
-5.558133372047260323e-01
nan
-5.531842060349725365e-01
4.103923676792309294e-01
2.770595287022427744e+00
8.963434455551007041e-01
-5.558133372047260323e-01
-6.550431212024938610e-01
2.828754855323005746e+00
4.103923676792309294e-01
-8.436231608323696562e-02
-1.519389910918920839e+00
-7.292957902689378713e-02
4.868363482058102321e-01
4.130214988489844252e-01
-7.292957902689378713e-02
nan
-2.968479373980701386e+00
nan
-8.436231608323696562e-02
-6.986225932884781997e-02
-7.292957902689378713e-02
-2.938802060019111817e+00
4.130214988489844252e-01
1.376598072563179453e+00
-2.367603395730054849e+00
8.963434455551007041e-01
1.859481830741011255e+00
-8.436231608323696562e-02
-5.531842060349725365e-01
-5.558133372047260323e-01
-1.796922590610797732e+00
-2.002273669096752862e+00
8.932761258570631746e-01
4.868363482058102321e-01
-6.986225932884781997e-02
-7.292957902689378713e-02
nan
nan
-2.488662935500915108e+00
2.199914481903170849e+00
1.862549150439057666e+00
1.859481830741011255e+00
-6.550431212024938610e-01
-1.036506152741088371e+00
2.825687535624960223e+00
-6.550431212024938610e-01
-5.531842060349725365e-01
-5.558133372047260323e-01
-8.436231608323696562e-02
-6.986225932884781997e-02
-5.558133372047260323e-01
1.058035012494867200e+00
4.130214988489844252e-01
4.103923676792309294e-01
1.058035012494867200e+00
2.345432908616889467e+00
nan
4.868363482058102321e-01
4.130214988489844252e-01
8.932761258570631746e-01
-8.436231608323696562e-02
1.379227203732932505e+00
1.859481830741011255e+00
-1.796922590610797732e+00
-1.519389910918920839e+00
-2.005340988794799273e+00
-1.225723926321750756e+00
-5.531842060349725365e-01
-1.039135283910842311e+00
-6.550431212024938610e-01
-5.531842060349725365e-01
-5.558133372047260323e-01
-1.225723926321750756e+00
-1.036506152741088371e+00
-1.522019042088674556e+00
1.058035012494867200e+00
1.862549150439057666e+00
nan
nan
-2.002273669096752862e+00
4.103923676792309294e-01
1.058035012494867200e+00
4.130214988489844252e-01
4.103923676792309294e-01
nan
1.379227203732932505e+00
nan
-6.550431212024938610e-01
-5.531842060349725365e-01
-1.039135283910842311e+00
-6.550431212024938610e-01
-1.519389910918920839e+00
-7.292957902689378713e-02
2.199914481903170849e+00
2.345432908616889467e+00
2.342365588918843944e+00
4.868363482058102321e-01
-1.036506152741088371e+00
1.376598072563179453e+00
-7.253338725166327272e-01
-5.573156978731517164e-01
-4.874833135741831747e-01
-7.253338725166327272e-01
-1.006114648385981525e+00
-8.798263670936785630e-01
5.305436621369037375e-01
2.134257337160719192e+00
3.045384308997372447e+00
5.305436621369037375e-01
1.237066325482751861e+00
6.899018751635055402e-01
nan
2.134257337160719192e+00
nan
-3.064548520379912766e-01
-1.089236367080297363e-01
-9.478423187545725881e-02
-3.064548520379912766e-01
3.398753138048000721e-01
-9.478423187545725881e-02
5.305436621369037375e-01
1.237066325482751861e+00
1.082600956862231900e+00
-1.562712150082721907e+00
-1.454913598898811333e+00
-1.272525448792390490e+00
9.494226826155451882e-01
1.685458386647889828e+00
1.475300038560957372e+00
nan
1.237066325482751861e+00
nan
-1.143833129604095111e+00
-1.006114648385981525e+00
-8.798263670936785630e-01
-1.562712150082721907e+00
-1.454913598898811333e+00
-1.664868502311885878e+00
1.786800960181634590e+00
nan
-2.449910637530093194e+00
2.205679980660276041e+00
3.398753138048000721e-01
-8.798263670936785630e-01
1.120444050494562305e-01
7.882673749699375954e-01
6.899018751635055402e-01
-7.253338725166327272e-01
nan
6.899018751635055402e-01
1.786800960181634590e+00
nan
nan
-7.253338725166327272e-01
-1.089236367080297363e-01
-9.478423187545725881e-02
1.120444050494562305e-01
7.882673749699375954e-01
6.899018751635055402e-01
nan
-1.006114648385981525e+00
1.082600956862231900e+00
1.120444050494562305e-01
nan
1.475300038560957372e+00
-1.143833129604095111e+00
-1.006114648385981525e+00
-8.798263670936785630e-01
-2.400090427648825742e+00
nan
2.975588216440243627e-01
-3.064548520379912766e-01
3.398753138048000721e-01
2.975588216440243627e-01
1.120444050494562305e-01
7.882673749699375954e-01
6.899018751635055402e-01
9.494226826155451882e-01
1.685458386647889828e+00
1.475300038560957372e+00
-7.253338725166327272e-01
-1.089236367080297363e-01
-9.478423187545725881e-02
-1.981211407170184291e+00
1.685458386647889828e+00
-4.874833135741831747e-01
-1.143833129604095111e+00
-1.903305660063933313e+00
2.260342173779164465e+00
1.786800960181634590e+00
nan
-8.798263670936785630e-01
1.120444050494562305e-01
3.398753138048000721e-01
2.975588216440243627e-01
1.120444050494562305e-01
7.882673749699375954e-01
6.899018751635055402e-01
-7.253338725166327272e-01
-5.573156978731517164e-01
-4.874833135741831747e-01
1.786800960181634590e+00
nan
2.260342173779164465e+00
-1.562712150082721907e+00
nan
-1.664868502311885878e+00
nan
-1.454913598898811333e+00
1.475300038560957372e+00
5.305436621369037375e-01
nan
1.475300038560957372e+00
-3.064548520379912766e-01
3.398753138048000721e-01
-9.478423187545725881e-02
-7.253338725166327272e-01
-1.089236367080297363e-01
-9.478423187545725881e-02
-1.062129748585982636e+00
-1.904404261302728552e+00
-7.259035176034216441e-01
2.526634298125845834e+00
-3.341775795946149152e-01
nan
1.341249336512970736e-01
2.938561285799625722e-01
6.697269450067389052e-01
4.333242339931837606e-01
2.938561285799625722e-01
6.697269450067389052e-01
1.928506957007200651e+00
-6.483368449535844569e-01
-1.423718748908495924e+00
1.031180315546679882e+00
-1.276370553128162166e+00
2.414106788523093794e+00
-1.062129748585982636e+00
-1.590244995943747464e+00
-7.259035176034216441e-01
2.825833598467721419e+00
2.938561285799625722e-01
-7.259035176034216441e-01
-1.648031071254614233e-01
-2.030313677901807168e-02
3.206610946078711777e-01
3.124761639244480360e+00
-2.030313677901807168e-02
-1.772784599307363873e+00
-7.629304482440959490e-01
-6.483368449535844569e-01
-2.808828629834758672e-02
nan
-9.622112877691813004e-01
nan
-1.062129748585982636e+00
-2.846312412292880012e+00
-1.074969368002289816e+00
1.330379615888566125e+00
9.216050142111336108e-01
1.367225706819151565e+00
7.322522747699315993e-01
6.077305713955483135e-01
1.018476325912944791e+00
1.341249336512970736e-01
-2.030313677901807168e-02
3.206610946078711777e-01
-1.648031071254614233e-01
-3.341775795946149152e-01
3.206610946078711777e-01
-1.648031071254614233e-01
-2.030313677901807168e-02
3.206610946078711777e-01
-1.959456390046503627e+00
-2.030313677901807168e-02
-7.259035176034216441e-01
4.333242339931837606e-01
2.938561285799625722e-01
6.697269450067389052e-01
-2.856511771941886213e+00
-1.276370553128162166e+00
-1.423718748908495924e+00
1.341249336512970736e-01
2.938561285799625722e-01
3.206610946078711777e-01
nan
9.216050142111336108e-01
nan
4.333242339931837606e-01
2.938561285799625722e-01
6.697269450067389052e-01
nan
1.235764279570114699e+00
nan
-2.856511771941886213e+00
-2.030313677901807168e-02
nan
1.330379615888566125e+00
9.216050142111336108e-01
1.367225706819151565e+00
-1.959456390046503627e+00
-2.030313677901807168e-02
-7.259035176034216441e-01
nan
2.177957253103662172e+00
nan
-1.959456390046503627e+00
1.549923544929095787e+00
-1.423718748908495924e+00
3.124761639244480360e+00
-9.622112877691813004e-01
6.697269450067389052e-01
1.031180315546679882e+00
9.216050142111336108e-01
1.367225706819151565e+00
1.629578916230452368e+00
1.235764279570114699e+00
2.065357407616887020e+00
4.333242339931837606e-01
-1.590244995943747464e+00
-1.772784599307363873e+00
nan
6.077305713955483135e-01
nan
1.341249336512970736e-01
2.938561285799625722e-01
6.697269450067389052e-01
-7.629304482440959490e-01
-1.276370553128162166e+00
-3.771541366972033238e-01
2.227706257349086894e+00
-2.030313677901807168e-02
-7.259035176034216441e-01
-1.648031071254614233e-01
-3.341775795946149152e-01
3.206610946078711777e-01
7.322522747699315993e-01
6.077305713955483135e-01
1.018476325912944791e+00
-1.834541360302684554e+00
1.631030952726162386e+00
nan
-1.385742409789854745e+00
2.369894138813888329e+00
6.728672961261552565e-01
-9.373503486247249938e-01
-9.548226559083059506e-01
-1.259544113641741570e+00
-4.885513981119031790e-01
-5.855586055370283205e-01
-7.762221669356170750e-01
-9.373503486247249938e-01
-9.548226559083059506e-01
-1.259544113641741570e+00
-4.885513981119031790e-01
-5.855586055370283205e-01
-7.762221669356170750e-01
1.305830625244008392e+00
nan
6.728672961261552565e-01
-9.373503486247249938e-01
-9.548226559083059506e-01
-1.259544113641741570e+00
1.754222686409130372e+00
8.921677666384364436e-01
1.639073001010103336e+00
-4.015933694677320531e-02
-2.159594698205800078e-01
-2.933384087577932675e-01
-4.885513981119031790e-01
-9.548226559083059506e-01
-1.259544113641741570e+00
4.082327242183567684e-01
1.533045805507105008e-01
6.728672961261552565e-01
1.754222686409130372e+00
1.261766902354885200e+00
2.605278705894069180e+00
8.570316747311785832e-01
5.229037162671459349e-01
1.156189242832279529e+00
nan
1.261766902354885200e+00
nan
-4.885513981119031790e-01
-5.855586055370283205e-01
-7.762221669356170750e-01
-1.385742409789854745e+00
-1.324421791624754263e+00
-1.742427871819582474e+00
4.082327242183567684e-01
1.533045805507105008e-01
6.728672961261552565e-01
-9.373503486247249938e-01
1.261766902354885200e+00
-7.762221669356170750e-01
-4.015933694677320531e-02
-2.159594698205800078e-01
1.895453494200305400e-01
nan
2.369894138813888329e+00
nan
nan
5.229037162671459349e-01
nan
-4.015933694677320531e-02
-9.548226559083059506e-01
-2.225749818525689872e+00
-1.385742409789854745e+00
nan
nan
4.082327242183567684e-01
1.533045805507105008e-01
6.728672961261552565e-01
4.082327242183567684e-01
1.533045805507105008e-01
1.895453494200305400e-01
8.570316747311785832e-01
1.261766902354885200e+00
3.088600652600176577e+00
4.082327242183567684e-01
1.533045805507105008e-01
1.895453494200305400e-01
nan
1.631030952726162386e+00
nan
-4.885513981119031790e-01
-5.855586055370283205e-01
-7.762221669356170750e-01
8.570316747311785832e-01
2.739493274530337086e+00
2.122394947716228497e+00
-9.373503486247249938e-01
-2.432549028083757392e+00
-7.762221669356170750e-01
8.570316747311785832e-01
1.261766902354885200e+00
nan
8.570316747311785832e-01
5.229037162671459349e-01
6.728672961261552565e-01
2.203021636921959736e+00
2.000295003097439572e+00
3.088600652600176577e+00
-2.731732371980636565e+00
5.229037162671459349e-01
2.122394947716228497e+00
1.754222686409130372e+00
2.739493274530337086e+00
nan
1.305830625244008392e+00
8.921677666384364436e-01
1.639073001010103336e+00
-1.834541360302684554e+00
1.631030952726162386e+00
3.088600652600176577e+00
8.570316747311785832e-01
5.229037162671459349e-01
1.156189242832279529e+00
nan
1.240321440264351427e+00
nan
4.971935316018036843e-01
1.931238890677571263e-01
-6.372761993276432335e-02
nan
nan
nan
nan
1.763445511623670914e+00
nan
2.210271665299161636e+00
nan
1.385361843129016446e+00
nan
7.167226646660500577e-01
nan
-2.928444876623112592e+00
-8.531242536508800711e-01
-2.962344734584618333e+00
1.639073001010106001e+00
1.763445511623670914e+00
1.385361843129016446e+00
1.639073001010106001e+00
nan
-2.479460976406785644e+00
4.971935316018036843e-01
7.167226646660500577e-01
4.191561382450679218e-01
-1.215366742925754417e+00
nan
nan
nan
-3.300001822915614724e-01
9.024780849511837566e-01
1.067874336721060136e+00
1.240321440264351427e+00
9.024780849511837566e-01
-7.348727351745232284e-02
1.931238890677571263e-01
-5.470495666388890399e-01
-7.348727351745232284e-02
-8.531242536508800711e-01
-1.513255271522837342e+00
nan
2.287044287221962957e+00
nan
nan
1.931238890677571263e-01
nan
2.210271665299161636e+00
nan
-2.962344734584618333e+00
-7.348727351745232284e-02
-3.300001822915614724e-01
-5.470495666388890399e-01
4.971935316018036843e-01
nan
1.868683789835140718e+00
-7.348727351745232284e-02
1.931238890677571263e-01
-6.372761993276432335e-02
-6.446859378064981883e-01
7.167226646660500577e-01
1.868683789835140718e+00
-1.215366742925754417e+00
-1.376723029249172781e+00
2.351567548012973408e+00
1.067874336721060136e+00
7.167226646660500577e-01
4.191561382450679218e-01
4.971935316018036843e-01
7.167226646660500577e-01
4.191561382450679218e-01
-6.446859378064981883e-01
-1.376723029249172781e+00
2.834889494719089686e+00
-1.215366742925754417e+00
-1.899847100608491601e+00
1.385361843129016446e+00
-6.446859378064981883e-01
-3.300001822915614724e-01
-5.470495666388890399e-01
-7.348727351745232284e-02
1.763445511623670914e+00
2.834889494719089686e+00
-1.215366742925754417e+00
-1.376723029249172781e+00
-1.996139029700669809e+00
-7.348727351745232284e-02
-3.300001822915614724e-01
-5.470495666388890399e-01
1.067874336721060136e+00
1.240321440264351427e+00
9.024780849511837566e-01
-7.348727351745232284e-02
1.931238890677571263e-01
-6.372761993276432335e-02
-7.348727351745232284e-02
-3.300001822915614724e-01
-5.470495666388890399e-01
-7.348727351745232284e-02
1.931238890677571263e-01
-6.372761993276432335e-02
-2.928444876623112592e+00
1.763445511623670914e+00
4.191561382450679218e-01
-6.446859378064981883e-01
-3.300001822915614724e-01
-5.470495666388890399e-01
-6.446859378064981883e-01
-1.376723029249172781e+00
-1.996139029700669809e+00
-1.215366742925754417e+00
-8.531242536508800711e-01
-1.030371513345004875e+00
4.971935316018036843e-01
1.931238890677571263e-01
-6.372761993276432335e-02
3.735845313026961989e-01
1.380581973457211120e-01
8.512100271410245611e-01
1.822673994364476524e+00
nan
nan
-1.558826878465209287e+00
1.707905115662660567e+00
-5.983176244490469031e-01
3.735845313026961989e-01
-9.086646496118904182e-01
-1.564523329333010970e+00
3.735845313026961989e-01
1.380581973457211120e-01
3.678880804349002887e-01
-1.097374154034285176e-01
1.380581973457211120e-01
-1.149956777429399502e-01
-1.097374154034285176e-01
1.380581973457211120e-01
-1.149956777429399502e-01
-1.075943120287377042e+00
-1.955862200808484941e+00
3.678880804349002887e-01
-5.930593621095447965e-01
-3.855405782525713754e-01
-5.983176244490469031e-01
1.339790236186644723e+00
nan
-3.014050980923073553e+00
-1.097374154034285176e-01
-9.086646496118904182e-01
-1.564523329333010970e+00
-1.075943120287377042e+00
-9.086646496118904182e-01
-1.081201382626887142e+00
-5.930593621095447965e-01
-3.855405782525713754e-01
-5.983176244490469031e-01
-1.097374154034285176e-01
1.380581973457211120e-01
3.678880804349002887e-01
3.735845313026961989e-01
1.380581973457211120e-01
8.512100271410245611e-01
-1.097374154034285176e-01
-1.432263425210192231e+00
3.678880804349002887e-01
-2.042148825171325122e+00
-1.432263425210192231e+00
-3.014050980923073553e+00
-1.097374154034285176e-01
-9.086646496118904182e-01
-1.564523329333010970e+00
8.564682894805284441e-01
1.707905115662660567e+00
nan
-1.097374154034285176e-01
-9.086646496118904182e-01
2.783621436908918501e+00
3.735845313026961989e-01
6.611822687050397107e-01
8.512100271410245611e-01
-3.008354530055282527e+00
-2.478986272167803762e+00
-2.047407087510833890e+00
3.735845313026961989e-01
1.380581973457211120e-01
3.678880804349002887e-01
8.564682894805284441e-01
2.754627962620272097e+00
nan
1.339790236186644723e+00
2.231503891260953498e+00
8.512100271410245611e-01
3.735845313026961989e-01
6.611822687050397107e-01
8.512100271410245611e-01
-1.075943120287377042e+00
-1.955862200808484941e+00
3.678880804349002887e-01
3.735845313026961989e-01
1.380581973457211120e-01
8.512100271410245611e-01
8.564682894805284441e-01
6.611822687050397107e-01
1.334093785318847925e+00
-5.930593621095447965e-01
-1.955862200808484941e+00
2.783621436908918501e+00
-1.075943120287377042e+00
1.380581973457211120e-01
-2.530729034216958162e+00
8.564682894805284441e-01
6.611822687050397107e-01
1.334093785318847925e+00
3.735845313026961989e-01
-9.086646496118904182e-01
-1.564523329333010970e+00
-5.930593621095447965e-01
-3.855405782525713754e-01
-5.983176244490469031e-01
3.735845313026961989e-01
6.611822687050397107e-01
1.334093785318847925e+00
-5.930593621095447965e-01
-1.432263425210192231e+00
1.816977543496670844e+00
1.339790236186644723e+00
1.707905115662660567e+00
2.783621436908918501e+00
-1.097374154034285176e-01
1.380581973457211120e-01
3.678880804349002887e-01
1.822673994364476524e+00
1.707905115662660567e+00
nan
3.735845313026961989e-01
1.707905115662660567e+00
nan
-7.406193490118915257e-01
-1.669529234840077203e+00
-1.101437725569827997e+00
-1.264218124610193561e+00
-1.669529234840077203e+00
-1.672636389858874972e+00
nan
-2.811408704248389512e+00
nan
-2.174952776525729270e-01
-5.276497654317751085e-01
3.992388466868579400e-02
2.399549191860951947e+00
4.303103968748089869e-02
-1.101437725569827997e+00
8.292275693050381591e-01
1.184910509095783215e+00
1.182321213246789515e+00
2.399549191860951947e+00
4.303103968748089869e-02
-1.672636389858874972e+00
-1.264218124610193561e+00
-1.669529234840077203e+00
-1.672636389858874972e+00
8.292275693050381591e-01
1.184910509095783215e+00
1.753002018366046411e+00
3.061034979457195604e-01
4.303103968748089869e-02
3.992388466868579400e-02
3.061034979457195604e-01
-2.240727899129133505e+00
-1.101437725569827997e+00
1.875950416262650133e+00
nan
1.753002018366046411e+00
8.292275693050381591e-01
1.756109173384838851e+00
2.324200682655094052e+00
3.061034979457195604e-01
4.303103968748089869e-02
3.992388466868579400e-02
-7.406193490118915257e-01
-1.669529234840077203e+00
-1.101437725569827997e+00
-7.406193490118915257e-01
-5.276497654317751085e-01
-5.307569204505711014e-01
-1.264218124610193561e+00
6.137118448067369059e-01
6.111225489577329917e-01
-1.264218124610193561e+00
2.897988642793140723e+00
6.111225489577329917e-01
-7.406193490118915257e-01
-1.669529234840077203e+00
-1.101437725569827997e+00
-2.174952776525729270e-01
6.137118448067369059e-01
1.182321213246789515e+00
1.352351640664357202e+00
-1.669529234840077203e+00
6.111225489577329917e-01
-1.787342195969512382e+00
-5.276497654317751085e-01
-1.672636389858874972e+00
-1.264218124610193561e+00
6.137118448067369059e-01
6.111225489577329917e-01
-1.787342195969512382e+00
-1.098848429720820974e+00
-5.307569204505711014e-01
-7.406193490118915257e-01
-1.098848429720820974e+00
-5.307569204505711014e-01
2.922673263220270545e+00
nan
nan
-7.406193490118915257e-01
-5.276497654317751085e-01
3.992388466868579400e-02
3.061034979457195604e-01
4.303103968748089869e-02
3.992388466868579400e-02
8.292275693050381591e-01
6.137118448067369059e-01
6.111225489577329917e-01
3.061034979457195604e-01
4.303103968748089869e-02
6.111225489577329917e-01
nan
6.137118448067369059e-01
nan
-7.406193490118915257e-01
-1.098848429720820974e+00
-5.307569204505711014e-01
1.352351640664357202e+00
2.897988642793140723e+00
nan
1.875950416262650133e+00
1.756109173384838851e+00
1.182321213246789515e+00
8.292275693050381591e-01
-2.240727899129133505e+00
6.111225489577329917e-01
-1.787342195969512382e+00
6.137118448067369059e-01
-1.101437725569827997e+00
-7.406193490118915257e-01
-5.276497654317751085e-01
-5.307569204505711014e-01
3.061034979457195604e-01
4.303103968748089869e-02
6.111225489577329917e-01
-7.406193490118915257e-01
6.137118448067369059e-01
6.111225489577329917e-01
8.292275693050381591e-01
1.756109173384838851e+00
2.894881487774350948e+00
-6.490014308881688621e-01
-5.281100846938149296e-01
-5.306418406350594807e-01
3.977214160694519940e-01
1.565652078714069528e+00
2.958117846397674722e+00
-6.490014308881688621e-01
-5.281100846938149296e-01
-5.306418406350594807e-01
9.208454874287617109e-01
nan
1.562487383787514172e+00
-6.490014308881688621e-01
-1.923740547303963266e+00
-1.926272303245207596e+00
3.977214160694519940e-01
1.700216161039209695e-01
8.649886219751015126e-01
9.208454874287617109e-01
1.565652078714069528e+00
nan
-6.490014308881688621e-01
-5.281100846938149296e-01
-5.306418406350594807e-01
9.208454874287617109e-01
nan
8.649886219751015126e-01
-6.490014308881688621e-01
-1.225608846506239802e+00
-5.306418406350594807e-01
1.444444263027063524e+00
nan
1.562487383787514172e+00
-1.258773595288502634e-01
-5.281100846938149296e-01
1.668569211773656136e-01
1.967568334386382123e+00
nan
nan
-6.490014308881688621e-01
2.961282541324217643e+00
nan
nan
8.675203779163331852e-01
nan
-6.490014308881688621e-01
-5.281100846938149296e-01
-5.306418406350594807e-01
-6.490014308881688621e-01
-1.225608846506239802e+00
-5.306418406350594807e-01
1.444444263027063524e+00
2.961282541324217643e+00
nan
1.444444263027063524e+00
nan
2.260619084585249627e+00
1.444444263027063524e+00
nan
-2.624404004042943495e+00
-1.172600206486461349e+00
-2.621239309116388139e+00
-2.624404004042943495e+00
-6.490014308881688621e-01
-5.281100846938149296e-01
-5.306418406350594807e-01
nan
nan
-1.926272303245207596e+00
9.208454874287617109e-01
8.675203779163331852e-01
1.562487383787514172e+00
-2.219323053444082205e+00
nan
nan
-1.258773595288502634e-01
1.700216161039209695e-01
1.668569211773656136e-01
9.208454874287617109e-01
2.263150840526493734e+00
nan
3.977214160694519940e-01
1.565652078714069528e+00
2.958117846397674722e+00
3.014291181343993653e+00
nan
nan
-2.742447124803400804e+00
2.961282541324217643e+00
8.649886219751015126e-01
-6.490014308881688621e-01
-5.281100846938149296e-01
-5.306418406350594807e-01
1.444444263027063524e+00
-5.281100846938149296e-01
-1.228773541432782723e+00
-2.742447124803400804e+00
2.263150840526493734e+00
1.668569211773656136e-01
9.208454874287617109e-01
8.675203779163331852e-01
1.562487383787514172e+00
-1.258773595288502634e-01
1.700216161039209695e-01
1.668569211773656136e-01
-1.258773595288502634e-01
1.700216161039209695e-01
1.668569211773656136e-01
-1.172600206486461349e+00
-1.225608846506239802e+00
-1.228773541432782723e+00
-1.258773595288502634e-01
-5.281100846938149296e-01
1.668569211773656136e-01
-2.219323053444082205e+00
-5.281100846938149296e-01
-1.228773541432782723e+00
-2.219323053444082205e+00
-5.281100846938149296e-01
-1.926272303245207596e+00
nan
1.014741985899616505e+00
nan
1.018159856420288722e+00
2.271379047335531087e+00
nan
2.274227272769421493e+00
nan
1.011893760465719883e+00
-8.662260906468062238e-01
-8.690743160807019585e-01
-8.719225415145945846e-01
-2.379075599288555942e-01
3.869931002684330323e-01
3.841448748345377417e-01
-8.662260906468062238e-01
-8.690743160807019585e-01
-2.436040107966439550e-01
nan
1.643060516617568023e+00
nan
-2.379075599288555942e-01
3.869931002684330323e-01
3.841448748345377417e-01
-2.379075599288555942e-01
2.271379047335531087e+00
-2.436040107966439550e-01
nan
nan
1.011893760465719883e+00
2.901976158400602746e+00
1.014741985899616505e+00
-2.436040107966439550e-01
-2.379075599288555942e-01
-2.407557853627499966e-01
-2.436040107966439550e-01
1.018159856420288722e+00
2.271379047335531087e+00
nan
-8.662260906468062238e-01
-1.496823201711884987e+00
-2.127989957863738901e+00
-2.122293506995950096e+00
1.014741985899616505e+00
-8.719225415145945846e-01
-8.662260906468062238e-01
-8.690743160807019585e-01
-8.719225415145945846e-01
-8.662260906468062238e-01
-1.496823201711884987e+00
-2.127989957863738901e+00
-8.662260906468062238e-01
-8.690743160807019585e-01
-8.719225415145945846e-01
-1.493974976277988143e+00
-2.752890618061031525e+00
-2.436040107966439550e-01
-2.379075599288555942e-01
-2.407557853627499966e-01
-2.436040107966439550e-01
3.898413257023265466e-01
nan
2.896279707532814829e+00
-2.122293506995950096e+00
2.271379047335531087e+00
3.841448748345377417e-01
-2.379075599288555942e-01
-2.407557853627499966e-01
-2.436040107966439550e-01
2.901976158400602746e+00
nan
1.011893760465719883e+00
1.645908742051459317e+00
nan
-2.436040107966439550e-01
nan
nan
-2.127989957863738901e+00
1.645908742051459317e+00
nan
-2.127989957863738901e+00
-1.493974976277988143e+00
1.014741985899616505e+00
1.011893760465719883e+00
3.898413257023265466e-01
1.014741985899616505e+00
3.841448748345377417e-01
-2.379075599288555942e-01
-2.407557853627499966e-01
-2.436040107966439550e-01
1.645908742051459317e+00
nan
-1.499671427145776725e+00
2.901976158400602746e+00
nan
1.011893760465719883e+00
3.898413257023265466e-01
3.869931002684330323e-01
3.841448748345377417e-01
-1.493974976277988143e+00
-1.496823201711884987e+00
-2.127989957863738901e+00
-2.379075599288555942e-01
-2.407557853627499966e-01
-2.436040107966439550e-01
3.898413257023265466e-01
1.014741985899616505e+00
1.011893760465719883e+00
nan
nan
1.011893760465719883e+00
-1.493974976277988143e+00
-1.496823201711884987e+00
-1.499671427145776725e+00
-2.122293506995950096e+00
nan
1.011893760465719883e+00
1.645908742051459317e+00
nan
-1.499671427145776725e+00
nan
2.757587883169217324e+00
nan
nan
-9.367280472694172744e-01
8.729003592914694742e-01
2.197803578721946316e-01
1.649125561365045289e+00
-9.214816640644336587e-01
-1.229309105189588358e+00
-1.675926318702312789e+00
2.218483432134558786e+00
-2.678398568251379785e+00
9.102623752773211230e-01
-4.730896028993116786e-01
nan
-5.674639968981405325e-01
1.770091370969421707e+00
-2.195514810073546652e+00
2.757587883169217324e+00
-2.469754173419014265e-02
7.031023045783113545e-01
5.409983249060315025e-01
4.241014087786396658e-01
2.197803578721946316e-01
-1.978648611816931080e-01
-2.469754173419014265e-02
7.031023045783113545e-01
5.409983249060315025e-01
4.241014087786396658e-01
1.186424251284436959e+00
5.409983249060315025e-01
4.241014087786396658e-01
1.669308009462260767e+00
1.279861510993768992e+00
8.729003592914694742e-01
nan
nan
4.241014087786396658e-01
7.031023045783113545e-01
1.713991891895965125e-01
4.241014087786396658e-01
-1.229309105189588358e+00
9.102623752773211230e-01
-1.370280614577263689e+00
-2.195514810073546652e+00
2.387988747452769456e+00
4.241014087786396658e-01
-7.459871584834716352e-01
-9.367280472694172744e-01
-1.370280614577263689e+00
2.197803578721946316e-01
-1.978648611816931080e-01
-2.469754173419014265e-02
-1.229309105189588358e+00
2.387988747452769456e+00
4.241014087786396658e-01
2.635513714346228387e+00
nan
-9.214816640644336587e-01
2.197803578721946316e-01
-1.978648611816931080e-01
-2.469754173419014265e-02
1.669308009462260767e+00
1.279861510993768992e+00
1.321292420456591454e+00
1.186424251284436959e+00
9.102623752773211230e-01
8.729003592914694742e-01
3.118835661052336672e+00
-5.674639968981405325e-01
-9.214816640644336587e-01
-7.459871584834716352e-01
-1.306327182985865143e+00
-2.267471626255215256e+00
7.031023045783113545e-01
1.713991891895965125e-01
-2.469754173419014265e-02
-1.229309105189588358e+00
-1.306327182985865143e+00
-2.267471626255215256e+00
7.031023045783113545e-01
1.279861510993768992e+00
-1.370280614577263689e+00
1.669308009462260767e+00
1.649125561365045289e+00
1.321292420456591454e+00
nan
-1.306327182985865143e+00
1.321292420456591454e+00
-7.459871584834716352e-01
-1.675926318702312789e+00
4.241014087786396658e-01
nan
-1.306327182985865143e+00
4.241014087786396658e-01
-1.229309105189588358e+00
-2.045190369073589309e+00
4.241014087786396658e-01
2.197803578721946316e-01
1.713991891895965125e-01
-2.469754173419014265e-02
nan
1.649125561365045289e+00
nan
1.669308009462260767e+00
1.279861510993768992e+00
8.729003592914694742e-01
1.186424251284436959e+00
2.387988747452769456e+00
-2.469754173419014265e-02
-2.631034003056385018e-01
-5.674639968981405325e-01
-4.730896028993116786e-01
-2.631034003056385018e-01
-5.674639968981405325e-01
-4.730896028993116786e-01
3.118835661052336672e+00
9.102623752773211230e-01
-9.214816640644336587e-01
3.835752297477532657e-01
6.270968813986987911e-02
-2.046782632000327951e-01
3.835752297477532657e-01
1.775787821837228275e+00
-1.251401110157653651e+00
1.011893760465716330e+00
6.339083524289259586e-01
3.184458081592858036e-01
3.835752297477532657e-01
6.270968813986987911e-02
-2.046782632000327951e-01
-1.500241072232564976e+00
-1.649850586387688445e+00
-2.821722732713566995e+00
nan
-2.221049250676744524e+00
3.184458081592858036e-01
3.835752297477532657e-01
1.775787821837228275e+00
nan
-8.724921866013817251e-01
-1.649850586387688445e+00
3.184458081592858036e-01
-8.724921866013817251e-01
-1.079169781268432438e+00
-2.298123957115264737e+00
-8.724921866013817251e-01
-1.079169781268432438e+00
-2.298123957115264737e+00
3.835752297477532657e-01
6.270968813986987911e-02
-2.046782632000327951e-01
1.011893760465716330e+00
-1.649850586387688445e+00
-1.774999885755946361e+00
-8.724921866013817251e-01
-1.649850586387688445e+00
-7.282770387983350524e-01
1.011893760465716330e+00
2.917149432075740290e+00
nan
nan
-1.649850586387688445e+00
nan
1.639642646096899359e+00
1.204589157548181522e+00
8.420445837575782910e-01
-2.441736558834297632e-01
1.775787821837228275e+00
1.888292726476215488e+00
3.835752297477532657e-01
-5.079711169793865722e-01
-7.282770387983350524e-01
-2.441736558834297632e-01
-2.221049250676744524e+00
1.888292726476215488e+00
1.011893760465716330e+00
6.339083524289259586e-01
3.184458081592858036e-01
-2.128559602950527818e+00
-1.649850586387688445e+00
2.411891502074508420e+00
1.639642646096899359e+00
6.339083524289259586e-01
8.420445837575782910e-01
nan
-2.791730055795990317e+00
2.935490277672810233e+00
3.835752297477532657e-01
6.270968813986987911e-02
-2.046782632000327951e-01
-8.724921866013817251e-01
-1.079169781268432438e+00
2.411891502074508420e+00
-2.756308488581700189e+00
6.270968813986987911e-02
1.888292726476215488e+00
3.835752297477532657e-01
6.270968813986987911e-02
-2.046782632000327951e-01
3.835752297477532657e-01
6.270968813986987911e-02
-2.046782632000327951e-01
-1.500241072232564976e+00
2.346468626956484282e+00
-2.046782632000327951e-01
-1.500241072232564976e+00
-1.649850586387688445e+00
-2.046782632000327951e-01
1.011893760465716330e+00
6.339083524289259586e-01
3.184458081592858036e-01
-2.128559602950527818e+00
1.204589157548181522e+00
2.411891502074508420e+00
3.835752297477532657e-01
6.270968813986987911e-02
-2.046782632000327951e-01
-2.756308488581700189e+00
nan
8.420445837575782910e-01
1.011893760465716330e+00
6.339083524289259586e-01
3.184458081592858036e-01
3.835752297477532657e-01
-1.649850586387688445e+00
2.935490277672810233e+00
-2.441736558834297632e-01
-5.079711169793865722e-01
-1.251401110157653651e+00
nan
6.339083524289259586e-01
1.365168655116896890e+00
-2.441736558834297632e-01
-5.079711169793865722e-01
-1.251401110157653651e+00
-2.441736558834297632e-01
-1.079169781268432438e+00
-1.774999885755946361e+00
-3.010432237135889366e-01
-5.203200664130682718e-01
-3.067396745813888437e-01
nan
9.292075851770049688e-01
nan
-8.241672950729075353e-01
-1.003203824590900517e+00
-8.303384501796906569e-01
2.225555518847035508e-01
-3.743630823523602658e-02
2.163843967779301991e-01
-8.241672950729075353e-01
-1.486525771297016574e+00
-2.923784144094913273e+00
2.225555518847035508e-01
-3.743630823523602658e-02
7.399831723762226865e-01
-3.010432237135889366e-01
-5.203200664130682718e-01
-8.303384501796906569e-01
-3.010432237135889366e-01
-5.203200664130682718e-01
-3.067396745813888437e-01
-8.241672950729075353e-01
-5.203200664130682718e-01
-8.303384501796906569e-01
-1.347766070671209571e+00
-1.003203824590900517e+00
-1.353937225777983366e+00
1.792402470201633680e+00
1.895413290060953049e+00
nan
2.225555518847035508e-01
9.292075851770049688e-01
nan
-8.241672950729075353e-01
-1.486525771297016574e+00
2.309830090693161697e+00
1.268803694603340748e+00
9.292075851770049688e-01
1.786706019333843098e+00
-8.241672950729075353e-01
9.292075851770049688e-01
nan
7.456796232440225936e-01
2.378297048238785738e+00
nan
-1.870890142030528391e+00
-1.003203824590900517e+00
-1.353937225777983366e+00
-2.394488917628820879e+00
1.412091343354836770e+00
nan
-2.917612988988139477e+00
-3.743630823523602658e-02
7.399831723762226865e-01
-8.241672950729075353e-01
-1.003203824590900517e+00
-1.353937225777983366e+00
-3.010432237135889366e-01
-5.203200664130682718e-01
-3.067396745813888437e-01
2.225555518847035508e-01
4.458856384708802523e-01
1.263107243735541285e+00
-3.010432237135889366e-01
-5.203200664130682718e-01
-8.303384501796906569e-01
nan
1.412091343354836770e+00
nan
-8.241672950729075353e-01
-1.486525771297016574e+00
2.309830090693161697e+00
2.839125317159254092e+00
1.412091343354836770e+00
nan
-3.010432237135889366e-01
-5.203200664130682718e-01
-3.067396745813888437e-01
7.456796232440225936e-01
-3.743630823523602658e-02
2.163843967779301991e-01
7.456796232440225936e-01
4.458856384708802523e-01
1.263107243735541285e+00
-3.010432237135889366e-01
-5.203200664130682718e-01
-3.067396745813888437e-01
nan
9.292075851770049688e-01
2.833428866291454629e+00
-3.010432237135889366e-01
-5.203200664130682718e-01
-3.067396745813888437e-01
-8.241672950729075353e-01
-1.003203824590900517e+00
-1.353937225777983366e+00
-3.010432237135889366e-01
-5.203200664130682718e-01
-3.067396745813888437e-01
-8.241672950729075353e-01
-5.203200664130682718e-01
-8.303384501796906569e-01
7.456796232440225936e-01
4.458856384708802523e-01
1.263107243735541285e+00
7.456796232440225936e-01
4.458856384708802523e-01
1.263107243735541285e+00
2.225555518847035508e-01
-3.743630823523602658e-02
2.163843967779301991e-01
7.456796232440225936e-01
1.412091343354836770e+00
nan
2.316001245799935493e+00
nan
2.309830090693161697e+00
-3.708247468441023820e-01
-5.851719686002923027e-01
-6.985432914656715120e-01
1.722620947071126007e+00
2.313883334579853734e+00
nan
-8.944235224423944253e-01
-1.068055726778124548e+00
-1.840940620043775233e+00
-3.708247468441023820e-01
-5.851719686002923027e-01
-6.985432914656715120e-01
nan
nan
nan
1.522993245152153285e-01
3.814719248119486927e-01
4.433361779426325811e-01
1.199022171472825082e+00
nan
2.727095116759260751e+00
1.522993245152153285e-01
-1.018500218941760238e-01
-1.278624863464243866e-01
-3.708247468441023820e-01
-1.018500218941760238e-01
-6.985432914656715120e-01
6.754233958745334832e-01
8.643556829897809379e-01
1.585215647350936674e+00
-1.417547593801712136e+00
-2.034261431662073072e+00
-2.982302230282289024e+00
1.722620947071126007e+00
nan
nan
nan
nan
nan
1.722620947071126007e+00
1.830561387873729462e+00
nan
nan
nan
-6.985432914656715120e-01
nan
nan
1.585215647350936674e+00
nan
nan
4.433361779426325811e-01
6.754233958745334832e-01
3.814719248119486927e-01
1.014016983061899690e+00
-8.944235224423944253e-01
-1.068055726778124548e+00
-1.269741955754728258e+00
nan
1.830561387873729462e+00
nan
-8.944235224423944253e-01
-1.068055726778124548e+00
-1.840940620043775233e+00
nan
-2.034261431662073072e+00
nan
-8.944235224423944253e-01
-1.068055726778124548e+00
-1.840940620043775233e+00
1.522993245152153285e-01
-1.018500218941760238e-01
-1.278624863464243866e-01
1.722620947071126007e+00
2.313883334579853734e+00
nan
1.199022171472825082e+00
1.830561387873729462e+00
nan
1.722620947071126007e+00
nan
-2.411621425163032129e+00
1.522993245152153285e-01
-1.018500218941760238e-01
-1.278624863464243866e-01
-1.941146369400013283e+00
-1.018500218941760238e-01
2.155896452470203339e+00
1.522993245152153285e-01
3.814719248119486927e-01
4.433361779426325811e-01
1.522993245152153285e-01
-1.018500218941760238e-01
-1.278624863464243866e-01
nan
-5.851719686002923027e-01
nan
-1.417547593801712136e+00
2.796767092757686424e+00
1.585215647350936674e+00
2.769343794028735761e+00
nan
4.433361779426325811e-01
-8.944235224423944253e-01
-1.068055726778124548e+00
-1.840940620043775233e+00
nan
3.814719248119486927e-01
nan
1.522993245152153285e-01
-1.018500218941760238e-01
-1.278624863464243866e-01
-1.941146369400013283e+00
1.347677629695896773e+00
-1.278624863464243866e-01
6.754233958745334832e-01
3.814719248119486927e-01
1.014016983061899690e+00
2.245745018430444606e+00
nan
-1.840940620043775233e+00
1.153165741987063786e+00
-4.686138200746108318e-01
-1.169277276813578625e+00
1.153165741987063786e+00
-1.166745520872346509e+00
1.621983648406718270e+00
5.254168563558816452e-01
2.322647105145698720e+00
nan
-1.029016743620694285e-01
2.288849417378142626e-01
2.263531857965697114e-01
2.409233158336207214e+00
nan
9.238519476089943616e-01
nan
9.270166425355372830e-01
3.017614111016878820e+00
5.254168563558816452e-01
-4.686138200746108318e-01
-4.717785150011661877e-01
nan
2.288849417378142626e-01
nan
-1.029016743620694285e-01
-4.686138200746108318e-01
2.263531857965697114e-01
-7.306505599932511252e-01
-1.166745520872346509e+00
-4.717785150011661877e-01
5.254168563558816452e-01
-4.686138200746108318e-01
-4.717785150011661877e-01
-7.306505599932511252e-01
-4.686138200746108318e-01
2.263531857965697114e-01
2.409233158336207214e+00
2.288849417378142626e-01
-1.169277276813578625e+00
-1.029016743620694285e-01
-1.166745520872346509e+00
-1.169277276813578625e+00
-1.029016743620694285e-01
-1.166745520872346509e+00
-1.169277276813578625e+00
-2.615036507060346072e+00
9.270166425355372830e-01
2.319482410219142476e+00
-1.029016743620694285e-01
2.288849417378142626e-01
2.263531857965697114e-01
nan
-2.562375983482494846e+00
9.238519476089943616e-01
1.781484272705025074e+00
-4.686138200746108318e-01
-1.867408977611314302e+00
-7.306505599932511252e-01
9.270166425355372830e-01
3.017614111016878820e+00
-1.029016743620694285e-01
-4.686138200746108318e-01
-4.717785150011661877e-01
3.037551689054157844e+00
nan
nan
nan
-2.562375983482494846e+00
nan
-1.029016743620694285e-01
2.288849417378142626e-01
2.263531857965697114e-01
nan
2.288849417378142626e-01
1.621983648406718270e+00
-1.029016743620694285e-01
2.288849417378142626e-01
2.263531857965697114e-01
-1.358969090711213301e+00
nan
9.238519476089943616e-01
-2.615036507060346072e+00
9.270166425355372830e-01
-4.717785150011661877e-01
nan
-4.686138200746108318e-01
9.238519476089943616e-01
-7.306505599932511252e-01
-4.686138200746108318e-01
2.263531857965697114e-01
-7.306505599932511252e-01
-4.686138200746108318e-01
2.263531857965697114e-01
nan
9.270166425355372830e-01
1.621983648406718270e+00
-1.029016743620694285e-01
1.624515404347962377e+00
nan
3.037551689054157844e+00
-4.686138200746108318e-01
-2.564907739423738953e+00
-7.306505599932511252e-01
-4.686138200746108318e-01
2.263531857965697114e-01
-7.306505599932511252e-01
-1.166745520872346509e+00
-1.169277276813578625e+00
1.781484272705025074e+00
-1.166745520872346509e+00
9.238519476089943616e-01
5.254168563558816452e-01
2.322647105145698720e+00
nan
-1.029016743620694285e-01
2.288849417378142626e-01
2.263531857965697114e-01
-7.306505599932511252e-01
-1.166745520872346509e+00
-1.169277276813578625e+00
1.021577726940971598e+00
2.211566313223667368e+00
3.109896615075169901e+00
1.021577726940971598e+00
1.314375301545716024e+00
1.434760296551800263e+00
-6.527990648000279172e-01
-3.120777129737373201e-02
-2.396164951891970318e-01
2.696714045464335907e+00
nan
1.788827618982646861e-01
6.030784698535160970e-01
-9.288056723230333489e-01
-1.495873793233926108e+00
1.845792127660614845e-01
8.659832403805780565e-01
1.016261039464353200e+00
6.030784698535160970e-01
8.659832403805780565e-01
1.016261039464353200e+00
-6.527990648000279172e-01
nan
2.691017594596529339e+00
-2.746434640410854833e+00
nan
5.977617823769056926e-01
-1.071678085278669368e+00
-1.825589794653277087e+00
5.977617823769056926e-01
-2.342998077125728607e-01
-3.120777129737373201e-02
1.788827618982646861e-01
6.030784698535160970e-01
1.314375301545716024e+00
1.434760296551800263e+00
2.696714045464335907e+00
-3.120777129737373201e-02
-1.914373050321372949e+00
-1.909056362844758548e+00
-3.120777129737373201e-02
1.016261039464353200e+00
3.115213302551798069e+00
nan
5.977617823769056926e-01
1.845792127660614845e-01
8.659832403805780565e-01
1.016261039464353200e+00
-1.490177342366124202e+00
-1.377197733488155329e+00
-1.076994772755285101e+00
-1.071678085278669368e+00
-9.288056723230333489e-01
-6.584955156678233834e-01
2.696714045464335907e+00
nan
1.434760296551800263e+00
-1.490177342366124202e+00
-1.377197733488155329e+00
-1.076994772755285101e+00
1.845792127660614845e-01
8.659832403805780565e-01
5.977617823769056926e-01
1.440456747419605055e+00
1.763174252058529401e+00
2.272518337509082276e+00
1.440456747419605055e+00
3.108757324901619601e+00
nan
6.030784698535160970e-01
2.211566313223667368e+00
nan
-1.490177342366124202e+00
-1.377197733488155329e+00
-1.076994772755285101e+00
-1.071678085278669368e+00
-4.800067218102035405e-01
-6.584955156678233834e-01
-2.342998077125728607e-01
-1.377197733488155329e+00
2.691017594596529339e+00
-6.527990648000279172e-01
-3.120777129737373201e-02
-2.396164951891970318e-01
-6.527990648000279172e-01
-4.800067218102035405e-01
-2.396164951891970318e-01
-1.071678085278669368e+00
-4.800067218102035405e-01
-6.584955156678233834e-01
1.845792127660614845e-01
4.171842898677482481e-01
5.977617823769056926e-01
1.440456747419605055e+00
2.211566313223667368e+00
nan
1.845792127660614845e-01
1.763174252058529401e+00
3.109896615075169901e+00
-2.342998077125728607e-01
-3.120777129737373201e-02
1.788827618982646861e-01
1.845792127660614845e-01
4.171842898677482481e-01
1.788827618982646861e-01
-2.342998077125728607e-01
-3.120777129737373201e-02
1.788827618982646861e-01
1.845792127660614845e-01
8.659832403805780565e-01
5.977617823769056926e-01
-1.490177342366124202e+00
-9.288056723230333489e-01
-1.076994772755285101e+00
nan
8.659832403805780565e-01
2.691017594596529339e+00
-1.490177342366124202e+00
1.314375301545716024e+00
-1.076994772755285101e+00
-1.402831762393246029e+00
-1.918930211015612119e+00
1.517311363710962535e+00
-1.402831762393246029e+00
-6.628627946664793491e-01
-1.622857177161887599e+00
-2.299615884723505754e+00
-1.918930211015612119e+00
-5.277290672546985917e-02
1.289148161988317387e+00
5.932046216826645235e-01
7.319132003135089271e-01
1.289148161988317387e+00
5.932046216826645235e-01
7.319132003135089271e-01
3.915502609626733133e-01
-3.511390903529720831e-02
-5.277290672546985917e-02
-1.402831762393246029e+00
-6.628627946664793491e-01
-1.622857177161887599e+00
3.915502609626733133e-01
1.849272038031796850e+00
nan
nan
-2.547248741733573851e+00
-1.622857177161887599e+00
1.289148161988317387e+00
nan
-2.408255340559341207e+00
-5.052338613675861900e-01
-3.511390903529720831e-02
-8.381710701229092564e-01
-5.052338613675861900e-01
5.932046216826645235e-01
1.517311363710962535e+00
-2.299615884723505754e+00
5.932046216826645235e-01
1.517311363710962535e+00
nan
1.849272038031796850e+00
nan
3.915502609626733133e-01
-3.511390903529720831e-02
-5.277290672546985917e-02
-5.052338613675861900e-01
nan
-1.622857177161887599e+00
2.185932284318576446e+00
nan
nan
-1.402831762393246029e+00
-1.291181325384430201e+00
-1.622857177161887599e+00
nan
nan
nan
nan
2.477020923662978991e+00
nan
-5.052338613675861900e-01
-1.291181325384430201e+00
-2.408255340559341207e+00
3.083530185344236063e+00
nan
nan
-1.402831762393246029e+00
-6.628627946664793491e-01
-1.622857177161887599e+00
-1.402831762393246029e+00
nan
nan
-5.052338613675861900e-01
-6.628627946664793491e-01
-8.381710701229092564e-01
1.289148161988317387e+00
-1.291181325384430201e+00
7.319132003135089271e-01
-5.052338613675861900e-01
-6.628627946664793491e-01
-8.381710701229092564e-01
-2.299615884723505754e+00
-1.918930211015612119e+00
1.517311363710962535e+00
-1.402831762393246029e+00
-6.628627946664793491e-01
-1.622857177161887599e+00
-1.402831762393246029e+00
-1.291181325384430201e+00
-1.622857177161887599e+00
-5.052338613675861900e-01
-3.511390903529720831e-02
-5.277290672546985917e-02
-1.402831762393246029e+00
5.932046216826645235e-01
1.517311363710962535e+00
-5.052338613675861900e-01
-3.511390903529720831e-02
-5.277290672546985917e-02
-5.052338613675861900e-01
-6.628627946664793491e-01
-8.381710701229092564e-01
1.289148161988317387e+00
1.220953507313846220e+00
1.517311363710962535e+00
-1.402831762393246029e+00
-2.547248741733573851e+00
-2.408255340559341207e+00
2.185932284318576446e+00
2.477020923662978991e+00
nan
nan
1.849272038031796850e+00
nan
3.915502609626733133e-01
-3.511390903529720831e-02
-5.277290672546985917e-02
nan
-3.511390903529720831e-02
2.301997470749940877e+00
nan
1.397685895487237762e+00
1.877288219117961621e+00
2.381890194170779740e+00
nan
1.642100854206036686e-01
nan
-2.527168752424590714e+00
7.354087497096597481e-01
-7.585631692454586350e-01
-9.570844819881725307e-01
-9.776693839876986480e-01
3.009639079801950334e+00
nan
7.354087497096597481e-01
-1.302446385274969032e-01
nan
7.354087497096597481e-01
4.975042471036852376e-01
1.397685895487237762e+00
1.642100854206036686e-01
3.009639079801950334e+00
2.967770165923656389e+00
1.642100854206036686e-01
-7.585631692454586350e-01
-1.723983749491937445e-01
-4.064707196986523385e-01
-1.302446385274969032e-01
-1.723983749491937445e-01
-4.064707196986523385e-01
-2.642379471225773546e+00
-1.742482645385611928e+00
1.642100854206036686e-01
-1.302446385274969032e-01
6.129997884482594195e-01
1.642100854206036686e-01
1.753571663452817564e+00
nan
-9.776693839876986480e-01
-2.014630585594591405e+00
6.129997884482594195e-01
-9.776693839876986480e-01
nan
6.129997884482594195e-01
1.877288219117961621e+00
4.975042471036852376e-01
nan
1.306089554828915755e+00
2.381890194170779740e+00
6.129997884482594195e-01
-9.776693839876986480e-01
4.975042471036852376e-01
1.397685895487237762e+00
7.354087497096597481e-01
-1.302446385274969032e-01
-1.742482645385611928e+00
2.447969024237217628e+00
-7.585631692454586350e-01
-9.570844819881725307e-01
-9.776693839876986480e-01
-1.386312054876640776e+00
-2.527168752424590714e+00
-1.548350189106954655e+00
-1.302446385274969032e-01
-1.723983749491937445e-01
-4.064707196986523385e-01
-1.386312054876640776e+00
-1.742482645385611928e+00
-1.548350189106954655e+00
4.975042471036852376e-01
1.397685895487237762e+00
1.642100854206036686e-01
-1.386312054876640776e+00
-2.527168752424590714e+00
-2.119548853396010735e+00
1.753571663452817564e+00
6.129997884482594195e-01
-9.776693839876986480e-01
3.009639079801950334e+00
nan
1.877288219117961621e+00
nan
-1.723983749491937445e-01
nan
-1.302446385274969032e-01
-1.742482645385611928e+00
-2.119548853396010735e+00
1.125822777821636311e+00
2.967770165923656389e+00
nan
nan
-9.570844819881725307e-01
7.354087497096597481e-01
4.975042471036852376e-01
nan
7.354087497096597481e-01
-2.642379471225773546e+00
-1.723983749491937445e-01
1.877288219117961621e+00
4.975042471036852376e-01
6.129997884482594195e-01
1.642100854206036686e-01
-7.585631692454586350e-01
2.967770165923656389e+00
1.642100854206036686e-01
-2.642379471225773546e+00
1.397685895487237762e+00
-4.064707196986523385e-01
-1.302446385274969032e-01
-1.723983749491937445e-01
1.642100854206036686e-01
nan
nan
1.306089554828915755e+00
nan
-9.570844819881725307e-01
7.354087497096597481e-01
2.381890194170779740e+00
1.397685895487237762e+00
-4.064707196986523385e-01
