4.803100905516155983e+00
4.671607831317851733e+00
4.463497492947682055e+00
5.326699681114452467e+00
5.154929778023973341e+00
5.300875770513776786e+00
5.849823752473771066e+00
5.637813536201806031e+00
5.719375027601231842e+00
6.373422528072067550e+00
6.604019241085754999e+00
6.556753305167319468e+00
nan
8.053546892675829127e+00
nan
nan
6.604019241085754999e+00
8.231509860299503600e+00
5.849823752473771066e+00
5.637813536201806031e+00
5.719375027601231842e+00
3.756378058558540456e+00
5.154929778023973341e+00
6.975632325645960918e+00
nan
7.087341187791880159e+00
nan
8.989992293346611874e+00
nan
7.394131582733407981e+00
nan
6.121135482907922309e+00
7.813010603212049432e+00
4.803100905516155983e+00
4.188724073140019044e+00
4.463497492947682055e+00
5.849823752473771066e+00
5.637813536201806031e+00
5.719375027601231842e+00
4.279976834156837384e+00
7.087341187791880159e+00
5.300875770513776786e+00
5.849823752473771066e+00
5.637813536201806031e+00
5.719375027601231842e+00
8.466868221987297716e+00
3.222518368256066079e+00
5.300875770513776786e+00
6.896546599431381708e+00
6.604019241085754999e+00
6.556753305167319468e+00
5.849823752473771066e+00
5.637813536201806031e+00
5.719375027601231842e+00
7.420145375029683521e+00
7.087341187791880159e+00
6.975632325645960918e+00
nan
5.154929778023973341e+00
7.813010603212049432e+00
7.943269446388995902e+00
8.053546892675829127e+00
7.394131582733407981e+00
6.373422528072067550e+00
6.121135482907922309e+00
6.138254048079865299e+00
5.849823752473771066e+00
5.637813536201806031e+00
5.719375027601231842e+00
6.373422528072067550e+00
6.121135482907922309e+00
6.138254048079865299e+00
5.849823752473771066e+00
5.637813536201806031e+00
5.719375027601231842e+00
7.943269446388995902e+00
8.053546892675829127e+00
6.975632325645960918e+00
nan
5.154929778023973341e+00
7.813010603212049432e+00
5.326699681114452467e+00
5.154929778023973341e+00
5.300875770513776786e+00
4.279976834156837384e+00
3.222518368256066079e+00
5.719375027601231842e+00
4.279976834156837384e+00
3.705402126433898768e+00
3.207240194902952979e+00
6.896546599431381708e+00
6.604019241085754999e+00
6.556753305167319468e+00
5.849823752473771066e+00
5.637813536201806031e+00
5.719375027601231842e+00
nan
3.222518368256066079e+00
7.394131582733407981e+00
6.373422528072067550e+00
6.121135482907922309e+00
6.138254048079865299e+00
nan
7.087341187791880159e+00
8.231509860299503600e+00
6.373422528072067550e+00
5.154929778023973341e+00
4.463497492947682055e+00
7.420145375029683521e+00
7.087341187791880159e+00
6.975632325645960918e+00
7.943269446388995902e+00
8.053546892675829127e+00
7.394131582733407981e+00
3.233253987199227186e+00
6.604019241085754999e+00
6.975632325645960918e+00
3.233253987199227186e+00
6.604019241085754999e+00
6.975632325645960918e+00
7.055404976818120844e+00
7.052724294056801568e+00
6.680444475579045971e+00
5.577678604642663629e+00
5.944261972252631310e+00
5.941581289491313811e+00
7.794268162905849451e+00
7.791587480144533728e+00
7.788571712038056205e+00
5.947277740359111498e+00
7.421988344428084972e+00
5.202718103403587868e+00
4.838815418554937686e+00
5.574997921881347906e+00
5.941581289491313811e+00
7.794268162905849451e+00
7.791587480144533728e+00
7.419307661666772802e+00
7.425004112534566048e+00
8.160851530515817132e+00
8.527434898125781260e+00
4.838815418554937686e+00
4.836134735793619299e+00
5.571982153774872160e+00
8.533131348993578058e+00
3.358408363618166081e+00
9.266298084213513420e+00
5.947277740359111498e+00
6.313861107969076514e+00
6.310845339862597214e+00
5.947277740359111498e+00
5.944261972252631310e+00
6.310845339862597214e+00
5.947277740359111498e+00
5.574997921881347906e+00
5.571982153774872160e+00
6.686140926446840993e+00
6.683125158340359917e+00
6.680444475579045971e+00
7.055404976818120844e+00
7.052724294056801568e+00
6.680444475579045971e+00
4.838815418554937686e+00
9.269313852319989167e+00
3.355392595511681009e+00
7.055404976818120844e+00
7.421988344428084972e+00
7.419307661666772802e+00
5.947277740359111498e+00
5.574997921881347906e+00
5.571982153774872160e+00
6.316541790730392236e+00
6.683125158340359917e+00
6.310845339862597214e+00
4.099952232467209079e+00
7.791587480144533728e+00
7.788571712038056205e+00
8.163867298622294655e+00
7.421988344428084972e+00
7.049708525950324045e+00
6.316541790730392236e+00
3.727672413989446376e+00
4.463854917315854820e+00
5.947277740359111498e+00
5.205398786164902702e+00
5.202718103403587868e+00
3.730688182095925676e+00
4.466535600077174095e+00
5.202718103403587868e+00
5.577678604642663629e+00
5.944261972252631310e+00
5.941581289491313811e+00
6.316541790730392236e+00
6.683125158340359917e+00
6.680444475579045971e+00
nan
6.683125158340359917e+00
6.680444475579045971e+00
4.099952232467209079e+00
5.944261972252631310e+00
5.571982153774872160e+00
7.055404976818120844e+00
7.052724294056801568e+00
7.049708525950324045e+00
7.425004112534566048e+00
5.205398786164902702e+00
4.833118967687139111e+00
5.947277740359111498e+00
6.313861107969076514e+00
6.310845339862597214e+00
7.055404976818120844e+00
7.791587480144533728e+00
8.158170847754497856e+00
5.947277740359111498e+00
6.313861107969076514e+00
6.310845339862597214e+00
4.838815418554937686e+00
3.727672413989446376e+00
5.571982153774872160e+00
6.316541790730392236e+00
6.313861107969076514e+00
6.310845339862597214e+00
6.316541790730392236e+00
6.313861107969076514e+00
6.310845339862597214e+00
5.577678604642663629e+00
5.944261972252631310e+00
5.941581289491313811e+00
4.469551368183654283e+00
5.574997921881347906e+00
5.941581289491313811e+00
8.902730484710023262e+00
5.944261972252631310e+00
5.571982153774872160e+00
7.055404976818120844e+00
7.052724294056801568e+00
7.049708525950324045e+00
6.686140926446840993e+00
6.683125158340359917e+00
6.680444475579045971e+00
6.620232216632562228e+00
6.617164896934516705e+00
7.248475060241089452e+00
5.654026511748609707e+00
6.134281138756684015e+00
6.106595590832780474e+00
4.687820806864657186e+00
4.201869728988782526e+00
3.822836652016167847e+00
6.136910269926437067e+00
6.617164896934516705e+00
6.677276395952038257e+00
6.136910269926437067e+00
6.617164896934516705e+00
6.677276395952038257e+00
6.620232216632562228e+00
6.617164896934516705e+00
6.677276395952038257e+00
9.035527384578296406e+00
7.100486843640636536e+00
6.106595590832780474e+00
9.035527384578296406e+00
nan
6.677276395952038257e+00
nan
8.066692548524589057e+00
nan
6.136910269926437067e+00
6.617164896934516705e+00
6.677276395952038257e+00
6.620232216632562228e+00
5.168075433872735047e+00
4.393517457135420301e+00
7.103115974810390476e+00
7.100486843640636536e+00
7.248475060241089452e+00
5.654026511748609707e+00
5.650959192050564184e+00
6.106595590832780474e+00
6.136910269926437067e+00
6.134281138756684015e+00
6.106595590832780474e+00
5.654026511748609707e+00
6.134281138756684015e+00
6.106595590832780474e+00
nan
9.032898253408541578e+00
nan
7.103115974810390476e+00
7.100486843640636536e+00
7.248475060241089452e+00
7.586437921516511196e+00
7.583370601818469225e+00
8.390354529649393100e+00
8.069321679694343885e+00
5.650959192050564184e+00
3.822836652016167847e+00
5.654026511748609707e+00
3.718547782282658254e+00
5.535396926543729279e+00
7.103115974810390476e+00
4.684753487166610775e+00
6.106595590832780474e+00
nan
3.235664024104830450e+00
6.106595590832780474e+00
8.069321679694343885e+00
6.134281138756684015e+00
5.535396926543729279e+00
7.586437921516511196e+00
5.650959192050564184e+00
4.964716121424471496e+00
6.620232216632562228e+00
6.617164896934516705e+00
6.677276395952038257e+00
8.552643626400463717e+00
9.032898253408541578e+00
nan
6.620232216632562228e+00
nan
4.964716121424471496e+00
3.721615101980704221e+00
6.617164896934516705e+00
5.535396926543729279e+00
nan
7.583370601818469225e+00
nan
nan
nan
8.390354529649393100e+00
nan
nan
nan
6.136910269926437067e+00
6.134281138756684015e+00
6.677276395952038257e+00
5.170704565042484546e+00
5.168075433872735047e+00
5.535396926543729279e+00
5.170704565042484546e+00
5.650959192050564184e+00
6.106595590832780474e+00
8.069321679694343885e+00
nan
5.535396926543729279e+00
6.620232216632562228e+00
5.168075433872735047e+00
3.822836652016167847e+00
6.136910269926437067e+00
4.201869728988782526e+00
6.106595590832780474e+00
nan
6.617164896934516705e+00
nan
3.721615101980704221e+00
7.583370601818469225e+00
4.964716121424471496e+00
5.170704565042484546e+00
5.650959192050564184e+00
6.106595590832780474e+00
nan
9.063096746150003824e+00
nan
6.448900502070372021e+00
6.446052276636475398e+00
7.734589462932046189e+00
5.402177655112756938e+00
5.922928205277155911e+00
6.478522046582913418e+00
5.925776430711053422e+00
6.446052276636475398e+00
7.734589462932046189e+00
6.448900502070372021e+00
6.446052276636475398e+00
7.734589462932046189e+00
5.925776430711053422e+00
4.876205358319539940e+00
3.338068683166680373e+00
5.402177655112756938e+00
5.399329429678859427e+00
5.850203515864956572e+00
6.972499277668669393e+00
6.969651052234771882e+00
8.990656879281189617e+00
4.879053583753442780e+00
4.876205358319539940e+00
4.594136099515818472e+00
6.972499277668669393e+00
4.876205358319539940e+00
3.338068683166680373e+00
5.402177655112756938e+00
3.829482511361928854e+00
5.850203515864956572e+00
5.925776430711053422e+00
6.446052276636475398e+00
7.106270932214094671e+00
nan
8.539497970551702011e+00
nan
5.925776430711053422e+00
5.922928205277155911e+00
6.478522046582913418e+00
8.019222124626283588e+00
nan
3.966387213884636775e+00
7.495623349027987103e+00
9.063096746150003824e+00
nan
5.402177655112756938e+00
5.399329429678859427e+00
5.850203515864956572e+00
4.879053583753442780e+00
4.352606582721243456e+00
3.338068683166680373e+00
5.925776430711053422e+00
5.922928205277155911e+00
7.106270932214094671e+00
8.019222124626283588e+00
nan
nan
6.972499277668669393e+00
7.492775123594086040e+00
nan
3.832330736795828141e+00
7.492775123594086040e+00
6.478522046582913418e+00
5.402177655112756938e+00
5.399329429678859427e+00
5.850203515864956572e+00
5.925776430711053422e+00
5.922928205277155911e+00
6.478522046582913418e+00
6.448900502070372021e+00
6.969651052234771882e+00
7.734589462932046189e+00
nan
5.399329429678859427e+00
nan
6.972499277668669393e+00
7.492775123594086040e+00
8.990656879281189617e+00
8.019222124626283588e+00
nan
5.222454630233775319e+00
3.832330736795828141e+00
3.829482511361928854e+00
8.990656879281189617e+00
4.879053583753442780e+00
5.399329429678859427e+00
5.222454630233775319e+00
5.402177655112756938e+00
5.399329429678859427e+00
5.850203515864956572e+00
4.355454808155141855e+00
4.352606582721243456e+00
3.966387213884636775e+00
4.879053583753442780e+00
8.539497970551702011e+00
nan
7.495623349027987103e+00
8.539497970551702011e+00
nan
6.448900502070372021e+00
6.446052276636475398e+00
7.734589462932046189e+00
5.925776430711053422e+00
nan
nan
5.402177655112756938e+00
5.399329429678859427e+00
5.222454630233775319e+00
4.879053583753442780e+00
7.492775123594086040e+00
5.850203515864956572e+00
6.972499277668669393e+00
8.016373899192387853e+00
nan
3.832330736795828141e+00
5.922928205277155911e+00
4.594136099515818472e+00
5.262004274830192507e+00
5.252310734487933175e+00
5.131754473638748593e+00
4.813205324317365807e+00
4.883046684116649772e+00
8.620830630164132202e+00
nan
8.577362614555287479e+00
8.969580011070345194e+00
7.504778359351231387e+00
7.099636242379838258e+00
6.527384936248903813e+00
nan
3.774584362312479513e+00
7.573949548460189973e+00
6.159195286508149181e+00
5.991173920575665335e+00
5.829569704943823538e+00
6.159195286508149181e+00
6.360773056292106986e+00
6.178319085850034753e+00
7.953577309864062528e+00
7.838499428467562424e+00
6.876134317155115028e+00
4.364813263152235834e+00
8.577362614555287479e+00
6.178319085850034753e+00
7.953577309864062528e+00
8.207763478838845828e+00
7.225200167553976982e+00
nan
8.577362614555287479e+00
nan
3.467622251474283601e+00
7.099636242379838258e+00
5.829569704943823538e+00
3.916014312639410022e+00
8.207763478838845828e+00
6.178319085850034753e+00
nan
6.360773056292106986e+00
6.876134317155115028e+00
5.710396335995323369e+00
8.577362614555287479e+00
5.829569704943823538e+00
7.056386298186104966e+00
7.099636242379838258e+00
6.527384936248903813e+00
7.056386298186104966e+00
nan
7.225200167553976982e+00
nan
8.946626664926570882e+00
nan
5.710396335995323369e+00
5.621909870204381932e+00
5.480503854544961584e+00
7.056386298186104966e+00
7.099636242379838258e+00
6.527384936248903813e+00
nan
5.991173920575665335e+00
7.225200167553976982e+00
7.953577309864062528e+00
nan
7.923015398859057257e+00
4.813205324317365807e+00
4.513447548400208120e+00
6.876134317155115028e+00
5.710396335995323369e+00
nan
6.178319085850034753e+00
6.607587347673275602e+00
6.360773056292106986e+00
6.178319085850034753e+00
7.056386298186104966e+00
7.099636242379838258e+00
6.527384936248903813e+00
8.401969371029187172e+00
8.577362614555287479e+00
7.225200167553976982e+00
5.710396335995323369e+00
5.621909870204381932e+00
5.480503854544961584e+00
6.607587347673275602e+00
9.316225800643019639e+00
6.527384936248903813e+00
3.467622251474283601e+00
6.730037106663390389e+00
5.131754473638748593e+00
7.056386298186104966e+00
8.207763478838845828e+00
7.923015398859057257e+00
6.607587347673275602e+00
6.360773056292106986e+00
6.178319085850034753e+00
7.056386298186104966e+00
6.730037106663390389e+00
6.527384936248903813e+00
5.262004274830192507e+00
5.621909870204381932e+00
5.131754473638748593e+00
8.850768321542014760e+00
nan
8.271764779765263143e+00
nan
7.838499428467562424e+00
9.318645861469205371e+00
nan
6.730037106663390389e+00
7.573949548460189973e+00
9.299160382707144734e+00
nan
8.271764779765263143e+00
6.159195286508149181e+00
6.360773056292106986e+00
5.829569704943823538e+00
5.710396335995323369e+00
5.621909870204381932e+00
5.480503854544961584e+00
4.901093423420510575e+00
3.925125095859645086e+00
5.680214720263004224e+00
nan
8.294055239682730729e+00
4.941351534175272953e+00
6.396276146434539456e+00
6.655706435749074501e+00
6.419077906350729279e+00
6.695475446776420370e+00
6.928640733849587896e+00
6.788677042067178036e+00
9.087984811250970907e+00
6.109590167771185243e+00
4.202488348087547898e+00
8.788785510909084664e+00
5.836408197893815597e+00
4.202488348087547898e+00
5.200021464197263299e+00
3.925125095859645086e+00
5.680214720263004224e+00
9.386912852027725407e+00
6.655706435749074501e+00
5.310950669891720821e+00
6.097348105657785844e+00
6.109590167771185243e+00
6.049813855979445876e+00
7.891730129013696526e+00
8.020873269805354866e+00
5.310950669891720821e+00
5.798148805315902266e+00
5.290291929915927227e+00
5.680214720263004224e+00
nan
8.566989537783245012e+00
4.941351534175272953e+00
5.200021464197263299e+00
6.382524465871699526e+00
4.572087483803995767e+00
7.293602787895061113e+00
7.474757001827471825e+00
7.527540228154903090e+00
6.695475446776420370e+00
6.928640733849587896e+00
6.788677042067178036e+00
6.396276146434539456e+00
6.382524465871699526e+00
6.419077906350729279e+00
6.097348105657785844e+00
5.836408197893815597e+00
6.049813855979445876e+00
6.097348105657785844e+00
6.109590167771185243e+00
6.049813855979445876e+00
4.302966082301875161e+00
6.382524465871699526e+00
4.941351534175272953e+00
6.695475446776420370e+00
6.655706435749074501e+00
6.788677042067178036e+00
5.798148805315902266e+00
6.928640733849587896e+00
4.941351534175272953e+00
6.396276146434539456e+00
6.382524465871699526e+00
6.419077906350729279e+00
7.891730129013696526e+00
nan
6.049813855979445876e+00
6.695475446776420370e+00
6.928640733849587896e+00
6.788677042067178036e+00
8.190658169790449250e+00
nan
6.419077906350729279e+00
4.901093423420510575e+00
8.294055239682730729e+00
nan
7.293602787895061113e+00
7.474757001827471825e+00
7.527540228154903090e+00
4.003766781959988919e+00
6.109590167771185243e+00
4.941351534175272953e+00
nan
3.925125095859645086e+00
nan
6.097348105657785844e+00
5.836408197893815597e+00
6.049813855979445876e+00
3.405639440841350840e+00
4.198059393960159369e+00
5.310950669891720821e+00
7.293602787895061113e+00
7.201822703726957542e+00
7.157941092438461439e+00
8.489857470132337269e+00
8.020873269805354866e+00
nan
5.798148805315902266e+00
3.651943125982270111e+00
4.941351534175272953e+00
7.891730129013696526e+00
9.386287775638503916e+00
nan
6.396276146434539456e+00
6.655706435749074501e+00
6.419077906350729279e+00
5.499220764539147766e+00
4.471241363837529015e+00
3.463625161999822399e+00
4.003766781959988919e+00
6.109590167771185243e+00
4.941351534175272953e+00
6.097348105657785844e+00
5.836408197893815597e+00
6.049813855979445876e+00
6.994403487553174870e+00
6.928640733849587896e+00
6.788677042067178036e+00
nan
5.323037676985158839e+00
8.523547908121871686e+00
5.325885902419052798e+00
4.874645615820028866e+00
4.755535540770057246e+00
5.325885902419052798e+00
5.323037676985158839e+00
5.592913818336144871e+00
5.325885902419052798e+00
5.771836627497981098e+00
6.011413075423599039e+00
5.325885902419052798e+00
5.323037676985158839e+00
5.592913818336144871e+00
5.325885902419052798e+00
5.771836627497981098e+00
6.011413075423599039e+00
3.531503879063140783e+00
nan
5.592913818336144871e+00
5.325885902419052798e+00
5.323037676985158839e+00
5.592913818336144871e+00
7.569066876287791956e+00
7.566218650853894445e+00
7.686169630555783172e+00
5.774684852931879497e+00
6.220228688663111960e+00
6.011413075423599039e+00
5.325885902419052798e+00
5.771836627497981098e+00
5.592913818336144871e+00
6.671875864609836171e+00
6.669027639175942213e+00
6.848791352989687553e+00
8.017458937452918377e+00
8.911801723696978428e+00
nan
7.120267925774962592e+00
7.117419700341072186e+00
7.267670373468329004e+00
nan
8.014610712019026195e+00
nan
5.325885902419052798e+00
5.771836627497981098e+00
6.011413075423599039e+00
4.877493841253922824e+00
4.874645615820028866e+00
5.174034797857511414e+00
6.671875864609836171e+00
6.669027639175942213e+00
6.848791352989687553e+00
8.466257887965749518e+00
6.220228688663111960e+00
4.755535540770057246e+00
6.223076914097010359e+00
6.669027639175942213e+00
6.430292095902240490e+00
nan
nan
6.011413075423599039e+00
9.363448899643701751e+00
nan
7.686169630555783172e+00
7.120267925774962592e+00
6.220228688663111960e+00
5.592913818336144871e+00
nan
6.669027639175942213e+00
8.523547908121871686e+00
6.671875864609836171e+00
6.669027639175942213e+00
6.848791352989687553e+00
6.223076914097010359e+00
6.669027639175942213e+00
6.430292095902240490e+00
nan
4.874645615820028866e+00
7.267670373468329004e+00
6.671875864609836171e+00
6.669027639175942213e+00
6.430292095902240490e+00
nan
4.425846665307202166e+00
8.105048651034417517e+00
5.325885902419052798e+00
5.771836627497981098e+00
5.592913818336144871e+00
6.223076914097010359e+00
6.669027639175942213e+00
7.686169630555783172e+00
8.017458937452918377e+00
6.220228688663111960e+00
9.360926185687967305e+00
nan
5.771836627497981098e+00
7.267670373468329004e+00
6.671875864609836171e+00
7.117419700341072186e+00
6.848791352989687553e+00
9.363448899643701751e+00
3.528655653629245048e+00
8.523547908121871686e+00
8.914649949130874163e+00
nan
6.430292095902240490e+00
8.017458937452918377e+00
nan
5.592913818336144871e+00
7.120267925774962592e+00
7.566218650853894445e+00
7.267670373468329004e+00
8.017458937452918377e+00
8.911801723696978428e+00
6.011413075423599039e+00
7.120267925774962592e+00
7.117419700341072186e+00
6.848791352989687553e+00
6.761169581459585132e+00
nan
4.359727146305991674e+00
6.190488776340333565e+00
6.456021065655116686e+00
6.453172840221217399e+00
9.044928520276201311e+00
9.072590830929661010e+00
nan
6.190488776340333565e+00
nan
7.499895687178831594e+00
nan
6.979145137014435285e+00
nan
nan
6.979145137014435285e+00
nan
6.190488776340333565e+00
4.885699443099205119e+00
6.976296911580535109e+00
6.761169581459585132e+00
6.979145137014435285e+00
6.976296911580535109e+00
7.903049050867892333e+00
nan
4.359727146305991674e+00
6.190488776340333565e+00
6.456021065655116686e+00
6.453172840221217399e+00
7.332368245748636326e+00
nan
nan
7.332368245748636326e+00
7.502743912612732657e+00
7.499895687178831594e+00
6.761169581459585132e+00
6.979145137014435285e+00
6.976296911580535109e+00
6.190488776340333565e+00
6.456021065655116686e+00
5.929574064622920027e+00
5.619290112051277042e+00
5.409298218697506044e+00
4.882851217665304944e+00
6.761169581459585132e+00
nan
7.499895687178831594e+00
6.190488776340333565e+00
9.072590830929661010e+00
nan
6.761169581459585132e+00
7.502743912612732657e+00
7.499895687178831594e+00
5.619290112051277042e+00
5.932422290056820202e+00
5.929574064622920027e+00
nan
8.549466759570346852e+00
nan
6.190488776340333565e+00
6.456021065655116686e+00
5.929574064622920027e+00
9.044928520276201311e+00
6.456021065655116686e+00
4.359727146305991674e+00
4.477410642642968952e+00
4.885699443099205119e+00
4.359727146305991674e+00
6.761169581459585132e+00
6.979145137014435285e+00
6.453172840221217399e+00
6.190488776340333565e+00
6.456021065655116686e+00
6.453172840221217399e+00
5.048609306932025476e+00
4.885699443099205119e+00
4.882851217665304944e+00
5.619290112051277042e+00
4.885699443099205119e+00
4.359727146305991674e+00
5.619290112051277042e+00
5.932422290056820202e+00
5.929574064622920027e+00
5.048609306932025476e+00
3.315852524782276323e+00
8.546618534136442236e+00
4.477410642642968952e+00
4.885699443099205119e+00
4.359727146305991674e+00
5.619290112051277042e+00
5.932422290056820202e+00
5.929574064622920027e+00
6.761169581459585132e+00
6.979145137014435285e+00
6.976296911580535109e+00
6.190488776340333565e+00
6.456021065655116686e+00
5.929574064622920027e+00
5.619290112051277042e+00
5.932422290056820202e+00
5.929574064622920027e+00
6.190488776340333565e+00
6.456021065655116686e+00
5.929574064622920027e+00
5.048609306932025476e+00
5.409298218697506044e+00
5.406449993263601428e+00
5.619290112051277042e+00
5.932422290056820202e+00
5.406449993263601428e+00
5.048609306932025476e+00
5.409298218697506044e+00
4.882851217665304944e+00
5.619290112051277042e+00
5.932422290056820202e+00
5.406449993263601428e+00
6.190488776340333565e+00
6.456021065655116686e+00
6.453172840221217399e+00
6.371286358996645305e+00
6.401904782411050654e+00
6.922655332575452292e+00
nan
4.832057864094120525e+00
nan
7.156328494214854175e+00
4.308459088495823153e+00
6.922655332575452292e+00
8.334069711131791180e+00
5.878780711051736496e+00
4.829209638660220349e+00
5.978943305477156578e+00
6.401904782411050654e+00
6.399056556977159360e+00
5.586244223778433771e+00
5.878780711051736496e+00
5.875932485617841650e+00
5.586244223778433771e+00
5.878780711051736496e+00
5.875932485617841650e+00
7.156328494214854175e+00
4.832057864094120525e+00
3.258888016104311891e+00
5.193901170258945044e+00
4.308459088495823153e+00
4.829209638660220349e+00
6.371286358996645305e+00
nan
4.305610863061927418e+00
4.408859035040736174e+00
5.878780711051736496e+00
4.829209638660220349e+00
9.119111846350000050e+00
7.448627629368665737e+00
6.399056556977159360e+00
5.193901170258945044e+00
4.308459088495823153e+00
4.829209638660220349e+00
5.978943305477156578e+00
5.878780711051736496e+00
5.875932485617841650e+00
6.371286358996645305e+00
6.401904782411050654e+00
6.922655332575452292e+00
6.763985440695368112e+00
7.972226404966963997e+00
5.352333710019539836e+00
3.231117818123798724e+00
6.925503558009352467e+00
4.305610863061927418e+00
7.941370629433064821e+00
5.878780711051736496e+00
4.829209638660220349e+00
9.119111846350000050e+00
nan
7.445779403934771778e+00
4.408859035040736174e+00
5.878780711051736496e+00
4.829209638660220349e+00
6.763985440695368112e+00
6.925503558009352467e+00
6.922655332575452292e+00
9.119111846350000050e+00
5.878780711051736496e+00
6.922655332575452292e+00
5.978943305477156578e+00
6.401904782411050654e+00
6.399056556977159360e+00
8.726412764651277243e+00
nan
9.016101026490684234e+00
4.016159953342010702e+00
5.355181935453433795e+00
3.258888016104311891e+00
6.763985440695368112e+00
6.925503558009352467e+00
7.445779403934771778e+00
4.016159953342010702e+00
4.832057864094120525e+00
7.445779403934771778e+00
6.371286358996645305e+00
6.401904782411050654e+00
6.922655332575452292e+00
7.549027575913580534e+00
7.448627629368665737e+00
9.016101026490684234e+00
8.726412764651277243e+00
5.878780711051736496e+00
3.782486791702609263e+00
7.549027575913580534e+00
7.972226404966963997e+00
8.492502250892382420e+00
7.156328494214854175e+00
7.448627629368665737e+00
7.969378179533073592e+00
4.801202088560222236e+00
5.878780711051736496e+00
4.829209638660220349e+00
5.193901170258945044e+00
3.785335017136504554e+00
4.305610863061927418e+00
7.156328494214854175e+00
6.925503558009352467e+00
7.445779403934771778e+00
7.549027575913580534e+00
5.355181935453433795e+00
9.016101026490684234e+00
7.156328494214854175e+00
7.972226404966963997e+00
nan
5.978943305477156578e+00
5.878780711051736496e+00
6.399056556977159360e+00
7.156328494214854175e+00
8.495350476326281708e+00
nan
7.549027575913580534e+00
nan
4.829209638660220349e+00
4.530620672339885857e+00
5.735290566086405306e+00
4.992033192631406990e+00
4.138277618820400683e+00
5.735290566086405306e+00
4.992033192631406990e+00
nan
3.451531627269794456e+00
nan
4.530620672339885857e+00
6.877170035494713396e+00
6.038756039589022961e+00
6.493404024475031733e+00
3.451531627269794456e+00
5.515157263990726477e+00
5.708361889256823751e+00
7.447850840613964962e+00
7.608602957905953090e+00
5.708361889256823751e+00
5.735290566086405306e+00
4.468434417033110506e+00
4.138277618820400683e+00
5.164091901797354112e+00
4.992033192631406990e+00
6.493404024475031733e+00
8.019049504903021486e+00
8.132201733504254904e+00
6.100704942776308926e+00
6.305971371205661313e+00
6.561880110948342448e+00
8.848530430129667224e+00
5.735290566086405306e+00
7.608602957905953090e+00
8.455831348430940864e+00
nan
7.608602957905953090e+00
8.063488294911454801e+00
8.589730310022272164e+00
nan
6.100704942776308926e+00
6.305971371205661313e+00
6.561880110948342448e+00
7.670789213212731994e+00
5.735290566086405306e+00
5.515157263990726477e+00
5.708361889256823751e+00
4.593411096678097216e+00
5.515157263990726477e+00
7.670789213212731994e+00
7.447850840613964962e+00
7.085478886546634492e+00
6.493404024475031733e+00
9.160928974311328687e+00
6.561880110948342448e+00
7.670789213212731994e+00
5.735290566086405306e+00
4.992033192631406990e+00
8.063488294911454801e+00
8.019049504903021486e+00
7.608602957905953090e+00
6.493404024475031733e+00
6.877170035494713396e+00
8.655325804863574390e+00
5.315662807558097391e+00
5.164091901797354112e+00
3.945310345673791463e+00
7.670789213212731994e+00
7.447850840613964962e+00
7.085478886546634492e+00
4.923319754038612217e+00
6.877170035494713396e+00
5.515157263990726477e+00
9.240873483649153286e+00
7.447850840613964962e+00
6.038756039589022961e+00
8.848530430129667224e+00
nan
9.178924580461867322e+00
6.100704942776308926e+00
5.164091901797354112e+00
6.038756039589022961e+00
6.100704942776308926e+00
6.305971371205661313e+00
6.561880110948342448e+00
6.885747077994521348e+00
6.877170035494713396e+00
6.561880110948342448e+00
6.493404024475031733e+00
6.877170035494713396e+00
6.561880110948342448e+00
nan
9.160928974311328687e+00
nan
7.278446159693244155e+00
6.305971371205661313e+00
6.038756039589022961e+00
8.848530430129667224e+00
nan
6.561880110948342448e+00
7.278446159693244155e+00
6.877170035494713396e+00
6.561880110948342448e+00
7.278446159693244155e+00
5.735290566086405306e+00
8.655325804863574390e+00
8.848530430129667224e+00
6.305971371205661313e+00
9.178924580461867322e+00
6.493404024475031733e+00
5.735290566086405306e+00
6.038756039589022961e+00
6.493404024475031733e+00
6.877170035494713396e+00
6.561880110948342448e+00
7.670789213212731994e+00
7.447850840613964962e+00
7.085478886546634492e+00
8.063488294911454801e+00
9.160928974311328687e+00
nan
5.835755245027543836e+00
5.736211204610492054e+00
5.259377989040492807e+00
4.693875775619238411e+00
7.131841667220644609e+00
6.972456122737852979e+00
5.835755245027543836e+00
5.736211204610492054e+00
5.259377989040492807e+00
5.835755245027543836e+00
nan
6.401257458448801785e+00
8.690194988963412470e+00
7.131841667220644609e+00
5.259377989040492807e+00
6.977634714435852814e+00
7.131841667220644609e+00
6.401257458448801785e+00
5.264556580738492642e+00
7.131841667220644609e+00
7.543136927857103657e+00
5.835755245027543836e+00
5.736211204610492054e+00
5.259377989040492807e+00
4.693875775619238411e+00
nan
6.401257458448801785e+00
5.835755245027543836e+00
5.038079503812762816e+00
5.259377989040492807e+00
5.835755245027543836e+00
nan
6.972456122737852979e+00
6.406436050146798067e+00
6.433709966422916260e+00
5.830576653329544001e+00
7.548315519555103492e+00
nan
7.543136927857103657e+00
nan
5.736211204610492054e+00
8.114335592146160181e+00
8.119514183844160016e+00
nan
6.401257458448801785e+00
5.835755245027543836e+00
5.736211204610492054e+00
5.259377989040492807e+00
5.835755245027543836e+00
5.038079503812762816e+00
5.259377989040492807e+00
5.835755245027543836e+00
7.829340429033063486e+00
8.685016397265412635e+00
6.977634714435852814e+00
nan
6.972456122737852979e+00
8.690194988963412470e+00
nan
6.401257458448801785e+00
4.693875775619238411e+00
3.642449041202609816e+00
3.546817714512933595e+00
5.835755245027543836e+00
5.736211204610492054e+00
5.259377989040492807e+00
7.548315519555103492e+00
nan
8.685016397265412635e+00
7.548315519555103492e+00
7.829340429033063486e+00
6.972456122737852979e+00
nan
nan
4.688697183921236800e+00
6.406436050146798067e+00
6.433709966422916260e+00
5.830576653329544001e+00
7.548315519555103492e+00
nan
4.117498519632185605e+00
4.693875775619238411e+00
7.131841667220644609e+00
6.972456122737852979e+00
8.690194988963412470e+00
nan
8.685016397265412635e+00
6.406436050146798067e+00
4.340580742000339498e+00
6.401257458448801785e+00
5.835755245027543836e+00
5.736211204610492054e+00
5.259377989040492807e+00
4.122677111330184552e+00
7.829340429033063486e+00
5.830576653329544001e+00
8.119514183844160016e+00
5.736211204610492054e+00
3.546817714512933595e+00
8.690194988963412470e+00
nan
4.688697183921236800e+00
6.406436050146798067e+00
6.433709966422916260e+00
5.830576653329544001e+00
6.406436050146798067e+00
6.433709966422916260e+00
5.830576653329544001e+00
5.264556580738492642e+00
5.038079503812762816e+00
4.688697183921236800e+00
6.406436050146798067e+00
6.433709966422916260e+00
5.830576653329544001e+00
5.835755245027543836e+00
4.340580742000339498e+00
8.114335592146160181e+00
4.693875775619238411e+00
7.131841667220644609e+00
5.259377989040492807e+00
9.138258250655647785e+00
nan
7.630914057138159734e+00
7.044496087247766880e+00
7.278303748421549813e+00
7.107789985778841135e+00
3.555736400215041559e+00
7.278303748421549813e+00
7.630914057138159734e+00
5.648865624637613436e+00
5.394487446441234013e+00
5.537468363222927792e+00
5.648865624637613436e+00
6.022236332072409937e+00
6.061067138821229605e+00
6.346997325435348003e+00
6.022236332072409937e+00
5.537468363222927792e+00
nan
7.906622279139506659e+00
nan
5.648865624637613436e+00
6.022236332072409937e+00
6.061067138821229605e+00
4.951366862825194559e+00
4.138420030092094137e+00
6.061067138821229605e+00
7.742627788045496118e+00
nan
9.201235679694072189e+00
4.951366862825194559e+00
4.766168915723270949e+00
8.677636904095775705e+00
4.253235162027459992e+00
6.022236332072409937e+00
6.061067138821229605e+00
6.346997325435348003e+00
6.650554862790373001e+00
7.107789985778841135e+00
4.253235162027459992e+00
4.766168915723270949e+00
5.014344291863613634e+00
4.253235162027459992e+00
4.138420030092094137e+00
3.444022669307700291e+00
nan
4.766168915723270949e+00
5.537468363222927792e+00
4.253235162027459992e+00
4.766168915723270949e+00
5.014344291863613634e+00
4.253235162027459992e+00
5.394487446441234013e+00
5.537468363222927792e+00
4.951366862825194559e+00
4.766168915723270949e+00
3.967621444905997663e+00
4.951366862825194559e+00
6.022236332072409937e+00
6.061067138821229605e+00
6.346997325435348003e+00
7.906622279139506659e+00
nan
5.648865624637613436e+00
4.766168915723270949e+00
4.490745516265311821e+00
4.951366862825194559e+00
6.022236332072409937e+00
6.061067138821229605e+00
4.253235162027459992e+00
7.278303748421549813e+00
7.630914057138159734e+00
nan
7.278303748421549813e+00
7.630914057138159734e+00
5.648865624637613436e+00
9.162689695488646535e+00
nan
nan
6.650554862790373001e+00
7.107789985778841135e+00
7.044496087247766880e+00
6.650554862790373001e+00
6.584191210180543763e+00
7.742627788045496118e+00
6.650554862790373001e+00
6.584191210180543763e+00
4.253235162027459992e+00
6.022236332072409937e+00
6.061067138821229605e+00
nan
6.650554862790373001e+00
7.107789985778841135e+00
4.951366862825194559e+00
7.278303748421549813e+00
7.630914057138159734e+00
5.648865624637613436e+00
6.022236332072409937e+00
6.061067138821229605e+00
5.648865624637613436e+00
5.394487446441234013e+00
5.014344291863613634e+00
4.951366862825194559e+00
6.022236332072409937e+00
6.061067138821229605e+00
6.346997325435348003e+00
6.650554862790373001e+00
6.584191210180543763e+00
7.742627788045496118e+00
nan
9.201235679694072189e+00
5.648865624637613436e+00
5.394487446441234013e+00
5.537468363222927792e+00
9.138258250655647785e+00
3.510101499374136846e+00
6.061067138821229605e+00
nan
6.650554862790373001e+00
7.107789985778841135e+00
nan
7.139391725116849940e+00
nan
7.293494284069007350e+00
7.587783786281979914e+00
7.706676853679844896e+00
6.874615263590365899e+00
4.896210751248116999e+00
3.519785465849385453e+00
5.618737728936821441e+00
5.793401762926068344e+00
6.031920298547667869e+00
4.781359451370729374e+00
5.345009701760938370e+00
5.613041278069026419e+00
6.874615263590365899e+00
8.036582736794809279e+00
8.544055131245942292e+00
5.618737728936821441e+00
7.587783786281979914e+00
5.194542020981570474e+00
6.456116006502914395e+00
6.690592774604027682e+00
6.869298576113756383e+00
6.456116006502914395e+00
6.690592774604027682e+00
6.450419555635114932e+00
6.456116006502914395e+00
6.690592774604027682e+00
6.869298576113756383e+00
6.874615263590365899e+00
6.690592774604027682e+00
6.869298576113756383e+00
6.874615263590365899e+00
7.139391725116849940e+00
6.869298576113756383e+00
7.711993541156457965e+00
nan
6.450419555635114932e+00
6.456116006502914395e+00
6.690592774604027682e+00
6.450419555635114932e+00
8.549371818722551808e+00
5.793401762926068344e+00
4.775663000502937017e+00
5.199858708458183543e+00
5.793401762926068344e+00
5.613041278069026419e+00
5.199858708458183543e+00
6.242200713438898596e+00
6.031920298547667869e+00
6.037236986024277385e+00
6.242200713438898596e+00
6.450419555635114932e+00
6.874615263590365899e+00
5.793401762926068344e+00
5.194542020981570474e+00
8.130872561635099416e+00
8.036582736794809279e+00
8.125176110767300841e+00
6.037236986024277385e+00
6.242200713438898596e+00
6.450419555635114932e+00
6.874615263590365899e+00
7.139391725116849940e+00
7.287797833201210551e+00
6.874615263590365899e+00
7.139391725116849940e+00
6.869298576113756383e+00
3.525102153325998522e+00
6.242200713438898596e+00
6.450419555635114932e+00
6.874615263590365899e+00
6.242200713438898596e+00
6.031920298547667869e+00
6.456116006502914395e+00
6.690592774604027682e+00
6.450419555635114932e+00
6.456116006502914395e+00
6.242200713438898596e+00
6.031920298547667869e+00
7.293494284069007350e+00
9.382165809637891485e+00
6.031920298547667869e+00
7.293494284069007350e+00
7.139391725116849940e+00
7.287797833201210551e+00
5.618737728936821441e+00
7.587783786281979914e+00
8.544055131245942292e+00
7.293494284069007350e+00
5.793401762926068344e+00
5.194542020981570474e+00
7.293494284069007350e+00
7.139391725116849940e+00
7.287797833201210551e+00
6.456116006502914395e+00
5.793401762926068344e+00
5.194542020981570474e+00
6.456116006502914395e+00
6.690592774604027682e+00
6.450419555635114932e+00
8.549371818722551808e+00
nan
7.706676853679844896e+00
6.874615263590365899e+00
7.139391725116849940e+00
6.869298576113756383e+00
3.525102153325998522e+00
5.345009701760938370e+00
3.938284722936840065e+00
6.037236986024277385e+00
6.242200713438898596e+00
6.450419555635114932e+00
5.618737728936821441e+00
6.242200713438898596e+00
6.031920298547667869e+00
6.037236986024277385e+00
5.345009701760938370e+00
4.775663000502937017e+00
6.328239315507045326e+00
6.644858411922575314e+00
6.314376623884714768e+00
6.898920120626302221e+00
4.132723579224299115e+00
7.763466086946495537e+00
6.898920120626302221e+00
7.273176942640532161e+00
7.280582328768666400e+00
5.757040651217994132e+00
6.017109526291394062e+00
5.831054677178594048e+00
8.040799590034609423e+00
6.017109526291394062e+00
7.763466086946495537e+00
nan
5.388790995573437215e+00
7.280582328768666400e+00
6.898920120626302221e+00
nan
3.898643267410689006e+00
8.040799590034609423e+00
6.017109526291394062e+00
7.763466086946495537e+00
4.615161181809686042e+00
3.504974693593122304e+00
6.314376623884714768e+00
5.186359846098742565e+00
9.156993244620846184e+00
6.797260382062546569e+00
6.328239315507045326e+00
6.644858411922575314e+00
6.314376623884714768e+00
6.328239315507045326e+00
6.644858411922575314e+00
3.898643267410689006e+00
8.611998254323662394e+00
6.017109526291394062e+00
3.898643267410689006e+00
7.470118784915353416e+00
nan
5.348170919000761359e+00
8.611998254323662394e+00
nan
nan
8.611998254323662394e+00
nan
3.898643267410689006e+00
9.182679059442913072e+00
6.644858411922575314e+00
7.763466086946495537e+00
5.186359846098742565e+00
5.388790995573437215e+00
4.864848972294641527e+00
3.473281712401377952e+00
7.900925828271713414e+00
4.864848972294641527e+00
7.470118784915353416e+00
7.900925828271713414e+00
7.763466086946495537e+00
7.470118784915353416e+00
8.529244358989670260e+00
5.348170919000761359e+00
7.470118784915353416e+00
8.529244358989670260e+00
8.246788033652620697e+00
8.611998254323662394e+00
nan
nan
5.757040651217994132e+00
6.017109526291394062e+00
5.831054677178594048e+00
5.186359846098742565e+00
4.132723579224299115e+00
6.797260382062546569e+00
4.044480376690434476e+00
4.132723579224299115e+00
3.415759509232860758e+00
5.757040651217994132e+00
6.017109526291394062e+00
5.831054677178594048e+00
5.757040651217994132e+00
6.017109526291394062e+00
5.831054677178594048e+00
6.328239315507045326e+00
4.761042109942261291e+00
6.797260382062546569e+00
4.615161181809686042e+00
6.644858411922575314e+00
4.864848972294641527e+00
6.898920120626302221e+00
7.273176942640532161e+00
7.280582328768666400e+00
6.328239315507045326e+00
nan
3.415759509232860758e+00
6.328239315507045326e+00
6.644858411922575314e+00
6.314376623884714768e+00
nan
7.273176942640532161e+00
nan
6.898920120626302221e+00
7.273176942640532161e+00
7.280582328768666400e+00
7.470118784915353416e+00
4.761042109942261291e+00
9.212993738536573218e+00
5.186359846098742565e+00
4.761042109942261291e+00
8.729671791830448058e+00
5.186359846098742565e+00
8.529244358989670260e+00
nan
5.186359846098742565e+00
5.388790995573437215e+00
9.212993738536573218e+00
5.186359846098742565e+00
4.761042109942261291e+00
7.763466086946495537e+00
6.527511524045962688e+00
6.481655094560204944e+00
6.221042467358511630e+00
nan
7.528377941517820915e+00
nan
5.899192993328006729e+00
5.958531023200885457e+00
5.254836762474559109e+00
7.155260409677145717e+00
7.005253870158501428e+00
6.704364414064631461e+00
7.155260409677145717e+00
5.434932247602588973e+00
8.153453877126411342e+00
8.411327826026283816e+00
8.575100788475431557e+00
8.153453877126411342e+00
5.899192993328006729e+00
5.958531023200885457e+00
5.738158709180679828e+00
6.527511524045962688e+00
6.481655094560204944e+00
5.738158709180679828e+00
5.899192993328006729e+00
5.958531023200885457e+00
5.738158709180679828e+00
5.271444107696829917e+00
5.434932247602588973e+00
5.254836762474559109e+00
8.411327826026283816e+00
nan
6.704364414064631461e+00
nan
5.434932247602588973e+00
8.153453877126411342e+00
4.643125576978867741e+00
3.865085329285658400e+00
6.704364414064631461e+00
3.387058160629729642e+00
7.005253870158501428e+00
7.670570118948580429e+00
nan
4.911808176243274815e+00
8.153453877126411342e+00
nan
9.098699564073733370e+00
nan
5.271444107696829917e+00
5.434932247602588973e+00
5.254836762474559109e+00
nan
8.575100788475431557e+00
nan
7.783578940395100787e+00
8.051976717116117399e+00
7.670570118948580429e+00
4.643125576978867741e+00
4.911808176243274815e+00
4.288631057590607476e+00
6.527511524045962688e+00
6.481655094560204944e+00
6.221042467358511630e+00
9.039646356744238886e+00
nan
6.221042467358511630e+00
5.899192993328006729e+00
5.958531023200885457e+00
5.738158709180679828e+00
nan
8.051976717116117399e+00
nan
4.015376691347691818e+00
8.051976717116117399e+00
5.738158709180679828e+00
nan
nan
4.288631057590607476e+00
6.527511524045962688e+00
5.958531023200885457e+00
5.738158709180679828e+00
7.783578940395100787e+00
7.528377941517820915e+00
7.187248172242464150e+00
nan
5.958531023200885457e+00
7.187248172242464150e+00
6.527511524045962688e+00
5.958531023200885457e+00
5.738158709180679828e+00
nan
3.865085329285658400e+00
7.670570118948580429e+00
6.527511524045962688e+00
6.481655094560204944e+00
6.221042467358511630e+00
4.643125576978867741e+00
4.911808176243274815e+00
4.288631057590607476e+00
6.527511524045962688e+00
6.481655094560204944e+00
6.221042467358511630e+00
5.899192993328006729e+00
5.958531023200885457e+00
5.738158709180679828e+00
nan
3.865085329285658400e+00
6.704364414064631461e+00
nan
3.865085329285658400e+00
6.704364414064631461e+00
7.155260409677145717e+00
7.005253870158501428e+00
6.704364414064631461e+00
nan
6.481655094560204944e+00
8.636775823832536503e+00
nan
7.005253870158501428e+00
nan
6.147506465246953766e+00
6.177369677372071877e+00
7.216782079049345100e+00
3.863747526430344692e+00
7.014747954938160390e+00
5.709501179430381157e+00
5.005626995838651894e+00
9.108383530548984197e+00
7.970536457876182368e+00
6.147506465246953766e+00
5.758870420284616820e+00
4.202220279811415438e+00
nan
3.246735587586341953e+00
3.951120725558944446e+00
7.289385934655260968e+00
6.596248697850709775e+00
4.704647246351070677e+00
6.147506465246953766e+00
8.271005252982895684e+00
nan
7.289385934655260968e+00
6.596248697850709775e+00
7.970536457876182368e+00
6.718187270366209773e+00
6.177369677372071877e+00
4.453547692098600130e+00
nan
3.246735587586341953e+00
5.960828591717563185e+00
3.863747526430344692e+00
7.014747954938160390e+00
4.202220279811415438e+00
7.860066739774516975e+00
nan
6.965682524796871888e+00
9.001946209182818848e+00
3.665234844673793013e+00
4.453547692098600130e+00
3.292548862141288613e+00
7.014747954938160390e+00
5.709501179430381157e+00
6.718187270366209773e+00
nan
4.955974658638255370e+00
nan
7.014747954938160390e+00
nan
7.860066739774516975e+00
nan
5.960828591717563185e+00
8.431265404063568170e+00
7.014747954938160390e+00
5.207074212890725917e+00
5.576307800957902572e+00
5.339991399805978922e+00
3.699793313271761974e+00
3.292548862141288613e+00
8.271005252982895684e+00
8.975390390955492848e+00
5.005626995838651894e+00
5.339991399805978922e+00
6.211928145970036397e+00
6.718187270366209773e+00
nan
3.197366346732106734e+00
5.005626995838651894e+00
9.108383530548984197e+00
5.458401625177907945e+00
6.718187270366209773e+00
6.596248697850709775e+00
7.970536457876182368e+00
4.434428331549595370e+00
7.014747954938160390e+00
5.960828591717563185e+00
nan
6.596248697850709775e+00
5.458401625177907945e+00
6.147506465246953766e+00
7.433626975416801841e+00
6.211928145970036397e+00
6.718187270366209773e+00
6.177369677372071877e+00
4.453547692098600130e+00
4.434428331549595370e+00
6.177369677372071877e+00
7.216782079049345100e+00
7.860066739774516975e+00
6.596248697850709775e+00
4.955974658638255370e+00
6.718187270366209773e+00
6.177369677372071877e+00
7.719209045589002116e+00
nan
7.433626975416801841e+00
7.468109491336528905e+00
3.863747526430344692e+00
6.596248697850709775e+00
3.951120725558944446e+00
6.718187270366209773e+00
7.852126232504254233e+00
6.714355112509691637e+00
5.005626995838651894e+00
5.339991399805978922e+00
6.211928145970036397e+00
nan
7.852126232504254233e+00
7.970536457876182368e+00
6.718187270366209773e+00
6.177369677372071877e+00
4.453547692098600130e+00
6.147506465246953766e+00
5.339991399805978922e+00
5.458401625177907945e+00
8.431265404063568170e+00
7.014747954938160390e+00
8.472963424415841160e+00
6.718187270366209773e+00
7.433626975416801841e+00
6.211928145970036397e+00
3.777265045073792571e+00
3.525744829834160043e+00
4.554830588528020030e+00
8.487517856383062664e+00
7.873451407547799263e+00
5.339516695566991267e+00
nan
7.390567649369970127e+00
nan
6.917433585946639596e+00
5.941039997779893334e+00
6.909600966003415223e+00
8.487517856383062664e+00
7.390567649369970127e+00
nan
nan
7.390567649369970127e+00
nan
5.347349315510216528e+00
4.974834292895945254e+00
3.769432425130574860e+00
5.347349315510216528e+00
8.356773354253919095e+00
nan
6.917433585946639596e+00
5.941039997779893334e+00
6.124914858964443987e+00
5.347349315510216528e+00
4.974834292895945254e+00
9.265083399837283906e+00
4.561951152112766472e+00
8.356773354253919095e+00
6.909600966003415223e+00
6.132035422549186876e+00
5.941039997779893334e+00
6.124914858964443987e+00
4.561951152112766472e+00
4.008628588011992733e+00
5.339516695566991267e+00
4.561951152112766472e+00
4.491950534718112564e+00
6.909600966003415223e+00
4.561951152112766472e+00
4.491950534718112564e+00
6.124914858964443987e+00
6.132035422549186876e+00
7.390567649369970127e+00
nan
6.917433585946639596e+00
5.941039997779893334e+00
6.124914858964443987e+00
8.487517856383062664e+00
8.356773354253919095e+00
nan
4.561951152112766472e+00
3.525744829834160043e+00
3.769432425130574860e+00
nan
nan
nan
5.347349315510216528e+00
9.322979059137871616e+00
nan
nan
8.839657112431751784e+00
nan
nan
8.839657112431751784e+00
nan
6.917433585946639596e+00
5.941039997779893334e+00
6.124914858964443987e+00
7.702119692985609944e+00
7.390567649369970127e+00
nan
6.917433585946639596e+00
5.941039997779893334e+00
6.124914858964443987e+00
nan
7.390567649369970127e+00
nan
5.347349315510216528e+00
4.974834292895945254e+00
8.479685236439838292e+00
8.487517856383062664e+00
6.907245702663846743e+00
7.694999129400867943e+00
6.132035422549186876e+00
5.458156239602065085e+00
5.339516695566991267e+00
6.132035422549186876e+00
5.941039997779893334e+00
6.124914858964443987e+00
nan
6.907245702663846743e+00
nan
nan
7.390567649369970127e+00
nan
7.702119692985609944e+00
6.907245702663846743e+00
7.694999129400867943e+00
6.132035422549186876e+00
5.941039997779893334e+00
5.339516695566991267e+00
4.561951152112766472e+00
4.008628588011992733e+00
6.124914858964443987e+00
8.487517856383062664e+00
8.839657112431751784e+00
8.479685236439838292e+00
nan
7.390567649369970127e+00
nan
6.917433585946639596e+00
5.941039997779893334e+00
6.124914858964443987e+00
3.777265045073792571e+00
7.390567649369970127e+00
6.124914858964443987e+00
3.933727562242604225e+00
7.806079921322899295e+00
5.360878386321235922e+00
7.283240672506972047e+00
7.413380839624172935e+00
nan
6.027363137853427588e+00
5.843296569187756084e+00
6.502757855729537795e+00
7.702119692985613497e+00
8.198422974842387134e+00
nan
3.515228305155152722e+00
6.235995650886476227e+00
5.360878386321235922e+00
6.864741415419520543e+00
7.021037786104690426e+00
8.786516794546152198e+00
6.864741415419520543e+00
7.021037786104690426e+00
9.357197599665408205e+00
6.864741415419520543e+00
nan
nan
nan
7.413380839624172935e+00
nan
5.189984860287334634e+00
3.488170163533121038e+00
6.502757855729537795e+00
6.027363137853427588e+00
6.235995650886476227e+00
7.073438660848793802e+00
6.864741415419520543e+00
7.413380839624172935e+00
nan
4.771105839808696736e+00
6.235995650886476227e+00
9.357197599665408205e+00
8.539497970551702011e+00
3.488170163533121038e+00
4.218998916912923391e+00
7.702119692985613497e+00
8.198422974842387134e+00
nan
6.864741415419520543e+00
7.021037786104690426e+00
8.786516794546152198e+00
5.189984860287334634e+00
5.058254433969540997e+00
4.218998916912923391e+00
5.608484117374789690e+00
5.450953515668267357e+00
5.360878386321235922e+00
nan
7.413380839624172935e+00
nan
5.189984860287334634e+00
5.058254433969540997e+00
4.218998916912923391e+00
6.445862394940878204e+00
6.628338704405964066e+00
8.215318130257095675e+00
7.283240672506972047e+00
7.806079921322899295e+00
nan
8.120618950073064113e+00
9.376164191759322364e+00
nan
7.702119692985613497e+00
8.591122056541106389e+00
nan
5.189984860287334634e+00
5.058254433969540997e+00
4.218998916912923391e+00
5.608484117374789690e+00
5.450953515668267357e+00
5.360878386321235922e+00
5.189984860287334634e+00
8.198422974842387134e+00
7.073438660848793802e+00
5.608484117374789690e+00
5.843296569187756084e+00
6.502757855729537795e+00
5.608484117374789690e+00
5.450953515668267357e+00
5.931559191440481271e+00
5.608484117374789690e+00
5.450953515668267357e+00
5.360878386321235922e+00
6.445862394940878204e+00
6.628338704405964066e+00
8.215318130257095675e+00
7.283240672506972047e+00
7.806079921322899295e+00
nan
7.702119692985613497e+00
8.591122056541106389e+00
nan
6.027363137853427588e+00
5.843296569187756084e+00
7.073438660848793802e+00
6.445862394940878204e+00
6.235995650886476227e+00
7.644637325137839667e+00
6.027363137853427588e+00
6.235995650886476227e+00
7.073438660848793802e+00
6.445862394940878204e+00
6.628338704405964066e+00
8.215318130257095675e+00
5.189984860287334634e+00
5.058254433969540997e+00
4.789679722032179399e+00
8.957997227639157956e+00
nan
7.644637325137839667e+00
3.515228305155152722e+00
5.058254433969540997e+00
8.215318130257095675e+00
6.216770129207661810e+00
5.173528446669257264e+00
4.472864989930281254e+00
5.432084022168691462e+00
5.871027208481676141e+00
5.170363751742705460e+00
5.432084022168691462e+00
4.475396745871524473e+00
9.357255139573164016e+00
7.001456236246635711e+00
6.569158909279411596e+00
6.565994214352854463e+00
7.001456236246635711e+00
6.569158909279411596e+00
6.565994214352854463e+00
6.216770129207661810e+00
5.871027208481676141e+00
5.868495452540435586e+00
5.432084022168691462e+00
5.871027208481676141e+00
5.170363751742705460e+00
8.572252563041534046e+00
nan
6.565994214352854463e+00
7.786854399644084879e+00
7.266657671091829584e+00
7.264125915150589918e+00
nan
6.569158909279411596e+00
9.357255139573164016e+00
6.216770129207661810e+00
5.871027208481676141e+00
5.868495452540435586e+00
7.786854399644084879e+00
7.964789371889565928e+00
7.961624676963008795e+00
7.786854399644084879e+00
7.266657671091829584e+00
7.264125915150589918e+00
nan
7.964789371889565928e+00
nan
6.216770129207661810e+00
6.569158909279411596e+00
5.868495452540435586e+00
5.432084022168691462e+00
nan
5.170363751742705460e+00
7.786854399644084879e+00
8.662288133701983028e+00
nan
4.646685858771242295e+00
5.173528446669257264e+00
5.170363751742705460e+00
nan
8.662288133701983028e+00
nan
nan
7.964789371889565928e+00
nan
4.646685858771242295e+00
4.475396745871524473e+00
4.472864989930281254e+00
nan
5.871027208481676141e+00
nan
5.432084022168691462e+00
5.871027208481676141e+00
5.170363751742705460e+00
6.216770129207661810e+00
7.266657671091829584e+00
7.961624676963008795e+00
5.432084022168691462e+00
5.871027208481676141e+00
5.170363751742705460e+00
4.646685858771242295e+00
7.964789371889565928e+00
7.961624676963008795e+00
5.432084022168691462e+00
5.871027208481676141e+00
5.170363751742705460e+00
6.216770129207661810e+00
5.173528446669257264e+00
4.472864989930281254e+00
5.432084022168691462e+00
5.173528446669257264e+00
5.170363751742705460e+00
4.646685858771242295e+00
5.173528446669257264e+00
5.170363751742705460e+00
6.216770129207661810e+00
5.871027208481676141e+00
5.868495452540435586e+00
nan
3.777897984059103376e+00
6.565994214352854463e+00
6.216770129207661810e+00
5.871027208481676141e+00
5.868495452540435586e+00
5.432084022168691462e+00
5.871027208481676141e+00
5.170363751742705460e+00
7.001456236246635711e+00
6.569158909279411596e+00
6.565994214352854463e+00
8.572252563041534046e+00
9.360419834499714042e+00
6.565994214352854463e+00
7.001456236246635711e+00
7.266657671091829584e+00
6.565994214352854463e+00
9.356938670080507947e+00
nan
7.961624676963008795e+00
6.216770129207661810e+00
6.569158909279411596e+00
5.868495452540435586e+00
nan
6.569158909279411596e+00
7.961624676963008795e+00
3.574782109682116626e+00
6.997831222058035650e+00
9.265795456195766278e+00
7.000420517907036455e+00
7.568512027177293433e+00
8.009728039846626402e+00
7.571619182196087650e+00
8.139710691466344628e+00
9.265795456195766278e+00
5.287342384209675394e+00
4.714072283241424799e+00
9.265795456195766278e+00
7.000420517907036455e+00
8.139710691466344628e+00
9.265795456195766278e+00
8.713498651604394851e+00
nan
7.381409509128669555e+00
6.429739712787783112e+00
6.426632557768984455e+00
6.125342092779529679e+00
4.145980773971170485e+00
6.426632557768984455e+00
4.869274676430389803e+00
5.858541048498729253e+00
5.284753088360677253e+00
4.869274676430389803e+00
5.858541048498729253e+00
5.284753088360677253e+00
4.869274676430389803e+00
7.000420517907036455e+00
4.142873618952368275e+00
4.869274676430389803e+00
6.429739712787783112e+00
5.855951752649728448e+00
5.497593207148346650e+00
6.429739712787783112e+00
6.997831222058035650e+00
8.009728039846626402e+00
4.716661579090422052e+00
5.855951752649728448e+00
7.381409509128669555e+00
7.571619182196087650e+00
nan
3.613207260081250372e+00
9.284179456723647306e+00
nan
8.009728039846626402e+00
5.858541048498729253e+00
7.568512027177293433e+00
4.869274676430389803e+00
7.000420517907036455e+00
6.426632557768984455e+00
6.753660623497486526e+00
5.287342384209675394e+00
6.997831222058035650e+00
5.497593207148346650e+00
5.287342384209675394e+00
4.714072283241424799e+00
9.265795456195766278e+00
4.716661579090422052e+00
8.139710691466344628e+00
6.753660623497486526e+00
5.858541048498729253e+00
5.284753088360677253e+00
5.497593207148346650e+00
4.716661579090422052e+00
8.710391496585595306e+00
6.753660623497486526e+00
7.000420517907036455e+00
6.426632557768984455e+00
6.125342092779529679e+00
9.284179456723647306e+00
6.997831222058035650e+00
6.125342092779529679e+00
6.429739712787783112e+00
8.710391496585595306e+00
6.753660623497486526e+00
nan
4.142873618952368275e+00
nan
nan
4.142873618952368275e+00
nan
3.574782109682116626e+00
5.284753088360677253e+00
6.753660623497486526e+00
7.000420517907036455e+00
6.997831222058035650e+00
7.381409509128669555e+00
7.571619182196087650e+00
8.710391496585595306e+00
nan
8.713498651604394851e+00
nan
8.009728039846626402e+00
7.571619182196087650e+00
5.284753088360677253e+00
6.125342092779529679e+00
6.429739712787783112e+00
5.855951752649728448e+00
6.125342092779529679e+00
6.429739712787783112e+00
4.142873618952368275e+00
6.125342092779529679e+00
6.429739712787783112e+00
9.281590160874651829e+00
7.381409509128669555e+00
5.858541048498729253e+00
5.855951752649728448e+00
5.497593207148346650e+00
nan
9.281590160874651829e+00
nan
7.571619182196087650e+00
8.710391496585595306e+00
nan
5.858541048498729253e+00
8.710391496585595306e+00
6.753660623497486526e+00
