1.443201869484699529e+00
-4.158077452641890659e-01
-6.268320373474924878e-01
-1.248371165549167161e+00
-1.462530592221800374e+00
-6.268320373474924878e-01
-7.999791043840445148e-01
-9.389318166235076646e-01
-1.435100906413762090e-01
9.721190729391615548e-02
1.077910303341131915e-01
3.393736675364560362e-01
9.944029189718692763e-01
nan
2.271785077304361522e+00
nan
1.077910303341131915e-01
2.271785077304361522e+00
-7.999791043840445148e-01
-1.462530592221800374e+00
-6.268320373474924878e-01
-1.697170116061997636e+00
-4.158077452641890659e-01
2.755107024010476913e+00
nan
-4.158077452641890659e-01
nan
2.340392881162652650e+00
nan
1.305579372420404560e+00
nan
-4.158077452641890659e-01
1.788901319126528833e+00
9.721190729391615548e-02
-9.389318166235076646e-01
-1.109715795525324733e+00
-7.999791043840445148e-01
-9.389318166235076646e-01
-6.268320373474924878e-01
-3.042753188905081174e+00
-1.462530592221800374e+00
-1.593037742231449450e+00
-7.999791043840445148e-01
-9.389318166235076646e-01
-1.435100906413762090e-01
-7.999791043840445148e-01
-9.389318166235076646e-01
1.305579372420404560e+00
9.721190729391615548e-02
1.077910303341131915e-01
3.393736675364560362e-01
-7.999791043840445148e-01
-9.389318166235076646e-01
-1.435100906413762090e-01
5.460108578067388585e-01
6.309151016934317902e-01
8.222574257142882814e-01
nan
-1.985654663581118973e+00
1.788901319126528833e+00
9.944029189718692763e-01
1.154513877291724278e+00
8.222574257142882814e-01
-3.511801538712142623e-01
-4.158077452641890659e-01
-1.435100906413762090e-01
-7.999791043840445148e-01
-9.389318166235076646e-01
-6.268320373474924878e-01
-3.511801538712142623e-01
-4.158077452641890659e-01
-1.435100906413762090e-01
-7.999791043840445148e-01
-9.389318166235076646e-01
-1.435100906413762090e-01
9.944029189718692763e-01
1.154513877291724278e+00
8.222574257142882814e-01
nan
-1.985654663581118973e+00
1.788901319126528833e+00
-1.248371165549167161e+00
-1.985654663581118973e+00
-6.268320373474924878e-01
2.788784942327782623e+00
1.677637948651042876e+00
-1.435100906413762090e-01
-1.248371165549167161e+00
-1.985654663581118973e+00
-1.593037742231449450e+00
9.721190729391615548e-02
1.077910303341131915e-01
3.393736675364560362e-01
-7.999791043840445148e-01
-1.462530592221800374e+00
-6.268320373474924878e-01
2.340392881162652650e+00
nan
1.305579372420404560e+00
-3.511801538712142623e-01
-4.158077452641890659e-01
-1.435100906413762090e-01
nan
6.309151016934317902e-01
2.755107024010476913e+00
-3.511801538712142623e-01
-1.985654663581118973e+00
-1.593037742231449450e+00
5.460108578067388585e-01
6.309151016934317902e-01
8.222574257142882814e-01
9.944029189718692763e-01
1.154513877291724278e+00
8.222574257142882814e-01
1.443201869484699529e+00
2.724360795608654406e+00
nan
1.443201869484699529e+00
2.724360795608654406e+00
nan
6.464616655201242956e-01
1.036312521784943819e+00
1.527715180468687706e+00
-1.385804696980907913e-01
-5.341277768307102214e-01
-3.196103274232107161e-01
3.001588071174755790e+00
nan
2.635842416927696163e+00
-2.886049928872211456e+00
-1.711512965568407152e+00
2.635842416927696163e+00
-5.309235232175795183e-01
-9.264708303501989484e-01
-1.058473513510942432e+00
2.609245017655267063e+00
nan
2.266578366556412760e+00
nan
2.606396792221366887e+00
nan
-9.236226049162992169e-01
-1.711512965568407152e+00
-2.536199885686399202e+00
1.824202882437059081e+00
nan
nan
-1.385804696980907913e-01
-1.414286951319905228e-01
4.998880829323093522e-02
-1.385804696980907913e-01
-1.414286951319905228e-01
-3.196103274232107161e-01
-9.236226049162992169e-01
-1.318813883869687675e+00
-1.797336699598667709e+00
6.464616655201242956e-01
6.436134400862245641e-01
7.885169090357977417e-01
6.464616655201242956e-01
1.036312521784943819e+00
1.527715180468687706e+00
-1.708664740134514304e+00
6.436134400862245641e-01
nan
2.216545935956540703e+00
nan
1.527715180468687706e+00
-9.236226049162992169e-01
-1.318813883869687675e+00
3.005441552644144032e+00
2.541186120006355686e-01
2.512703865667358372e-01
4.192528586645143385e-01
nan
1.428655575304432546e+00
nan
1.431503800738332721e+00
nan
-2.905799021402840854e+00
-1.708664740134514304e+00
-1.318813883869687675e+00
1.896979230839971109e+00
-1.315965658435787944e+00
2.213697710522647633e+00
-3.196103274232107161e-01
-1.385804696980907913e-01
1.036312521784943819e+00
-1.797336699598667709e+00
-5.309235232175795183e-01
-5.341277768307102214e-01
-6.888743777944941193e-01
2.541186120006355686e-01
2.512703865667358372e-01
4.192528586645143385e-01
1.039160747218843994e+00
1.428655575304432546e+00
1.896979230839971109e+00
-1.315965658435787944e+00
-1.711512965568407152e+00
-2.905799021402840854e+00
1.039160747218843994e+00
2.213697710522647633e+00
nan
-2.101007793653995925e+00
-5.341277768307102214e-01
1.896979230839971109e+00
-1.385804696980907913e-01
-1.414286951319905228e-01
4.998880829323093522e-02
nan
1.821354657003158906e+00
nan
-1.385804696980907913e-01
-1.414286951319905228e-01
4.998880829323093522e-02
-1.708664740134514304e+00
1.428655575304432546e+00
-6.888743777944941193e-01
2.541186120006355686e-01
2.512703865667358372e-01
4.192528586645143385e-01
2.541186120006355686e-01
2.512703865667358372e-01
4.192528586645143385e-01
-5.309235232175795183e-01
-5.341277768307102214e-01
-6.888743777944941193e-01
-5.309235232175795183e-01
-9.264708303501989484e-01
-1.058473513510942432e+00
-1.315965658435787944e+00
-2.103856019087896101e+00
4.998880829323093522e-02
1.039160747218843994e+00
2.213697710522647633e+00
nan
6.464616655201242956e-01
6.436134400862245641e-01
7.885169090357977417e-01
3.134329066615610948e-01
4.177297434592257552e-01
5.537417554130410480e-01
-1.054461138170723622e-01
-1.529510616600311401e-01
1.049428049002112395e-01
-1.780202668949256051e+00
-2.436710000476649096e+00
-1.689439218455700109e+00
-1.054461138170723622e-01
4.177297434592257552e-01
1.049428049002112395e-01
-1.054461138170723622e-01
4.177297434592257552e-01
1.049428049002112395e-01
3.134329066615610948e-01
4.177297434592257552e-01
5.537417554130410480e-01
-9.428243913831679812e-01
-1.866029195357391979e+00
-1.689439218455700109e+00
1.150811184227656270e+00
nan
-2.137831279620829861e+00
1.150811184227656270e+00
nan
1.450932767090993281e+00
-1.054461138170723622e-01
4.177297434592257552e-01
1.049428049002112395e-01
1.988189461793744783e+00
4.177297434592257552e-01
-7.922482067777405490e-01
3.134329066615610948e-01
9.889284077482729529e-01
5.537417554130410480e-01
-5.239453709045269747e-01
-7.241497259490881078e-01
-3.434492562649182901e-01
-1.054461138170723622e-01
-1.529510616600311401e-01
1.049428049002112395e-01
-1.054461138170723622e-01
-1.529510616600311401e-01
1.049428049002112395e-01
2.406688718881198952e+00
nan
2.796515839934074599e+00
7.319321637490157073e-01
9.889284077482729529e-01
1.002133816578163028e+00
1.569310441315111326e+00
2.701488682275833497e+00
2.348123778768944625e+00
-5.239453709045269747e-01
9.889284077482729529e-01
2.796515839934074599e+00
-2.198701926036710219e+00
-7.241497259490881078e-01
-2.137831279620829861e+00
1.150811184227656270e+00
-1.294830531068345225e+00
-3.035022291298781649e+00
3.134329066615610948e-01
1.559609212867529848e+00
1.450932767090993281e+00
-1.361323648470614822e+00
2.130807877156586372e+00
1.049428049002112395e-01
-1.361323648470614822e+00
2.701488682275833497e+00
5.537417554130410480e-01
-1.054461138170723622e-01
4.177297434592257552e-01
1.049428049002112395e-01
-1.054461138170723622e-01
1.559609212867529848e+00
1.450932767090993281e+00
1.988189461793744783e+00
nan
1.450932767090993281e+00
-9.428243913831679812e-01
-1.866029195357391979e+00
2.796515839934074599e+00
1.569310441315111326e+00
nan
1.899324828256122366e+00
nan
nan
nan
1.150811184227656270e+00
nan
nan
-1.054461138170723622e-01
-1.529510616600311401e-01
1.049428049002112395e-01
-5.239453709045269747e-01
-7.241497259490881078e-01
-3.434492562649182901e-01
-5.239453709045269747e-01
-7.241497259490881078e-01
-3.434492562649182901e-01
1.150811184227656270e+00
nan
-1.689439218455700109e+00
-2.617580946515344120e+00
-1.529510616600311401e-01
-1.240640267942870301e+00
-1.780202668949256051e+00
-7.241497259490881078e-01
-1.689439218455700109e+00
2.825567739359840402e+00
nan
nan
-3.036080203602798289e+00
4.177297434592257552e-01
-2.137831279620829861e+00
-5.239453709045269747e-01
-7.241497259490881078e-01
-3.434492562649182901e-01
1.957916894324887025e+00
nan
2.275290585530695076e+00
6.119269321341036516e-01
1.846931170493668617e-01
7.054436672137649467e-01
-2.852640795438494692e-01
-3.384309543099508488e-01
-3.412791797438559094e-01
6.119269321341036516e-01
1.846931170493668617e-01
7.054436672137649467e-01
1.060725882646933904e+00
1.846931170493668617e-01
7.054436672137649467e-01
6.119269321341036516e-01
-8.620297299082522180e-01
-1.911600802299769253e+00
-7.336561407089798870e-01
-8.620297299082522180e-01
-8.648779553421483968e-01
2.406308955490016999e+00
2.278138810964586369e+00
2.798889361128988007e+00
-1.630847152386932786e+00
-2.431876648225179682e+00
-2.434724873659087852e+00
1.635348709689732338e-01
-1.908752576865861972e+00
1.228567738573073775e+00
-1.630847152386932786e+00
-8.620297299082522180e-01
-2.434724873659087852e+00
6.119269321341036516e-01
1.846931170493668617e-01
1.818448916154626893e-01
nan
1.846931170493668617e-01
nan
1.635348709689732338e-01
-3.384309543099508488e-01
-3.412791797438559094e-01
1.060725882646933904e+00
1.231415964006976616e+00
nan
6.119269321341036516e-01
1.231415964006976616e+00
nan
-2.852640795438494692e-01
-3.384309543099508488e-01
-3.412791797438559094e-01
1.060725882646933904e+00
-3.384309543099508488e-01
-1.388002026701467218e+00
6.119269321341036516e-01
1.846931170493668617e-01
1.818448916154626893e-01
nan
1.755014739605277541e+00
nan
-2.079646102899763260e+00
1.846931170493668617e-01
1.228567738573073775e+00
-1.182455091221810362e+00
2.278138810964586369e+00
7.054436672137649467e-01
-7.336561407089798870e-01
-8.620297299082522180e-01
-8.648779553421483968e-01
-2.852640795438494692e-01
-3.384309543099508488e-01
-3.412791797438559094e-01
1.509117943812064766e+00
7.082918926476589050e-01
7.054436672137649467e-01
-1.182455091221810362e+00
1.755014739605277541e+00
nan
2.855107906002848139e+00
nan
-1.388002026701467218e+00
1.509117943812064766e+00
2.278138810964586369e+00
nan
6.119269321341036516e-01
-8.620297299082522180e-01
-1.388002026701467218e+00
-1.182455091221810362e+00
-1.385153801267569929e+00
-8.648779553421483968e-01
-7.336561407089798870e-01
-8.620297299082522180e-01
-8.648779553421483968e-01
2.406308955490016999e+00
1.846931170493668617e-01
-8.648779553421483968e-01
6.119269321341036516e-01
2.278138810964586369e+00
nan
-2.852640795438494692e-01
7.082918926476589050e-01
1.752166514171376477e+00
1.060725882646933904e+00
7.082918926476589050e-01
7.054436672137649467e-01
2.855107906002848139e+00
nan
nan
-7.336561407089798870e-01
-8.620297299082522180e-01
-8.648779553421483968e-01
-2.079646102899763260e+00
-8.620297299082522180e-01
-2.434724873659087852e+00
-2.079646102899763260e+00
1.846931170493668617e-01
1.228567738573073775e+00
-2.528038164064893678e+00
-8.620297299082522180e-01
2.275290585530695076e+00
-1.000982442147718032e+00
-6.392817467101505891e-01
-4.867760289921529981e-01
1.242198531721014909e+00
-2.696826109937018323e-01
-4.867760289921529981e-01
-2.795364465503629603e+00
-2.486607254602050787e+00
-9.443297547266382708e-02
7.933995812081935384e-01
4.691805750940241104e-01
2.982661062260554274e-01
nan
-6.392817467101505891e-01
1.868350376662478496e+00
-1.037914304697662438e-01
-2.696826109937018323e-01
-9.443297547266382708e-02
-1.037914304697662438e-01
-2.696826109937018323e-01
-9.443297547266382708e-02
1.242198531721014909e+00
8.384446254653079578e-01
6.906091597455441544e-01
-5.521834916348882238e-01
-1.008545797081434436e+00
-1.272174192389598613e+00
1.242198531721014909e+00
8.384446254653079578e-01
6.906091597455441544e-01
1.242198531721014909e+00
nan
1.083308241444270514e+00
-1.000982442147718032e+00
-1.008545797081434436e+00
-8.794751106908793581e-01
-1.000982442147718032e+00
-1.378144932797876532e+00
-1.272174192389598613e+00
1.690590592886144883e+00
1.577307811553033901e+00
1.475651294963759241e+00
3.036580555076926480e+00
4.691805750940241104e-01
-1.272174192389598613e+00
7.933995812081935384e-01
4.691805750940241104e-01
2.982661062260554274e-01
nan
8.384446254653079578e-01
nan
nan
1.207708675836591361e+00
nan
-5.521834916348882238e-01
-6.392817467101505891e-01
-4.867760289921529981e-01
3.450075200430635647e-01
4.691805750940241104e-01
2.982661062260554274e-01
1.690590592886144883e+00
1.946906947269482657e+00
1.868350376662478496e+00
nan
1.207708675836591361e+00
nan
-5.521834916348882238e-01
-1.008545797081434436e+00
-8.794751106908793581e-01
nan
9.958143937758201503e-02
nan
-1.037914304697662438e-01
9.958143937758201503e-02
-9.443297547266382708e-02
7.933995812081935384e-01
4.691805750940241104e-01
2.982661062260554274e-01
1.242198531721014909e+00
8.384446254653079578e-01
6.906091597455441544e-01
-5.521834916348882238e-01
-6.392817467101505891e-01
-4.867760289921529981e-01
-1.449374503312847784e+00
1.577307811553033901e+00
-4.867760289921529981e-01
-1.898173453825669821e+00
-2.486607254602050787e+00
-4.867760289921529981e-01
nan
-2.855871304973334635e+00
1.083308241444270514e+00
3.450075200430635647e-01
9.958143937758201503e-02
-9.443297547266382708e-02
3.450075200430635647e-01
9.958143937758201503e-02
2.982661062260554274e-01
-1.000982442147718032e+00
-6.392817467101505891e-01
-4.867760289921529981e-01
nan
1.946906947269482657e+00
nan
nan
1.577307811553033901e+00
nan
nan
-2.486607254602050787e+00
1.475651294963759241e+00
nan
1.577307811553033901e+00
nan
-1.037914304697662438e-01
-2.696826109937018323e-01
-9.443297547266382708e-02
-5.521834916348882238e-01
-6.392817467101505891e-01
-4.867760289921529981e-01
-1.240657958784076031e+00
1.236827592331376735e+00
-3.359624922672379554e-01
nan
1.550986857690357823e+00
nan
1.247565470490674677e-01
2.949194413412259408e-01
2.920712159073297620e-01
3.979385169264424427e-01
2.949194413412259408e-01
2.920712159073297620e-01
-2.605824792840363724e+00
-1.589181683182482541e+00
-2.180322690826752563e-02
1.247565470490674677e-01
1.550986857690357823e+00
-9.639962004418163311e-01
-1.240657958784076031e+00
-2.845249099531614423e+00
-3.359624922672379554e-01
-1.513592256884590315e+00
-1.895500147437045868e-02
-9.639962004418163311e-01
-4.213597209288169054e-01
-3.331142668333400003e-01
-2.180322690826752563e-02
3.979385169264424427e-01
-2.531089834172639108e+00
-1.277870643257402516e+00
-9.674759889067061636e-01
-1.275022417823501897e+00
-3.359624922672379554e-01
nan
1.865146123049338023e+00
1.548138632256464753e+00
-2.332642822962988749e+00
-1.275022417823501897e+00
1.548138632256464753e+00
1.489923381105355382e+00
1.236827592331376735e+00
9.201049240818974795e-01
6.708728150269567259e-01
6.090787067002065847e-01
6.062304812663112941e-01
-1.481777510514468155e-01
-1.895500147437045868e-02
2.920712159073297620e-01
-4.213597209288169054e-01
-6.469887096489359557e-01
-2.180322690826752563e-02
-4.213597209288169054e-01
-6.469887096489359557e-01
-2.180322690826752563e-02
-1.786526554985104376e+00
-3.331142668333400003e-01
-9.639962004418163311e-01
3.979385169264424427e-01
2.949194413412259408e-01
2.920712159073297620e-01
-2.059708524862474466e+00
-9.611479750079165996e-01
-1.592029908616384049e+00
-1.481777510514468155e-01
-1.895500147437045868e-02
2.920712159073297620e-01
2.855337886938499103e+00
nan
1.862297897615446729e+00
3.979385169264424427e-01
2.949194413412259408e-01
2.920712159073297620e-01
nan
-2.531089834172639108e+00
1.862297897615446729e+00
9.440547849043268158e-01
9.229531495157914378e-01
nan
1.489923381105355382e+00
1.236827592331376735e+00
9.201049240818974795e-01
-1.786526554985104376e+00
-3.331142668333400003e-01
-9.639962004418163311e-01
1.763105350982725028e+00
1.236827592331376735e+00
2.490331605790014002e+00
3.979385169264424427e-01
-2.845249099531614423e+00
-2.220063616790951322e+00
9.440547849043268158e-01
1.550986857690357823e+00
2.804206048605610846e+00
1.216989083004841099e+00
1.236827592331376735e+00
9.201049240818974795e-01
-2.878759090940878007e+00
6.090787067002065847e-01
9.201049240818974795e-01
-2.059708524862474466e+00
-9.611479750079165996e-01
3.118365313964581276e+00
2.582403588837984820e+00
nan
1.548138632256464753e+00
-1.481777510514468155e-01
-1.895500147437045868e-02
2.920712159073297620e-01
-1.786526554985104376e+00
9.229531495157914378e-01
-3.359624922672379554e-01
-1.786526554985104376e+00
-3.331142668333400003e-01
-9.639962004418163311e-01
-4.213597209288169054e-01
-6.469887096489359557e-01
-2.180322690826752563e-02
6.708728150269567259e-01
6.090787067002065847e-01
6.062304812663112941e-01
nan
1.009159439315117091e+00
nan
2.268075081098154477e+00
1.714013983578412947e-01
-1.087134480034011919e+00
-6.629387720787622840e-01
-6.655971158170688184e-01
-1.087134480034011919e+00
-2.440597516001279388e-01
-6.655971158170688184e-01
-6.686352229465577501e-01
-6.629387720787622840e-01
-1.084476136295702720e+00
-1.087134480034011919e+00
-2.440597516001279388e-01
-6.655971158170688184e-01
-6.686352229465577501e-01
nan
1.714013983578412947e-01
nan
-6.629387720787622840e-01
-6.655971158170688184e-01
-1.087134480034011919e+00
1.430696803532057970e+00
1.427658696402572147e+00
1.425000352664259395e+00
-2.440597516001279388e-01
-2.470978587296137619e-01
-2.497562024679238490e-01
-6.629387720787622840e-01
-6.655971158170688184e-01
-1.087134480034011919e+00
5.933185259659685684e-01
5.902804188364751958e-01
5.876220750981713259e-01
-1.500317049644858569e+00
5.902804188364751958e-01
1.425000352664259395e+00
1.011817783053423625e+00
1.009159439315117091e+00
1.006121332185625938e+00
1.849196060619512139e+00
nan
1.425000352664259395e+00
-2.440597516001279388e-01
-6.655971158170688184e-01
-6.686352229465577501e-01
-1.081438029166216896e+00
-1.084476136295702720e+00
-1.506013500512652925e+00
5.933185259659685684e-01
5.902804188364751958e-01
5.876220750981713259e-01
5.933185259659685684e-01
-1.084476136295702720e+00
-2.761891035166195607e+00
1.744395054873271178e-01
1.714013983578412947e-01
1.687430546195303194e-01
nan
3.102415251534757168e+00
nan
nan
-1.502975393383157776e+00
2.261998866839168620e+00
-1.500317049644858569e+00
2.683915994447303000e+00
1.006121332185625938e+00
3.105453358664242991e+00
nan
1.843499609751713564e+00
5.933185259659685684e-01
5.902804188364751958e-01
5.876220750981713259e-01
5.933185259659685684e-01
1.714013983578412947e-01
1.687430546195303194e-01
1.849196060619512139e+00
nan
-2.761891035166195607e+00
5.933185259659685684e-01
1.714013983578412947e-01
1.687430546195303194e-01
nan
1.714013983578412947e-01
3.099756907796442640e+00
-6.629387720787622840e-01
-6.655971158170688184e-01
-6.686352229465577501e-01
1.430696803532057970e+00
5.902804188364751958e-01
1.425000352664259395e+00
5.933185259659685684e-01
3.102415251534757168e+00
5.876220750981713259e-01
2.268075081098154477e+00
nan
-1.924892520991286604e+00
5.933185259659685684e-01
5.902804188364751958e-01
5.876220750981713259e-01
1.744395054873271178e-01
1.714013983578412947e-01
1.006121332185625938e+00
1.430696803532057970e+00
2.265036973968660661e+00
nan
1.849196060619512139e+00
nan
-6.686352229465577501e-01
1.430696803532057970e+00
1.427658696402572147e+00
1.425000352664259395e+00
1.744395054873271178e-01
5.902804188364751958e-01
-2.343391778078740995e+00
1.011817783053423625e+00
1.009159439315117091e+00
1.006121332185625938e+00
nan
-2.971140663709916918e+00
1.238061823352740731e+00
4.995514922875710084e-01
1.692313218367682559e-01
-3.317850949641898417e-01
nan
nan
1.761660598951042545e+00
nan
nan
-2.948829564477723597e+00
-6.423279771207326405e-01
2.860804356870639609e+00
nan
1.070232297406827904e+00
nan
1.913389763951292011e-01
-1.213526641409789830e+00
-2.522341713197095103e+00
-1.378507941921810254e+00
1.070232297406827904e+00
1.066422333514728038e+00
1.238061823352740731e+00
1.641430961695874657e+00
2.860804356870639609e+00
nan
4.995514922875710084e-01
1.692313218367682559e-01
1.913389763951292011e-01
1.070232297406827904e+00
nan
nan
2.212111766815131553e+00
1.963613345192679382e+00
2.808383445908654075e+00
1.070232297406827904e+00
1.066422333514728038e+00
7.149377519934216885e-01
-7.164717200148595921e-02
-2.795676286760535589e-01
-8.553838705624916550e-01
-1.213526641409789830e+00
2.860804356870639609e+00
7.149377519934216885e-01
nan
nan
-8.553838705624916550e-01
2.783310431104188964e+00
nan
7.149377519934216885e-01
1.641430961695874657e+00
1.514814394679858012e+00
1.761660598951042545e+00
-7.164717200148595921e-02
-7.279596898411835326e-01
-8.553838705624916550e-01
nan
-1.176758640354013341e+00
nan
-7.164717200148595921e-02
-2.795676286760535589e-01
-3.317850949641898417e-01
-6.423279771207326405e-01
-2.522341713197095103e+00
-2.425230788879421784e+00
-2.355406110818093701e+00
-2.971140663709916918e+00
-8.553838705624916550e-01
4.995514922875710084e-01
6.176233830018982296e-01
1.913389763951292011e-01
4.995514922875710084e-01
6.176233830018982296e-01
1.913389763951292011e-01
-1.784207446529046726e+00
-2.073949652031965130e+00
1.913389763951292011e-01
-2.355406110818093701e+00
-2.971140663709916918e+00
-8.553838705624916550e-01
-6.423279771207326405e-01
-7.279596898411835326e-01
-1.378507941921810254e+00
-7.164717200148595921e-02
-2.073949652031965130e+00
-1.902106717520102963e+00
-2.355406110818093701e+00
1.514814394679858012e+00
-3.317850949641898417e-01
-7.164717200148595921e-02
-7.279596898411835326e-01
-8.553838705624916550e-01
1.070232297406827904e+00
1.066422333514728038e+00
7.149377519934216885e-01
-7.164717200148595921e-02
1.692313218367682559e-01
-3.317850949641898417e-01
-7.164717200148595921e-02
-7.279596898411835326e-01
-8.553838705624916550e-01
-7.164717200148595921e-02
-2.795676286760535589e-01
-3.317850949641898417e-01
-1.213526641409789830e+00
-1.176758640354013341e+00
-2.425230788879421784e+00
-6.423279771207326405e-01
-7.279596898411835326e-01
-1.378507941921810254e+00
-1.784207446529046726e+00
1.963613345192679382e+00
1.913389763951292011e-01
-6.423279771207326405e-01
-1.176758640354013341e+00
-1.902106717520102963e+00
4.995514922875710084e-01
1.692313218367682559e-01
-3.317850949641898417e-01
1.113513121264819716e-01
-1.115223280760568869e-01
3.687322989320218625e-01
2.859176799479840270e+00
nan
nan
-1.851076011829423384e+00
-1.560611791137837434e+00
3.687322989320218625e-01
-2.636118147047638693e+00
-1.077728032960004967e+00
-2.046562869013715869e+00
-2.809917413930000940e-01
-1.115223280760568869e-01
-1.141514592458103827e-01
-6.736908230917264540e-01
-5.944060862538891321e-01
-5.974734059519266616e-01
-6.736908230917264540e-01
-5.944060862538891321e-01
-5.974734059519266616e-01
-1.458732958309934435e+00
-1.077728032960004967e+00
-3.012768573897664393e+00
2.466477717781120127e+00
3.717996186300678296e-01
-5.974734059519266616e-01
1.681435582562905040e+00
nan
-5.974734059519266616e-01
-2.636118147047638693e+00
-1.077728032960004967e+00
-2.046562869013715869e+00
-1.458732958309934435e+00
8.546833768079000748e-01
-5.974734059519266616e-01
2.466477717781120127e+00
3.717996186300678296e-01
-5.974734059519266616e-01
-6.736908230917264540e-01
-5.944060862538891321e-01
-5.974734059519266616e-01
1.113513121264819716e-01
-1.115223280760568869e-01
3.687322989320218625e-01
-2.636118147047638693e+00
-2.526817496021785736e+00
2.784465655406043183e+00
2.074134664261631400e+00
-1.077728032960004967e+00
-3.012768573897664393e+00
8.963934473446970586e-01
-1.077728032960004967e+00
2.301143708699926904e+00
2.074134664261631400e+00
2.787094786575797123e+00
nan
5.040503938252083316e-01
-1.077728032960004967e+00
2.301143708699926904e+00
5.040503938252083316e-01
3.717996186300678296e-01
3.687322989320218625e-01
1.113513121264819716e-01
2.787094786575797123e+00
-1.141514592458103827e-01
-2.809917413930000940e-01
-1.115223280760568869e-01
-1.141514592458103827e-01
nan
8.546833768079000748e-01
nan
5.040503938252083316e-01
-2.043933737843961929e+00
-1.141514592458103827e-01
5.040503938252083316e-01
3.717996186300678296e-01
3.687322989320218625e-01
1.681435582562905040e+00
-1.077728032960004967e+00
-3.012768573897664393e+00
1.113513121264819716e-01
-1.115223280760568869e-01
3.687322989320218625e-01
2.074134664261631400e+00
1.338005323514016354e+00
1.818259950522095103e+00
8.963934473446970586e-01
1.820889081691848155e+00
2.784465655406043183e+00
-1.066033876611215181e+00
-1.560611791137837434e+00
1.818259950522095103e+00
1.289092529043416313e+00
3.717996186300678296e-01
8.516160571098541077e-01
-2.243775093528149522e+00
-1.077728032960004967e+00
2.784465655406043183e+00
2.074134664261631400e+00
-1.115223280760568869e-01
-1.080357164129758907e+00
8.963934473446970586e-01
3.717996186300678296e-01
8.516160571098541077e-01
1.113513121264819716e-01
-2.043933737843961929e+00
8.516160571098541077e-01
-6.736908230917264540e-01
8.546833768079000748e-01
1.818259950522095103e+00
-6.736908230917264540e-01
-5.944060862538891321e-01
-1.141514592458103827e-01
-6.736908230917264540e-01
8.546833768079000748e-01
1.818259950522095103e+00
1.289092529043416313e+00
1.820889081691848155e+00
nan
-1.665617696644915879e+00
1.159599994137972878e+00
-3.422285882218081277e-01
-2.236298501764161895e+00
1.159599994137972878e+00
-3.422285882218081277e-01
-2.807497166053217974e+00
nan
-2.696998965697213535e+00
4.746043705244229471e-02
-6.347820292179404689e-01
-3.422285882218081277e-01
-2.236298501764161895e+00
-6.347820292179404689e-01
-2.696998965697213535e+00
2.331219375869056698e+00
2.953982017493887113e+00
nan
-5.237382272366035707e-01
7.112079329728429045e-01
-1.126914695260784915e+00
-2.236298501764161895e+00
-2.877556113738977128e+00
-1.126914695260784915e+00
2.901900180988312705e+00
nan
-1.912312858658236747e+00
4.746043705244229471e-02
-1.859830787051102163e-01
4.431695751756299373e-01
-1.094419032355859578e+00
-1.859830787051102163e-01
2.797939952651021578e+00
nan
1.608398944650804019e+00
nan
6.181412421716983019e-01
1.608398944650804019e+00
nan
4.746043705244229471e-02
-1.859830787051102163e-01
4.431695751756299373e-01
-1.665617696644915879e+00
1.159599994137972878e+00
-3.422285882218081277e-01
-5.237382272366035707e-01
-1.083174090383071331e+00
-1.912312858658236747e+00
1.189339906460754825e+00
1.159599994137972878e+00
nan
-1.094419032355859578e+00
1.159599994137972878e+00
-3.422285882218081277e-01
-1.665617696644915879e+00
-2.429164052573854704e+00
-3.422285882218081277e-01
1.189339906460754825e+00
1.608398944650804019e+00
nan
-5.237382272366035707e-01
-2.429164052573854704e+00
-1.912312858658236747e+00
-5.237382272366035707e-01
-2.429164052573854704e+00
-1.912312858658236747e+00
1.189339906460754825e+00
1.159599994137972878e+00
nan
-5.237382272366035707e-01
2.953982017493887113e+00
nan
-5.237382272366035707e-01
-1.083174090383071331e+00
-1.912312858658236747e+00
nan
2.953982017493887113e+00
nan
-5.237382272366035707e-01
-1.083174090383071331e+00
-1.126914695260784915e+00
4.746043705244229471e-02
-1.859830787051102163e-01
4.431695751756299373e-01
6.181412421716983019e-01
2.624089824600202014e-01
1.227855682214606503e+00
4.746043705244229471e-02
2.624089824600202014e-01
1.227855682214606503e+00
nan
2.056791005815925999e+00
nan
-5.237382272366035707e-01
-1.083174090383071331e+00
-2.696998965697213535e+00
2.331219375869056698e+00
nan
-1.126914695260784915e+00
6.181412421716983019e-01
7.112079329728429045e-01
2.013253845612058335e+00
-1.094419032355859578e+00
7.112079329728429045e-01
1.227855682214606503e+00
4.746043705244229471e-02
1.159599994137972878e+00
-1.126914695260784915e+00
-5.237382272366035707e-01
-1.083174090383071331e+00
-1.912312858658236747e+00
6.181412421716983019e-01
2.624089824600202014e-01
1.227855682214606503e+00
1.189339906460754825e+00
1.159599994137972878e+00
nan
1.189339906460754825e+00
2.056791005815925999e+00
nan
-9.830793108489306320e-01
-1.576635801052126418e-01
-5.286291193958332357e-01
2.942487393421362007e+00
nan
1.688696424165914145e-01
-9.830793108489306320e-01
-1.576635801052126418e-01
-5.286291193958332357e-01
nan
1.098403836243925902e+00
nan
-1.767765417887908308e+00
-2.041479882085527109e+00
1.564500105026739973e+00
1.372403122984938051e+00
1.098403836243925902e+00
8.670013432143273135e-01
nan
-2.669798412803489285e+00
8.670013432143273135e-01
-1.976811474514850175e-01
-1.576635801052126418e-01
-5.286291193958332357e-01
nan
1.098403836243925902e+00
nan
-9.830793108489306320e-01
-7.854124657363943385e-01
-5.286291193958332357e-01
nan
1.726722366961881860e+00
nan
-1.976811474514850175e-01
4.706549506127437610e-01
1.688696424165914145e-01
nan
2.354471252593064001e+00
nan
nan
1.098403836243925902e+00
nan
nan
-7.854124657363943385e-01
2.960130567636900523e+00
-1.976811474514850175e-01
-1.576635801052126418e-01
1.688696424165914145e-01
-9.830793108489306320e-01
-7.854124657363943385e-01
-5.286291193958332357e-01
nan
4.706549506127437610e-01
1.564500105026739973e+00
nan
1.726722366961881860e+00
nan
nan
-2.669798412803489285e+00
1.564500105026739973e+00
5.870049595874928805e-01
-1.576635801052126418e-01
-5.286291193958332357e-01
-1.976811474514850175e-01
-1.576635801052126418e-01
-5.286291193958332357e-01
nan
nan
8.670013432143273135e-01
2.157089230023909288e+00
1.726722366961881860e+00
2.262631805824475428e+00
nan
nan
nan
5.870049595874928805e-01
4.706549506127437610e-01
1.688696424165914145e-01
2.157089230023909288e+00
nan
1.688696424165914145e-01
2.942487393421362007e+00
nan
1.688696424165914145e-01
nan
nan
-2.622391282803717694e+00
2.942487393421362007e+00
4.706549506127437610e-01
-1.226760820193556700e+00
-1.976811474514850175e-01
-1.576635801052126418e-01
1.688696424165914145e-01
-1.767765417887908308e+00
-1.413730996454350741e+00
-1.924259582005981573e+00
-9.830793108489306320e-01
1.098403836243925902e+00
-1.226760820193556700e+00
5.870049595874928805e-01
1.098403836243925902e+00
1.564500105026739973e+00
5.870049595874928805e-01
4.706549506127437610e-01
1.688696424165914145e-01
5.870049595874928805e-01
4.706549506127437610e-01
1.688696424165914145e-01
-1.767765417887908308e+00
-7.854124657363943385e-01
-5.286291193958332357e-01
-1.976811474514850175e-01
4.706549506127437610e-01
1.688696424165914145e-01
5.870049595874928805e-01
-7.854124657363943385e-01
-1.226760820193556700e+00
2.942487393421362007e+00
4.706549506127437610e-01
-1.226760820193556700e+00
nan
-3.037775448641819587e-01
1.370979010267994624e+00
1.213679287441343568e+00
nan
-7.224666836472337650e-01
nan
-2.658547922339592251e+00
8.473802346696936993e-01
-1.070079651375271279e+00
-1.088463651903160301e+00
-7.224666836472337650e-01
-4.993988462560152719e-01
4.816206185332574385e-01
3.242561633103759888e-01
-1.070079651375271279e+00
-1.088463651903160301e+00
-1.993426122879160545e-01
6.424806231522870448e-01
nan
1.370979010267994624e+00
7.179981803303103760e-02
4.816206185332574385e-01
3.242561633103759888e-01
1.784360092560588917e+00
-3.037775448641819587e-01
-1.769189530604852845e+00
nan
nan
1.894103081627303453e+00
6.424806231522870448e-01
-1.088463651903160301e+00
-1.246065459245534912e+00
-4.993988462560152719e-01
-3.037775448641819587e-01
-1.993426122879160545e-01
1.213679287441343568e+00
nan
-1.246065459245534912e+00
-2.211959120783583366e+00
2.836390996008653964e+00
3.242561633103759888e-01
-1.641278315664327359e+00
1.266306725572236225e+00
-7.224666836472337650e-01
-1.070079651375271279e+00
-1.088463651903160301e+00
-7.224666836472337650e-01
2.355558756849645441e+00
2.836390996008653964e+00
3.242561633103759888e-01
-1.070079651375271279e+00
-1.088463651903160301e+00
-7.224666836472337650e-01
-1.070079651375271279e+00
2.836390996008653964e+00
3.242561633103759888e-01
-4.993988462560152719e-01
4.816206185332574385e-01
-1.993426122879160545e-01
7.179981803303103760e-02
nan
nan
6.424806231522870448e-01
-3.037775448641819587e-01
-1.246065459245534912e+00
-4.993988462560152719e-01
-3.037775448641819587e-01
-1.993426122879160545e-01
nan
-2.658547922339592251e+00
8.473802346696936993e-01
2.355558756849645441e+00
nan
8.473802346696936993e-01
nan
-1.873861815300613909e+00
1.894103081627303453e+00
1.784360092560588917e+00
nan
3.242561633103759888e-01
6.424806231522870448e-01
nan
-2.815912377562462598e+00
7.179981803303103760e-02
1.266306725572236225e+00
3.242561633103759888e-01
-4.993988462560152719e-01
-3.037775448641819587e-01
-1.993426122879160545e-01
1.784360092560588917e+00
nan
3.242561633103759888e-01
nan
-1.873861815300613909e+00
8.473802346696936993e-01
7.179981803303103760e-02
1.266306725572236225e+00
3.242561633103759888e-01
-1.641278315664327359e+00
-2.658547922339592251e+00
-1.769189530604852845e+00
-4.993988462560152719e-01
-3.037775448641819587e-01
-1.993426122879160545e-01
7.179981803303103760e-02
2.051704888969689833e+00
8.473802346696936993e-01
nan
nan
1.894103081627303453e+00
-1.641278315664327359e+00
-1.873861815300613909e+00
-1.246065459245534912e+00
nan
nan
nan
1.784360092560588917e+00
nan
3.242561633103759888e-01
1.329272852128762672e+00
nan
1.863627069484597776e+00
1.777664913293892646e+00
2.340087714151877663e+00
2.701385110441873572e+00
-1.362300182905100243e+00
3.773043620167273460e-01
2.282506089963232121e+00
-4.651091712271484546e-01
-1.192779908419688839e+00
-1.485506277388586760e+00
-9.139081217399702695e-01
-1.585122961939177788e+00
-2.323264318345862556e+00
nan
3.773043620167273460e-01
1.445127812397142719e+00
-2.708290145095881840e+00
2.340087714151877663e+00
-2.296287427350427457e-01
8.804739016159413012e-01
3.773043620167273460e-01
1.892502777435987049e-01
4.320818404508113275e-01
-1.539471968199190854e-02
-2.296287427350427457e-01
8.804739016159413012e-01
3.773043620167273460e-01
1.892502777435987049e-01
8.804739016159413012e-01
3.773043620167273460e-01
1.892502777435987049e-01
8.804739016159413012e-01
7.700034437154537059e-01
6.077495348310537615e-01
nan
nan
1.892502777435987049e-01
4.320818404508113275e-01
3.773043620167273460e-01
1.892502777435987049e-01
8.804739016159413012e-01
-1.192779908419688839e+00
6.077495348310537615e-01
-9.139081217399702695e-01
-1.192779908419688839e+00
-1.904385297867228433e+00
-4.651091712271484546e-01
-4.077377732014806355e-01
-6.481279998224978023e-01
-1.671711006201848093e-02
-1.539471968199190854e-02
-2.296287427350427457e-01
-1.362300182905100243e+00
1.947388632453151303e+00
-2.296287427350427457e-01
nan
-2.762864178856112130e+00
6.077495348310537615e-01
4.320818404508113275e-01
-1.539471968199190854e-02
-2.296287427350427457e-01
1.329272852128762672e+00
1.162346497234942433e+00
6.077495348310537615e-01
8.804739016159413012e-01
7.700034437154537059e-01
6.077495348310537615e-01
-2.708290145095881840e+00
-2.762864178856112130e+00
-6.481279998224978023e-01
-4.651091712271484546e-01
-8.000808267209693625e-01
-1.067007020301131703e+00
4.320818404508113275e-01
3.773043620167273460e-01
1.892502777435987049e-01
-4.651091712271484546e-01
-8.000808267209693625e-01
-1.067007020301131703e+00
-2.259491194583052032e+00
-1.192779908419688839e+00
-6.481279998224978023e-01
1.329272852128762672e+00
1.162346497234942433e+00
1.026628555309687663e+00
nan
-4.077377732014806355e-01
1.445127812397142719e+00
-1.362300182905100243e+00
2.340087714151877663e+00
1.892502777435987049e-01
1.777664913293892646e+00
2.340087714151877663e+00
2.282506089963232121e+00
-1.362300182905100243e+00
-2.370165097157392875e+00
-2.296287427350427457e-01
4.320818404508113275e-01
-1.539471968199190854e-02
1.892502777435987049e-01
nan
3.773043620167273460e-01
2.701385110441873572e+00
1.329272852128762672e+00
7.700034437154537059e-01
6.077495348310537615e-01
-9.139081217399702695e-01
7.700034437154537059e-01
3.119884367529328628e+00
-1.671711006201848093e-02
-4.077377732014806355e-01
-2.296287427350427457e-01
-1.671711006201848093e-02
-4.077377732014806355e-01
-6.481279998224978023e-01
2.674855924971844878e+00
3.773043620167273460e-01
-1.067007020301131703e+00
-2.425406980353779218e-01
-6.193202340053494126e-01
7.013116070811920011e-02
-1.498608114384516243e+00
1.623453850515694796e+00
-1.325499301902026694e+00
3.857778326825784809e-01
2.778707776726037082e-01
7.682628615058537669e-01
-2.425406980353779218e-01
-6.193202340053494126e-01
-6.273676011043045619e-01
-8.702895836665596185e-01
-1.965310196196132786e+00
-6.273676011043045619e-01
1.641845249031710807e+00
1.175061789350564823e+00
2.163893324115999661e+00
1.013526718313760178e+00
1.623453850515694796e+00
nan
-8.702895836665596185e-01
1.175061789350564823e+00
-6.273676011043045619e-01
-1.498608114384516243e+00
1.623453850515694796e+00
-6.273676011043045619e-01
-8.702895836665596185e-01
1.623453850515694796e+00
7.013116070811920011e-02
-2.425406980353779218e-01
-6.193202340053494126e-01
7.013116070811920011e-02
-2.754675530733654565e+00
2.520644862193647917e+00
-6.273676011043045619e-01
-1.498608114384516243e+00
2.969443812706478170e+00
7.682628615058537669e-01
1.641845249031710807e+00
2.072252801028517055e+00
nan
-2.126357000015698162e+00
2.969443812706478170e+00
nan
-1.498608114384516243e+00
2.778707776726037082e-01
7.682628615058537669e-01
1.641845249031710807e+00
-6.193202340053494126e-01
2.163893324115999661e+00
-2.754675530733654565e+00
-1.965310196196132786e+00
7.682628615058537669e-01
2.269594134662892948e+00
1.175061789350564823e+00
2.861392085928422979e+00
1.013526718313760178e+00
2.778707776726037082e-01
7.682628615058537669e-01
2.897912665380855124e+00
2.072252801028517055e+00
-6.273676011043045619e-01
2.269594134662892948e+00
1.175061789350564823e+00
1.465761623318277529e+00
-2.754675530733654565e+00
2.520644862193647917e+00
nan
-8.702895836665596185e-01
-6.193202340053494126e-01
-6.273676011043045619e-01
-8.702895836665596185e-01
1.623453850515694796e+00
7.013116070811920011e-02
1.641845249031710807e+00
2.778707776726037082e-01
-6.273676011043045619e-01
-2.425406980353779218e-01
-6.193202340053494126e-01
7.013116070811920011e-02
-8.702895836665596185e-01
-6.193202340053494126e-01
-6.273676011043045619e-01
-1.498608114384516243e+00
7.262628388377341260e-01
-1.325499301902026694e+00
-8.702895836665596185e-01
1.175061789350564823e+00
-6.273676011043045619e-01
3.857778326825784809e-01
2.778707776726037082e-01
7.682628615058537669e-01
3.857778326825784809e-01
1.623453850515694796e+00
nan
-2.425406980353779218e-01
-6.193202340053494126e-01
7.013116070811920011e-02
2.269594134662892948e+00
nan
nan
1.013526718313760178e+00
2.778707776726037082e-01
7.682628615058537669e-01
3.857778326825784809e-01
7.262628388377341260e-01
-2.022998063714450012e+00
1.013526718313760178e+00
-6.193202340053494126e-01
-2.022998063714450012e+00
-8.702895836665596185e-01
1.175061789350564823e+00
2.861392085928422979e+00
1.641845249031710807e+00
-1.709281728402189948e-01
-6.273676011043045619e-01
-2.425406980353779218e-01
-1.516511245683302311e+00
7.682628615058537669e-01
-4.368277683229759845e-02
-4.627207268130195672e-02
2.179224137781758941e-01
5.275158874567491551e-01
nan
1.264645260735787424e+00
-1.185562246240611461e+00
-6.174707369703482662e-01
-8.288004331794449620e-01
5.275158874567491551e-01
1.095607396727009686e+00
7.410464851374944928e-01
-4.368277683229759845e-02
-1.759350206378660353e+00
1.264645260735787424e+00
2.240076161984320358e+00
nan
-1.875523280137056270e+00
-6.143635819515544938e-01
-6.174707369703482662e-01
-3.056763618201263633e-01
-4.368277683229759845e-02
-4.627207268130195672e-02
-3.056763618201263633e-01
-6.143635819515544938e-01
-6.174707369703482662e-01
-3.056763618201263633e-01
-1.756243051359858365e+00
-1.759350206378660353e+00
-1.875523280137056270e+00
2.811274826273367111e+00
nan
1.264645260735787424e+00
nan
1.095607396727009686e+00
nan
-1.185562246240611461e+00
-2.330031011497906146e+00
1.264645260735787424e+00
nan
-2.901229675786962225e+00
7.410464851374944928e-01
nan
5.244087324379540505e-01
nan
nan
-1.188151542089604273e+00
nan
-1.756243051359858365e+00
-1.759350206378660353e+00
-1.875523280137056270e+00
nan
-2.901229675786962225e+00
nan
1.669395356865063462e+00
2.808167671254568454e+00
nan
2.811274826273367111e+00
2.237486866135312447e+00
7.410464851374944928e-01
-4.368277683229759845e-02
-4.627207268130195672e-02
2.179224137781758941e-01
1.098196692576006051e+00
nan
-2.922246127094667578e+00
-6.143635819515544938e-01
-6.174707369703482662e-01
-3.056763618201263633e-01
2.240076161984320358e+00
nan
2.311368107693407836e+00
-1.756243051359858365e+00
2.808167671254568454e+00
7.410464851374944928e-01
nan
nan
-2.922246127094667578e+00
-6.143635819515544938e-01
-4.627207268130195672e-02
-3.056763618201263633e-01
1.098196692576006051e+00
1.666288201846266581e+00
1.787769332095106023e+00
2.240076161984320358e+00
nan
2.179224137781758941e-01
-6.143635819515544938e-01
-4.627207268130195672e-02
-3.056763618201263633e-01
nan
-6.174707369703482662e-01
2.834492179052717553e+00
-4.368277683229759845e-02
-4.627207268130195672e-02
2.179224137781758941e-01
2.240076161984320358e+00
1.095607396727009686e+00
-3.056763618201263633e-01
-4.368277683229759845e-02
5.244087324379540505e-01
2.179224137781758941e-01
-6.143635819515544938e-01
-6.174707369703482662e-01
-8.288004331794449620e-01
1.669395356865063462e+00
nan
-1.352399208777737671e+00
1.669395356865063462e+00
nan
-1.352399208777737671e+00
5.275158874567491551e-01
1.095607396727009686e+00
7.410464851374944928e-01
nan
2.237486866135312447e+00
nan
-2.327441715648915554e+00
nan
-3.056763618201263633e-01
-1.064144188582961448e+00
-3.721349552777524217e-01
-3.194427847506315921e-01
-1.547466135289077505e+00
6.745878916798591085e-01
5.777482269273290783e-01
-5.812604304051292026e-01
-8.957337308760542349e-01
-7.678348459157624539e-01
-2.030349893466909528e+00
-8.957337308760542349e-01
-3.194427847506315921e-01
1.351150979362776283e+00
nan
-7.678348459157624539e-01
3.849452744788193215e-01
1.509891160815661770e-01
1.293561657621986605e-01
2.800678630952849524e+00
-8.957337308760542349e-01
1.026547177440151337e+00
3.849452744788193215e-01
1.509891160815661770e-01
1.293561657621986605e-01
-5.812604304051292026e-01
-3.721349552777524217e-01
-3.194427847506315921e-01
-2.996555598350866934e+00
1.509891160815661770e-01
5.777482269273290783e-01
3.849452744788193215e-01
-8.957337308760542349e-01
-7.678348459157624539e-01
-9.793848369900448603e-02
1.197711963039177263e+00
nan
1.351150979362776283e+00
nan
-2.113824808106545383e+00
-2.030349893466909528e+00
6.745878916798591085e-01
5.777482269273290783e-01
2.317356684246724363e+00
nan
1.923331299770412173e+00
1.351150979362776283e+00
1.721310738637479965e+00
2.372130250283235320e+00
nan
-1.418857802235363730e+00
2.820929200796065572e+00
8.682672211849440380e-01
1.509891160815661770e-01
1.293561657621986605e-01
3.849452744788193215e-01
-3.721349552777524217e-01
-7.678348459157624539e-01
nan
1.197711963039177263e+00
1.923331299770412173e+00
-9.793848369900448603e-02
-8.957337308760542349e-01
-7.678348459157624539e-01
8.682672211849440380e-01
2.768033585595091495e+00
nan
-5.812604304051292026e-01
-8.957337308760542349e-01
-7.678348459157624539e-01
-9.793848369900448603e-02
-3.721349552777524217e-01
1.293561657621986605e-01
-5.812604304051292026e-01
6.745878916798591085e-01
1.026547177440151337e+00
-2.996555598350866934e+00
1.509891160815661770e-01
5.777482269273290783e-01
3.849452744788193215e-01
6.745878916798591085e-01
1.026547177440151337e+00
-9.793848369900448603e-02
-3.721349552777524217e-01
-3.194427847506315921e-01
3.849452744788193215e-01
-1.418857802235363730e+00
1.293561657621986605e-01
3.849452744788193215e-01
1.509891160815661770e-01
1.293561657621986605e-01
-9.793848369900448603e-02
-3.721349552777524217e-01
-3.194427847506315921e-01
2.317356684246724363e+00
nan
1.026547177440151337e+00
-9.793848369900448603e-02
-8.957337308760542349e-01
-1.216633796428584713e+00
8.682672211849440380e-01
1.197711963039177263e+00
1.026547177440151337e+00
-9.793848369900448603e-02
-3.721349552777524217e-01
-7.678348459157624539e-01
nan
1.509891160815661770e-01
1.474939238605282199e+00
-9.793848369900448603e-02
-3.721349552777524217e-01
-3.194427847506315921e-01
-1.064144188582961448e+00
-1.418857802235363730e+00
-1.216633796428584713e+00
8.682672211849440380e-01
1.509891160815661770e-01
1.293561657621986605e-01
3.849452744788193215e-01
1.197711963039177263e+00
1.026547177440151337e+00
-1.859066866518977568e+00
1.649746332762189738e-01
-2.494062903531960806e+00
1.629692820513749751e+00
1.614064096338009513e+00
-9.239786330955319649e-01
2.340623579035954194e-01
1.614064096338009513e+00
nan
9.321940587013317625e-01
-3.183473134298973051e-01
-1.385804696980943440e-01
-2.557198567316707472e+00
-3.183473134298973051e-01
1.431503800738334498e+00
nan
nan
6.461056373408826659e-01
-2.557198567316707472e+00
2.097386043044125792e+00
1.431503800738334498e+00
1.629692820513749751e+00
nan
-9.239786330955319649e-01
2.340623579035954194e-01
-8.012310716077299944e-01
-9.239786330955319649e-01
3.025323283123904083e+00
6.478583914540516631e-01
-9.239786330955319649e-01
2.340623579035954194e-01
-1.284553018313850936e+00
2.216189907777311063e+00
2.340623579035954194e-01
-8.012310716077299944e-01
-1.708664740134508975e+00
-1.859066866518977568e+00
6.478583914540516631e-01
-1.708664740134508975e+00
-4.634364039088230136e-01
2.580269801221958481e+00
1.431503800738334498e+00
-4.634364039088230136e-01
-1.767436776491683625e+00
6.461056373408826659e-01
-1.161568104706552917e+00
6.478583914540516631e-01
nan
2.340623579035954194e-01
-3.183473134298973051e-01
-9.239786330955319649e-01
-1.161568104706552917e+00
1.649746332762189738e-01
1.431503800738334498e+00
9.321940587013317625e-01
1.614064096338009513e+00
-9.239786330955319649e-01
nan
-2.250758723197804123e+00
nan
-2.557198567316707472e+00
-2.733642481375636812e+00
6.461056373408826659e-01
nan
6.478583914540516631e-01
nan
nan
6.478583914540516631e-01
nan
2.340623579035954194e-01
-3.183473134298973051e-01
-9.239786330955319649e-01
-2.557198567316707472e+00
1.649746332762189738e-01
2.216189907777311063e+00
2.340623579035954194e-01
-3.183473134298973051e-01
-9.239786330955319649e-01
2.327824521311486095e+00
nan
nan
9.321940587013317625e-01
3.063591747928083642e+00
nan
3.025323283123904083e+00
2.097386043044125792e+00
3.001588071174748684e+00
-4.634364039088230136e-01
-8.012310716077299944e-01
-1.708664740134508975e+00
2.340623579035954194e-01
-8.012310716077299944e-01
-1.708664740134508975e+00
-1.859066866518977568e+00
1.649746332762189738e-01
3.001588071174748684e+00
2.340623579035954194e-01
1.131180338160176824e+00
nan
-1.161568104706552917e+00
-1.284553018313850936e+00
2.216189907777311063e+00
2.340623579035954194e-01
-8.012310716077299944e-01
-1.708664740134508975e+00
-4.634364039088230136e-01
2.097386043044125792e+00
6.461056373408826659e-01
2.327824521311486095e+00
-2.733642481375636812e+00
nan
2.340623579035954194e-01
1.614064096338009513e+00
nan
2.340623579035954194e-01
-3.183473134298973051e-01
-9.239786330955319649e-01
-1.161568104706552917e+00
-1.767436776491683625e+00
6.461056373408826659e-01
1.660512080336965290e+00
-7.578504073068170754e-01
5.301661079139670107e-01
-2.204310739198851454e+00
6.916772442832557211e-01
8.997652436304086621e-01
6.943063754530065523e-01
2.083552975771398863e-01
-2.086970781737647052e-01
-2.718993294309433040e-01
2.140766707345036934e+00
2.007892480089424225e+00
-1.238105034314901598e+00
-1.240734165484649543e+00
-1.686423450349214814e+00
nan
-7.578504073068170754e-01
5.301661079139670107e-01
nan
2.083552975771398863e-01
5.301661079139670107e-01
6.943063754530065523e-01
nan
nan
nan
-2.690261817074722561e+00
nan
-7.547830876087759933e-01
-1.724056112190765377e+00
1.269029294001692065e+00
1.660512080336965290e+00
1.174561002461087966e+00
1.609020575426836075e-01
-2.687194497376684588e+00
6.916772442832557211e-01
8.997652436304086621e-01
1.177628322159131713e+00
-7.578504073068170754e-01
8.997652436304086621e-01
nan
-2.206939870368597845e+00
-2.055687500720498218e+00
-2.718993294309433040e-01
2.140766707345036934e+00
2.007892480089424225e+00
nan
-7.578504073068170754e-01
1.609020575426836075e-01
-1.238105034314901598e+00
-7.578504073068170754e-01
-9.475602642614897597e-01
-2.718993294309433040e-01
-2.745284606006923589e-01
-5.782962138902063565e-01
1.177628322159131713e+00
nan
8.997652436304086621e-01
-1.238105034314901598e+00
-7.578504073068170754e-01
-9.475602642614897597e-01
nan
-1.724056112190765377e+00
1.609020575426836075e-01
-1.238105034314901598e+00
1.657444760638920656e+00
1.269029294001692065e+00
2.143834027043081569e+00
nan
5.301661079139670107e-01
1.177628322159131713e+00
nan
-2.425286636436946530e+00
-1.238105034314901598e+00
-7.578504073068170754e-01
-9.475602642614897597e-01
-2.718993294309433040e-01
-2.745284606006923589e-01
-5.782962138902063565e-01
-2.718993294309433040e-01
-7.578504073068170754e-01
-1.686423450349214814e+00
6.943063754530065523e-01
2.083552975771398863e-01
-2.086970781737647052e-01
2.114226172751734190e-01
2.083552975771398863e-01
-5.782962138902063565e-01
-2.718993294309433040e-01
-2.745284606006923589e-01
-5.782962138902063565e-01
nan
-2.206939870368597845e+00
-2.086970781737647052e-01
-7.547830876087759933e-01
1.657444760638920656e+00
1.638628429718140822e+00
6.943063754530065523e-01
3.106972412228993896e+00
nan
1.177628322159131713e+00
6.916772442832557211e-01
1.609020575426836075e-01
2.143834027043081569e+00
2.140766707345036934e+00
8.997652436304086621e-01
1.660512080336965290e+00
1.174561002461087966e+00
5.301661079139670107e-01
nan
-1.724056112190765377e+00
1.609020575426836075e-01
-1.238105034314901598e+00
-7.578504073068170754e-01
-9.475602642614897597e-01
nan
1.174561002461087966e+00
2.377491615805865877e+00
2.114226172751734190e-01
-1.240734165484649543e+00
-2.425286636436946530e+00
1.706278437736348685e+00
7.365367948671512899e-01
-1.090678938351755445e+00
-1.084982487483957314e+00
-1.618233582608249677e+00
-1.090678938351755445e+00
1.008146736938614119e+00
-8.335474755692717785e-01
-1.788177700164174100e+00
3.106479751261956856e-01
7.365367948671512899e-01
1.003083225056128569e+00
3.106479751261956856e-01
7.365367948671512899e-01
1.003083225056128569e+00
-3.874837256715331080e-01
-4.814931217182616408e-02
-3.925472375540257630e-01
-1.084982487483957314e+00
-1.618233582608249677e+00
-1.090678938351755445e+00
1.008146736938614119e+00
nan
-2.486309400961909777e+00
1.008146736938614119e+00
1.521934958264597348e+00
1.700581986868553663e+00
nan
1.521934958264597348e+00
nan
-3.874837256715331080e-01
-8.335474755692717785e-01
-3.925472375540257630e-01
1.706278437736348685e+00
3.092019228701020417e+00
nan
1.008146736938614119e+00
2.306621065303567697e+00
nan
1.008146736938614119e+00
nan
1.003083225056128569e+00
-3.874837256715331080e-01
-4.814931217182616408e-02
3.049515242583993313e-01
nan
-1.618233582608249677e+00
nan
2.403777199548766674e+00
nan
nan
-1.783114188281686552e+00
-1.618233582608249677e+00
-1.788177700164174100e+00
nan
nan
3.096212449478707995e+00
1.706278437736348685e+00
nan
1.700581986868553663e+00
3.101908900346502129e+00
1.521934958264597348e+00
3.049515242583993313e-01
3.101908900346502129e+00
nan
nan
-1.084982487483957314e+00
-1.618233582608249677e+00
-1.090678938351755445e+00
nan
nan
1.003083225056128569e+00
-1.084982487483957314e+00
-8.335474755692717785e-01
-3.925472375540257630e-01
3.101908900346502129e+00
-4.814931217182616408e-02
-3.925472375540257630e-01
-1.084982487483957314e+00
-8.335474755692717785e-01
-1.090678938351755445e+00
1.706278437736348685e+00
-4.814931217182616408e-02
-1.090678938351755445e+00
-1.084982487483957314e+00
-1.618233582608249677e+00
-1.090678938351755445e+00
-1.783114188281686552e+00
-1.618233582608249677e+00
-1.788177700164174100e+00
-3.874837256715331080e-01
-4.814931217182616408e-02
-3.925472375540257630e-01
1.008146736938614119e+00
2.306621065303567697e+00
nan
-3.874837256715331080e-01
-4.814931217182616408e-02
-3.925472375540257630e-01
-1.084982487483957314e+00
-8.335474755692717785e-01
-1.090678938351755445e+00
3.106479751261956856e-01
7.365367948671512899e-01
1.003083225056128569e+00
-1.783114188281686552e+00
-8.335474755692717785e-01
1.003083225056128569e+00
3.106479751261956856e-01
1.521934958264597348e+00
1.003083225056128569e+00
nan
-4.814931217182616408e-02
3.096212449478707995e+00
-3.874837256715331080e-01
-4.814931217182616408e-02
3.049515242583993313e-01
nan
-2.403631746005695291e+00
1.003083225056128569e+00
nan
7.377667103954212990e-01
2.987979882990563496e+00
nan
1.665680461063701046e-01
8.948506585679902869e-01
nan
1.665680461063701046e-01
1.592349420380414493e+00
nan
-9.753114233019370971e-01
-1.198911504839894171e+00
nan
1.665680461063701046e-01
1.592349420380414493e+00
nan
1.308447515514677306e+00
nan
1.153089764574775522e+00
1.665680461063701046e-01
1.967189577702663783e-01
-2.435674282137047175e+00
-9.753114233019370971e-01
-1.896410266652318821e+00
-6.412922587811356046e-01
-4.041127590128810176e-01
-5.007798040421582719e-01
-6.412922587811356046e-01
-4.041127590128810176e-01
-5.007798040421582719e-01
2.563056422445160187e-01
1.879646179803728501e+00
-5.007798040421582719e-01
2.563056422445160187e-01
1.665680461063701046e-01
-5.007798040421582719e-01
nan
-4.041127590128810176e-01
8.948506585679902869e-01
-6.412922587811356046e-01
2.450326984922984508e+00
1.967189577702663783e-01
nan
-2.687871697829494977e+00
1.592349420380414493e+00
nan
1.308447515514677306e+00
nan
-2.435674282137047175e+00
-2.687871697829494977e+00
-5.007798040421582719e-01
2.050687665600427145e+00
7.377667103954212990e-01
1.967189577702663783e-01
-2.435674282137047175e+00
-1.545992228421187997e+00
1.592349420380414493e+00
nan
-9.753114233019370971e-01
-1.198911504839894171e+00
2.563056422445160187e-01
-4.041127590128810176e-01
-1.198911504839894171e+00
2.563056422445160187e-01
-4.041127590128810176e-01
-5.007798040421582719e-01
2.563056422445160187e-01
-4.041127590128810176e-01
-1.198911504839894171e+00
1.153089764574775522e+00
1.665680461063701046e-01
1.967189577702663783e-01
-6.412922587811356046e-01
-9.753114233019370971e-01
-1.198911504839894171e+00
-6.412922587811356046e-01
-9.753114233019370971e-01
-2.594541967450042286e+00
-2.435674282137047175e+00
1.879646179803728501e+00
nan
-6.412922587811356046e-01
3.021525649212035702e+00
nan
-6.412922587811356046e-01
-9.753114233019370971e-01
2.290481121178150836e+00
nan
-2.117190892710244299e+00
1.967189577702663783e-01
-6.412922587811356046e-01
7.377667103954212990e-01
2.290481121178150836e+00
nan
1.308447515514677306e+00
nan
-1.538076381111387558e+00
1.879646179803728501e+00
-5.007798040421582719e-01
1.153089764574775522e+00
1.665680461063701046e-01
1.967189577702663783e-01
-1.538076381111387558e+00
-1.545992228421187997e+00
8.948506585679902869e-01
2.563056422445160187e-01
-9.753114233019370971e-01
-1.896410266652318821e+00
2.563056422445160187e-01
-4.041127590128810176e-01
-5.007798040421582719e-01
nan
nan
-1.896410266652318821e+00
-6.412922587811356046e-01
7.377667103954212990e-01
2.290481121178150836e+00
-6.412922587811356046e-01
-9.753114233019370971e-01
-1.896410266652318821e+00
