-1.420048471413917213e-01
-5.058181758979838349e-01
-1.223109843979609535e+00
-1.283366457379885750e+00
-9.246971963766257296e-01
-7.743108934667954912e-01
-1.420048471413917213e-01
-8.731891881053588378e-02
-3.259188323016579680e-01
4.291938171476652464e-01
3.315601016681060109e-01
1.228801182111718404e-01
nan
1.168938379234195857e+00
nan
-7.126856522606388467e-01
1.587437636321658907e+00
1.917262141567075417e+00
-7.126856522606388467e-01
-5.058181758979838349e-01
-3.259188323016579680e-01
-1.420048471413917213e-01
-1.762075473942715798e+00
-7.743108934667954912e-01
nan
-2.599453751508805865e+00
2.365654202732197398e+00
nan
7.500593587555690611e-01
1.468463191054246053e+00
-2.996444591077246589e+00
1.168938379234195857e+00
1.917262141567075417e+00
-7.126856522606388467e-01
-9.246971963766257296e-01
-1.223109843979609535e+00
-7.126856522606388467e-01
-8.731891881053588378e-02
-3.259188323016579680e-01
-1.420048471413917213e-01
-9.246971963766257296e-01
-2.568692916822699068e+00
-1.420048471413917213e-01
-8.731891881053588378e-02
-3.259188323016579680e-01
1.000392481436722214e+00
nan
-2.120300855657577088e+00
1.000392481436722214e+00
3.315601016681060109e-01
5.712721793762938205e-01
-1.420048471413917213e-01
-8.731891881053588378e-02
-3.259188323016579680e-01
1.000392481436722214e+00
7.500593587555690611e-01
5.712721793762938205e-01
nan
1.168938379234195857e+00
1.917262141567075417e+00
2.142271950845025863e+00
1.168938379234195857e+00
1.019664240541415801e+00
4.291938171476652464e-01
-8.731891881053588378e-02
1.228801182111718404e-01
-7.126856522606388467e-01
-5.058181758979838349e-01
-3.259188323016579680e-01
-1.420048471413917213e-01
-8.731891881053588378e-02
1.228801182111718404e-01
-1.420048471413917213e-01
-8.731891881053588378e-02
-3.259188323016579680e-01
2.142271950845025863e+00
1.168938379234195857e+00
5.712721793762938205e-01
nan
1.168938379234195857e+00
1.917262141567075417e+00
-1.854565121668942718e+00
-9.246971963766257296e-01
-7.743108934667954912e-01
-1.854565121668942718e+00
-2.180574731030163971e+00
-3.259188323016579680e-01
-7.126856522606388467e-01
-9.246971963766257296e-01
-1.223109843979609535e+00
1.000392481436722214e+00
3.315601016681060109e-01
5.712721793762938205e-01
-7.126856522606388467e-01
-5.058181758979838349e-01
-3.259188323016579680e-01
nan
7.500593587555690611e-01
1.468463191054246053e+00
4.291938171476652464e-01
-8.731891881053588378e-02
1.228801182111718404e-01
4.291938171476652464e-01
1.587437636321658907e+00
2.365654202732197398e+00
-2.425245926788210049e+00
-3.017953008596268472e+00
-1.223109843979609535e+00
1.571073286555969339e+00
7.500593587555690611e-01
5.712721793762938205e-01
2.142271950845025863e+00
1.168938379234195857e+00
1.019664240541415801e+00
1.571073286555969339e+00
1.168938379234195857e+00
1.019664240541415801e+00
1.571073286555969339e+00
1.168938379234195857e+00
1.019664240541415801e+00
1.067778905906906495e+00
6.054960945105882786e-01
4.490857017288063524e-01
-1.099623110100269585e-01
-9.231913679448577881e-02
-2.897774843589195903e-01
nan
1.303311325815662336e+00
1.557548023532980608e+00
-1.099623110100269585e-01
6.054960945105882786e-01
1.557548023532980608e+00
-8.950044462282344959e-01
-7.901343680995598362e-01
-6.590415347302100990e-01
nan
9.542454754167941644e-01
1.557548023532980608e+00
6.750798242081943457e-01
2.001126557120736393e+00
nan
-1.287703527926960190e+00
2.698941788425822885e+00
7.982165135752916640e-02
1.067778905906906495e+00
2.698941788425822885e+00
1.926812073904257794e+00
2.827367706886989573e-01
2.564302441117205511e-01
-2.897774843589195903e-01
-1.099623110100269585e-01
-9.231913679448577881e-02
-2.897774843589195903e-01
-5.023053645295085801e-01
-1.139200218498428008e+00
-1.028640670446645533e+00
6.750798242081943457e-01
6.054960945105882786e-01
4.490857017288063524e-01
1.067778905906906495e+00
6.054960945105882786e-01
4.490857017288063524e-01
1.067778905906906495e+00
3.047691169332029659e+00
-2.136767906905661540e+00
nan
-9.231913679448577881e-02
1.187948887816532739e+00
-5.023053645295085801e-01
-1.139200218498428008e+00
-1.028640670446645533e+00
6.750798242081943457e-01
2.564302441117205511e-01
7.982165135752916640e-02
nan
1.652060706721880656e+00
3.035274395708432493e+00
1.852821041125127799e+00
1.652060706721880656e+00
1.187948887816532739e+00
6.750798242081943457e-01
2.564302441117205511e-01
-2.506367042622110297e+00
-2.072389634965923211e+00
-9.231913679448577881e-02
-1.397904720817935820e+00
-5.023053645295085801e-01
-9.231913679448577881e-02
-2.506367042622110297e+00
-5.023053645295085801e-01
-4.413849871933539504e-01
-6.590415347302100990e-01
6.750798242081943457e-01
2.564302441117205511e-01
7.982165135752916640e-02
1.460121959426401439e+00
9.542454754167941644e-01
8.186848374452551091e-01
1.852821041125127799e+00
-4.413849871933539504e-01
-1.397904720817935820e+00
1.460121959426401439e+00
1.303311325815662336e+00
1.187948887816532739e+00
6.750798242081943457e-01
-1.487949599404646550e+00
-2.875631092993387483e+00
-1.099623110100269585e-01
-9.231913679448577881e-02
-2.897774843589195903e-01
nan
1.652060706721880656e+00
nan
-1.099623110100269585e-01
2.564302441117205511e-01
-2.897774843589195903e-01
-1.680046581446441589e+00
-2.883580062014794887e+00
-1.397904720817935820e+00
2.827367706886989573e-01
2.564302441117205511e-01
7.982165135752916640e-02
2.827367706886989573e-01
2.564302441117205511e-01
7.982165135752916640e-02
-5.023053645295085801e-01
-4.413849871933539504e-01
-6.590415347302100990e-01
-1.287703527926960190e+00
-7.901343680995598362e-01
-1.028640670446645533e+00
-2.072389634965923211e+00
-9.231913679448577881e-02
-1.397904720817935820e+00
1.460121959426401439e+00
9.542454754167941644e-01
8.186848374452551091e-01
6.750798242081943457e-01
6.054960945105882786e-01
4.490857017288063524e-01
6.763852608653926346e-01
8.684578991000782011e-01
1.359005773375554504e-01
1.527864852670903772e-01
-9.774780578388764241e-02
-3.124914838275825169e-01
-8.939363616905207088e-01
-1.063953510667835722e+00
-1.209682495505534083e+00
1.527864852670903772e-01
3.855741409222370741e-01
1.359005773375554504e-01
1.527864852670903772e-01
3.855741409222370741e-01
1.359005773375554504e-01
1.527864852670903772e-01
3.855741409222370741e-01
1.359005773375554504e-01
-1.417060433049830204e+00
-1.547275457373960439e+00
-2.106873507183485650e+00
nan
-2.996364920435732770e+00
5.846995278503852589e-01
1.723108107823003721e+00
nan
1.033091589015507239e+00
1.527864852670903772e-01
3.855741409222370741e-01
1.359005773375554504e-01
-1.417060433049830204e+00
-2.030159215551784246e+00
1.359005773375554504e-01
6.763852608653926346e-01
8.684578991000782011e-01
5.846995278503852589e-01
-3.708122903312114360e-01
-9.774780578388764241e-02
-3.124914838275825169e-01
1.527864852670903772e-01
-9.774780578388764241e-02
-3.124914838275825169e-01
1.527864852670903772e-01
-9.774780578388764241e-02
-3.124914838275825169e-01
nan
1.834663603984026281e+00
nan
6.763852608653926346e-01
8.684578991000782011e-01
5.846995278503852589e-01
1.199509332224701907e+00
1.351779845806185598e+00
1.033091589015507239e+00
2.769830954780615251e+00
3.855741409222370741e-01
1.930282600693458583e+00
-1.417060433049830204e+00
3.855741409222370741e-01
2.379081551206288836e+00
-1.940659208648132239e+00
-5.806315639617114499e-01
-2.555672457696315458e+00
1.199509332224701907e+00
1.834663603984026281e+00
1.481483650180629219e+00
1.527864852670903772e-01
-1.063953510667835722e+00
2.827473612371410816e+00
-1.940659208648132239e+00
2.317985550690151442e+00
1.359005773375554504e-01
1.527864852670903772e-01
3.855741409222370741e-01
1.359005773375554504e-01
1.199509332224701907e+00
1.834663603984026281e+00
1.033091589015507239e+00
6.763852608653926346e-01
nan
-1.658481446018363892e+00
-1.417060433049830204e+00
-1.547275457373960439e+00
2.379081551206288836e+00
nan
-1.547275457373960439e+00
nan
nan
nan
1.930282600693458583e+00
nan
nan
1.481483650180629219e+00
1.527864852670903772e-01
3.855741409222370741e-01
-3.124914838275825169e-01
-3.708122903312114360e-01
-5.806315639617114499e-01
-7.612904343403963381e-01
-3.708122903312114360e-01
-9.774780578388764241e-02
-3.124914838275825169e-01
nan
-9.774780578388764241e-02
1.481483650180629219e+00
-1.940659208648132239e+00
1.834663603984026281e+00
-3.124914838275825169e-01
-1.417060433049830204e+00
-2.996364920435732770e+00
-1.209682495505534083e+00
nan
nan
-2.555672457696315458e+00
2.769830954780615251e+00
-5.806315639617114499e-01
1.359005773375554504e-01
-3.708122903312114360e-01
-9.774780578388764241e-02
-3.124914838275825169e-01
1.786718475846734044e+00
nan
2.107004024230172412e-01
2.168715575297994747e-01
-3.859235446447195628e-02
2.107004024230172412e-01
-3.067272180685010063e-01
-5.219143011705793533e-01
-3.124236689362924757e-01
2.168715575297994747e-01
-3.859235446447195628e-02
2.107004024230172412e-01
2.168715575297994747e-01
-3.859235446447195628e-02
2.107004024230172412e-01
-1.353450065026109206e+00
-1.488120006054544975e+00
2.827744871936541671e+00
-3.067272180685010063e-01
-5.219143011705793533e-01
-8.360224445345942890e-01
2.168715575297994747e-01
4.442914037133691707e-01
2.107004024230172412e-01
-8.298512894278089469e-01
-5.219143011705793533e-01
-8.360224445345942890e-01
-1.353450065026109206e+00
-2.454325710938493277e+00
-8.360224445345942890e-01
2.310317251445034081e+00
-5.219143011705793533e-01
-1.882745291492205597e+00
-3.067272180685010063e-01
-3.859235446447195628e-02
-3.124236689362924757e-01
nan
nan
-3.124236689362924757e-01
-3.067272180685010063e-01
-3.859235446447195628e-02
-3.124236689362924757e-01
7.399956288891256229e-01
9.276133504194934432e-01
1.257423249380628327e+00
7.399956288891256229e-01
9.276133504194934432e-01
1.781022024978930141e+00
-3.067272180685010063e-01
-5.219143011705793533e-01
-3.124236689362924757e-01
-8.298512894278089469e-01
-1.004798059348420480e+00
-1.359146515893922214e+00
-3.067272180685010063e-01
-3.859235446447195628e-02
-3.124236689362924757e-01
-3.067272180685010063e-01
nan
1.781022024978930141e+00
2.310317251445034081e+00
1.410497108597317251e+00
1.257423249380628327e+00
-1.353450065026109206e+00
-1.488120006054544975e+00
-1.882745291492205597e+00
-3.067272180685010063e-01
-5.219143011705793533e-01
-8.360224445345942890e-01
-3.067272180685010063e-01
-3.859235446447195628e-02
-3.124236689362924757e-01
2.168715575297994747e-01
4.442914037133691707e-01
2.107004024230172412e-01
1.263594404487407452e+00
1.893380866775141058e+00
nan
2.168715575297994747e-01
4.442914037133691707e-01
7.338244737823265140e-01
7.399956288891256229e-01
9.276133504194934432e-01
1.781022024978930141e+00
-8.298512894278089469e-01
-1.004798059348420480e+00
-1.359146515893922214e+00
-8.298512894278089469e-01
-5.219143011705793533e-01
-8.360224445345942890e-01
-3.067272180685010063e-01
-5.219143011705793533e-01
-8.360224445345942890e-01
-8.298512894278089469e-01
-1.004798059348420480e+00
-1.359146515893922214e+00
2.168715575297994747e-01
1.410497108597317251e+00
2.827744871936541671e+00
7.399956288891256229e-01
9.276133504194934432e-01
7.338244737823265140e-01
2.168715575297994747e-01
4.442914037133691707e-01
2.107004024230172412e-01
2.310317251445034081e+00
2.376702813481266219e+00
nan
-3.067272180685010063e-01
-5.219143011705793533e-01
-8.360224445345942890e-01
2.310317251445034081e+00
-5.219143011705793533e-01
-2.405869362851533744e+00
7.399956288891256229e-01
4.442914037133691707e-01
7.338244737823265140e-01
-1.353450065026109206e+00
2.860024760187390491e+00
2.107004024230172412e-01
-6.054278795038912087e-01
-2.385094265487550658e-01
-5.326186209331513766e-01
-1.343955980246444248e+00
-6.081085622652033784e-01
-9.810106820982733566e-01
1.611496764104453305e+00
1.978080131714422762e+00
nan
5.030344423002808263e-01
5.003537595389708770e-01
3.645723907448159551e-01
1.611496764104453305e+00
1.978080131714422762e+00
nan
-2.358287437874433401e-01
-2.385094265487550658e-01
-8.381967042032156812e-02
-2.358287437874433401e-01
1.307546238225225643e-01
-8.381967042032156812e-02
8.726335780167286948e-01
5.003537595389708770e-01
8.133713412576302204e-01
-2.358287437874433401e-01
-6.081085622652033784e-01
-9.810106820982733566e-01
8.726335780167286948e-01
5.003537595389708770e-01
8.133713412576302204e-01
2.350359950192189906e+00
nan
-5.326186209331513766e-01
-1.713555115962892117e+00
-1.346971748352929321e+00
-1.429809632611103165e+00
-6.054278795038912087e-01
-9.773726126364938871e-01
-9.810106820982733566e-01
1.611496764104453305e+00
1.239216945626696820e+00
1.261763402422768188e+00
1.337703919290040844e-01
-1.346971748352929321e+00
-2.775392705454176934e+00
5.030344423002808263e-01
5.003537595389708770e-01
3.645723907448159551e-01
1.241897628388017871e+00
2.716943317802148705e+00
nan
nan
3.086207368173439214e+00
nan
-6.054278795038912087e-01
-2.385094265487550658e-01
-5.326186209331513766e-01
5.030344423002808263e-01
5.003537595389708770e-01
3.645723907448159551e-01
-9.746919298751679506e-01
8.696178099102485071e-01
1.710562352935597552e+00
1.611496764104453305e+00
nan
-2.327000644289054954e+00
-2.452418302050616283e+00
1.307546238225225643e-01
-5.326186209331513766e-01
5.030344423002808263e-01
2.347344182085713271e+00
nan
1.337703919290040844e-01
1.307546238225225643e-01
-8.381967042032156812e-02
5.030344423002808263e-01
5.003537595389708770e-01
3.645723907448159551e-01
1.241897628388017871e+00
8.696178099102485071e-01
8.133713412576302204e-01
-6.054278795038912087e-01
-2.385094265487550658e-01
-5.326186209331513766e-01
-2.452418302050616283e+00
-6.081085622652033784e-01
-1.878201693776225145e+00
1.241897628388017871e+00
-6.081085622652033784e-01
-1.429809632611103165e+00
-1.343955980246444248e+00
8.696178099102485071e-01
1.710562352935597552e+00
1.337703919290040844e-01
1.307546238225225643e-01
-8.381967042032156812e-02
5.030344423002808263e-01
1.307546238225225643e-01
3.645723907448159551e-01
-6.054278795038912087e-01
-2.385094265487550658e-01
-5.326186209331513766e-01
2.719624000563467092e+00
nan
3.056145425778670877e+00
nan
1.608480995997974006e+00
nan
2.350359950192189906e+00
2.347344182085713271e+00
nan
1.611496764104453305e+00
nan
-1.429809632611103165e+00
-2.358287437874433401e-01
1.307546238225225643e-01
-8.381967042032156812e-02
-6.054278795038912087e-01
-2.385094265487550658e-01
-5.326186209331513766e-01
-4.864902180412999932e-01
-4.891885368733932538e-01
-1.414643756924108375e+00
-4.864902180412999932e-01
nan
1.725654248741179231e+00
1.745978958266762859e-01
5.022937273267684688e-01
5.837747793328795787e-01
5.052918593624458055e-01
8.329876908625388765e-01
5.837747793328795787e-01
1.166379973230422529e+00
-8.198825004091636615e-01
8.691151818925120232e-01
-8.168843683734836603e-01
2.816252032466448618e+00
1.283504462871931651e-02
-4.864902180412999932e-01
-4.891885368733932538e-01
-1.414643756924108375e+00
-1.557962545055304737e-01
-4.891885368733932538e-01
2.010994651300812563e+00
1.745978958266762859e-01
1.718995769945608210e-01
1.283504462871931651e-02
1.166379973230422529e+00
-1.150276650741371087e+00
1.283504462871931651e-02
-4.864902180412999932e-01
-1.587943865412091426e-01
-5.581046900754205176e-01
8.356860096946530092e-01
nan
2.010994651300812563e+00
-1.477972482241460161e+00
-1.811364764609325384e+00
1.283504462871931651e-02
8.356860096946530092e-01
1.494075804730516488e+00
1.440054916596651857e+00
5.052918593624458055e-01
8.329876908625388765e-01
8.691151818925120232e-01
1.745978958266762859e-01
5.022937273267684688e-01
2.981754471883517610e-01
-1.557962545055304737e-01
1.718995769945608210e-01
1.283504462871931651e-02
-1.557962545055304737e-01
1.718995769945608210e-01
1.283504462871931651e-02
-4.864902180412999932e-01
-8.198825004091636615e-01
-1.985583491628248431e+00
5.052918593624458055e-01
8.329876908625388765e-01
5.837747793328795787e-01
-1.147578331909253180e+00
-1.480970614277141273e+00
5.837747793328795787e-01
1.745978958266762859e-01
5.022937273267684688e-01
2.981754471883517610e-01
1.496774123562605752e+00
nan
-1.699984159483720836e+00
5.052918593624458055e-01
8.329876908625388765e-01
8.691151818925120232e-01
1.496774123562605752e+00
nan
-8.437040222199483352e-01
2.157862237430582475e+00
-1.587943865412091426e-01
2.867533718149479327e+00
8.356860096946530092e-01
1.494075804730516488e+00
1.440054916596651857e+00
-4.864902180412999932e-01
-8.198825004091636615e-01
1.440054916596651857e+00
1.166379973230422529e+00
nan
-2.841863628892041138e+00
3.149644314834304737e+00
1.718995769945608210e-01
2.981754471883517610e-01
1.745978958266762859e-01
1.494075804730516488e+00
3.152874120709112660e+00
8.356860096946530092e-01
1.163381841194746080e+00
1.440054916596651857e+00
1.166379973230422529e+00
1.824469955062700599e+00
2.010994651300812563e+00
-1.477972482241460161e+00
-1.480970614277141273e+00
5.837747793328795787e-01
1.166379973230422529e+00
nan
-2.270923894187880876e+00
1.745978958266762859e-01
5.022937273267684688e-01
2.981754471883517610e-01
-1.477972482241460161e+00
-1.587943865412091426e-01
-1.129044424779580780e+00
-4.864902180412999932e-01
-8.198825004091636615e-01
1.440054916596651857e+00
-1.557962545055304737e-01
1.718995769945608210e-01
1.283504462871931651e-02
5.052918593624458055e-01
8.329876908625388765e-01
8.691151818925120232e-01
1.666115675366274473e+00
nan
8.805080836281025114e-01
9.272524892785485306e-01
-7.449522620712238918e-01
-9.138739397278006216e-01
-9.197379332681934194e-01
-1.228274208777348386e+00
-9.138739397278006216e-01
-5.504738828969033548e-01
-7.449522620712238918e-01
-4.650749892149868003e-01
-9.197379332681934194e-01
-1.228274208777348386e+00
-9.138739397278006216e-01
-5.504738828969033548e-01
-7.449522620712238918e-01
-4.650749892149868003e-01
1.666115675366274473e+00
nan
2.674890106984006088e+00
-9.197379332681934194e-01
-1.228274208777348386e+00
-9.138739397278006216e-01
-2.767063441160094062e+00
-7.449522620712238918e-01
8.805080836281025114e-01
-1.808747471804545981e-01
-2.620685038934000843e-01
-1.668292804984883304e-02
-9.197379332681934194e-01
-1.228274208777348386e+00
-4.650749892149868003e-01
1.883893031908225879e-01
2.212534428127246322e-01
8.805080836281025114e-01
9.272524892785485306e-01
1.670342905874513839e+00
2.674890106984006088e+00
5.576533535621002180e-01
7.041372009905653151e-01
1.329307034140932764e+00
nan
-2.194479913661296688e+00
nan
-5.504738828969033548e-01
-7.449522620712238918e-01
-4.650749892149868003e-01
-1.658601119355919584e+00
-2.194479913661296688e+00
-1.362266000892938589e+00
1.883893031908225879e-01
2.212534428127246322e-01
4.321160224629809754e-01
1.883893031908225879e-01
3.119432368936285727e+00
1.329307034140932764e+00
-1.808747471804545981e-01
-2.620685038934000843e-01
4.321160224629809754e-01
nan
2.212534428127246322e-01
nan
5.576533535621002180e-01
nan
-1.362266000892938589e+00
-1.289337068984629076e+00
-2.194479913661296688e+00
-2.259457012570890377e+00
-1.808747471804545981e-01
nan
8.805080836281025114e-01
1.883893031908225879e-01
2.212534428127246322e-01
4.321160224629809754e-01
1.883893031908225879e-01
2.212534428127246322e-01
4.321160224629809754e-01
1.666115675366274473e+00
nan
-2.259457012570890377e+00
1.883893031908225879e-01
2.212534428127246322e-01
4.321160224629809754e-01
1.296851624994997287e+00
nan
4.321160224629809754e-01
-9.197379332681934194e-01
-7.449522620712238918e-01
-4.650749892149868003e-01
2.774577997170449173e+00
-2.677363671839120496e+00
-1.811064951405768397e+00
-1.808747471804545981e-01
-2.194479913661296688e+00
8.805080836281025114e-01
2.035714811082723230e+00
nan
-4.650749892149868003e-01
5.576533535621002180e-01
7.041372009905653151e-01
8.805080836281025114e-01
-1.808747471804545981e-01
-1.228274208777348386e+00
-1.668292804984883304e-02
9.272524892785485306e-01
2.153664852580638112e+00
nan
5.576533535621002180e-01
3.119432368936285727e+00
nan
1.296851624994997287e+00
1.670342905874513839e+00
2.226498045818884108e+00
-1.658601119355919584e+00
2.153664852580638112e+00
3.123689057496836341e+00
5.576533535621002180e-01
7.041372009905653151e-01
8.805080836281025114e-01
1.273088489267068191e+00
nan
4.002972754728442162e-01
2.263656423094571046e-01
5.229263268814094978e-01
-1.858174500578213539e-02
2.319811336224698373e+00
nan
nan
2.263656423094571046e-01
nan
1.656174810126393560e+00
nan
nan
-2.949215834791508062e+00
1.796687264865370004e+00
nan
1.237675553038947385e+00
2.319811336224698373e+00
-4.775447823783718349e-02
-2.112217320616613936e+00
7.499644179077589179e-01
1.664805796289734019e+00
8.187965325603059341e-01
nan
1.664805796289734019e+00
2.074674067213840623e+00
2.263656423094571046e-01
5.229263268814094978e-01
-1.858174500578213539e-02
-8.203572046481544255e-01
nan
2.912432108171122636e+00
1.273088489267068191e+00
2.236004460578770114e+00
1.656174810126393560e+00
7.499644179077589179e-01
1.094124991170466465e+00
4.002972754728442162e-01
-2.972331332888451527e-01
-4.775447823783718349e-02
-4.370810020932438533e-01
-8.203572046481544255e-01
-6.189531425268941511e-01
2.912432108171122636e+00
7.499644179077589179e-01
nan
2.074674067213840623e+00
1.273088489267068191e+00
nan
-1.858174500578213539e-02
1.273088489267068191e+00
1.664805796289734019e+00
1.237675553038947385e+00
-2.972331332888451527e-01
-4.775447823783718349e-02
-4.370810020932438533e-01
2.319811336224698373e+00
nan
2.074674067213840623e+00
2.263656423094571046e-01
5.229263268814094978e-01
-1.858174500578213539e-02
2.263656423094571046e-01
-1.760832611935198022e+00
2.074674067213840623e+00
-1.343481276007463698e+00
-1.760832611935198022e+00
1.656174810126393560e+00
7.499644179077589179e-01
1.094124991170466465e+00
4.002972754728442162e-01
2.263656423094571046e-01
1.094124991170466465e+00
4.002972754728442162e-01
-1.343481276007463698e+00
-1.190151806815951119e+00
2.493553087692482073e+00
-1.867080051605765734e+00
-1.760832611935198022e+00
8.187965325603059341e-01
-2.972331332888451527e-01
-4.775447823783718349e-02
-4.370810020932438533e-01
-2.913802898563377042e+00
2.806685265698037668e+00
2.912432108171122636e+00
-1.343481276007463698e+00
-1.190151806815951119e+00
2.074674067213840623e+00
-2.972331332888451527e-01
-4.775447823783718349e-02
-4.370810020932438533e-01
7.499644179077589179e-01
1.094124991170466465e+00
4.002972754728442162e-01
2.263656423094571046e-01
5.229263268814094978e-01
-1.858174500578213539e-02
-2.972331332888451527e-01
-4.775447823783718349e-02
-4.370810020932438533e-01
2.263656423094571046e-01
5.229263268814094978e-01
-1.858174500578213539e-02
-8.203572046481544255e-01
-6.189531425268941511e-01
-1.274459279659331923e+00
-2.972331332888451527e-01
-4.775447823783718349e-02
-8.559600225718848598e-01
-1.343481276007463698e+00
-1.190151806815951119e+00
-1.693338300137972929e+00
-2.972331332888451527e-01
-4.775447823783718349e-02
-8.559600225718848598e-01
2.263656423094571046e-01
5.229263268814094978e-01
-1.858174500578213539e-02
4.044162476387969107e-01
-6.149500820985887017e-02
-1.130047336326032159e-01
nan
nan
1.028874735775717753e+00
-2.494200867013065537e+00
-1.317372542863396667e+00
-6.836855387518481209e-01
-1.044673215422992296e+00
1.613641310313515653e+00
-6.836855387518481209e-01
4.044162476387969107e-01
-6.149500820985887017e-02
-1.130047336326032159e-01
-7.846751053904421624e-02
-4.799942652973068213e-01
-6.836855387518481209e-01
-7.846751053904421624e-02
-4.799942652973068213e-01
-6.836855387518481209e-01
-2.010878920306940820e+00
-1.317372542863396667e+00
-1.130047336326032159e-01
-5.617894572451516133e-01
-8.984935223847547725e-01
-1.254884203040903090e+00
1.370621952522744991e+00
nan
-1.130047336326032159e-01
-1.527995162129117013e+00
-2.573250077516949563e+00
-6.836855387518481209e-01
-5.617894572451516133e-01
-1.317372542863396667e+00
-2.967444477568448313e+00
-5.617894572451516133e-01
-8.984935223847547725e-01
-1.254884203040903090e+00
-7.846751053904421624e-02
-4.799942652973068213e-01
-1.130047336326032159e-01
4.044162476387969107e-01
3.573840122687834686e-01
-1.130047336326032159e-01
4.044162476387969107e-01
1.194762289834873314e+00
-1.254884203040903090e+00
-5.617894572451516133e-01
-2.992129097995591458e+00
-2.396763672449203408e+00
-1.527995162129117013e+00
-2.573250077516949563e+00
-6.836855387518481209e-01
2.336827657406693959e+00
nan
-1.130047336326032159e-01
-1.527995162129117013e+00
-2.573250077516949563e+00
-6.836855387518481209e-01
4.044162476387969107e-01
3.573840122687834686e-01
4.581939306564519754e-01
-2.977522813719190253e+00
-6.149500820985887017e-02
-1.130047336326032159e-01
4.044162476387969107e-01
-6.149500820985887017e-02
-1.130047336326032159e-01
2.336827657406693959e+00
nan
1.028874735775717753e+00
-2.494200867013065537e+00
-2.573250077516949563e+00
-1.826082867329958281e+00
4.044162476387969107e-01
3.573840122687834686e-01
4.581939306564519754e-01
-2.010878920306940820e+00
-1.317372542863396667e+00
-1.130047336326032159e-01
4.044162476387969107e-01
-6.149500820985887017e-02
-1.130047336326032159e-01
8.877381943449216273e-01
1.194762289834873314e+00
4.581939306564519754e-01
-2.010878920306940820e+00
-1.735871799950859495e+00
-1.254884203040903090e+00
-2.494200867013065537e+00
7.762630327474253633e-01
-2.396763672449203408e+00
8.877381943449216273e-01
7.762630327474253633e-01
4.581939306564519754e-01
-1.044673215422992296e+00
-2.154750820429486513e+00
-6.836855387518481209e-01
-5.617894572451516133e-01
-1.317372542863396667e+00
-1.826082867329958281e+00
8.877381943449216273e-01
7.762630327474253633e-01
4.581939306564519754e-01
-1.527995162129117013e+00
-2.992129097995591458e+00
-1.254884203040903090e+00
1.853505710700568798e+00
2.032140567400977815e+00
nan
-7.846751053904421624e-02
-4.799942652973068213e-01
-1.130047336326032159e-01
1.853505710700568798e+00
2.451019587879605055e+00
nan
nan
-1.317372542863396667e+00
1.028874735775717753e+00
-8.660237524383074259e-01
-4.977740967937696048e-01
-7.149728635939154309e-01
-8.660237524383074259e-01
-4.977740967937696048e-01
-7.149728635939154309e-01
1.018362194628791073e+00
1.785466982853041173e+00
1.902071605919608999e+00
-2.377052217203665663e-01
7.290670832549572822e-02
-1.913740879956136176e-01
-8.660237524383074259e-01
-4.977740967937696048e-01
-7.149728635939154309e-01
3.900436639108280090e-01
6.441053726145509195e-01
8.548740547230053721e-01
-8.660237524383074259e-01
-1.068972761082804368e+00
-1.238096934953243577e+00
-8.660237524383074259e-01
-4.977740967937696048e-01
-7.149728635939154309e-01
3.900436639108280090e-01
6.441053726145509195e-01
8.548740547230053721e-01
-2.377052217203665663e-01
7.290670832549572822e-02
3.317499833636956552e-01
-1.493772638069501557e+00
-1.639653566202069701e+00
-2.284819781910854886e+00
1.018362194628791073e+00
1.214786177733795824e+00
1.902071605919608999e+00
1.018362194628791073e+00
1.214786177733795824e+00
8.548740547230053721e-01
-2.377052217203665663e-01
7.290670832549572822e-02
3.317499833636956552e-01
-8.660237524383074259e-01
-4.977740967937696048e-01
-7.149728635939154309e-01
-2.377052217203665663e-01
7.290670832549572822e-02
-1.913740879956136176e-01
3.900436639108280090e-01
6.441053726145509195e-01
3.317499833636956552e-01
-8.660237524383074259e-01
-4.977740967937696048e-01
-7.149728635939154309e-01
-8.660237524383074259e-01
-4.977740967937696048e-01
-7.149728635939154309e-01
3.900436639108280090e-01
6.441053726145509195e-01
8.548740547230053721e-01
-1.493772638069501557e+00
-1.068972761082804368e+00
2.425195677278918716e+00
-1.493772638069501557e+00
-1.068972761082804368e+00
-1.238096934953243577e+00
3.900436639108280090e-01
6.441053726145509195e-01
3.317499833636956552e-01
-2.377052217203665663e-01
7.290670832549572822e-02
-1.913740879956136176e-01
-2.377052217203665663e-01
7.290670832549572822e-02
-1.913740879956136176e-01
1.646111080259962556e+00
1.785466982853041173e+00
2.425195677278918716e+00
-2.377052217203665663e-01
7.290670832549572822e-02
-1.913740879956136176e-01
3.900436639108280090e-01
7.290670832549572822e-02
3.317499833636956552e-01
3.900436639108280090e-01
6.441053726145509195e-01
3.317499833636956552e-01
3.900436639108280090e-01
6.441053726145509195e-01
3.317499833636956552e-01
3.900436639108280090e-01
1.785466982853041173e+00
nan
-2.377052217203665663e-01
7.290670832549572822e-02
-1.913740879956136176e-01
1.018362194628791073e+00
1.214786177733795824e+00
8.548740547230053721e-01
3.900436639108280090e-01
6.441053726145509195e-01
3.317499833636956552e-01
-1.493772638069501557e+00
-1.068972761082804368e+00
-7.149728635939154309e-01
-8.660237524383074259e-01
-1.068972761082804368e+00
-1.238096934953243577e+00
-2.377052217203665663e-01
7.290670832549572822e-02
-1.913740879956136176e-01
3.900436639108280090e-01
6.441053726145509195e-01
3.317499833636956552e-01
3.900436639108280090e-01
6.441053726145509195e-01
3.317499833636956552e-01
1.018362194628791073e+00
1.214786177733795824e+00
8.548740547230053721e-01
-7.532340252559395211e-01
-4.989824348566171963e-01
-1.853338613108892696e+00
1.130582276724378055e+00
2.292278490363673704e+00
1.299257284950132707e-01
-7.532340252559395211e-01
-4.989824348566171963e-01
1.452101956230943181e+00
1.130582276724378055e+00
nan
-2.007682350407562488e-01
-1.380982910887122772e+00
-1.894612897466762869e+00
-2.007682350407562488e-01
5.028333910931954698e-01
8.966480277535282539e-01
-1.192250499240916195e+00
1.130582276724378055e+00
2.990410191161408271e+00
7.910138423629780036e-01
-7.532340252559395211e-01
-4.989824348566171963e-01
-1.522944462776685715e+00
1.130582276724378055e+00
nan
-5.314621985765257683e-01
-7.532340252559395211e-01
-4.989824348566171963e-01
-1.853338613108892696e+00
1.758900807442330461e+00
nan
-2.007682350407562488e-01
-1.249154945379880033e-01
1.991492659411173705e-01
-1.522944462776685715e+00
2.387219338160293525e+00
nan
4.603198788272084840e-01
2.387219338160293525e+00
nan
-5.314621985765257683e-01
5.028333910931954698e-01
nan
-2.514426726976857651e+00
-7.532340252559395211e-01
-4.989824348566171963e-01
1.452101956230943181e+00
-7.532340252559395211e-01
-4.989824348566171963e-01
-1.853338613108892696e+00
nan
-1.196481196669053171e+00
-8.618563489087209817e-01
1.758900807442330461e+00
nan
1.299257284950132707e-01
-7.532340252559395211e-01
1.594146789565939137e+00
1.299257284950132707e-01
-7.532340252559395211e-01
-1.196481196669053171e+00
7.910138423629780036e-01
-7.532340252559395211e-01
-4.989824348566171963e-01
1.452101956230943181e+00
nan
-1.196481196669053171e+00
2.113190070098919016e+00
5.028333910931954698e-01
8.966480277535282539e-01
-8.618563489087209817e-01
1.130582276724378055e+00
2.292278490363673704e+00
2.443584220431114673e+00
-1.249154945379880033e-01
1.991492659411173705e-01
1.782496106563149496e+00
nan
8.966480277535282539e-01
-5.314621985765257683e-01
1.130582276724378055e+00
2.292278490363673704e+00
1.299257284950132707e-01
nan
1.991492659411173705e-01
1.452101956230943181e+00
5.028333910931954698e-01
-1.196481196669053171e+00
1.121407992695185207e+00
-7.532340252559395211e-01
-4.989824348566171963e-01
1.452101956230943181e+00
-7.532340252559395211e-01
-1.196481196669053171e+00
4.603198788272084840e-01
-7.532340252559395211e-01
1.594146789565939137e+00
1.299257284950132707e-01
-1.249154945379880033e-01
8.966480277535282539e-01
-8.618563489087209817e-01
-1.249154945379880033e-01
1.991492659411173705e-01
-1.192250499240916195e+00
-1.249154945379880033e-01
1.991492659411173705e-01
1.782496106563149496e+00
-1.380982910887122772e+00
-1.196481196669053171e+00
-1.853338613108892696e+00
-1.249154945379880033e-01
1.991492659411173705e-01
-1.522944462776685715e+00
-1.380982910887122772e+00
-1.894612897466762869e+00
-5.314621985765257683e-01
1.130582276724378055e+00
-4.989824348566171963e-01
2.443584220431114673e+00
1.244304150412378185e+00
nan
8.010742409716082868e-01
2.957382284109739246e+00
nan
1.029425401738706114e-01
6.736233452931310595e-01
2.928951815687724114e+00
nan
-1.039454788404229557e+00
-8.398200784464586732e-01
-5.951891606238666199e-01
-4.687739832849828758e-01
-2.115015477284978296e-01
1.029425401738706114e-01
-1.039454788404229557e+00
-8.398200784464586732e-01
-5.951891606238666199e-01
nan
-2.115015477284978296e-01
nan
1.024246810040740918e-01
-2.115015477284978296e-01
8.010742409716082868e-01
1.024246810040740918e-01
-2.095317849708798086e+00
8.010742409716082868e-01
nan
4.168169829894630141e-01
nan
-1.039454788404229557e+00
2.928951815687724114e+00
2.196704703581759510e+00
-4.687739832849828758e-01
-2.115015477284978296e-01
1.029425401738706114e-01
2.386183619820702262e+00
nan
-5.951891606238666199e-01
-1.039454788404229557e+00
-1.467568964077628380e+00
-1.990186684248694160e+00
-2.181334257812533650e+00
-2.115015477284978296e-01
-1.292687922436280390e+00
-1.039454788404229557e+00
-8.398200784464586732e-01
-5.951891606238666199e-01
-1.039454788404229557e+00
-1.467568964077628380e+00
-1.990186684248694160e+00
-1.039454788404229557e+00
-8.398200784464586732e-01
-5.951891606238666199e-01
-1.610135593523476683e+00
1.672884399338594008e+00
1.029425401738706114e-01
-4.687739832849828758e-01
-2.115015477284978296e-01
1.029425401738706114e-01
nan
-2.723636380426758929e+00
nan
-1.039454788404229557e+00
-2.095317849708798086e+00
-2.688318385046431391e+00
-4.687739832849828758e-01
-2.115015477284978296e-01
1.029425401738706114e-01
6.736233452931310595e-01
2.928951815687724114e+00
nan
1.024246810040740918e-01
2.300633284969785919e+00
nan
1.024246810040740918e-01
nan
8.010742409716082868e-01
-4.687739832849828758e-01
1.044565868620632720e+00
nan
1.244304150412378185e+00
1.044565868620632720e+00
2.894203465394197927e+00
1.024246810040740918e-01
4.168169829894630141e-01
8.010742409716082868e-01
-4.687739832849828758e-01
-2.115015477284978296e-01
1.029425401738706114e-01
-4.687739832849828758e-01
1.672884399338594008e+00
nan
6.736233452931310595e-01
nan
-2.688318385046431391e+00
1.024246810040740918e-01
4.168169829894630141e-01
8.010742409716082868e-01
1.815502814701434708e+00
-2.115015477284978296e-01
-5.951891606238666199e-01
-4.687739832849828758e-01
-2.115015477284978296e-01
1.029425401738706114e-01
1.024246810040740918e-01
4.168169829894630141e-01
1.498573002784022279e+00
nan
1.044565868620632720e+00
nan
-2.181334257812533650e+00
-2.095317849708798086e+00
-1.990186684248694160e+00
-2.181334257812533650e+00
4.168169829894630141e-01
8.010742409716082868e-01
-4.687739832849828758e-01
1.672884399338594008e+00
nan
1.820783351539656536e-02
nan
7.979095460450431609e-01
3.158376374388240038e+00
nan
-3.794756426926482185e-01
1.980991185650537112e+00
-4.410685177006961055e-01
-2.342258994827792762e+00
3.158376374388240038e+00
1.801705566820329452e+00
1.286741082683384718e-02
1.588292103951824963e+00
4.561224939772556830e-01
-7.721747243913750225e-01
1.980991185650537112e+00
nan
-3.794756426926482185e-01
-1.551876436921018065e+00
-4.410685177006961055e-01
-2.342258994827792762e+00
1.820783351539656536e-02
4.561224939772556830e-01
1.286741082683384718e-02
-3.744912481833293505e-01
7.730432812117715713e-03
-3.794756426926482185e-01
1.820783351539656536e-02
4.561224939772556830e-01
1.286741082683384718e-02
1.820783351539656536e-02
4.561224939772556830e-01
4.055664925255606512e-01
8.032499687336041028e-01
1.353313505655207472e+00
7.979095460450431609e-01
nan
nan
7.979095460450431609e-01
-3.744912481833293505e-01
7.730432812117715713e-03
1.286741082683384718e-02
-1.159177355222292150e+00
9.049214444900854915e-01
-1.557216859609583892e+00
-2.729261625658720547e+00
9.049214444900854915e-01
-3.794756426926482185e-01
-1.551876436921018065e+00
-2.235450541056615670e+00
-1.949559913129080169e+00
-7.668343017028105280e-01
-4.410685177006961055e-01
-3.794756426926482185e-01
-3.744912481833293505e-01
-1.786651590543785639e+00
1.582951681263265797e+00
-2.336918572139225603e+00
9.049214444900854915e-01
1.190608627743769965e+00
-3.744912481833293505e-01
-4.410685177006961055e-01
-3.794756426926482185e-01
8.032499687336041028e-01
1.353313505655207472e+00
7.979095460450431609e-01
4.109069152141224812e-01
9.049214444900854915e-01
7.979095460450431609e-01
8.032499687336041028e-01
-2.684249491569445034e+00
-2.734602048347289038e+00
-2.336918572139225603e+00
1.801705566820329452e+00
1.286741082683384718e-02
-3.744912481833293505e-01
7.730432812117715713e-03
1.286741082683384718e-02
1.980991185650537112e+00
9.049214444900854915e-01
-3.794756426926482185e-01
1.980991185650537112e+00
-8.894605788658340728e-01
-2.734602048347289038e+00
1.195949050432330019e+00
1.801705566820329452e+00
1.190608627743769965e+00
1.588292103951824963e+00
nan
-1.557216859609583892e+00
1.820783351539656536e-02
-1.338259529378663659e+00
2.367993816481474667e+00
2.766033320868758416e+00
nan
-1.164517777910857310e+00
-3.744912481833293505e-01
3.147695529011111049e+00
1.190608627743769965e+00
-3.744912481833293505e-01
7.730432812117715713e-03
-3.794756426926482185e-01
2.766033320868758416e+00
nan
1.190608627743769965e+00
8.032499687336041028e-01
1.353313505655207472e+00
7.979095460450431609e-01
-1.159177355222292150e+00
7.730432812117715713e-03
1.975650762961978835e+00
-7.668343017028105280e-01
-8.894605788658340728e-01
-7.721747243913750225e-01
-1.159177355222292150e+00
-1.338259529378663659e+00
-1.164517777910857310e+00
-2.336918572139225603e+00
7.730432812117715713e-03
-1.164517777910857310e+00
-2.154890633359585195e-01
4.094115968613247780e-01
3.507381529230175765e-01
-2.099305365316288086e+00
-8.460861744010195196e-01
-2.789430387949806800e+00
4.122598222952134073e-01
1.037730127579287398e+00
8.743369285213180575e-01
-2.154890633359585195e-01
-2.183372887698475928e-01
3.507381529230175765e-01
-1.471556479685093732e+00
2.922116074646385897e+00
3.507381529230175765e-01
1.668896883731139091e+00
nan
-1.219108765393898119e+00
nan
4.094115968613247780e-01
1.397460999880625998e+00
-1.471556479685093732e+00
-2.102153590750176715e+00
3.507381529230175765e-01
-1.471556479685093732e+00
-1.474404705118982362e+00
1.397460999880625998e+00
-1.471556479685093732e+00
-1.474404705118982362e+00
-2.265831612351524971e+00
-2.154890633359585195e-01
4.094115968613247780e-01
3.507381529230175765e-01
-2.727623896034228945e+00
-2.102153590750176715e+00
-1.219108765393898119e+00
-1.471556479685093732e+00
1.666048658297250462e+00
-6.959846940345904009e-01
nan
2.293797543928422833e+00
nan
1.668896883731139091e+00
nan
1.921059775478926035e+00
1.040578353013176027e+00
1.666048658297250462e+00
1.397460999880625998e+00
1.040578353013176027e+00
4.094115968613247780e-01
-1.728606226752824604e-01
-2.154890633359585195e-01
-8.460861744010195196e-01
-6.959846940345904009e-01
1.668896883731139091e+00
-8.460861744010195196e-01
-1.728606226752824604e-01
4.122598222952134073e-01
1.037730127579287398e+00
8.743369285213180575e-01
-1.471556479685093732e+00
-2.183372887698475928e-01
-2.789430387949806800e+00
1.040578353013176027e+00
1.666048658297250462e+00
8.743369285213180575e-01
1.668896883731139091e+00
nan
1.921059775478926035e+00
-2.154890633359585195e-01
-2.183372887698475928e-01
3.507381529230175765e-01
-1.471556479685093732e+00
-1.474404705118982362e+00
-2.265831612351524971e+00
-2.727623896034228945e+00
4.094115968613247780e-01
-1.728606226752824604e-01
-2.154890633359585195e-01
-2.183372887698475928e-01
3.507381529230175765e-01
-2.154890633359585195e-01
-2.183372887698475928e-01
3.507381529230175765e-01
-1.471556479685093732e+00
2.293797543928422833e+00
-1.728606226752824604e-01
-1.471556479685093732e+00
-2.730472121468117574e+00
-1.728606226752824604e-01
4.122598222952134073e-01
1.037730127579287398e+00
8.743369285213180575e-01
nan
-8.460861744010195196e-01
1.397460999880625998e+00
-2.154890633359585195e-01
4.094115968613247780e-01
3.507381529230175765e-01
nan
-2.730472121468117574e+00
nan
4.122598222952134073e-01
1.037730127579287398e+00
8.743369285213180575e-01
1.668896883731139091e+00
-8.460861744010195196e-01
-2.789430387949806800e+00
-8.432379489671304462e-01
-8.460861744010195196e-01
-6.959846940345904009e-01
2.924964300080274526e+00
nan
1.397460999880625998e+00
-8.432379489671304462e-01
-8.460861744010195196e-01
-6.959846940345904009e-01
-8.432379489671304462e-01
-1.474404705118982362e+00
-1.742707540992198600e+00
-2.213482699428190870e-01
-1.927222389885852039e-02
-2.758714425346053822e-01
2.021425814578206470e+00
nan
7.708514044230061479e-01
-6.701472204556488954e-01
-1.161151693307158839e+00
-7.994702181329071955e-01
2.270437912223028931e-01
5.519264403901962268e-01
2.472526288247038906e-01
-6.701472204556488954e-01
-2.303031162715458713e+00
2.472526288247038906e-01
6.754358523874248732e-01
1.122607245509441576e+00
1.817574251380617234e+00
-2.213482699428190870e-01
-5.904708881879137117e-01
-7.994702181329071955e-01
-2.213482699428190870e-01
-1.927222389885852039e-02
-2.758714425346053822e-01
-6.701472204556488954e-01
-5.904708881879137117e-01
-7.994702181329071955e-01
-6.701472204556488954e-01
-1.161151693307158839e+00
-1.323068993731209453e+00
6.754358523874248732e-01
nan
-2.892915912048130256e+00
1.124234802900254238e+00
nan
-7.994702181329071955e-01
-2.015730293298738207e+00
5.519264403901962268e-01
-7.994702181329071955e-01
2.021425814578206470e+00
nan
-1.846193065090518726e+00
1.124234802900254238e+00
nan
-1.323068993731209453e+00
-1.118539281620786641e+00
nan
7.708514044230061479e-01
-6.701472204556488954e-01
-1.161151693307158839e+00
-1.323068993731209453e+00
2.918616826256173802e+00
nan
2.340698322739945603e+00
6.754358523874248732e-01
1.122607245509441576e+00
1.293975475782334073e+00
-1.118539281620786641e+00
-1.731832498426403966e+00
-2.369317136449827998e+00
-2.213482699428190870e-01
-1.927222389885852039e-02
-2.758714425346053822e-01
2.270437912223028931e-01
1.693805909798496323e+00
2.864297098338247416e+00
-2.213482699428190870e-01
-5.904708881879137117e-01
-7.994702181329071955e-01
2.470224765091035835e+00
nan
1.817574251380617234e+00
-1.567338232133600462e+00
1.693805909798496323e+00
-2.758714425346053822e-01
1.573033753413084490e+00
nan
nan
-2.213482699428190870e-01
-5.904708881879137117e-01
-2.758714425346053822e-01
2.270437912223028931e-01
1.122607245509441576e+00
7.708514044230061479e-01
1.124234802900254238e+00
2.264486714917762100e+00
nan
-2.213482699428190870e-01
-5.904708881879137117e-01
-2.758714425346053822e-01
6.754358523874248732e-01
nan
-1.846193065090518726e+00
-2.213482699428190870e-01
-1.927222389885852039e-02
-2.758714425346053822e-01
-1.567338232133600462e+00
-2.303031162715458713e+00
2.864297098338247416e+00
-2.213482699428190870e-01
-1.927222389885852039e-02
-2.758714425346053822e-01
-6.701472204556488954e-01
-5.904708881879137117e-01
-7.994702181329071955e-01
6.754358523874248732e-01
1.693805909798496323e+00
nan
6.754358523874248732e-01
1.693805909798496323e+00
nan
2.270437912223028931e-01
5.519264403901962268e-01
2.472526288247038906e-01
1.124234802900254238e+00
nan
-2.758714425346053822e-01
1.573033753413084490e+00
nan
2.472526288247038906e-01
-1.034594879272278334e+00
-4.273970356179965790e-01
-5.565311949056441776e-01
8.978165304956355897e-01
nan
-2.488942604673558101e+00
-1.517478637450102363e+00
-1.683464451967131792e+00
-1.522736899789592480e+00
-1.034594879272278334e+00
-4.273970356179965790e-01
-5.565311949056441776e-01
-2.484122530862351574e+00
nan
2.825407866452325223e+00
-5.512729325661540614e-01
8.286703807311606163e-01
4.096745099783043464e-01
2.830227940263531750e+00
nan
-2.971826362851381909e+00
-5.512729325661540614e-01
2.003518500131975522e-01
4.096745099783043464e-01
-5.512729325661540614e-01
-4.273970356179965790e-01
-7.320924819951946105e-02
4.149327723177944627e-01
1.456419266362332543e+00
1.859202161568377143e+00
-2.000800584156226858e+00
-2.939531868316266561e+00
1.859202161568377143e+00
-1.034594879272278334e+00
nan
2.342085919746200950e+00
-2.967006289040175382e+00
nan
1.859202161568377143e+00
8.978165304956355897e-01
nan
-2.488942604673558101e+00
8.978165304956355897e-01
nan
2.342085919746200950e+00
nan
nan
-2.971826362851381909e+00
1.381138477201759862e+00
nan
2.825407866452325223e+00
-6.838917438831293438e-02
8.286703807311606163e-01
8.925582681561281539e-01
-1.517478637450102363e+00
-1.055715566335937439e+00
-1.039414953083484860e+00
-1.034594879272278334e+00
nan
4.096745099783043464e-01
-1.517478637450102363e+00
-1.055715566335937439e+00
-1.039414953083484860e+00
4.149327723177944627e-01
nan
8.925582681561281539e-01
-1.517478637450102363e+00
-1.683464451967131792e+00
-1.522736899789592480e+00
-5.512729325661540614e-01
2.003518500131975522e-01
-7.320924819951946105e-02
1.381138477201759862e+00
nan
-2.005620657967433385e+00
8.978165304956355897e-01
2.712486682711467978e+00
nan
1.864022235379583670e+00
nan
-7.320924819951946105e-02
-5.512729325661540614e-01
2.003518500131975522e-01
-7.320924819951946105e-02
-2.967006289040175382e+00
-1.055715566335937439e+00
-2.488942604673558101e+00
-6.838917438831293438e-02
8.286703807311606163e-01
4.096745099783043464e-01
-5.512729325661540614e-01
2.003518500131975522e-01
-7.320924819951946105e-02
nan
nan
-1.522736899789592480e+00
-2.000800584156226858e+00
-2.939531868316266561e+00
8.925582681561281539e-01
nan
-2.311782982685095078e+00
1.375880214862252870e+00
-1.517478637450102363e+00
-1.055715566335937439e+00
-1.039414953083484860e+00
nan
nan
-5.565311949056441776e-01
-5.512729325661540614e-01
2.003518500131975522e-01
-7.320924819951946105e-02
2.346905993557407477e+00
8.286703807311606163e-01
-5.565311949056441776e-01
-6.838917438831293438e-02
8.286703807311606163e-01
8.925582681561281539e-01
1.864022235379583670e+00
nan
-7.320924819951946105e-02
-6.991177420118757091e-01
-1.680046581446427600e+00
2.141672324437900343e+00
-2.582934043992205275e+00
-8.946484180490039684e-01
3.133154588638060289e+00
1.813017090686393828e+00
nan
-8.330742813661657920e-01
5.569496743372592817e-01
6.754358523874386400e-01
-1.163768244901935311e+00
-7.079921129392374723e-02
1.460121959426401439e+00
-1.722859807017753653e-01
1.813017090686393828e+00
3.030206229862816514e+00
1.150190060237728851e+00
-6.991177420118757091e-01
-1.099623110100131917e-01
-1.824856358769900044e+00
2.441335621404356893e+00
nan
-1.722859807017753653e-01
-7.079921129392374723e-02
6.754358523874386400e-01
1.811278174105693139e+00
-6.991177420118757091e-01
-8.946484180490039684e-01
1.150190060237728851e+00
-1.326866627643058960e+00
-8.946484180490039684e-01
-2.155250509102107248e+00
-7.079921129392374723e-02
-1.099623110100131917e-01
-1.494162395234142293e+00
-7.079921129392374723e-02
-8.946484180490039684e-01
2.472366287973669863e+00
-1.326866627643058960e+00
-1.680046581446427600e+00
4.891019463697636738e-01
-1.955185158361022024e+00
-1.680046581446427600e+00
1.584079828339941542e-01
-1.326866627643058960e+00
2.244808066465364682e+00
1.480584210569935166e+00
-7.079921129392374723e-02
6.754358523874386400e-01
1.811278174105693139e+00
-7.079921129392374723e-02
1.460121959426401439e+00
-1.722859807017753653e-01
-7.079921129392374723e-02
-1.680046581446427600e+00
-2.816338622970071981e+00
1.184698559968442311e+00
nan
2.802760438305865520e+00
-6.991177420118757091e-01
-1.099623110100131917e-01
1.150190060237728851e+00
-7.079921129392374723e-02
nan
1.584079828339941542e-01
-7.079921129392374723e-02
nan
1.584079828339941542e-01
5.569496743372592817e-01
6.754358523874386400e-01
-1.163768244901935311e+00
1.184698559968442311e+00
3.030206229862816514e+00
1.480584210569935166e+00
-7.079921129392374723e-02
6.754358523874386400e-01
1.811278174105693139e+00
nan
6.754358523874386400e-01
2.472366287973669863e+00
-6.991177420118757091e-01
-8.946484180490039684e-01
-1.824856358769900044e+00
1.184698559968442311e+00
1.460121959426401439e+00
-5.026801310339705786e-01
-7.079921129392374723e-02
-1.099623110100131917e-01
-1.494162395234142293e+00
-7.079921129392374723e-02
-1.099623110100131917e-01
-1.494162395234142293e+00
nan
1.460121959426401439e+00
1.584079828339941542e-01
1.813017090686393828e+00
nan
-1.163768244901935311e+00
1.813017090686393828e+00
3.030206229862816514e+00
4.891019463697636738e-01
-7.079921129392374723e-02
-1.099623110100131917e-01
-1.494162395234142293e+00
-1.955185158361022024e+00
-2.464732688485418599e+00
1.584079828339941542e-01
2.441335621404356893e+00
3.030206229862816514e+00
-2.816338622970071981e+00
1.813017090686393828e+00
nan
-8.330742813661657920e-01
5.569496743372592817e-01
6.754358523874386400e-01
-1.163768244901935311e+00
-1.955185158361022024e+00
-2.464732688485418599e+00
2.141672324437900343e+00
-7.753789780045101665e-01
6.814931779803856671e-03
3.963097598653928522e-01
7.943492642526739367e-01
7.918570669980127263e-01
7.890088415641187680e-01
9.663157213711137672e-03
-3.858841499189229474e-01
-3.887323753528146852e-01
1.187048345951399853e+00
1.184200120517509447e+00
1.574050976782325861e+00
-1.168078059703222316e+00
-1.563625366835858621e+00
-2.743858781007450620e+00
4.020062107331923151e-01
3.991579852993001332e-01
3.963097598653928522e-01
7.943492642526739367e-01
3.991579852993001332e-01
7.890088415641187680e-01
nan
3.991579852993001332e-01
nan
nan
2.361585309255199938e+00
nan
-1.168078059703222316e+00
-2.741010555573550000e+00
-1.173774510571022001e+00
9.663157213711137672e-03
6.814931779803856671e-03
3.966706345911230613e-03
7.943492642526739367e-01
7.918570669980127263e-01
7.890088415641187680e-01
-2.738162330139650713e+00
-1.563625366835858621e+00
3.144135247218754259e+00
-2.738162330139650713e+00
1.576899202216235807e+00
-7.810754288722958627e-01
1.187048345951399853e+00
1.184200120517509447e+00
1.574050976782325861e+00
4.020062107331923151e-01
3.991579852993001332e-01
3.963097598653928522e-01
-7.753789780045101665e-01
-7.782272034384050130e-01
-1.173774510571022001e+00
-3.830359244850147782e-01
-7.782272034384050130e-01
-7.810754288722958627e-01
1.972090481169606946e+00
nan
-1.958816645789229316e+00
-7.753789780045101665e-01
-7.782272034384050130e-01
-1.173774510571022001e+00
4.020062107331923151e-01
3.991579852993001332e-01
3.963097598653928522e-01
7.943492642526739367e-01
7.918570669980127263e-01
1.181351895083600390e+00
1.579747427650125324e+00
1.576899202216235807e+00
2.359093112000532955e+00
1.187048345951399853e+00
1.184200120517509447e+00
1.966394030301821694e+00
-7.753789780045101665e-01
-7.782272034384050130e-01
-1.173774510571022001e+00
-3.830359244850147782e-01
-3.858841499189229474e-01
-7.810754288722958627e-01
4.020062107331923151e-01
-1.170926285137132039e+00
1.574050976782325861e+00
9.663157213711137672e-03
-3.858841499189229474e-01
-3.887323753528146852e-01
-3.830359244850147782e-01
-3.858841499189229474e-01
-7.810754288722958627e-01
-3.830359244850147782e-01
-7.782272034384050130e-01
-7.810754288722958627e-01
4.020062107331923151e-01
3.991579852993001332e-01
3.963097598653928522e-01
7.943492642526739367e-01
1.184200120517509447e+00
1.181351895083600390e+00
1.187048345951399853e+00
1.184200120517509447e+00
1.966394030301821694e+00
9.663157213711137672e-03
6.814931779803856671e-03
-3.887323753528146852e-01
4.020062107331923151e-01
6.814931779803856671e-03
3.966706345911230613e-03
9.663157213711137672e-03
6.814931779803856671e-03
3.966706345911230613e-03
4.020062107331923151e-01
3.991579852993001332e-01
3.963097598653928522e-01
-3.830359244850147782e-01
-7.782272034384050130e-01
-1.173774510571022001e+00
1.579747427650125324e+00
1.969242255735718317e+00
nan
-1.168078059703222316e+00
6.814931779803856671e-03
-1.958816645789229316e+00
1.736558061260854657e+00
-2.095526620069865231e-02
-1.260787797576626845e+00
-1.054702863959442460e+00
-8.056413732396752181e-01
-6.330389119454435942e-01
3.409275986507060985e-01
-8.056413732396752181e-01
-1.260787797576626845e+00
3.409275986507060985e-01
-2.095526620069865231e-02
-4.720381227480530129e-03
3.409275986507060985e-01
-2.095526620069865231e-02
-4.720381227480530129e-03
-3.565711631617185517e-01
-2.095526620069865231e-02
-4.720381227480530129e-03
-1.054702863959442460e+00
-8.056413732396752181e-01
-6.330389119454435942e-01
nan
-1.591039536637127050e+00
6.230285044037024988e-01
1.038426360463130749e+00
7.644428971967394126e-01
6.230285044037024988e-01
nan
-8.056413732396752181e-01
1.251347035121654017e+00
-3.565711631617185517e-01
-8.056413732396752181e-01
-4.720381227480530129e-03
3.409275986507060985e-01
7.644428971967394126e-01
6.230285044037024988e-01
-3.565711631617185517e-01
7.644428971967394126e-01
6.230285044037024988e-01
nan
7.644428971967394126e-01
1.879095920752837934e+00
-3.565711631617185517e-01
-2.095526620069865231e-02
-4.720381227480530129e-03
nan
1.549129004235716422e+00
nan
nan
3.119213274672130609e+00
-1.889106328294578807e+00
-1.752201625771867111e+00
-1.591039536637127050e+00
-6.330389119454435942e-01
nan
1.549129004235716422e+00
-4.720381227480530129e-03
nan
7.644428971967394126e-01
2.506844806384020963e+00
-1.054702863959442460e+00
-1.591039536637127050e+00
-1.260787797576626845e+00
1.038426360463130749e+00
nan
nan
-1.054702863959442460e+00
-8.056413732396752181e-01
-6.330389119454435942e-01
-3.565711631617185517e-01
1.549129004235716422e+00
1.879095920752837934e+00
-1.054702863959442460e+00
-8.056413732396752181e-01
-6.330389119454435942e-01
3.132188523871015207e+00
-1.591039536637127050e+00
2.506844806384020963e+00
-1.054702863959442460e+00
-8.056413732396752181e-01
-6.330389119454435942e-01
1.736558061260854657e+00
-2.095526620069865231e-02
-1.260787797576626845e+00
-1.054702863959442460e+00
-1.591039536637127050e+00
-6.330389119454435942e-01
-1.752201625771867111e+00
-1.591039536637127050e+00
-6.330389119454435942e-01
-3.565711631617185517e-01
-2.095526620069865231e-02
-4.720381227480530129e-03
1.038426360463130749e+00
7.644428971967394126e-01
6.230285044037024988e-01
-3.565711631617185517e-01
-2.095526620069865231e-02
-4.720381227480530129e-03
-1.054702863959442460e+00
-8.056413732396752181e-01
-6.330389119454435942e-01
1.038426360463130749e+00
7.644428971967394126e-01
-4.720381227480530129e-03
3.409275986507060985e-01
2.333815111274692988e+00
3.135163337101972481e+00
3.409275986507060985e-01
7.644428971967394126e-01
-4.720381227480530129e-03
2.434689762058590112e+00
nan
1.251347035121654017e+00
-3.565711631617185517e-01
-2.095526620069865231e-02
-4.720381227480530129e-03
nan
-2.375725643676103616e+00
6.230285044037024988e-01
nan
-1.986515638133901973e+00
9.219655871659622193e-01
5.284674199982761778e-01
5.256191945643813312e-01
9.219655871659622193e-01
1.156785950716238354e+00
5.256191945643813312e-01
9.219655871659622193e-01
-7.275999963508565926e-01
-7.304482217847714232e-01
-4.736648754442134290e-01
1.156785950716238354e+00
5.256191945643813312e-01
9.219655871659622193e-01
nan
1.153937725282320415e+00
3.015727750573851118e+00
5.284674199982761778e-01
-1.021296910668105795e-01
2.244668253535238023e-01
5.284674199982761778e-01
-7.304482217847714232e-01
-1.171163637256627421e+00
-7.275999963508565926e-01
-7.304482217847714232e-01
-4.736648754442134290e-01
-9.928146563290551896e-02
-1.021296910668105795e-01
-4.736648754442134290e-01
1.156785950716238354e+00
3.037754027262642431e+00
2.244668253535238023e-01
-9.928146563290551896e-02
-1.021296910668105795e-01
-4.736648754442134290e-01
-2.611985943417951095e+00
-1.021296910668105795e-01
2.244668253535238023e-01
3.040602252696553265e+00
-1.021296910668105795e-01
-1.869295338054364652e+00
nan
-1.021296910668105795e-01
1.620097287963674582e+00
-2.611985943417951095e+00
1.153937725282320415e+00
nan
-7.275999963508565926e-01
-1.358197107415941129e+00
-1.869295338054364652e+00
5.284674199982761778e-01
-1.021296910668105795e-01
2.244668253535238023e-01
-9.928146563290551896e-02
-1.358197107415941129e+00
-1.171163637256627421e+00
-7.275999963508565926e-01
-7.304482217847714232e-01
-4.736648754442134290e-01
-9.928146563290551896e-02
-7.304482217847714232e-01
-4.736648754442134290e-01
-9.928146563290551896e-02
-1.021296910668105795e-01
-4.736648754442134290e-01
1.156785950716238354e+00
-1.021296910668105795e-01
-4.736648754442134290e-01
5.284674199982761778e-01
-1.021296910668105795e-01
2.244668253535238023e-01
-7.275999963508565926e-01
-7.304482217847714232e-01
-1.171163637256627421e+00
-1.355348881982038511e+00
-1.986515638133901973e+00
-1.869295338054364652e+00
1.784534836347420494e+00
nan
9.219655871659622193e-01
nan
5.256191945643813312e-01
nan
-7.275999963508565926e-01
-1.358197107415941129e+00
-1.869295338054364652e+00
5.284674199982761778e-01
5.256191945643813312e-01
2.244668253535238023e-01
1.784534836347420494e+00
1.153937725282320415e+00
1.620097287963674582e+00
-2.611985943417951095e+00
1.153937725282320415e+00
3.015727750573851118e+00
1.156785950716238354e+00
-1.358197107415941129e+00
-1.869295338054364652e+00
-9.928146563290551896e-02
-1.021296910668105795e-01
2.244668253535238023e-01
1.156785950716238354e+00
-7.304482217847714232e-01
-1.869295338054364652e+00
-7.275999963508565926e-01
-1.358197107415941129e+00
-1.171163637256627421e+00
-9.928146563290551896e-02
-1.021296910668105795e-01
-4.736648754442134290e-01
nan
nan
-1.171163637256627421e+00
1.784534836347420494e+00
1.153937725282320415e+00
9.219655871659622193e-01
-7.275999963508565926e-01
-1.358197107415941129e+00
-1.171163637256627421e+00
