-1.391252146919860877e+00
-2.077810106271916535e+00
1.059306764493168185e+00
-8.681280755605516042e-01
-1.180619094593964968e+00
-1.183467320027856928e+00
-3.450040042012423314e-01
-2.834280829160134019e-01
-7.346683695150431070e-01
7.021935469953617392e-01
6.137629287619543739e-01
1.625226421629246687e-01
-1.391252146919860877e+00
nan
6.109147033280466488e-01
nan
1.062561879274768639e+00
nan
-3.450040042012423314e-01
-7.318201440811349379e-01
-1.183467320027856928e+00
-1.391252146919860877e+00
1.653708675968164066e-01
1.956904665518827802e+00
nan
6.137629287619543739e-01
nan
nan
-7.318201440811349379e-01
1.956904665518827802e+00
nan
1.062561879274768639e+00
nan
-1.391252146919860877e+00
-2.077810106271916535e+00
1.625226421629246687e-01
-3.450040042012423314e-01
-7.318201440811349379e-01
-7.346683695150431070e-01
1.748916393952973269e+00
-7.318201440811349379e-01
-2.080658331705824260e+00
-3.450040042012423314e-01
-2.834280829160134019e-01
-2.862763083499051397e-01
-3.450040042012423314e-01
1.653708675968164066e-01
1.956904665518827802e+00
7.021935469953617392e-01
6.137629287619543739e-01
6.109147033280466488e-01
-3.450040042012423314e-01
-2.834280829160134019e-01
-7.346683695150431070e-01
1.225317618354671456e+00
1.062561879274768639e+00
6.109147033280466488e-01
nan
6.137629287619543739e-01
2.854095677196780034e+00
1.748916393952973269e+00
1.959752890952735971e+00
1.508105715005998437e+00
1.785947713970599260e-01
1.653708675968164066e-01
-2.862763083499051397e-01
-3.450040042012423314e-01
-7.318201440811349379e-01
-7.346683695150431070e-01
1.785947713970599260e-01
-2.834280829160134019e-01
-2.862763083499051397e-01
-3.450040042012423314e-01
-2.834280829160134019e-01
-7.346683695150431070e-01
1.748916393952973269e+00
1.510953940439905718e+00
1.508105715005998437e+00
nan
6.137629287619543739e-01
2.405296726683949782e+00
-8.681280755605516042e-01
-1.180619094593964968e+00
-1.631859381192994674e+00
-2.437974993877491059e+00
6.137629287619543739e-01
-1.183467320027856928e+00
-1.391252146919860877e+00
-2.077810106271916535e+00
6.109147033280466488e-01
7.021935469953617392e-01
6.137629287619543739e-01
6.109147033280466488e-01
-3.450040042012423314e-01
-7.318201440811349379e-01
-1.183467320027856928e+00
nan
-2.834280829160134019e-01
1.956904665518827802e+00
1.785947713970599260e-01
1.653708675968164066e-01
1.625226421629246687e-01
nan
1.510953940439905718e+00
nan
-1.914850922518162912e+00
6.137629287619543739e-01
-1.183467320027856928e+00
1.225317618354671456e+00
1.062561879274768639e+00
1.059306764493168185e+00
1.748916393952973269e+00
1.959752890952735971e+00
1.508105715005998437e+00
2.795639240910584800e+00
nan
-2.862763083499051397e-01
2.795639240910584800e+00
nan
-2.862763083499051397e-01
1.233527209311209294e+00
1.497679175471196888e+00
8.585667080721348654e-01
-2.441991628642528056e-01
-4.651041766639480990e-01
-2.495605283868815860e-01
nan
1.104980093772469640e+00
1.967029029876309121e+00
-2.830052771498715369e+00
1.104980093772469640e+00
-1.358022850191056063e+00
-6.134632132355291034e-01
-1.250146311882157191e+00
-9.884237144746075288e-01
nan
3.199379585542607707e-01
1.967029029876309121e+00
nan
1.497679175471196888e+00
nan
3.080852717203105495e+00
1.497679175471196888e+00
-6.191596641033170201e-01
4.946640232234846835e-01
7.126370402529875747e-01
nan
1.253999728521950630e-01
-7.276112314446603335e-02
1.197035219844089227e-01
1.253999728521950630e-01
-4.651041766639480990e-01
-2.495605283868815860e-01
-9.830623489519769720e-01
-2.035188447100366282e+00
-2.835749222366507727e+00
8.642631589399192293e-01
7.126370402529875747e-01
4.893026577008572353e-01
1.233527209311209294e+00
1.497679175471196888e+00
8.585667080721348654e-01
nan
3.067763445907628839e+00
-2.495605283868815860e-01
nan
-2.427531500619862115e+00
1.597429894159860364e+00
-9.830623489519769720e-01
3.067763445907628839e+00
8.585667080721348654e-01
4.946640232234846835e-01
3.199379585542607707e-01
4.893026577008572353e-01
nan
-1.642489365401653245e+00
2.336293080247586307e+00
2.341654445770209758e+00
nan
8.585667080721348654e-01
-2.441991628642528056e-01
-7.276112314446603335e-02
1.197035219844089227e-01
-1.352661484668424841e+00
7.126370402529875747e-01
-9.884237144746075288e-01
1.233527209311209294e+00
1.497679175471196888e+00
2.336293080247586307e+00
-2.441991628642528056e-01
-8.574472301834306087e-01
-2.495605283868815860e-01
4.946640232234846835e-01
7.126370402529875747e-01
4.893026577008572353e-01
1.233527209311209294e+00
1.890022228990692721e+00
1.227830758443411607e+00
-2.830052771498715369e+00
-8.574472301834306087e-01
-1.358022850191056063e+00
1.972390395398933460e+00
nan
1.197035219844089227e-01
2.341654445770209758e+00
-7.276112314446603335e-02
-1.358022850191056063e+00
1.253999728521950630e-01
-7.276112314446603335e-02
1.197035219844089227e-01
nan
-7.276112314446603335e-02
2.705892215964035064e+00
1.253999728521950630e-01
-7.276112314446603335e-02
1.197035219844089227e-01
1.253999728521950630e-01
-1.642489365401653245e+00
1.197035219844089227e-01
4.946640232234846835e-01
3.199379585542607707e-01
1.197035219844089227e-01
4.946640232234846835e-01
3.199379585542607707e-01
4.893026577008572353e-01
-2.441991628642528056e-01
-8.574472301834306087e-01
-6.191596641033170201e-01
-6.134632132355291034e-01
-1.642489365401653245e+00
-1.358022850191056063e+00
2.711253581486657627e+00
7.126370402529875747e-01
-9.884237144746075288e-01
1.972390395398933460e+00
nan
1.197035219844089227e-01
8.642631589399192293e-01
1.104980093772469640e+00
4.893026577008572353e-01
4.280335911273045468e-01
4.254044599575510510e-01
4.223371402595135216e-01
-5.485016705051926067e-02
-5.791748674855634604e-02
-6.054661791831028594e-02
-5.381721137566435331e-01
-5.408012449263974730e-01
-1.026752322802275685e+00
4.280335911273045468e-01
-5.791748674855634604e-02
-6.054661791831028594e-02
4.280335911273045468e-01
-5.791748674855634604e-02
-6.054661791831028594e-02
4.280335911273045468e-01
4.254044599575510510e-01
4.223371402595135216e-01
-1.021494060462768250e+00
-1.024123191632522190e+00
-1.510074269508383304e+00
nan
-5.791748674855634604e-02
1.388542845143461602e+00
nan
1.874493923019340702e+00
nan
4.280335911273045468e-01
-5.791748674855634604e-02
-6.054661791831028594e-02
-1.987261576818415865e+00
1.391610164841516895e+00
-5.438685646244350025e-01
4.280335911273045468e-01
4.254044599575510510e-01
4.223371402595135216e-01
-5.485016705051926067e-02
-5.791748674855634604e-02
-5.438685646244350025e-01
-5.485016705051926067e-02
-5.791748674855634604e-02
-6.054661791831028594e-02
-5.485016705051926067e-02
-5.791748674855634604e-02
-6.054661791831028594e-02
1.394239296011269946e+00
nan
1.388542845143461602e+00
9.113555378334292634e-01
4.254044599575510510e-01
4.223371402595135216e-01
9.113555378334292634e-01
9.082882181353917339e-01
9.052208984373373291e-01
-2.470583523524540581e+00
-1.507006949810345775e+00
-2.959163732570172289e+00
4.280335911273045468e-01
-1.507006949810345775e+00
4.223371402595135216e-01
1.394239296011269946e+00
-1.507006949810345775e+00
-6.054661791831028594e-02
1.394239296011269946e+00
9.082882181353917339e-01
9.052208984373373291e-01
-1.504377818640592057e+00
-1.507006949810345775e+00
-2.476279974392348926e+00
-5.381721137566435331e-01
-1.024123191632522190e+00
-1.510074269508383304e+00
4.280335911273045468e-01
-5.791748674855634604e-02
-6.054661791831028594e-02
1.394239296011269946e+00
9.082882181353917339e-01
9.052208984373373291e-01
nan
1.391610164841516895e+00
nan
-1.021494060462768250e+00
-1.024123191632522190e+00
-1.510074269508383304e+00
-5.485016705051926067e-02
nan
-2.959163732570172289e+00
-2.953467281702381264e+00
nan
1.871864791849586762e+00
nan
-2.473650843222594986e+00
-6.054661791831028594e-02
-5.485016705051926067e-02
-5.791748674855634604e-02
-6.054661791831028594e-02
-5.381721137566435331e-01
-5.408012449263974730e-01
-5.438685646244350025e-01
-5.485016705051926067e-02
-5.408012449263974730e-01
-5.438685646244350025e-01
nan
9.082882181353917339e-01
1.871864791849586762e+00
-1.987261576818415865e+00
4.254044599575510510e-01
-1.026752322802275685e+00
9.113555378334292634e-01
-1.507006949810345775e+00
-2.959163732570172289e+00
-2.953467281702381264e+00
nan
9.052208984373373291e-01
-5.485016705051926067e-02
9.082882181353917339e-01
-1.992958027686224209e+00
-5.485016705051926067e-02
-5.408012449263974730e-01
-5.438685646244350025e-01
2.569209708292778949e-01
nan
2.512245199614784319e-01
2.569209708292778949e-01
2.535980411563856229e-01
2.512245199614784319e-01
-2.666778047690239184e-01
-2.695260302029240940e-01
-2.723742556368238255e-01
2.569209708292778949e-01
2.535980411563856229e-01
2.512245199614784319e-01
2.569209708292778949e-01
2.535980411563856229e-01
2.512245199614784319e-01
-2.883247570043574903e+00
-2.695260302029240940e-01
-1.319097102594435134e+00
-7.898018761283518430e-01
-2.695260302029240940e-01
-2.723742556368238255e-01
7.800450421885871677e-01
7.771968167546874362e-01
2.512245199614784319e-01
-7.898018761283518430e-01
-7.926501015622333668e-01
-7.959730312351256387e-01
-1.313400651726635449e+00
1.300795592352989249e+00
-7.959730312351256387e-01
-1.836524723085963373e+00
2.535980411563856229e-01
-1.319097102594435134e+00
-2.666778047690239184e-01
2.535980411563856229e-01
2.512245199614784319e-01
1.826767889146198254e+00
nan
2.344670213876700604e+00
-2.666778047690239184e-01
-2.695260302029240940e-01
-2.723742556368238255e-01
2.350366664744500955e+00
nan
-7.959730312351256387e-01
nan
-2.886095795477474635e+00
7.743485913207877047e-01
-7.898018761283518430e-01
-2.695260302029240940e-01
-2.723742556368238255e-01
-7.898018761283518430e-01
-1.316248877160535180e+00
-1.319097102594435134e+00
-2.666778047690239184e-01
2.535980411563856229e-01
-2.723742556368238255e-01
nan
2.870642510669929148e+00
-2.888944020911374366e+00
1.826767889146198254e+00
2.347518439310600780e+00
2.344670213876700604e+00
7.800450421885871677e-01
-7.926501015622333668e-01
-1.319097102594435134e+00
-7.898018761283518430e-01
-7.926501015622333668e-01
-2.723742556368238255e-01
-2.666778047690239184e-01
-2.695260302029240940e-01
-2.723742556368238255e-01
2.569209708292778949e-01
7.771968167546874362e-01
2.512245199614784319e-01
7.800450421885871677e-01
nan
-2.888944020911374366e+00
7.800450421885871677e-01
1.300795592352989249e+00
7.743485913207877047e-01
nan
-1.316248877160535180e+00
7.743485913207877047e-01
2.873490736103809784e+00
7.771968167546874362e-01
-2.723742556368238255e-01
-7.898018761283518430e-01
-7.926501015622333668e-01
-7.959730312351256387e-01
-7.898018761283518430e-01
-2.695260302029240940e-01
-2.723742556368238255e-01
-1.836524723085963373e+00
-1.839372948519863327e+00
-1.842221173953744406e+00
-2.666778047690239184e-01
1.823919663712298966e+00
nan
1.303169113547896441e+00
1.823919663712298966e+00
1.297947366919089962e+00
2.569209708292778949e-01
7.771968167546874362e-01
2.512245199614784319e-01
nan
2.347518439310600780e+00
-7.959730312351256387e-01
-7.898018761283518430e-01
-7.926501015622333668e-01
-7.959730312351256387e-01
-1.836524723085963373e+00
2.535980411563856229e-01
-1.319097102594435134e+00
nan
-2.362971724118146710e+00
2.512245199614784319e-01
-7.898018761283518430e-01
2.870642510669929148e+00
2.512245199614784319e-01
-4.113439215991232523e-01
-8.065352005524961676e-01
-6.607772639727622632e-01
-8.036869751186053179e-01
-1.199234282251222083e+00
-1.079656284451404380e+00
-2.373771245555023501e+00
-1.199234282251222083e+00
-6.607772639727622632e-01
7.663972953178124214e-01
7.635490698839184631e-01
1.013979291159432972e+00
1.158740348837308698e+00
nan
-1.917034562017494226e+00
-1.864483990039644823e-02
-2.184909351353336859e-02
-2.422780068852992130e-01
-1.864483990039644823e-02
-2.184909351353336859e-02
1.766010135933275826e-01
1.158740348837308698e+00
1.155892123403399641e+00
1.432478548246880923e+00
-1.589085138516058926e+00
-2.376619470988925009e+00
1.013979291159432972e+00
1.158740348837308698e+00
1.155892123403399641e+00
1.432478548246880923e+00
7.663972953178124214e-01
nan
-6.607772639727622632e-01
-1.196386056817332122e+00
-1.199234282251222083e+00
-1.498155541538852331e+00
-1.981428192035541214e+00
-2.769318552687650481e+00
1.766010135933275826e-01
7.663972953178124214e-01
1.155892123403399641e+00
2.269856825812970325e+00
1.551439430536035946e+00
-4.141921470330145461e-01
-1.917034562017494226e+00
7.663972953178124214e-01
7.635490698839184631e-01
5.951002706807906328e-01
nan
7.635490698839184631e-01
nan
-1.981428192035541214e+00
nan
2.269856825812970325e+00
-4.113439215991232523e-01
-4.141921470330145461e-01
-2.422780068852992130e-01
3.736982136190998283e-01
3.708499881851925473e-01
5.951002706807906328e-01
1.943782484055517568e+00
2.333633340320333094e+00
nan
nan
1.548591205102126001e+00
nan
-1.196386056817332122e+00
-1.591577335770717472e+00
-1.917034562017494226e+00
nan
-4.141921470330145461e-01
nan
-1.864483990039644823e-02
-2.184909351353336859e-02
1.766010135933275826e-01
7.663972953178124214e-01
7.635490698839184631e-01
5.951002706807906328e-01
1.551439430536035946e+00
1.548591205102126001e+00
1.432478548246880923e+00
-4.113439215991232523e-01
-4.141921470330145461e-01
-2.422780068852992130e-01
-1.589085138516058926e+00
3.708499881851925473e-01
-1.079656284451404380e+00
3.736982136190998283e-01
-8.065352005524961676e-01
-1.917034562017494226e+00
1.551439430536035946e+00
2.333633340320333094e+00
nan
3.736982136190998283e-01
-2.184909351353336859e-02
1.766010135933275826e-01
3.736982136190998283e-01
3.708499881851925473e-01
5.951002706807906328e-01
-4.113439215991232523e-01
-8.065352005524961676e-01
-6.607772639727622632e-01
nan
3.118675475538554398e+00
nan
3.121523700972453685e+00
nan
2.688735846291612663e+00
nan
-2.769318552687650481e+00
1.432478548246880923e+00
nan
1.548591205102126001e+00
nan
-1.864483990039644823e-02
-2.184909351353336859e-02
1.766010135933275826e-01
-4.113439215991232523e-01
-4.141921470330145461e-01
-2.422780068852992130e-01
-1.246942058269018494e+00
-2.431953745372482878e+00
1.909164422958871121e-01
1.369865059125018991e+00
nan
2.921497782185313863e+00
3.231422121674079051e-01
5.430926736351575634e-01
4.638507403963960662e-01
3.231422121674079051e-01
5.430926736351575634e-01
4.638507403963960662e-01
-2.817026328705444893e+00
-2.101259781836713358e+00
-3.551998256819959288e-01
-4.620185991105487666e-01
5.430926736351575634e-01
1.556083276352172806e+00
-1.246942058269018494e+00
-2.101259781836713358e+00
-2.539664897593539639e+00
-1.770540833867320529e+00
-1.179954402328076135e-01
2.375381514207430822e+00
6.134282436825655438e-02
-1.179954402328076135e-01
-8.226552758148741873e-02
2.678149941762294706e+00
-4.486894037685771330e-01
-2.539664897593539639e+00
-4.620185991105487666e-01
-4.486894037685771330e-01
-6.283817955593709037e-01
1.631427094804673406e+00
nan
nan
-2.293664905226629802e+00
-1.440171667968748848e+00
1.909164422958871121e-01
1.108065671325868085e+00
1.204180787503121852e+00
1.283148978251654082e+00
5.847042478470623195e-01
8.734868239673527768e-01
7.370327102737705971e-01
6.134282436825655438e-02
2.123987100993875998e-01
1.909164422958871121e-01
-2.002192113114071859e-01
-1.179954402328076135e-01
-8.226552758148741873e-02
-2.002192113114071859e-01
-1.179954402328076135e-01
-8.226552758148741873e-02
-1.770540833867320529e+00
-4.486894037685771330e-01
-1.720614331515147200e+00
3.231422121674079051e-01
5.430926736351575634e-01
4.638507403963960662e-01
-2.555464293025781153e+00
-1.440171667968748848e+00
-2.812846867470914169e+00
6.134282436825655438e-02
2.123987100993875998e-01
1.909164422958871121e-01
-2.032102869546974944e+00
3.187445129107028041e+00
nan
3.231422121674079051e-01
5.430926736351575634e-01
7.370327102737705971e-01
-9.853800225893638576e-01
nan
-2.812846867470914169e+00
2.154788518283488497e+00
-4.486894037685771330e-01
2.102199544330055847e+00
1.108065671325868085e+00
1.204180787503121852e+00
1.283148978251654082e+00
1.631427094804673406e+00
-4.486894037685771330e-01
1.556083276352172806e+00
1.631427094804673406e+00
nan
1.829265246229537123e+00
2.154788518283488497e+00
-1.109777517636541644e+00
-6.283817955593709037e-01
2.939949329561445612e+00
-2.762347895704678535e+00
-9.013160936598891837e-01
8.462662835267171779e-01
1.204180787503121852e+00
1.283148978251654082e+00
1.631427094804673406e+00
1.865268901371087029e+00
1.829265246229537123e+00
-2.817026328705444893e+00
3.187445129107028041e+00
1.909164422958871121e-01
-2.555464293025781153e+00
2.856751165571258522e+00
nan
3.231422121674079051e-01
2.123987100993875998e-01
1.909164422958871121e-01
-9.853800225893638576e-01
-1.109777517636541644e+00
-1.174498063537254167e+00
-2.032102869546974944e+00
-4.486894037685771330e-01
-1.993548629615656154e+00
-2.002192113114071859e-01
-1.179954402328076135e-01
-8.226552758148741873e-02
5.847042478470623195e-01
8.734868239673527768e-01
1.009967008374279107e+00
6.626981543119754292e-01
nan
-2.219000709923721892e+00
-1.746801232541272952e-01
-1.433595765037151804e+00
-2.219000709923721892e+00
-1.012058400820215365e+00
-1.014716744558524564e+00
-8.734176370806481238e-01
-5.931793803415743582e-01
-5.962174874710619576e-01
-4.246186865678183153e-01
-1.012058400820215365e+00
-1.014716744558524564e+00
-8.734176370806481238e-01
-5.931793803415743582e-01
-5.962174874710619576e-01
-4.246186865678183153e-01
nan
1.497418088139760517e+00
nan
-1.012058400820215365e+00
-1.014716744558524564e+00
-8.734176370806481238e-01
2.337454709444151124e+00
2.334796365705849919e+00
nan
-1.746801232541272952e-01
-1.773384669924196189e-01
2.377337459730366476e-02
-5.931793803415743582e-01
-1.014716744558524564e+00
-8.734176370806481238e-01
6.626981543119754292e-01
6.596600471824762835e-01
4.725723251101334732e-01
nan
-1.852095022124614632e+00
4.725723251101334732e-01
1.500076431878063499e+00
1.078539067661118178e+00
1.369763336788084818e+00
1.500076431878063499e+00
nan
9.209643862752714405e-01
-5.931793803415743582e-01
-5.962174874710619576e-01
-4.246186865678183153e-01
-1.430937421298856593e+00
-1.852095022124614632e+00
-1.770608648758599912e+00
6.626981543119754292e-01
6.596600471824762835e-01
4.725723251101334732e-01
-1.849436678386303434e+00
-1.773384669924196189e-01
3.163738470796296109e+00
2.441988972245137113e-01
2.411607900950283323e-01
2.377337459730366476e-02
nan
1.915917345227208468e+00
nan
-1.430937421298856593e+00
1.915917345227208468e+00
nan
2.337454709444151124e+00
6.596600471824762835e-01
-4.246186865678183153e-01
nan
nan
1.369763336788084818e+00
6.626981543119754292e-01
6.596600471824762835e-01
4.725723251101334732e-01
6.626981543119754292e-01
2.411607900950283323e-01
4.725723251101334732e-01
nan
2.411607900950283323e-01
1.818155397953222785e+00
6.626981543119754292e-01
6.596600471824762835e-01
4.725723251101334732e-01
2.441988972245137113e-01
2.753295622793312969e+00
nan
-5.931793803415743582e-01
-5.962174874710619576e-01
-8.734176370806481238e-01
2.337454709444151124e+00
3.172174643271940209e+00
2.715346409631175018e+00
-2.267935935473750497e+00
-1.773384669924196189e-01
2.715346409631175018e+00
-2.686814955952391504e+00
6.596600471824762835e-01
1.818155397953222785e+00
1.081577174790601337e+00
6.596600471824762835e-01
9.209643862752714405e-01
3.174832987010239638e+00
-1.433595765037151804e+00
-2.667799660436551701e+00
nan
-2.270974042603256748e+00
4.725723251101334732e-01
1.081577174790601337e+00
2.334796365705849919e+00
nan
1.918955452356704949e+00
1.915917345227208468e+00
2.266954348466053037e+00
-1.746801232541272952e-01
-2.689473299690704700e+00
-2.667799660436551701e+00
1.081577174790601337e+00
1.078539067661118178e+00
9.209643862752714405e-01
2.664150556089395216e-01
2.425296903082442501e+00
nan
2.664150556089395216e-01
9.563546608421180650e-03
-1.055329037226826472e-02
1.313137902566551940e+00
1.458653009670193068e+00
nan
2.359860749524165247e+00
nan
nan
nan
4.928854933145458972e-01
2.844404312733387119e+00
2.664150556089395216e-01
2.908180661260266309e+00
nan
-1.303431862708002154e+00
9.757692514923692606e-01
-1.152432759780568361e+00
1.313137902566551940e+00
9.757692514923692606e-01
1.131326179036032276e+00
7.900138312072235713e-01
1.458653009670193068e+00
2.844404312733387119e+00
2.664150556089395216e-01
9.563546608421180650e-03
5.601275147469766402e-01
2.664150556089395216e-01
nan
nan
7.900138312072235713e-01
9.757692514923692606e-01
1.131326179036032276e+00
7.900138312072235713e-01
4.928854933145458972e-01
5.601275147469766402e-01
-2.567090157503892911e-01
9.563546608421180650e-03
-1.055329037226826472e-02
-2.350629413904598231e+00
9.757692514923692606e-01
-5.812340954915131697e-01
2.882984820883474963e+00
nan
nan
-1.303431862708002154e+00
1.941974956376318229e+00
nan
-7.803077913486919925e-01
4.928854933145458972e-01
1.131326179036032276e+00
-7.803077913486919925e-01
-4.733202115694199463e-01
-1.055329037226826472e-02
nan
2.425296903082442501e+00
nan
-2.567090157503892911e-01
9.563546608421180650e-03
-1.055329037226826472e-02
-7.803077913486919925e-01
-2.405731621337316550e+00
-1.723113564899833694e+00
2.664150556089395216e-01
-9.566421582755273434e-01
-1.152432759780568361e+00
2.664150556089395216e-01
4.928854933145458972e-01
5.601275147469766402e-01
2.664150556089395216e-01
4.928854933145458972e-01
5.601275147469766402e-01
1.313137902566551940e+00
-4.733202115694199463e-01
-1.152432759780568361e+00
-2.567090157503892911e-01
-9.566421582755273434e-01
-1.723113564899833694e+00
-7.803077913486919925e-01
-4.733202115694199463e-01
-1.055329037226826472e-02
-2.567090157503892911e-01
1.458653009670193068e+00
-1.152432759780568361e+00
7.900138312072235713e-01
-9.566421582755273434e-01
-1.152432759780568361e+00
-7.803077913486919925e-01
-4.733202115694199463e-01
-1.055329037226826472e-02
7.900138312072235713e-01
4.928854933145458972e-01
5.601275147469766402e-01
-2.567090157503892911e-01
9.563546608421180650e-03
-1.055329037226826472e-02
-7.803077913486919925e-01
-4.733202115694199463e-01
-1.055329037226826472e-02
-2.567090157503892911e-01
9.563546608421180650e-03
-1.055329037226826472e-02
-7.803077913486919925e-01
-9.566421582755273434e-01
-5.812340954915131697e-01
-7.803077913486919925e-01
-4.733202115694199463e-01
-5.812340954915131697e-01
1.313137902566551940e+00
-4.733202115694199463e-01
-5.812340954915131697e-01
-1.303431862708002154e+00
-9.566421582755273434e-01
-5.812340954915131697e-01
2.664150556089395216e-01
9.563546608421180650e-03
-1.055329037226826472e-02
6.438727404917305996e-01
5.026451468992103599e-01
7.283022801394345436e-01
1.092671691004561740e+00
2.215723280596565647e+00
2.298623902695347443e+00
1.092671691004561740e+00
-6.392343225090897363e-01
-1.365143413775806724e+00
-2.944891306220101423e+00
-6.392343225090897363e-01
-8.415446381775049112e-01
1.950737899788994589e-01
-6.803565822003454500e-02
2.051782087801066190e-01
-2.533182711862234093e-01
-6.803565822003454500e-02
2.051782087801066190e-01
-2.533182711862234093e-01
-6.803565822003454500e-02
2.051782087801066190e-01
1.541063752169684609e+00
-6.392343225090897363e-01
-1.365143413775806724e+00
-1.150509282864177640e+00
-6.803565822003454500e-02
-3.184205668181956383e-01
1.541063752169684609e+00
2.215723280596565647e+00
nan
6.438727404917305996e-01
-6.392343225090897363e-01
-8.415446381775049112e-01
-1.598901344029316496e+00
-1.210432986798144928e+00
-3.184205668181956383e-01
-1.150509282864177640e+00
-6.803565822003454500e-02
-3.184205668181956383e-01
-2.533182711862234093e-01
-6.803565822003454500e-02
2.051782087801066190e-01
6.438727404917305996e-01
5.026451468992103599e-01
7.283022801394345436e-01
1.092671691004561740e+00
-1.210432986798144928e+00
-1.888742189374108760e+00
1.092671691004561740e+00
-1.210432986798144928e+00
2.298623902695347443e+00
6.438727404917305996e-01
-6.392343225090897363e-01
-8.415446381775049112e-01
-2.944891306220101423e+00
1.073843811188265551e+00
1.775025127097045630e+00
6.438727404917305996e-01
-6.392343225090897363e-01
-8.415446381775049112e-01
6.438727404917305996e-01
5.026451468992103599e-01
7.283022801394345436e-01
6.438727404917305996e-01
2.215723280596565647e+00
-8.415446381775049112e-01
1.950737899788994589e-01
5.026451468992103599e-01
2.051782087801066190e-01
1.541063752169684609e+00
nan
-2.934990332092727527e+00
1.989862702682515749e+00
2.215723280596565647e+00
2.821747974054657160e+00
6.438727404917305996e-01
5.026451468992103599e-01
7.283022801394345436e-01
-1.598901344029316496e+00
-6.392343225090897363e-01
-1.365143413775806724e+00
6.438727404917305996e-01
5.026451468992103599e-01
7.283022801394345436e-01
1.541063752169684609e+00
1.073843811188265551e+00
7.283022801394345436e-01
-2.533182711862234093e-01
-1.781113791917390055e+00
2.051782087801066190e-01
-2.047700294542131871e+00
2.786404085715830536e+00
-3.184205668181956383e-01
1.092671691004561740e+00
5.026451468992103599e-01
7.283022801394345436e-01
-2.496092355707270727e+00
-6.392343225090897363e-01
-8.415446381775049112e-01
-1.150509282864177640e+00
-6.392343225090897363e-01
-3.184205668181956383e-01
1.092671691004561740e+00
5.026451468992103599e-01
7.283022801394345436e-01
-2.533182711862234093e-01
-6.392343225090897363e-01
-8.415446381775049112e-01
nan
5.026451468992103599e-01
1.251901055737718149e+00
-2.533182711862234093e-01
-6.803565822003454500e-02
2.051782087801066190e-01
-2.944891306220101423e+00
5.026451468992103599e-01
1.251901055737718149e+00
-1.598901344029316496e+00
1.073843811188265551e+00
1.775025127097045630e+00
-1.716424550623253165e+00
-2.786955640951398916e+00
-4.610907680979923207e-01
-1.716424550623253165e+00
5.945452318782873391e-01
-1.031771573217259430e+00
-2.763147397580862918e+00
2.526956641646183943e+00
1.101078961910442189e-01
-1.465776323063257003e-01
-3.716604730056780603e-01
-4.610907680979923207e-01
1.946868061608912459e+00
-8.545442311835018678e-01
6.807887013103113283e-01
2.470466837207194732e+00
nan
-4.610907680979923207e-01
9.001452146512840535e-01
-1.821188124595751301e+00
-4.610907680979923207e-01
2.470466837207194732e+00
1.116614737004462121e-01
-1.031771573217259430e+00
2.993590908566522213e+00
nan
1.101078961910442189e-01
-1.465776323063257003e-01
-3.716604730056780603e-01
1.101078961910442189e-01
-2.763147397580862918e+00
-1.821188124595751301e+00
-1.031771573217259430e+00
nan
2.044072883468360136e+00
1.822668170718614977e+00
nan
1.116614737004462121e-01
6.807887013103113283e-01
-1.465776323063257003e-01
-3.716604730056780603e-01
1.101078961910442189e-01
-1.716424550623253165e+00
2.044072883468360136e+00
-4.610907680979923207e-01
-6.701764079046172995e-01
-8.545442311835018678e-01
-4.610907680979923207e-01
9.001452146512840535e-01
5.945452318782873391e-01
6.807887013103113283e-01
-1.193300479263935232e+00
-2.304071882773575108e+00
-4.610907680979923207e-01
-1.716424550623253165e+00
-2.786955640951398916e+00
-4.610907680979923207e-01
1.423743990249584979e+00
1.077867178584394292e+00
6.807887013103113283e-01
1.946868061608912459e+00
2.526956641646183943e+00
-4.610907680979923207e-01
3.770211432919756689e-01
1.560750936762235863e+00
-1.031771573217259430e+00
9.001452146512840535e-01
5.945452318782873391e-01
6.807887013103113283e-01
-6.701764079046172995e-01
-1.337866177889626584e+00
-1.602970237506316398e+00
-6.701764079046172995e-01
-8.545442311835018678e-01
-4.610907680979923207e-01
-2.763147397580862918e+00
2.526956641646183943e+00
1.101078961910442189e-01
-6.701764079046172995e-01
-8.545442311835018678e-01
-4.610907680979923207e-01
3.770211432919756689e-01
-3.716604730056780603e-01
1.101078961910442189e-01
3.770211432919756689e-01
1.116614737004462121e-01
1.101078961910442189e-01
3.770211432919756689e-01
1.116614737004462121e-01
1.101078961910442189e-01
1.946868061608912459e+00
nan
1.822668170718614977e+00
-6.701764079046172995e-01
-8.545442311835018678e-01
-1.031771573217259430e+00
1.423743990249584979e+00
2.044072883468360136e+00
2.393348975837862103e+00
9.001452146512840535e-01
1.116614737004462121e-01
1.101078961910442189e-01
2.993590908566522213e+00
1.560750936762235863e+00
1.822668170718614977e+00
1.423743990249584979e+00
2.526956641646183943e+00
-4.610907680979923207e-01
-6.701764079046172995e-01
-8.545442311835018678e-01
-4.610907680979923207e-01
3.770211432919756689e-01
1.116614737004462121e-01
1.101078961910442189e-01
9.001452146512840535e-01
5.945452318782873391e-01
6.807887013103113283e-01
nan
5.945452318782873391e-01
1.251987365599368740e+00
-4.548189181526391955e-01
-5.795078982588575123e-01
-1.159280008803480921e+00
nan
-5.590912266056502489e-02
9.338492156190922877e-01
-4.548189181526391955e-01
-5.795078982588575123e-01
-1.159280008803480921e+00
nan
1.513937795656365548e+00
nan
3.034573707865387160e+00
4.672149486987540179e-01
-1.159280008803480921e+00
1.638310306269930461e+00
4.672149486987540179e-01
2.363504538066676375e-01
-2.547948142575220842e+00
4.672149486987540179e-01
9.338492156190922877e-01
-4.548189181526391955e-01
-5.795078982588575123e-01
-4.611483080057574568e-01
nan
1.513937795656365548e+00
nan
-4.548189181526391955e-01
-5.795078982588575123e-01
-1.159280008803480921e+00
nan
1.513937795656365548e+00
nan
2.433127826450829367e-01
-5.590912266056502489e-02
-4.611483080057574568e-01
-2.547948142575220842e+00
2.560660642613985960e+00
nan
2.336442007067652593e+00
nan
2.363504538066676375e-01
2.433127826450829367e-01
1.513937795656365548e+00
nan
2.433127826450829367e-01
-5.795078982588575123e-01
-4.611483080057574568e-01
-4.548189181526391955e-01
-5.795078982588575123e-01
-1.159280008803480921e+00
9.408115444575066988e-01
9.903390200580726166e-01
2.330112617214551651e+00
nan
2.037536571254667361e+00
nan
1.638310306269930461e+00
1.513937795656365548e+00
nan
-2.547948142575220842e+00
9.903390200580726166e-01
-4.611483080057574568e-01
-4.548189181526391955e-01
-5.795078982588575123e-01
-4.611483080057574568e-01
nan
2.037536571254667361e+00
nan
2.336442007067652593e+00
9.903390200580726166e-01
9.338492156190922877e-01
nan
nan
-4.611483080057574568e-01
2.433127826450829367e-01
-5.590912266056502489e-02
-4.611483080057574568e-01
2.433127826450829367e-01
9.903390200580726166e-01
3.027611379026976746e+00
nan
-5.590912266056502489e-02
9.338492156190922877e-01
9.408115444575066988e-01
nan
-4.611483080057574568e-01
-1.152317679965062514e+00
4.672149486987540179e-01
-1.856778770615905572e+00
2.433127826450829367e-01
-5.795078982588575123e-01
-4.611483080057574568e-01
-1.152317679965062514e+00
2.037536571254667361e+00
2.363504538066676375e-01
3.034573707865387160e+00
-5.590912266056502489e-02
1.631980916416816196e+00
nan
-2.672953592174089454e+00
nan
9.408115444575066988e-01
-5.590912266056502489e-02
2.363504538066676375e-01
2.433127826450829367e-01
-5.590912266056502489e-02
-4.611483080057574568e-01
-4.548189181526391955e-01
-1.102631969618176111e+00
-1.856778770615905572e+00
2.433127826450829367e-01
-5.590912266056502489e-02
-4.611483080057574568e-01
-1.850449380762797080e+00
-2.149354816575796967e+00
-4.611483080057574568e-01
2.336442007067652593e+00
-5.590912266056502489e-02
-1.856778770615905572e+00
7.128959698378940502e-01
3.014952599320742888e+00
nan
-4.284656404006184083e-01
3.979081298072224548e-01
2.237703525359182155e+00
1.284094634126939471e+00
2.491353823722460614e+00
nan
-4.284656404006184083e-01
-1.171938788509705009e+00
-1.949187862471271293e+00
1.422151647186375989e-01
-6.488147171503872990e-01
-5.541903388464435309e-01
-4.284656404006184083e-01
-1.171938788509705009e+00
-1.251689100658857523e+00
1.284094634126939471e+00
nan
8.420730627490309317e-01
1.422151647186375989e-01
-1.256906457910691444e-01
1.439413619512937004e-01
-1.570345109808920503e+00
-1.256906457910691444e-01
-1.949187862471271293e+00
nan
3.014952599320742888e+00
nan
-9.996643046896642737e-01
1.968229752363133134e+00
1.439413619512937004e-01
-4.284656404006184083e-01
-6.488147171503872990e-01
-5.541903388464435309e-01
-9.996643046896642737e-01
3.979081298072224548e-01
2.237703525359182155e+00
-2.141543774097976360e+00
1.968229752363133134e+00
1.439413619512937004e-01
-1.570345109808920503e+00
3.979081298072224548e-01
-1.251689100658857523e+00
-4.284656404006184083e-01
-1.171938788509705009e+00
-1.251689100658857523e+00
-2.141543774097976360e+00
-2.218661635467314763e+00
1.439413619512937004e-01
-4.284656404006184083e-01
-1.171938788509705009e+00
-1.949187862471271293e+00
-9.996643046896642737e-01
-2.742260411065616132e+00
-5.541903388464435309e-01
-4.284656404006184083e-01
-6.488147171503872990e-01
-5.541903388464435309e-01
-2.712224579217232812e+00
nan
nan
-9.996643046896642737e-01
-2.218661635467314763e+00
1.439413619512937004e-01
-4.284656404006184083e-01
-6.488147171503872990e-01
-5.541903388464435309e-01
1.284094634126939471e+00
2.491353823722460614e+00
nan
1.284094634126939471e+00
1.968229752363133134e+00
nan
2.425974103535252002e+00
nan
nan
7.128959698378940502e-01
1.444630976764832209e+00
nan
7.128959698378940502e-01
3.979081298072224548e-01
1.539571824561444924e+00
1.422151647186375989e-01
-1.256906457910691444e-01
1.439413619512937004e-01
-4.284656404006184083e-01
-6.488147171503872990e-01
-1.251689100658857523e+00
7.128959698378940502e-01
1.444630976764832209e+00
nan
1.855293298415995995e+00
nan
-2.647319563269008746e+00
1.422151647186375989e-01
-1.256906457910691444e-01
1.439413619512937004e-01
-1.570345109808920503e+00
-1.695537564107996831e+00
2.935202287171620572e+00
-4.284656404006184083e-01
-6.488147171503872990e-01
-5.541903388464435309e-01
1.422151647186375989e-01
-1.256906457910691444e-01
8.420730627490309317e-01
nan
3.014952599320742888e+00
nan
-9.996643046896642737e-01
-1.695537564107996831e+00
-2.647319563269008746e+00
2.425974103535252002e+00
nan
2.237703525359182155e+00
7.128959698378940502e-01
1.444630976764832209e+00
nan
nan
-2.642979410226876880e+00
nan
1.235642435552562812e+00
1.842975648162898050e+00
2.407687201601699467e+00
-2.297225187019013681e+00
-1.297396337383787124e+00
-2.694908663227050916e+00
4.506003003343401758e-01
-4.002053257058353353e-01
-1.124824392790633176e+00
-7.271409165825954979e-01
-1.297396337383787124e+00
3.192729336819908337e+00
2.413027624290254192e+00
nan
5.256079594707196989e-02
2.020328542591527832e+00
-8.485973868709573154e-01
-2.694908663227050916e+00
4.506003003343401758e-01
4.969856859721160092e-01
4.452598776457850072e-01
5.790121863562758264e-02
4.818673545928620072e-02
-3.397822575724243066e-01
4.506003003343401758e-01
4.969856859721160092e-01
4.452598776457850072e-01
4.506003003343401758e-01
4.969856859721160092e-01
4.452598776457850072e-01
8.429433538538364523e-01
9.457846364849458176e-01
8.376029311652812837e-01
nan
nan
5.256079594707196989e-02
5.790121863562758264e-02
4.818673545928620072e-02
5.256079594707196989e-02
1.235642435552562812e+00
-8.485973868709573154e-01
1.622645066383489709e+00
-3.344418348838686939e-01
-8.485973868709573154e-01
-1.517523474489359758e+00
-7.271409165825954979e-01
-8.485973868709573154e-01
-1.124824392790633176e+00
5.790121863562758264e-02
4.818673545928620072e-02
-3.397822575724243066e-01
-7.271409165825954979e-01
-1.745788398548925091e+00
-2.694908663227050916e+00
1.235642435552562812e+00
2.291367709328035129e+00
nan
5.790121863562758264e-02
4.818673545928620072e-02
-3.397822575724243066e-01
8.429433538538364523e-01
9.457846364849458176e-01
1.230302012864008088e+00
8.429433538538364523e-01
9.457846364849458176e-01
8.376029311652812837e-01
-1.119483970102077786e+00
1.842975648162898050e+00
-1.517523474489359758e+00
-1.512183051800804590e+00
-1.297396337383787124e+00
-1.517523474489359758e+00
5.790121863562758264e-02
4.818673545928620072e-02
5.256079594707196989e-02
-1.512183051800804590e+00
-1.745788398548925091e+00
3.192729336819908337e+00
-3.344418348838686939e-01
-2.642979410226876880e+00
-1.910222556188086562e+00
8.429433538538364523e-01
9.457846364849458176e-01
1.230302012864008088e+00
2.020328542591527832e+00
nan
-7.324813392711506665e-01
-7.271409165825954979e-01
-1.745788398548925091e+00
-2.302565609707568850e+00
1.235642435552562812e+00
1.842975648162898050e+00
2.407687201601699467e+00
-7.271409165825954979e-01
-1.745788398548925091e+00
1.622645066383489709e+00
5.790121863562758264e-02
4.818673545928620072e-02
5.256079594707196989e-02
8.429433538538364523e-01
nan
-1.124824392790633176e+00
8.429433538538364523e-01
9.457846364849458176e-01
8.376029311652812837e-01
2.020328542591527832e+00
-4.002053257058353353e-01
-2.302565609707568850e+00
-3.344418348838686939e-01
-4.002053257058353353e-01
-7.324813392711506665e-01
-3.344418348838686939e-01
-4.002053257058353353e-01
-7.324813392711506665e-01
3.198069759508463061e+00
1.394176697650067798e+00
-7.324813392711506665e-01
-1.748700049497040609e-01
-1.309123924198813960e-01
4.466127847268808182e-01
-8.026188905808862017e-01
-2.747956861933405825e+00
4.466127847268808182e-01
4.534485257682465686e-01
3.922116789394376468e-01
4.466127847268808182e-01
-1.748700049497040609e-01
-1.309123924198813960e-01
-1.811361009042888881e-01
-1.430937421298848156e+00
-2.224358086335113338e+00
-1.811361009042888881e-01
1.708946297030610406e+00
9.153357502987562455e-01
1.074931315444841662e+00
-2.687004837647981148e+00
9.153357502987562455e-01
1.703249846162802950e+00
-1.430937421298848156e+00
-2.224358086335113338e+00
-1.811361009042888881e-01
-1.748700049497040609e-01
-1.177635239377492704e+00
-1.437203517253419438e+00
4.534485257682465686e-01
-6.545111680181738834e-01
-1.437203517253419438e+00
-1.748700049497040609e-01
-1.309123924198813960e-01
4.466127847268808182e-01
-1.430937421298848156e+00
2.485657372854660263e+00
-8.088849865354585944e-01
1.081197411399428265e+00
-1.177635239377492704e+00
4.466127847268808182e-01
1.081197411399428265e+00
1.438934525897048733e+00
2.959317262511933055e+00
-2.687004837647981148e+00
1.962533301495350546e+00
nan
1.081197411399428265e+00
9.153357502987562455e-01
1.074931315444841662e+00
-1.430937421298848156e+00
-1.177635239377492704e+00
-8.088849865354585944e-01
-8.026188905808862017e-01
-6.545111680181738834e-01
-1.811361009042888881e-01
2.965583358466523212e+00
3.009256148452962076e+00
-1.811361009042888881e-01
4.534485257682465686e-01
3.922116789394376468e-01
4.466127847268808182e-01
-8.026188905808862017e-01
-2.747956861933405825e+00
-2.693270933602549988e+00
1.081197411399428265e+00
3.922116789394376468e-01
1.074931315444841662e+00
nan
1.962533301495350546e+00
nan
-1.748700049497040609e-01
-1.309123924198813960e-01
-1.811361009042888881e-01
4.534485257682465686e-01
-1.177635239377492704e+00
-1.437203517253419438e+00
1.708946297030610406e+00
9.153357502987562455e-01
4.466127847268808182e-01
-1.748700049497040609e-01
-1.309123924198813960e-01
4.466127847268808182e-01
-1.748700049497040609e-01
-1.309123924198813960e-01
-1.811361009042888881e-01
-2.058686306930030074e+00
-2.747956861933405825e+00
-1.437203517253419438e+00
-2.058686306930030074e+00
9.153357502987562455e-01
-8.088849865354585944e-01
4.534485257682465686e-01
3.922116789394376468e-01
4.466127847268808182e-01
nan
9.153357502987562455e-01
1.703249846162802950e+00
-1.748700049497040609e-01
-1.309123924198813960e-01
4.466127847268808182e-01
nan
1.962533301495350546e+00
nan
4.534485257682465686e-01
3.922116789394376468e-01
4.466127847268808182e-01
4.534485257682465686e-01
-1.701234014975794517e+00
-1.437203517253419438e+00
-1.430937421298848156e+00
-1.177635239377492704e+00
-8.088849865354585944e-01
nan
-1.309123924198813960e-01
1.703249846162802950e+00
-1.430937421298848156e+00
-1.177635239377492704e+00
-8.088849865354585944e-01
2.337264827748561036e+00
3.922116789394376468e-01
-8.088849865354585944e-01
-5.465375311149514026e-01
2.155397815531978623e-02
1.896468230630965479e-02
-5.465375311149514026e-01
nan
1.896468230630965479e-02
-1.117218336234197418e+00
-5.491268269639473232e-01
-5.522339819827268848e-01
2.466113317410467687e-02
5.927526424443563258e-01
5.896454874255767642e-01
-1.117218336234197418e+00
-1.691006296372251194e+00
2.302205761953127539e+00
1.166540602582406994e+00
1.734632111852680847e+00
1.731524956833880413e+00
-5.465375311149514026e-01
2.155397815531978623e-02
1.896468230630965479e-02
-5.465375311149514026e-01
2.155397815531978623e-02
1.896468230630965479e-02
-5.465375311149514026e-01
2.155397815531978623e-02
1.896468230630965479e-02
-1.688417000523253497e+00
-1.120325491253004291e+00
-5.522339819827268848e-01
-1.688417000523253497e+00
2.305312916971927084e+00
nan
-2.259615664812299585e+00
2.875993722091174210e+00
nan
5.953419382933708981e-01
-5.491268269639473232e-01
-1.122914787101993994e+00
nan
5.927526424443563258e-01
2.302205761953127539e+00
-2.830296469931555592e+00
2.875993722091174210e+00
nan
2.879100877109975531e+00
nan
nan
-1.688417000523253497e+00
-1.120325491253004291e+00
-5.522339819827268848e-01
1.166540602582406994e+00
nan
1.160844151714634176e+00
1.166540602582406994e+00
1.163433447563623435e+00
1.731524956833880413e+00
-1.688417000523253497e+00
-1.691006296372251194e+00
-1.122914787101993994e+00
-5.465375311149514026e-01
2.155397815531978623e-02
1.896468230630965479e-02
2.308420071990729294e+00
nan
-2.264794256510298087e+00
-5.465375311149514026e-01
2.155397815531978623e-02
1.896468230630965479e-02
5.953419382933708981e-01
nan
5.896454874255767642e-01
1.166540602582406994e+00
-5.491268269639473232e-01
-1.122914787101993994e+00
2.308420071990729294e+00
nan
nan
-5.465375311149514026e-01
2.155397815531978623e-02
1.896468230630965479e-02
5.953419382933708981e-01
1.163433447563623435e+00
1.160844151714634176e+00
nan
-1.120325491253004291e+00
1.160844151714634176e+00
-5.465375311149514026e-01
2.155397815531978623e-02
1.896468230630965479e-02
nan
2.305312916971927084e+00
nan
2.466113317410467687e-02
2.155397815531978623e-02
1.896468230630965479e-02
-2.259615664812299585e+00
-1.691006296372251194e+00
-1.694113451391050962e+00
2.466113317410467687e-02
2.155397815531978623e-02
5.896454874255767642e-01
-1.117218336234197418e+00
-5.491268269639473232e-01
-5.522339819827268848e-01
2.879100877109975531e+00
nan
1.896468230630965479e-02
2.879100877109975531e+00
nan
1.896468230630965479e-02
5.953419382933708981e-01
5.927526424443563258e-01
5.896454874255767642e-01
-5.465375311149514026e-01
nan
-2.264794256510298087e+00
nan
2.875993722091174210e+00
nan
-5.110044250025391754e-01
-2.455873735799229962e-01
-5.171390643986311098e-01
-2.812066682469804846e-02
6.511967487503205199e-01
9.323885871914416867e-01
-1.960532076592612194e+00
-1.142778385257890772e+00
-1.000461011104755826e+00
-5.110044250025391754e-01
-2.455873735799229962e-01
-5.171390643986311098e-01
-1.960532076592612194e+00
2.445985661453932369e+00
-2.932434232344368841e+00
-2.812066682469804846e-02
-2.455873735799229962e-01
-3.381711769250639321e-02
-1.960532076592612194e+00
2.028046875851985398e-01
1.415272345369282814e+00
-2.812066682469804846e-02
-2.455873735799229962e-01
-3.381711769250639321e-02
-5.110044250025391754e-01
-2.455873735799229962e-01
-5.171390643986311098e-01
9.380850380592500315e-01
2.028046875851985398e-01
4.490666404853174143e-01
4.552012798814093486e-01
-6.943863240927528047e-01
-1.000461011104755826e+00
1.421406984765374748e+00
nan
-1.483344769282579634e+00
-1.477210129886487477e+00
1.997186710941102117e+00
nan
-2.812066682469804846e-02
6.511967487503205199e-01
9.323885871914416867e-01
2.387174501121022363e+00
1.548794649775980137e+00
nan
-2.812066682469804846e-02
2.445985661453932369e+00
nan
9.380850380592500315e-01
1.548794649775980137e+00
nan
4.552012798814093486e-01
2.028046875851985398e-01
4.490666404853174143e-01
-9.943263717086638920e-01
-6.943863240927528047e-01
-5.171390643986311098e-01
1.421406984765374748e+00
1.548794649775980137e+00
nan
-1.477210129886487477e+00
-6.943863240927528047e-01
-1.000461011104755826e+00
9.380850380592500315e-01
1.548794649775980137e+00
nan
-1.960532076592612194e+00
-6.943863240927528047e-01
-1.000461011104755826e+00
-2.812066682469804846e-02
-2.455873735799229962e-01
-3.381711769250639321e-02
4.552012798814093486e-01
6.511967487503205199e-01
9.323885871914416867e-01
-1.477210129886487477e+00
6.511967487503205199e-01
9.323885871914416867e-01
4.552012798814093486e-01
6.511967487503205199e-01
1.415272345369282814e+00
-2.812066682469804846e-02
-2.455873735799229962e-01
-3.381711769250639321e-02
-5.110044250025391754e-01
-1.591577335770704593e+00
-1.000461011104755826e+00
-2.812066682469804846e-02
2.028046875851985398e-01
-3.381711769250639321e-02
-2.812066682469804846e-02
-2.455873735799229962e-01
-3.381711769250639321e-02
4.552012798814093486e-01
1.099995699263150772e+00
2.381478050253230894e+00
-2.812066682469804846e-02
-6.943863240927528047e-01
-1.483344769282579634e+00
1.421406984765374748e+00
1.099995699263150772e+00
1.415272345369282814e+00
-1.477210129886487477e+00
-6.943863240927528047e-01
-1.000461011104755826e+00
9.380850380592500315e-01
1.548794649775980137e+00
2.864799996959356054e+00
-2.812066682469804846e-02
-2.455873735799229962e-01
-3.381711769250639321e-02
-9.943263717086638920e-01
-1.142778385257890772e+00
-1.483344769282579634e+00
4.552012798814093486e-01
2.028046875851985398e-01
4.490666404853174143e-01
9.380850380592500315e-01
6.511967487503205199e-01
1.415272345369282814e+00
-1.915705390148335630e+00
3.071679755879220597e+00
1.692110120021330655e+00
-1.287956504517153489e+00
1.501595485442806410e+00
-4.010191044012421102e-01
5.964294425499412355e-01
nan
-4.010191044012421102e-01
-3.188908816802094037e-02
7.161973220453545785e-01
9.939784192236076343e-01
1.224178328181122932e+00
2.286281592481782976e+00
nan
-2.544023920866286481e+00
nan
nan
-6.602076188859715700e-01
-8.538869483910600522e-01
-4.010191044012421102e-01
-2.544023920866286481e+00
nan
-1.099150805198965575e+00
-3.188908816802094037e-02
-6.920084135208348641e-02
2.964796574111829841e-01
-6.602076188859715700e-01
-8.538869483910600522e-01
-4.010191044012421102e-01
-1.287956504517153489e+00
-8.538869483910600522e-01
-1.099150805198965575e+00
-3.188908816802094037e-02
-6.920084135208348641e-02
2.964796574111829841e-01
-1.287956504517153489e+00
-2.423971218827475127e+00
-2.494781267809126124e+00
-1.287956504517153489e+00
-1.638573055430037062e+00
-1.099150805198965575e+00
-1.287956504517153489e+00
-1.638573055430037062e+00
-1.099150805198965575e+00
nan
7.161973220453545785e-01
nan
-3.188908816802094037e-02
-6.920084135208348641e-02
2.964796574111829841e-01
1.224178328181122932e+00
2.286281592481782976e+00
nan
5.964294425499412355e-01
-1.638573055430037062e+00
-2.494781267809126124e+00
nan
-1.638573055430037062e+00
nan
-6.602076188859715700e-01
-8.538869483910600522e-01
-4.010191044012421102e-01
1.224178328181122932e+00
nan
nan
1.224178328181122932e+00
nan
nan
-3.188908816802094037e-02
-6.920084135208348641e-02
9.939784192236076343e-01
1.852496858899073562e+00
nan
-1.099150805198965575e+00
-3.188908816802094037e-02
-6.920084135208348641e-02
2.964796574111829841e-01
nan
nan
-2.494781267809126124e+00
-6.602076188859715700e-01
-8.538869483910600522e-01
-4.010191044012421102e-01
5.964294425499412355e-01
7.161973220453545785e-01
1.692110120021330655e+00
-3.188908816802094037e-02
-6.920084135208348641e-02
2.964796574111829841e-01
-3.188908816802094037e-02
-6.920084135208348641e-02
2.964796574111829841e-01
nan
-6.920084135208348641e-02
3.087740582631492092e+00
-3.188908816802094037e-02
nan
-2.494781267809126124e+00
-1.287956504517153489e+00
-8.538869483910600522e-01
-2.494781267809126124e+00
-3.188908816802094037e-02
-6.920084135208348641e-02
2.964796574111829841e-01
-1.287956504517153489e+00
-1.638573055430037062e+00
-1.099150805198965575e+00
-3.188908816802094037e-02
7.161973220453545785e-01
2.390241820819066998e+00
5.964294425499412355e-01
nan
-1.796649567011390447e+00
-3.188908816802094037e-02
-6.920084135208348641e-02
9.939784192236076343e-01
-1.287956504517153489e+00
-1.638573055430037062e+00
-1.796649567011390447e+00
4.904754564089257585e-01
1.342765031834832090e+00
-1.425620733822239750e+00
2.284857479764833332e+00
1.342765031834832090e+00
6.680148417885822809e-01
4.167650589609461775e-02
-1.346262549954588827e-01
-1.693634357775075649e-01
1.836058529252018179e+00
1.342765031834832090e+00
1.086514098876044887e+00
3.182048491442803329e+00
6.042369310922786063e-01
-1.007121476734791798e+00
1.387666468086879323e+00
6.042369310922786063e-01
2.491358213099403862e-01
1.387666468086879323e+00
6.042369310922786063e-01
6.680148417885822809e-01
nan
2.820826489355451994e+00
-1.693634357775075649e-01
nan
9.735009814635549041e-01
2.761270654008225467e+00
-8.555145057818593912e-01
-1.981951762887355084e+00
-1.693634357775075649e-01
4.904754564089257585e-01
-1.346262549954588827e-01
-1.693634357775075649e-01
1.836058529252018179e+00
9.735009814635549041e-01
6.680148417885822809e-01
4.167650589609461775e-02
1.712364167551279959e+00
-1.007121476734791798e+00
1.387666468086879323e+00
2.081963303267726939e+00
-2.681498268475792646e+00
2.284857479764833332e+00
1.712364167551279959e+00
1.086514098876044887e+00
1.387666468086879323e+00
6.042369310922786063e-01
2.491358213099403862e-01
-8.555145057818593912e-01
-8.734894410831830491e-01
-1.007121476734791798e+00
-4.071224446167365230e-01
-5.042253907118934286e-01
-5.882424562561499037e-01
nan
6.042369310922786063e-01
1.505393119354672127e+00
-8.555145057818593912e-01
-8.734894410831830491e-01
-1.007121476734791798e+00
1.387666468086879323e+00
6.042369310922786063e-01
2.491358213099403862e-01
nan
-1.612352627170907216e+00
6.680148417885822809e-01
1.836058529252018179e+00
1.712364167551279959e+00
1.505393119354672127e+00
-2.201097578624952256e+00
6.042369310922786063e-01
1.086514098876044887e+00
-8.555145057818593912e-01
-8.734894410831830491e-01
-1.007121476734791798e+00
-4.071224446167365230e-01
-5.042253907118934286e-01
-5.882424562561499037e-01
9.388675175740486267e-01
-8.734894410831830491e-01
-1.844119990909687701e+00
4.167650589609461775e-02
-1.346262549954588827e-01
-1.693634357775075649e-01
4.167650589609461775e-02
-5.042253907118934286e-01
-1.693634357775075649e-01
-4.071224446167365230e-01
-5.042253907118934286e-01
-5.882424562561499037e-01
9.388675175740486267e-01
2.346377953758311818e-01
2.491358213099403862e-01
-2.649896529137767409e+00
2.346377953758311818e-01
6.680148417885822809e-01
nan
6.042369310922786063e-01
1.086514098876044887e+00
4.904754564089257585e-01
-1.346262549954588827e-01
-1.693634357775075649e-01
9.388675175740486267e-01
2.346377953758311818e-01
2.491358213099403862e-01
4.904754564089257585e-01
-1.346262549954588827e-01
-1.693634357775075649e-01
1.387666468086879323e+00
6.042369310922786063e-01
2.491358213099403862e-01
-8.555145057818593912e-01
-8.734894410831830491e-01
-5.882424562561499037e-01
nan
6.042369310922786063e-01
1.086514098876044887e+00
1.387666468086879323e+00
-8.734894410831830491e-01
6.680148417885822809e-01
-3.168382193549055259e-01
-1.550278066979183578e+00
-1.718165132832853770e+00
-1.014969920152641425e+00
-1.550278066979183578e+00
-1.020033432035130083e+00
-1.014969920152641425e+00
-2.334964174018160143e+00
2.468726254997603231e+00
1.078792243255243033e+00
8.052043668546828847e-01
3.749640915897192173e-01
3.806605424575191243e-01
8.052043668546828847e-01
3.749640915897192173e-01
-3.168382193549055259e-01
1.980620345723105302e-02
-3.225346702227054330e-01
-1.014969920152641425e+00
-1.550278066979183578e+00
-1.020033432035130083e+00
-1.014969920152641425e+00
8.052043668546828847e-01
1.771227493185179025e+00
3.806605424575191243e-01
8.052043668546828847e-01
3.749640915897192173e-01
1.776291005067667239e+00
nan
1.073095792387442682e+00
-3.168382193549055259e-01
-7.648799035817317460e-01
-3.225346702227054330e-01
2.474422705865403582e+00
nan
-3.225346702227054330e-01
1.776291005067667239e+00
3.159974744330074525e+00
nan
1.078792243255243033e+00
nan
1.073095792387442682e+00
-3.168382193549055259e-01
1.980620345723105302e-02
-3.225346702227054330e-01
nan
-2.334964174018160143e+00
3.166857955795327140e+00
-2.410600382762789984e+00
nan
3.749640915897192173e-01
-1.712468681965054085e+00
-1.550278066979183578e+00
-1.718165132832853770e+00
3.171921467677827788e+00
nan
nan
1.776291005067667239e+00
nan
1.771227493185179025e+00
-2.410600382762789984e+00
2.375288637291097960e+00
3.749640915897192173e-01
1.776291005067667239e+00
nan
nan
-1.014969920152641425e+00
-1.550278066979183578e+00
-1.020033432035130083e+00
nan
nan
-2.415663894645278642e+00
-1.014969920152641425e+00
-7.648799035817317460e-01
-1.020033432035130083e+00
-1.014969920152641425e+00
3.159974744330074525e+00
-2.415663894645278642e+00
-1.014969920152641425e+00
-7.648799035817317460e-01
-1.020033432035130083e+00
-3.168382193549055259e-01
-1.550278066979183578e+00
3.166857955795327140e+00
-1.014969920152641425e+00
-1.550278066979183578e+00
-1.020033432035130083e+00
-1.712468681965054085e+00
-1.550278066979183578e+00
-1.718165132832853770e+00
-3.168382193549055259e-01
-7.648799035817317460e-01
-3.225346702227054330e-01
3.171921467677827788e+00
nan
3.749640915897192173e-01
-3.168382193549055259e-01
-7.648799035817317460e-01
-3.225346702227054330e-01
-1.014969920152641425e+00
-7.648799035817317460e-01
-1.020033432035130083e+00
1.078792243255243033e+00
1.589890473893659451e+00
1.073095792387442682e+00
3.171921467677827788e+00
1.589890473893659451e+00
-1.020033432035130083e+00
-2.410600382762789984e+00
1.980620345723105302e-02
3.749640915897192173e-01
3.806605424575191243e-01
nan
3.749640915897192173e-01
3.806605424575191243e-01
1.980620345723105302e-02
-3.225346702227054330e-01
nan
1.980620345723105302e-02
1.771227493185179025e+00
nan
2.686303420575075762e-01
1.948507948979948612e+00
1.666792560608912677e+00
nan
-1.477130459244983651e+00
3.062423023219060791e+00
nan
2.359476744523774094e-01
-1.124468364611396209e+00
-1.127000120552640539e+00
-9.059317949559266836e-01
2.364924261406636585e+00
nan
2.359476744523774094e-01
nan
2.686303420575075762e-01
3.090387418388252261e+00
9.692937987964875823e-01
9.661291038699322264e-01
8.066284795716343048e-01
-1.124468364611396209e+00
-1.127000120552640539e+00
-2.048329123534030405e+00
-4.263366638136729669e-01
-4.295013587402158883e-01
-3.352509898366697882e-01
-4.263366638136729669e-01
-4.295013587402158883e-01
-3.352509898366697882e-01
-2.520098827221556981e+00
3.059891267277816684e+00
2.359476744523774094e-01
2.711620979987521274e-01
2.686303420575075762e-01
2.359476744523774094e-01
1.666792560608912677e+00
3.059891267277816684e+00
nan
9.692937987964875823e-01
-1.127000120552640539e+00
-2.619009928653287744e+00
nan
2.686303420575075762e-01
1.948507948979948612e+00
nan
9.661291038699322264e-01
nan
1.666792560608912677e+00
-4.295013587402158883e-01
1.948507948979948612e+00
9.692937987964875823e-01
1.664260804667668570e+00
8.066284795716343048e-01
9.692937987964875823e-01
-4.295013587402158883e-01
2.519706613268995365e+00
-1.124468364611396209e+00
-1.127000120552640539e+00
-9.059317949559266836e-01
-1.821967126423821082e+00
-2.523263522148099902e+00
-2.619009928653287744e+00
-4.263366638136729669e-01
2.686303420575075762e-01
-3.352509898366697882e-01
-1.821967126423821082e+00
-1.825131821350376438e+00
-2.048329123534030405e+00
9.692937987964875823e-01
9.661291038699322264e-01
8.066284795716343048e-01
2.364924261406636585e+00
1.664260804667668570e+00
2.359476744523774094e-01
-1.821967126423821082e+00
1.664260804667668570e+00
-3.352509898366697882e-01
nan
2.361759566480092776e+00
nan
-1.821967126423821082e+00
nan
2.359476744523774094e-01
2.711620979987521274e-01
-1.127000120552640539e+00
-2.048329123534030405e+00
-1.821967126423821082e+00
2.686303420575075762e-01
8.066284795716343048e-01
nan
-2.523263522148099902e+00
8.066284795716343048e-01
nan
2.686303420575075762e-01
nan
-4.263366638136729669e-01
-1.825131821350376438e+00
-3.352509898366697882e-01
2.711620979987521274e-01
9.661291038699322264e-01
2.359476744523774094e-01
3.062423023219060791e+00
9.661291038699322264e-01
-9.059317949559266836e-01
-1.821967126423821082e+00
3.059891267277816684e+00
8.066284795716343048e-01
2.711620979987521274e-01
2.686303420575075762e-01
-3.352509898366697882e-01
nan
nan
1.948507948979948612e+00
3.062423023219060791e+00
nan
8.066284795716343048e-01
-1.821967126423821082e+00
-2.523263522148099902e+00
8.066284795716343048e-01
