1.940017771095791321e+00
nan
3.853874710768101508e-01
5.944346982527015655e-01
3.880166022465636466e-01
3.853874710768101508e-01
1.456357477398717570e-01
3.880166022465636466e-01
-9.793447562931456574e-02
-3.031632027729580514e-01
-5.781891026374017528e-01
-5.808182338071552486e-01
2.837208782773742666e+00
-2.510600512405298357e+00
-2.996551590281176569e+00
-3.031632027729580514e-01
-5.781891026374017528e-01
-5.808182338071552486e-01
nan
8.713385489526714878e-01
1.351154987432457322e+00
-3.031632027729580514e-01
-5.781891026374017528e-01
-5.808182338071552486e-01
-7.515552639380800315e-01
-5.781891026374017528e-01
-5.808182338071552486e-01
-3.031632027729580514e-01
-9.486715593127703627e-02
-5.808182338071552486e-01
-3.031632027729580514e-01
-5.781891026374017528e-01
-5.808182338071552486e-01
1.456357477398717570e-01
-9.486715593127703627e-02
-9.793447562931456574e-02
-7.515552639380800315e-01
-1.061072860815225560e+00
-5.808182338071552486e-01
1.042826759417823101e+00
8.713385489526714878e-01
3.853874710768101508e-01
2.837208782773742666e+00
nan
3.853874710768101508e-01
-3.031632027729580514e-01
-5.781891026374017528e-01
-5.808182338071552486e-01
1.940017771095791321e+00
nan
3.853874710768101508e-01
-3.031632027729580514e-01
-5.781891026374017528e-01
-5.808182338071552486e-01
-3.031632027729580514e-01
-5.781891026374017528e-01
-5.808182338071552486e-01
1.456357477398717570e-01
-2.027716754227474993e+00
-2.030345885397228489e+00
nan
8.713385489526714878e-01
1.351154987432457322e+00
-2.097138336781169343e+00
-5.781891026374017528e-01
-1.547023938691103773e+00
-3.031632027729580514e-01
-5.781891026374017528e-01
-5.808182338071552486e-01
1.042826759417823101e+00
8.713385489526714878e-01
3.853874710768101508e-01
-1.648746275616031598e+00
-2.027716754227474993e+00
-1.547023938691103773e+00
5.944346982527015655e-01
3.880166022465636466e-01
-9.793447562931456574e-02
-3.031632027729580514e-01
-5.781891026374017528e-01
-5.808182338071552486e-01
-3.031632027729580514e-01
-5.781891026374017528e-01
-5.808182338071552486e-01
1.491625709930653354e+00
nan
-5.808182338071552486e-01
1.042826759417823101e+00
8.713385489526714878e-01
3.853874710768101508e-01
-1.199947325103201790e+00
-1.061072860815225560e+00
-1.064140180513262868e+00
-7.515552639380800315e-01
-1.061072860815225560e+00
-1.064140180513262868e+00
-3.031632027729580514e-01
-5.781891026374017528e-01
-5.808182338071552486e-01
1.491625709930653354e+00
1.837544253836636887e+00
1.351154987432457322e+00
-3.031632027729580514e-01
-9.486715593127703627e-02
-5.808182338071552486e-01
-2.545937287293983609e+00
-9.486715593127703627e-02
2.317798880844706755e+00
1.042826759417823101e+00
8.713385489526714878e-01
8.682712292546339583e-01
-3.031632027729580514e-01
-5.781891026374017528e-01
-5.808182338071552486e-01
-3.031632027729580514e-01
-5.781891026374017528e-01
-5.808182338071552486e-01
-3.031632027729580514e-01
-5.781891026374017528e-01
-5.808182338071552486e-01
-5.972356973338368569e-01
-5.998940410721300687e-01
-2.272000914754785938e-01
2.401425802322663117e-01
2.371044731027658337e-01
2.561218552306461227e-01
-1.783566768551958504e-01
-1.813947839846821175e-01
-2.272000914754785938e-01
-1.783566768551958504e-01
2.371044731027658337e-01
2.561218552306461227e-01
-2.271992252466012996e+00
-5.998940410721300687e-01
-1.193405796359426896e+00
6.590216007108922192e-01
1.074862514060049623e+00
1.222327560114594203e+00
2.401425802322663117e-01
2.371044731027658337e-01
2.561218552306461227e-01
-1.015734954421283920e+00
-5.998940410721300687e-01
-7.100838496533024014e-01
6.590216007108922192e-01
6.559834935814077284e-01
7.390056134084868056e-01
-1.783566768551958504e-01
-1.813947839846821175e-01
-2.272000914754785938e-01
2.333398392451889070e+00
-1.813947839846821175e-01
-1.193405796359426896e+00
-5.972356973338368569e-01
-1.813947839846821175e-01
-2.272000914754785938e-01
-1.434613974899924704e+00
-2.693529616682967198e+00
-1.193405796359426896e+00
-5.972356973338368569e-01
-1.813947839846821175e-01
-2.272000914754785938e-01
1.077520857798354381e+00
1.074862514060049623e+00
1.222327560114594203e+00
-5.972356973338368569e-01
-1.813947839846821175e-01
-2.272000914754785938e-01
2.401425802322663117e-01
6.559834935814077284e-01
7.390056134084868056e-01
nan
1.493361771147497574e+00
2.188533264998560046e+00
6.590216007108922192e-01
6.559834935814077284e-01
1.222327560114594203e+00
-1.015734954421283920e+00
3.168118326279692365e+00
2.561218552306461227e-01
6.590216007108922192e-01
1.074862514060049623e+00
1.222327560114594203e+00
-1.015734954421283920e+00
-1.018773061550772407e+00
-7.100838496533024014e-01
1.496399878276994944e+00
1.493361771147497574e+00
2.188533264998560046e+00
-5.972356973338368569e-01
-1.813947839846821175e-01
-2.272000914754785938e-01
-5.972356973338368569e-01
-1.813947839846821175e-01
-2.272000914754785938e-01
-5.972356973338368569e-01
-5.998940410721300687e-01
-2.272000914754785938e-01
1.496399878276994944e+00
2.330740048713602963e+00
nan
-1.783566768551958504e-01
-1.813947839846821175e-01
-2.272000914754785938e-01
-1.434613974899924704e+00
-1.437272318638235014e+00
-1.193405796359426896e+00
1.077520857798354381e+00
1.493361771147497574e+00
1.705211318292435774e+00
-1.783566768551958504e-01
2.749619069192229315e+00
nan
-5.972356973338368569e-01
-5.998940410721300687e-01
-7.100838496533024014e-01
1.914899135364442007e+00
nan
1.705211318292435774e+00
-1.783566768551958504e-01
2.371044731027658337e-01
2.561218552306461227e-01
-1.783566768551958504e-01
2.371044731027658337e-01
2.561218552306461227e-01
-1.434613974899924704e+00
-1.856151339116862253e+00
-1.676727743065551612e+00
2.401425802322663117e-01
2.371044731027658337e-01
2.561218552306461227e-01
-1.015734954421283920e+00
-1.018773061550772407e+00
-7.100838496533024014e-01
-2.271992252466012996e+00
-1.018773061550772407e+00
-2.159611501243375198e+00
1.914899135364442007e+00
2.330740048713602963e+00
nan
3.616431301999756265e-01
1.004606286690562289e+00
7.486457610308963062e-01
-3.105595149875028937e-02
1.672280091244595646e-01
-3.639637418731300755e-02
-4.233990050182314668e-01
-2.516510113541663429e-01
-4.287394277067950732e-01
-3.105595149875028937e-02
1.672280091244595646e-01
-3.639637418731300755e-02
-3.105595149875028937e-02
1.672280091244595646e-01
-3.639637418731300755e-02
2.716769535854612005e+00
-2.516510113541663429e-01
3.563027075114137965e-01
7.543422118987015423e-01
1.004606286690562289e+00
1.141344842729622666e+00
7.543422118987015423e-01
1.004606286690562289e+00
1.141344842729622666e+00
3.616431301999756265e-01
5.857272662119212825e-01
3.563027075114137965e-01
1.146685265418182720e+00
1.423105543778009352e+00
1.533687896249119387e+00
-3.105595149875028937e-02
1.672280091244595646e-01
-3.639637418731300755e-02
-8.157420585377130884e-01
-6.701502684416285049e-01
-8.214385094055218772e-01
-4.233990050182314668e-01
-2.516510113541663429e-01
-4.287394277067950732e-01
1.146685265418182720e+00
1.423105543778009352e+00
1.533687896249119387e+00
-3.105595149875028937e-02
1.672280091244595646e-01
-3.639637418731300755e-02
7.543422118987015423e-01
1.004606286690562289e+00
7.486457610308963062e-01
-3.105595149875028937e-02
-1.089029288920269511e+00
-1.998823698143227245e+00
-3.105595149875028937e-02
1.672280091244595646e-01
-3.639637418731300755e-02
3.616431301999756265e-01
5.857272662119212825e-01
3.563027075114137965e-01
-1.993483275454646320e+00
-1.089029288920269511e+00
7.486457610308963062e-01
7.543422118987015423e-01
1.004606286690562289e+00
7.486457610308963062e-01
-1.208441140236439004e+00
1.672280091244595646e-01
-1.998823698143227245e+00
-4.233990050182314668e-01
-2.516510113541663429e-01
-4.287394277067950732e-01
-4.233990050182314668e-01
-2.516510113541663429e-01
-4.287394277067950732e-01
-4.233990050182314668e-01
-2.516510113541663429e-01
-4.287394277067950732e-01
-3.105595149875028937e-02
1.672280091244595646e-01
-3.639637418731300755e-02
2.324426482335116173e+00
nan
7.486457610308963062e-01
1.146685265418182720e+00
nan
-4.287394277067950732e-01
-8.157420585377130884e-01
-6.701502684416285049e-01
-8.214385094055218772e-01
1.146685265418182720e+00
1.423105543778009352e+00
1.533687896249119387e+00
-3.105595149875028937e-02
1.672280091244595646e-01
-3.639637418731300755e-02
-3.105595149875028937e-02
1.672280091244595646e-01
-3.639637418731300755e-02
3.616431301999756265e-01
5.857272662119212825e-01
3.563027075114137965e-01
3.616431301999756265e-01
5.857272662119212825e-01
3.563027075114137965e-01
-4.233990050182314668e-01
-2.516510113541663429e-01
-4.287394277067950732e-01
-8.157420585377130884e-01
-2.345286586964998587e+00
-8.214385094055218772e-01
7.543422118987015423e-01
1.004606286690562289e+00
7.486457610308963062e-01
1.931727400636404024e+00
nan
3.563027075114137965e-01
-1.208441140236439004e+00
-1.507528546007716352e+00
1.926386977947831536e+00
1.931727400636404024e+00
-2.516510113541663429e-01
-1.606480644623730969e+00
-1.037848868815742787e+00
-2.006683704869445251e+00
-2.970187247162269006e+00
-5.545269221096180701e-01
-5.575942418076729190e-01
-8.767415532470463901e-01
4.112405942460291008e-01
-7.427229510154820247e-02
-3.531427776487441328e-01
1.860768245836102341e+00
2.341022872844189084e+00
6.935800693088669533e-01
2.344090192542226614e+00
1.858139114666348402e+00
1.216704140668194878e+00
-5.545269221096180701e-01
-5.575942418076729190e-01
-8.767415532470463901e-01
-7.164316393179470666e-02
nan
-8.767415532470463901e-01
-7.164316393179470666e-02
-7.427229510154820247e-02
-3.531427776487441328e-01
4.112405942460291008e-01
-7.427229510154820247e-02
-3.531427776487441328e-01
2.344090192542226614e+00
1.858139114666348402e+00
1.699812937105837918e-01
-2.004054573699691311e+00
-1.040916188513797636e+00
-1.923464400204657698e+00
-1.037848868815742787e+00
-1.040916188513797636e+00
-1.399865624606355663e+00
4.112405942460291008e-01
-7.427229510154820247e-02
-3.531427776487441328e-01
-1.037848868815742787e+00
-1.040916188513797636e+00
-1.399865624606355663e+00
4.112405942460291008e-01
4.086114630762756050e-01
1.699812937105837918e-01
4.112405942460291008e-01
4.086114630762756050e-01
1.699812937105837918e-01
2.344090192542226614e+00
2.824344819550314245e+00
-1.923464400204657698e+00
2.344090192542226614e+00
1.374817167960241004e+00
1.216704140668194878e+00
4.112405942460291008e-01
4.086114630762756050e-01
1.699812937105837918e-01
4.112405942460291008e-01
4.086114630762756050e-01
1.699812937105837918e-01
4.112405942460291008e-01
4.086114630762756050e-01
1.699812937105837918e-01
8.945625409521538174e-01
8.919334097824003216e-01
6.935800693088669533e-01
1.377884487658278534e+00
1.374817167960241004e+00
2.786551058985116125e+00
4.112405942460291008e-01
-7.427229510154820247e-02
1.699812937105837918e-01
8.945625409521538174e-01
4.086114630762756050e-01
1.699812937105837918e-01
8.945625409521538174e-01
4.086114630762756050e-01
1.699812937105837918e-01
-7.164316393179470666e-02
-5.575942418076729190e-01
-8.767415532470463901e-01
4.112405942460291008e-01
-7.427229510154820247e-02
-3.531427776487441328e-01
-1.520732626993583914e+00
-2.006683704869445251e+00
1.740302916266496691e+00
-7.164316393179470666e-02
-5.575942418076729190e-01
-8.767415532470463901e-01
-5.545269221096180701e-01
-1.040916188513797636e+00
-1.399865624606355663e+00
1.377884487658278534e+00
1.374817167960241004e+00
1.216704140668194878e+00
4.112405942460291008e-01
4.086114630762756050e-01
1.699812937105837918e-01
8.945625409521538174e-01
8.919334097824003216e-01
6.935800693088669533e-01
-7.164316393179470666e-02
-7.427229510154820247e-02
-3.531427776487441328e-01
-7.164316393179470666e-02
-7.427229510154820247e-02
-3.531427776487441328e-01
-7.164316393179470666e-02
-7.427229510154820247e-02
-3.531427776487441328e-01
-1.037848868815742787e+00
-1.523799946691621221e+00
-1.923464400204657698e+00
-1.037848868815742787e+00
-1.040916188513797636e+00
-1.399865624606355663e+00
4.112405942460291008e-01
-7.427229510154820247e-02
-3.531427776487441328e-01
5.099126837532379497e-01
4.441047338679346979e-01
6.408200838904671848e-01
-6.076812136600695524e-02
4.441047338679346979e-01
-2.563709277874846038e-01
nan
9.269884920457593935e-01
1.538011095568434516e+00
-6.314489264852523043e-01
-3.921721283819135095e-02
-7.051698783003144122e-01
5.099126837532379497e-01
1.410310438751885886e+00
1.538011095568434516e+00
-6.314489264852523043e-01
-3.921721283819135095e-02
-2.563709277874846038e-01
-6.076812136600695524e-02
4.441047338679346979e-01
1.920211333776533635e-01
-2.344527060182607592e+00
1.410310438751885886e+00
1.538011095568434516e+00
5.099126837532379497e-01
4.441047338679346979e-01
1.920211333776533635e-01
1.081111348042293141e+00
9.269884920457593935e-01
6.408200838904671848e-01
-6.314489264852523043e-01
9.269884920457593935e-01
1.089212145055605152e+00
1.652310012331347888e+00
1.410310438751885886e+00
1.986403156733556497e+00
5.099126837532379497e-01
4.441047338679346979e-01
6.408200838904671848e-01
-6.076812136600695524e-02
4.441047338679346979e-01
-2.563709277874846038e-01
2.222990817450593237e+00
-5.225391595443173998e-01
-2.051159840491095565e+00
-6.314489264852523043e-01
-3.921721283819135095e-02
-7.051698783003144122e-01
-6.076812136600695524e-02
1.410310438751885886e+00
1.986403156733556497e+00
-6.076812136600695524e-02
9.269884920457593935e-01
1.089212145055605152e+00
-6.314489264852523043e-01
-3.921721283819135095e-02
-7.051698783003144122e-01
-1.202647590774307274e+00
-1.488306675899967679e+00
1.089212145055605152e+00
-2.344527060182607592e+00
1.410310438751885886e+00
1.538011095568434516e+00
5.099126837532379497e-01
4.441047338679346979e-01
1.920211333776533635e-01
-6.314489264852523043e-01
-5.225391595443173998e-01
-2.499551901656217545e+00
1.081111348042293141e+00
9.269884920457593935e-01
6.408200838904671848e-01
-6.076812136600695524e-02
4.441047338679346979e-01
1.920211333776533635e-01
-1.202647590774307274e+00
1.410310438751885886e+00
1.089212145055605152e+00
-6.314489264852523043e-01
-3.921721283819135095e-02
-7.051698783003144122e-01
1.652310012331347888e+00
9.269884920457593935e-01
1.089212145055605152e+00
-6.314489264852523043e-01
-3.921721283819135095e-02
-7.051698783003144122e-01
-1.773328395893572607e+00
-2.937834327490044473e+00
1.089212145055605152e+00
5.099126837532379497e-01
4.441047338679346979e-01
1.920211333776533635e-01
-6.076812136600695524e-02
-5.225391595443173998e-01
-1.153561939465436170e+00
-6.314489264852523043e-01
-3.921721283819135095e-02
-7.051698783003144122e-01
2.222990817450593237e+00
-5.225391595443173998e-01
1.089212145055605152e+00
-6.314489264852523043e-01
-3.921721283819135095e-02
-2.563709277874846038e-01
-6.314489264852523043e-01
-3.921721283819135095e-02
-2.563709277874846038e-01
-6.314489264852523043e-01
-3.921721283819135095e-02
-7.051698783003144122e-01
-6.076812136600695524e-02
-3.921721283819135095e-02
-2.563709277874846038e-01
5.099126837532379497e-01
4.441047338679346979e-01
6.408200838904671848e-01
5.099126837532379497e-01
4.441047338679346979e-01
6.408200838904671848e-01
-1.222326239226690925e+00
-1.488920139839565060e+00
-1.062307755758599592e+00
-1.756033922690796167e-01
-2.334223685772256474e-01
7.957171364970427874e-02
-1.756033922690796167e-01
-2.334223685772256474e-01
7.957171364970427874e-02
3.475206790902296561e-01
3.948961621407351963e-01
6.507703779387612464e-01
-1.756033922690796167e-01
3.948961621407351963e-01
6.507703779387612464e-01
-6.987274636283888896e-01
-2.334223685772256474e-01
7.957171364970427874e-02
-6.987274636283888896e-01
-2.117238670557525904e+00
-4.916269506393526889e-01
1.394718230286833727e+00
-8.611712542083953537e-01
-1.632988560877846274e+00
-1.756033922690796167e-01
-2.334223685772256474e-01
7.957171364970427874e-02
8.711194546885319134e-01
1.023214692858696484e+00
1.221451183058008372e+00
-1.222326239226690925e+00
-2.117238670557525904e+00
-4.916269506393526889e-01
-1.756033922690796167e-01
-2.334223685772256474e-01
7.957171364970427874e-02
-2.792173157543630158e+00
-1.488920139839565060e+00
1.221451183058008372e+00
-6.987274636283888896e-01
-2.334223685772256474e-01
7.957171364970427874e-02
1.394718230286833727e+00
1.650963578489866190e+00
1.792649847347064895e+00
-1.756033922690796167e-01
-2.334223685772256474e-01
7.957171364970427874e-02
-1.222326239226690925e+00
-1.488920139839565060e+00
-1.062307755758599592e+00
-6.987274636283888896e-01
-8.611712542083953537e-01
-4.916269506393526889e-01
-6.987274636283888896e-01
-8.611712542083953537e-01
-4.916269506393526889e-01
-1.756033922690796167e-01
3.948961621407351963e-01
6.507703779387612464e-01
1.917842301646143444e+00
nan
7.957171364970427874e-02
-1.756033922690796167e-01
3.948961621407351963e-01
6.507703779387612464e-01
1.917842301646143444e+00
nan
1.221451183058008372e+00
-1.756033922690796167e-01
-2.334223685772256474e-01
7.957171364970427874e-02
-6.987274636283888896e-01
-8.611712542083953537e-01
-4.916269506393526889e-01
-1.756033922690796167e-01
-2.334223685772256474e-01
7.957171364970427874e-02
-1.756033922690796167e-01
-2.334223685772256474e-01
7.957171364970427874e-02
1.394718230286833727e+00
-1.488920139839565060e+00
-4.916269506393526889e-01
-1.745450310586018849e+00
-2.744987556188717814e+00
7.957171364970427874e-02
2.441441077244445257e+00
-2.334223685772256474e-01
1.792649847347064895e+00
nan
-8.611712542083953537e-01
1.792649847347064895e+00
-1.222326239226690925e+00
-8.611712542083953537e-01
-4.916269506393526889e-01
-1.756033922690796167e-01
-2.334223685772256474e-01
7.957171364970427874e-02
-1.756033922690796167e-01
-2.334223685772256474e-01
7.957171364970427874e-02
-2.792173157543630158e+00
-8.611712542083953537e-01
2.934529316755369432e+00
3.475206790902296561e-01
3.948961621407351963e-01
6.507703779387612464e-01
-1.756033922690796167e-01
3.948961621407351963e-01
6.507703779387612464e-01
-1.756033922690796167e-01
-2.334223685772256474e-01
7.957171364970427874e-02
-6.987274636283888896e-01
-2.334223685772256474e-01
7.957171364970427874e-02
-2.269049086184302233e+00
2.907030994839018501e+00
7.957171364970427874e-02
-4.962876831675302469e-01
-1.070075643305588908e+00
-1.237516774874156900e+00
1.216272591360014754e+00
1.213683295511018390e+00
8.559289190410659387e-01
7.439312195171465802e-02
6.424846312219618660e-01
3.328048476817566659e-01
2.358152060768314850e+00
nan
1.379527694639368196e+00
-4.962876831675302469e-01
-1.070075643305588908e+00
-1.237516774874156900e+00
7.439312195171465802e-02
7.128596693290489839e-02
-1.907939279165455915e-01
7.439312195171465802e-02
7.128596693290489839e-02
-1.907939279165455915e-01
7.439312195171465802e-02
7.128596693290489839e-02
-1.907939279165455915e-01
-4.962876831675302469e-01
7.128596693290489839e-02
-1.907939279165455915e-01
1.787471255649069501e+00
-4.993948381863422270e-01
-1.760640846233466172e+00
-1.638167152575850771e+00
-4.993948381863422270e-01
-2.807363693191096132e+00
6.450739270709595630e-01
-1.070075643305588908e+00
1.379527694639368196e+00
7.439312195171465802e-02
-4.993948381863422270e-01
-1.237516774874156900e+00
-4.962876831675302469e-01
-4.993948381863422270e-01
-7.143927035148474047e-01
-1.638167152575850771e+00
-2.211955112713912985e+00
3.328048476817566659e-01
-2.780046621984150867e+00
-1.641274307594645876e+00
-1.907939279165455915e-01
2.929350725057370486e+00
2.926243570038589592e+00
-1.907939279165455915e-01
7.439312195171465802e-02
7.128596693290489839e-02
-1.907939279165455915e-01
1.216272591360014754e+00
1.213683295511018390e+00
8.559289190410659387e-01
-1.638167152575850771e+00
1.784364100630265515e+00
-7.143927035148474047e-01
6.450739270709595630e-01
6.424846312219618660e-01
3.328048476817566659e-01
-4.962876831675302469e-01
7.128596693290489839e-02
-1.907939279165455915e-01
6.450739270709595630e-01
6.424846312219618660e-01
3.328048476817566659e-01
6.450739270709595630e-01
6.424846312219618660e-01
3.328048476817566659e-01
-4.962876831675302469e-01
-4.993948381863422270e-01
-7.143927035148474047e-01
1.216272591360014754e+00
1.213683295511018390e+00
8.559289190410659387e-01
-4.962876831675302469e-01
-4.993948381863422270e-01
-7.143927035148474047e-01
1.216272591360014754e+00
1.213683295511018390e+00
8.559289190410659387e-01
6.450739270709595630e-01
6.424846312219618660e-01
8.559289190410659387e-01
7.439312195171465802e-02
7.128596693290489839e-02
-1.907939279165455915e-01
-4.962876831675302469e-01
7.128596693290489839e-02
-1.907939279165455915e-01
7.439312195171465802e-02
7.128596693290489839e-02
-1.907939279165455915e-01
6.450739270709595630e-01
6.424846312219618660e-01
8.559289190410659387e-01
7.439312195171465802e-02
7.128596693290489839e-02
-1.907939279165455915e-01
7.439312195171465802e-02
7.128596693290489839e-02
-1.907939279165455915e-01
6.450739270709595630e-01
6.424846312219618660e-01
3.328048476817566659e-01
-4.962876831675302469e-01
7.128596693290489839e-02
-1.907939279165455915e-01
-1.067486347456585438e+00
-1.641274307594645876e+00
-1.760640846233466172e+00
7.439312195171465802e-02
6.424846312219618660e-01
3.328048476817566659e-01
7.439312195171465802e-02
7.128596693290489839e-02
3.328048476817566659e-01
1.121504363286684569e+00
7.719062687410853663e-01
1.292182114666494908e+00
-5.910559112408866334e-01
-2.748165782165448157e-01
-2.776648036504258954e-01
-2.037510612161952395e-02
2.483074931427831089e-01
2.454592677088833774e-01
-5.910559112408866334e-01
-2.748165782165448157e-01
-2.776648036504258954e-01
5.508235581674170156e-01
7.719062687410853663e-01
7.685833390681926502e-01
-2.037510612161952395e-02
2.483074931427831089e-01
2.454592677088833774e-01
-2.037510612161952395e-02
2.483074931427831089e-01
2.454592677088833774e-01
-2.037510612161952395e-02
2.483074931427831089e-01
2.454592677088833774e-01
-2.037510612161952395e-02
-2.748165782165448157e-01
-2.776648036504258954e-01
-1.162254575529943823e+00
-7.984153538148279772e-01
-8.012635792487281527e-01
-2.037510612161952395e-02
2.483074931427831089e-01
2.454592677088833774e-01
1.121504363286684569e+00
7.719062687410853663e-01
1.292182114666494908e+00
nan
7.719062687410853663e-01
nan
-1.162254575529943823e+00
-7.984153538148279772e-01
-8.012635792487281527e-01
5.508235581674170156e-01
2.483074931427831089e-01
2.454592677088833774e-01
-5.910559112408866334e-01
-2.748165782165448157e-01
-2.776648036504258954e-01
-2.037510612161952395e-02
2.483074931427831089e-01
2.454592677088833774e-01
-5.910559112408866334e-01
-7.984153538148279772e-01
-8.012635792487281527e-01
-1.162254575529943823e+00
-7.984153538148279772e-01
-8.012635792487281527e-01
-1.162254575529943823e+00
-7.984153538148279772e-01
-1.324387650608056077e+00
5.508235581674170156e-01
2.483074931427831089e-01
7.685833390681926502e-01
5.508235581674170156e-01
7.719062687410853663e-01
7.685833390681926502e-01
-1.162254575529943823e+00
-7.984153538148279772e-01
-8.012635792487281527e-01
-2.037510612161952395e-02
2.483074931427831089e-01
2.454592677088833774e-01
-2.037510612161952395e-02
2.483074931427831089e-01
2.454592677088833774e-01
-5.910559112408866334e-01
-2.748165782165448157e-01
-2.776648036504258954e-01
-2.037510612161952395e-02
2.483074931427831089e-01
2.454592677088833774e-01
-5.910559112408866334e-01
-2.748165782165448157e-01
-2.776648036504258954e-01
1.121504363286684569e+00
2.865351962656307538e+00
-1.847986426206339461e+00
-2.037510612161952395e-02
2.483074931427831089e-01
2.454592677088833774e-01
-2.037510612161952395e-02
2.483074931427831089e-01
2.454592677088833774e-01
5.508235581674170156e-01
7.719062687410853663e-01
7.685833390681926502e-01
-1.732935380649190726e+00
-7.984153538148279772e-01
-2.776648036504258954e-01
-2.037510612161952395e-02
2.483074931427831089e-01
2.454592677088833774e-01
-2.037510612161952395e-02
2.483074931427831089e-01
2.454592677088833774e-01
-1.162254575529943823e+00
-7.984153538148279772e-01
-1.324387650608056077e+00
1.692703027575741093e+00
1.818154411459703912e+00
1.815780890264796721e+00
-2.304134044938247694e+00
-1.321539425174156124e+00
2.862503737222408251e+00
1.121504363286684569e+00
7.719062687410853663e-01
1.292182114666494908e+00
1.121504363286684569e+00
1.295030340100394195e+00
1.292182114666494908e+00
3.290346375951935798e-02
-1.409499828233262697e-01
-3.423921228247150950e-01
-7.059597223282065848e-01
-8.387652141284003271e-01
-1.081255308912439261e+00
-3.366956719569160761e-01
-4.896993637295325996e-01
-7.119912585411629635e-01
7.717666498472586234e-01
5.568652484817602222e-01
7.657351136342991360e-01
-1.075558858044655119e+00
2.999376792795850566e+00
3.964710632630090714e-01
7.717666498472586234e-01
9.059310988806159592e-01
7.657351136342991360e-01
3.290346375951935798e-02
2.081158675755419019e-01
2.687192754656164695e-02
4.021675141308098667e-01
5.568652484817602222e-01
3.964710632630090714e-01
1.510629835934984566e+00
2.301561561490776509e+00
nan
4.021675141308098667e-01
5.568652484817602222e-01
3.964710632630090714e-01
-1.075558858044655119e+00
5.568652484817602222e-01
2.243461485809747469e+00
3.290346375951935798e-02
-1.409499828233262697e-01
2.687192754656164695e-02
1.141030700218535809e+00
9.059310988806159592e-01
1.135334249350747005e+00
7.717666498472586234e-01
9.059310988806159592e-01
7.657351136342991360e-01
3.290346375951935798e-02
-1.409499828233262697e-01
-3.423921228247150950e-01
4.021675141308098667e-01
1.254680479786834280e+00
-1.450854444628887130e+00
3.290346375951935798e-02
2.081158675755419019e-01
2.687192754656164695e-02
7.717666498472586234e-01
5.568652484817602222e-01
7.657351136342991360e-01
4.021675141308098667e-01
5.568652484817602222e-01
3.964710632630090714e-01
7.717666498472586234e-01
5.568652484817602222e-01
7.657351136342991360e-01
3.290346375951935798e-02
2.081158675755419019e-01
2.687192754656164695e-02
-3.366956719569160761e-01
-4.896993637295325996e-01
-1.081255308912439261e+00
1.141030700218535809e+00
1.254680479786834280e+00
1.874197435438457848e+00
-7.059597223282065848e-01
-8.387652141284003271e-01
-1.081255308912439261e+00
3.290346375951935798e-02
-1.409499828233262697e-01
-3.423921228247150950e-01
-2.922549280591383969e+00
2.301561561490776509e+00
1.504598299722009980e+00
-1.075558858044655119e+00
5.568652484817602222e-01
2.982324671897458312e+00
4.021675141308098667e-01
2.081158675755419019e-01
2.687192754656164695e-02
-7.059597223282065848e-01
-1.187514595034606657e+00
-1.820118495000176750e+00
7.717666498472586234e-01
9.059310988806159592e-01
7.657351136342991360e-01
3.290346375951935798e-02
-1.409499828233262697e-01
2.687192754656164695e-02
3.290346375951935798e-02
-1.409499828233262697e-01
-3.423921228247150950e-01
4.021675141308098667e-01
2.081158675755419019e-01
2.687192754656164695e-02
1.141030700218535809e+00
9.059310988806159592e-01
1.135334249350747005e+00
-7.059597223282065848e-01
-4.896993637295325996e-01
-1.081255308912439261e+00
7.717666498472586234e-01
5.568652484817602222e-01
7.657351136342991360e-01
4.021675141308098667e-01
2.081158675755419019e-01
2.687192754656164695e-02
4.021675141308098667e-01
5.568652484817602222e-01
3.964710632630090714e-01
-7.059597223282065848e-01
-1.187514595034606657e+00
-1.820118495000176750e+00
3.290346375951935798e-02
-1.409499828233262697e-01
-3.423921228247150950e-01
-1.209305780100309313e+00
-1.554473143672064017e+00
-1.215002230968108998e+00
5.850762432555942638e-01
3.779382660958328088e-01
5.793797923877943568e-01
5.850762432555942638e-01
3.779382660958328088e-01
1.309877312226723767e-01
5.850762432555942638e-01
3.779382660958328088e-01
1.309877312226723767e-01
5.850762432555942638e-01
3.779382660958328088e-01
5.793797923877943568e-01
1.362772927427799985e-01
-1.049454920819909987e-01
1.309877312226723767e-01
2.379051377263805112e+00
nan
2.373761815743713921e+00
1.362772927427799985e-01
3.779382660958328088e-01
1.309877312226723767e-01
-7.609137189351873332e-01
-1.071151196965956620e+00
-7.666101698029872402e-01
-1.658104730613139122e+00
3.779382660958328088e-01
-1.215002230968108998e+00
1.362772927427799985e-01
-1.049454920819909987e-01
1.309877312226723767e-01
-7.609137189351873332e-01
-5.882674387881157152e-01
-7.666101698029872402e-01
1.362772927427799985e-01
3.779382660958328088e-01
1.309877312226723767e-01
2.379051377263805112e+00
nan
2.373761815743713921e+00
5.850762432555942638e-01
8.608220242736566163e-01
5.793797923877943568e-01
1.033468304420731787e+00
1.344143970979781333e+00
1.028178742900624609e+00
5.850762432555942638e-01
3.779382660958328088e-01
1.309877312226723767e-01
-7.609137189351873332e-01
-2.520678848556029639e+00
2.822560766256543285e+00
-3.121147684223575247e-01
-1.049454920819909987e-01
-3.178112192901574318e-01
5.850762432555942638e-01
3.779382660958328088e-01
1.309877312226723767e-01
-7.609137189351873332e-01
-1.071151196965956620e+00
-7.666101698029872402e-01
1.362772927427799985e-01
3.779382660958328088e-01
1.309877312226723767e-01
-7.609137189351873332e-01
-5.882674387881157152e-01
-7.666101698029872402e-01
1.362772927427799985e-01
3.779382660958328088e-01
1.309877312226723767e-01
1.482267254933562040e+00
2.310349675863729413e+00
nan
-7.609137189351873332e-01
-5.882674387881157152e-01
-7.666101698029872402e-01
1.362772927427799985e-01
3.779382660958328088e-01
1.309877312226723767e-01
5.850762432555942638e-01
8.608220242736566163e-01
5.793797923877943568e-01
5.850762432555942638e-01
3.779382660958328088e-01
1.309877312226723767e-01
-3.121147684223575247e-01
-5.882674387881157152e-01
-3.178112192901574318e-01
1.362772927427799985e-01
-1.049454920819909987e-01
1.309877312226723767e-01
nan
8.608220242736566163e-01
nan
1.362772927427799985e-01
-1.049454920819909987e-01
-3.178112192901574318e-01
-2.106903681125968930e+00
-1.071151196965956620e+00
2.373761815743713921e+00
5.850762432555942638e-01
-2.037356901849904922e+00
-1.215002230968108998e+00
1.033468304420731787e+00
1.344143970979781333e+00
1.028178742900624609e+00
-3.121147684223575247e-01
-1.554473143672064017e+00
-2.560585303811198532e+00
5.850762432555942638e-01
3.779382660958328088e-01
1.309877312226723767e-01
2.379051377263805112e+00
nan
2.373761815743713921e+00
-2.555295742291090910e+00
-5.882674387881157152e-01
-1.663394292133230978e+00
-1.066846639070373026e+00
-1.439126457548139282e+00
-2.577765076269617150e+00
-3.279834529826470835e-01
-3.309992210891228304e-01
-1.355700014481757698e-01
1.149742919192804802e+00
2.994052658978242132e+00
9.113110802557660151e-01
-6.975825886990958402e-01
-3.309992210891228304e-01
-4.843193823543945342e-01
7.801437834763689239e-01
1.146727151086329055e+00
9.113110802557660151e-01
7.801437834763689239e-01
7.774631007150514250e-01
9.113110802557660151e-01
7.801437834763689239e-01
1.146727151086329055e+00
1.260060461161972345e+00
4.128059738863010253e-02
4.078639649986031124e-01
2.134958489506919577e-01
nan
1.146727151086329055e+00
1.609126311560840517e+00
4.108797331050788593e-01
7.774631007150514250e-01
5.622452298568982876e-01
4.128059738863010253e-02
3.859991462732592638e-02
2.134958489506919577e-01
4.128059738863010253e-02
4.078639649986031124e-01
5.622452298568982876e-01
1.519006969564095311e+00
-1.439126457548139282e+00
-8.333852327532498272e-01
-2.544573011245837790e+00
2.624453523261794263e+00
1.957875692467058837e+00
7.801437834763689239e-01
7.774631007150514250e-01
9.113110802557660151e-01
-3.279834529826470835e-01
3.859991462732592638e-02
-1.355700014481757698e-01
-6.975825886990958402e-01
-7.002632714604000164e-01
-4.843193823543945342e-01
-6.975825886990958402e-01
-1.069862407176848773e+00
-1.182134613659468592e+00
4.108797331050788593e-01
7.774631007150514250e-01
9.113110802557660151e-01
-3.279834529826470835e-01
-3.309992210891228304e-01
-1.355700014481757698e-01
-3.279834529826470835e-01
3.859991462732592638e-02
2.134958489506919577e-01
-6.975825886990958402e-01
-2.916852829723591167e+00
2.134958489506919577e-01
4.108797331050788593e-01
4.078639649986031124e-01
5.622452298568982876e-01
1.149742919192804802e+00
1.146727151086329055e+00
1.260060461161972345e+00
7.801437834763689239e-01
7.774631007150514250e-01
9.113110802557660151e-01
-3.279834529826470835e-01
-3.309992210891228304e-01
-1.355700014481757698e-01
7.801437834763689239e-01
2.624453523261794263e+00
-1.182134613659468592e+00
-6.975825886990958402e-01
-3.309992210891228304e-01
-4.843193823543945342e-01
1.149742919192804802e+00
1.146727151086329055e+00
1.260060461161972345e+00
-1.805709825158098969e+00
-2.916852829723591167e+00
-1.182134613659468592e+00
4.128059738863010253e-02
3.859991462732592638e-02
2.134958489506919577e-01
4.108797331050788593e-01
4.078639649986031124e-01
5.622452298568982876e-01
-3.279834529826470835e-01
-1.808725593264574716e+00
-4.843193823543945342e-01
-6.975825886990958402e-01
-7.002632714604000164e-01
-4.843193823543945342e-01
1.149742919192804802e+00
1.146727151086329055e+00
1.260060461161972345e+00
4.128059738863010253e-02
3.859991462732592638e-02
2.134958489506919577e-01
4.128059738863010253e-02
3.859991462732592638e-02
2.134958489506919577e-01
4.108797331050788593e-01
7.774631007150514250e-01
9.113110802557660151e-01
7.801437834763689239e-01
7.774631007150514250e-01
9.113110802557660151e-01
-1.066846639070373026e+00
-1.439126457548139282e+00
5.622452298568982876e-01
-7.831298773195838336e-01
-4.201623852069968912e-01
-9.939503453450435622e-01
-2.666946179299895636e+00
2.434795217898667818e+00
-4.227516810559865945e-01
1.101256069747496458e+00
7.217170842013072019e-01
1.479291240632605309e-01
4.735071841163267514e-01
1.510362790820600765e-01
1.479291240632605309e-01
-1.548113466016345363e-01
-4.201623852069968912e-01
-9.939503453450435622e-01
4.735071841163267514e-01
1.510362790820600765e-01
-4.227516810559865945e-01
-1.548113466016345363e-01
1.510362790820600765e-01
-4.227516810559865945e-01
4.735071841163267514e-01
1.510362790820600765e-01
-4.227516810559865945e-01
4.735071841163267514e-01
1.510362790820600765e-01
-4.227516810559865945e-01
-7.831298773195838336e-01
-4.201623852069968912e-01
-9.939503453450435622e-01
-7.831298773195838336e-01
-4.201623852069968912e-01
-9.939503453450435622e-01
-7.831298773195838336e-01
-4.201623852069968912e-01
-9.939503453450435622e-01
-1.548113466016345363e-01
-1.562041854615300540e+00
-2.706510619872594336e+00
4.735071841163267514e-01
1.510362790820600765e-01
1.479291240632605309e-01
-7.831298773195838336e-01
-4.201623852069968912e-01
-9.939503453450435622e-01
4.735071841163267514e-01
1.292915748490364169e+00
7.191277883523174985e-01
-1.548113466016345363e-01
1.510362790820600765e-01
-4.227516810559865945e-01
4.735071841163267514e-01
-9.913610494960538588e-01
2.431688062879888701e+00
-1.548113466016345363e-01
-4.201623852069968912e-01
-9.939503453450435622e-01
-7.831298773195838336e-01
3.005476023017935372e+00
1.479291240632605309e-01
1.729574600465456857e+00
1.292915748490364169e+00
7.191277883523174985e-01
1.101256069747496458e+00
7.217170842013072019e-01
1.479291240632605309e-01
-1.410878762950764864e+00
-2.132722659734547666e+00
-1.565149009634100530e+00
1.729574600465456857e+00
1.292915748490364169e+00
1.289808593471584164e+00
-1.548113466016345363e-01
-4.201623852069968912e-01
-4.227516810559865945e-01
1.101256069747496458e+00
7.217170842013072019e-01
7.191277883523174985e-01
-1.548113466016345363e-01
1.510362790820600765e-01
-4.227516810559865945e-01
-1.548113466016345363e-01
-1.562041854615300540e+00
-2.706510619872594336e+00
-7.831298773195838336e-01
1.292915748490364169e+00
1.861007257760621147e+00
2.357323486096649656e+00
7.217170842013072019e-01
3.002886727168945225e+00
-1.548113466016345363e-01
-4.201623852069968912e-01
-9.939503453450435622e-01
1.729574600465456857e+00
1.863596553609630835e+00
1.861007257760621147e+00
1.101256069747496458e+00
7.217170842013072019e-01
1.479291240632605309e-01
1.101256069747496458e+00
7.217170842013072019e-01
1.479291240632605309e-01
-7.831298773195838336e-01
-4.201623852069968912e-01
-9.939503453450435622e-01
4.735071841163267514e-01
1.510362790820600765e-01
-4.227516810559865945e-01
-1.548113466016345363e-01
-9.913610494960538588e-01
-1.565149009634100530e+00
1.101256069747496458e+00
7.217170842013072019e-01
1.479291240632605309e-01
-1.548113466016345363e-01
-4.201623852069968912e-01
-4.227516810559865945e-01
4.735071841163267514e-01
1.510362790820600765e-01
-4.227516810559865945e-01
5.926263011518053681e-01
4.343357072665936514e-01
8.009190748765666612e-01
2.438769202455990381e-01
6.473657155015821729e-02
6.205588878884071846e-02
2.438769202455990381e-01
6.473657155015821729e-02
4.313199391601183486e-01
-1.051889301532686893e-01
-3.045274788211322914e-01
-3.075432469276075942e-01
-1.051889301532686893e-01
1.542462943725610547e+00
-1.046406433015333759e+00
-8.030041614583431908e-01
-3.045274788211322914e-01
4.313199391601183486e-01
-4.539383110594874537e-01
-3.045274788211322914e-01
-6.768072972988852243e-01
-1.151753542364561733e+00
-6.741266145375806040e-01
1.909046311335582669e+00
-1.051889301532686893e-01
6.473657155015821729e-02
6.205588878884071846e-02
-1.151753542364561733e+00
nan
-1.785269619103059480e+00
-1.051889301532686893e-01
6.473657155015821729e-02
6.205588878884071846e-02
-8.030041614583431908e-01
-6.741266145375806040e-01
-6.768072972988852243e-01
1.290441532456879425e+00
1.542462943725610547e+00
1.909046311335582669e+00
1.290441532456879425e+00
1.173198893354332473e+00
1.539782260964293048e+00
2.438769202455990381e-01
4.343357072665936514e-01
4.313199391601183486e-01
9.416921515506730955e-01
-1.043390664908857790e+00
-2.524132805190785422e+00
2.438769202455990381e-01
4.343357072665936514e-01
4.313199391601183486e-01
1.639507382855747597e+00
1.912062079442058415e+00
nan
1.290441532456879425e+00
1.542462943725610547e+00
3.017508633139757368e+00
5.926263011518053681e-01
4.343357072665936514e-01
8.009190748765666612e-01
2.438769202455990381e-01
4.343357072665936514e-01
4.313199391601183486e-01
-1.051889301532686893e-01
6.473657155015821729e-02
6.205588878884071846e-02
-1.051889301532686893e-01
6.473657155015821729e-02
6.205588878884071846e-02
9.416921515506730955e-01
1.173198893354332473e+00
1.539782260964293048e+00
2.438769202455990381e-01
4.343357072665936514e-01
4.313199391601183486e-01
2.438769202455990381e-01
4.343357072665936514e-01
4.313199391601183486e-01
-1.051889301532686893e-01
-1.412989800625306547e+00
1.909046311335582669e+00
9.416921515506730955e-01
1.173198893354332473e+00
1.539782260964293048e+00
2.438769202455990381e-01
4.343357072665936514e-01
4.313199391601183486e-01
5.926263011518053681e-01
4.343357072665936514e-01
8.009190748765666612e-01
5.926263011518053681e-01
8.035997576378841600e-01
8.009190748765666612e-01
-1.151753542364561733e+00
-1.043390664908857790e+00
-1.046406433015333759e+00
-1.051889301532686893e-01
6.473657155015821729e-02
6.205588878884071846e-02
-4.539383110594874537e-01
-3.045274788211322914e-01
-3.075432469276075942e-01
-8.030041614583431908e-01
-6.741266145375806040e-01
-6.768072972988852243e-01
-1.051889301532686893e-01
-3.045274788211322914e-01
-3.075432469276075942e-01
2.438769202455990381e-01
6.473657155015821729e-02
4.313199391601183486e-01
-8.030041614583431908e-01
-6.741266145375806040e-01
-6.768072972988852243e-01
1.988256763761953483e+00
2.650925265529784358e+00
nan
-4.539383110594874537e-01
-1.043390664908857790e+00
-1.415670483386610945e+00
8.853605818580243536e-01
6.864595057241267284e-01
3.967803728123922014e-01
-1.529934586087713155e+00
-1.930110259550424034e+00
2.812513729286430841e+00
-8.084512302592372635e-02
-3.602633412334848018e-01
3.967803728123922014e-01
-2.496140290971661457e+00
-8.833874125927940746e-01
-5.694253320715558786e-01
4.024768236802005461e-01
1.628607301258249151e-01
3.967803728123922014e-01
8.853605818580243536e-01
6.864595057241267284e-01
8.801023195185169179e-01
1.368244340035848605e+00
1.733182352681737814e+00
8.801023195185169179e-01
nan
6.864595057241267284e-01
1.362986077696357601e+00
-5.637288812037648533e-01
-1.930110259550424034e+00
-1.052747278777680595e+00
8.853605818580243536e-01
1.210058281322428986e+00
8.801023195185169179e-01
-1.047050827909872250e+00
-2.453709035148707418e+00
-8.610338536543116206e-02
-1.047050827909872250e+00
-1.406986188191096110e+00
2.812513729286430841e+00
-1.529934586087713155e+00
6.864595057241267284e-01
-5.694253320715558786e-01
-5.637288812037648533e-01
-8.833874125927940746e-01
-8.610338536543116206e-02
-5.637288812037648533e-01
-8.833874125927940746e-01
-8.610338536543116206e-02
nan
6.864595057241267284e-01
8.801023195185169179e-01
-8.084512302592372635e-02
-3.602633412334848018e-01
-8.610338536543116206e-02
nan
-3.602633412334848018e-01
8.801023195185169179e-01
-8.084512302592372635e-02
-3.602633412334848018e-01
3.967803728123922014e-01
-8.084512302592372635e-02
-3.602633412334848018e-01
3.967803728123922014e-01
4.024768236802005461e-01
6.864595057241267284e-01
3.967803728123922014e-01
4.024768236802005461e-01
1.628607301258249151e-01
3.967803728123922014e-01
-2.013256532793837650e+00
1.628607301258249151e-01
-5.694253320715558786e-01
nan
-3.602633412334848018e-01
1.362986077696357601e+00
-1.529934586087713155e+00
-1.930110259550424034e+00
-5.694253320715558786e-01
-8.084512302592372635e-02
-3.602633412334848018e-01
3.967803728123922014e-01
-8.084512302592372635e-02
-1.930110259550424034e+00
2.812513729286430841e+00
1.851566286741972878e+00
nan
8.801023195185169179e-01
-1.047050827909872250e+00
-8.833874125927940746e-01
-8.610338536543116206e-02
-8.084512302592372635e-02
1.628607301258249151e-01
3.967803728123922014e-01
8.853605818580243536e-01
1.210058281322428986e+00
8.801023195185169179e-01
-1.047050827909872250e+00
-8.833874125927940746e-01
-8.610338536543116206e-02
-8.084512302592372635e-02
1.628607301258249151e-01
3.967803728123922014e-01
nan
6.864595057241267284e-01
8.801023195185169179e-01
nan
1.628607301258249151e-01
1.362986077696357601e+00
-2.013256532793837650e+00
-2.453709035148707418e+00
-5.694253320715558786e-01
nan
-2.453709035148707418e+00
1.362986077696357601e+00
-8.084512302592372635e-02
1.628607301258249151e-01
3.967803728123922014e-01
1.368244340035848605e+00
-8.833874125927940746e-01
-1.052747278777680595e+00
4.024768236802005461e-01
1.628607301258249151e-01
3.967803728123922014e-01
-2.746903635116972886e+00
1.818024946667253783e+00
-8.389550958239797573e-01
1.080539679887029259e-01
1.054646721396825804e-01
-2.106365651060388977e-01
-4.626268371305624072e-01
-2.178294266676925162e+00
-1.466703981455174111e+00
1.249933437397003022e+00
6.761454772589501339e-01
1.045430851243118742e+00
1.080539679887029259e-01
1.818024946667253783e+00
-2.722771397804309323e+00
-4.626268371305624072e-01
2.959904416075557432e+00
-2.106365651060388977e-01
1.080539679887029259e-01
-4.657339921493539592e-01
-2.106365651060388977e-01
6.792526322777376890e-01
1.054646721396825804e-01
4.171123205251552335e-01
1.080539679887029259e-01
1.054646721396825804e-01
-2.106365651060388977e-01
6.792526322777376890e-01
nan
-2.095022512173136953e+00
1.080539679887029259e-01
1.054646721396825804e-01
-2.106365651060388977e-01
1.080539679887029259e-01
1.054646721396825804e-01
-2.106365651060388977e-01
6.792526322777376890e-01
1.054646721396825804e-01
4.171123205251552335e-01
-4.626268371305624072e-01
-1.036414797268621069e+00
-8.389550958239797573e-01
-1.033825501419617598e+00
-1.036414797268621069e+00
-1.466703981455174111e+00
1.080539679887029259e-01
-4.657339921493539592e-01
-2.106365651060388977e-01
-4.626268371305624072e-01
-2.178294266676925162e+00
-1.466703981455174111e+00
6.792526322777376890e-01
1.054646721396825804e-01
4.171123205251552335e-01
-4.626268371305624072e-01
-1.036414797268621069e+00
-8.389550958239797573e-01
-2.746903635116972886e+00
-1.607613461557678036e+00
-2.722771397804309323e+00
-1.033825501419617598e+00
-1.036414797268621069e+00
-1.466703981455174111e+00
6.792526322777376890e-01
1.054646721396825804e-01
4.171123205251552335e-01
6.792526322777376890e-01
6.761454772589501339e-01
4.171123205251552335e-01
6.792526322777376890e-01
1.054646721396825804e-01
4.171123205251552335e-01
1.080539679887029259e-01
-4.657339921493539592e-01
-2.106365651060388977e-01
1.080539679887029259e-01
-4.657339921493539592e-01
-2.106365651060388977e-01
-1.033825501419617598e+00
-1.036414797268621069e+00
-1.466703981455174111e+00
1.080539679887029259e-01
1.054646721396825804e-01
-2.106365651060388977e-01
-4.626268371305624072e-01
-4.657339921493539592e-01
-8.389550958239797573e-01
6.792526322777376890e-01
6.761454772589501339e-01
4.171123205251552335e-01
1.821132101686057769e+00
1.818024946667253783e+00
1.673179736874290224e+00
6.792526322777376890e-01
1.054646721396825804e-01
4.171123205251552335e-01
-1.604506306538862725e+00
-1.607613461557678036e+00
-2.095022512173136953e+00
1.080539679887029259e-01
-4.657339921493539592e-01
-2.106365651060388977e-01
1.080539679887029259e-01
1.054646721396825804e-01
-2.106365651060388977e-01
1.080539679887029259e-01
1.054646721396825804e-01
-2.106365651060388977e-01
-1.604506306538862725e+00
-1.607613461557678036e+00
-2.095022512173136953e+00
6.792526322777376890e-01
1.054646721396825804e-01
4.171123205251552335e-01
1.080539679887029259e-01
-4.657339921493539592e-01
-2.106365651060388977e-01
2.962493711924547579e+00
2.959904416075557432e+00
2.929247153223425659e+00
-2.653224934368787480e-01
-1.571437359342997553e-02
-1.094810876779650499e-03
-2.653224934368787480e-01
-5.869130378824869432e-01
-4.839785690546034580e-01
7.814003535207327822e-01
5.554842906956269921e-01
9.651108940071861930e-01
-2.653224934368787480e-01
-1.571437359342997553e-02
-1.094810876779650499e-03
2.578015779224309689e-01
-1.571437359342997553e-02
-1.094810876779650499e-03
-2.653224934368787480e-01
-1.571437359342997553e-02
-1.094810876779650499e-03
-2.653224934368787480e-01
-5.869130378824869432e-01
-4.839785690546034580e-01
7.814003535207327822e-01
5.554842906956269921e-01
9.651108940071861930e-01
7.814003535207327822e-01
1.126165095814874118e+00
9.651108940071861930e-01
-1.312045340394489834e+00
-1.728274648120980750e+00
9.651108940071861930e-01
2.578015779224309689e-01
5.554842906956269921e-01
4.822271358293450660e-01
-7.884465647961880208e-01
-5.869130378824869432e-01
-9.673005157607277305e-01
2.578015779224309689e-01
-1.571437359342997553e-02
-1.094810876779650499e-03
-2.653224934368787480e-01
-5.869130378824869432e-01
-4.839785690546034580e-01
2.578015779224309689e-01
5.554842906956269921e-01
4.822271358293450660e-01
-1.312045340394489834e+00
-1.728274648120980750e+00
-2.416389978822500062e+00
1.828123200478344312e+00
nan
9.651108940071861930e-01
2.578015779224309689e-01
5.554842906956269921e-01
4.822271358293450660e-01
2.578015779224309689e-01
5.554842906956269921e-01
4.822271358293450660e-01
-7.884465647961880208e-01
-1.157593843001733847e+00
-1.450622462466852447e+00
2.578015779224309689e-01
5.554842906956269921e-01
4.822271358293450660e-01
-1.312045340394489834e+00
-1.157593843001733847e+00
-9.673005157607277305e-01
2.578015779224309689e-01
2.268044565223198195e+00
nan
-7.884465647961880208e-01
-5.869130378824869432e-01
-4.839785690546034580e-01
7.814003535207327822e-01
1.126165095814874118e+00
1.448432840713293590e+00
-2.653224934368787480e-01
-1.571437359342997553e-02
-4.839785690546034580e-01
1.304999129119034595e+00
1.697363760103930641e+00
1.931316598891134273e+00
-2.653224934368787480e-01
-1.728274648120980750e+00
-2.899711925528624779e+00
-2.653224934368787480e-01
-1.571437359342997553e-02
-1.094810876779650499e-03
-2.653224934368787480e-01
1.697363760103930641e+00
nan
2.578015779224309689e-01
5.554842906956269921e-01
4.822271358293450660e-01
-7.884465647961880208e-01
-1.157593843001733847e+00
-1.450622462466852447e+00
2.578015779224309689e-01
5.554842906956269921e-01
4.822271358293450660e-01
-7.884465647961880208e-01
-2.299473312410037718e+00
-4.839785690546034580e-01
-2.653224934368787480e-01
-1.571437359342997553e-02
-4.839785690546034580e-01
2.578015779224309689e-01
5.554842906956269921e-01
4.822271358293450660e-01
-2.653224934368787480e-01
-1.571437359342997553e-02
-1.094810876779650499e-03
-1.312045340394489834e+00
-1.157593843001733847e+00
-1.933506220644676254e+00
2.578015779224309689e-01
5.554842906956269921e-01
4.822271358293450660e-01
-2.653224934368787480e-01
-1.571437359342997553e-02
-1.094810876779650499e-03
6.507165689530758357e-02
2.735617586566689852e-01
5.896831667983182257e-02
-1.729310366460595771e+00
-2.657072331129063603e+00
-1.286614756163257489e+00
5.134637180604455509e-01
2.735617586566689852e-01
5.896831667983182257e-02
9.622626685732753593e-01
6.924407791353108799e-01
5.077672671926456438e-01
-3.837272936175062377e-01
-5.638165189094208607e-01
-3.894237444853057006e-01
5.134637180604455509e-01
2.735617586566689852e-01
5.896831667983182257e-02
-3.837272936175062377e-01
-1.819694053562973757e+00
-1.286614756163257489e+00
5.134637180604455509e-01
6.924407791353108799e-01
5.896831667983182257e-02
5.134637180604455509e-01
6.924407791353108799e-01
5.077672671926456438e-01
-8.321193547826437609e-01
2.367197334267491460e+00
-2.632604718354039086e+00
5.134637180604455509e-01
2.735617586566689852e-01
5.896831667983182257e-02
-3.837272936175062377e-01
-5.638165189094208607e-01
-3.894237444853057006e-01
3.205036753094300916e+00
2.735617586566689852e-01
-1.286614756163257489e+00
-2.626908267486255166e+00
-2.238573074041600997e+00
-2.184212657188917106e+00
9.622626685732753593e-01
6.924407791353108799e-01
5.077672671926456438e-01
6.507165689530758357e-02
2.735617586566689852e-01
5.896831667983182257e-02
5.134637180604455509e-01
2.735617586566689852e-01
5.896831667983182257e-02
5.134637180604455509e-01
2.735617586566689852e-01
5.896831667983182257e-02
-3.837272936175062377e-01
-5.638165189094208607e-01
-3.894237444853057006e-01
-3.837272936175062377e-01
-5.638165189094208607e-01
-3.894237444853057006e-01
5.134637180604455509e-01
6.924407791353108799e-01
5.077672671926456438e-01
-8.321193547826437609e-01
-9.823157759968688119e-01
-8.382226949981355091e-01
-8.321193547826437609e-01
-9.823157759968688119e-01
-8.382226949981355091e-01
-2.626908267486255166e+00
3.204575611833595961e+00
1.853350340035734956e+00
-8.321193547826437609e-01
-9.823157759968688119e-01
-8.382226949981355091e-01
6.507165689530758357e-02
-1.453172618219729095e-01
-3.894237444853057006e-01
-2.626908267486255166e+00
-2.238573074041600997e+00
-3.894237444853057006e-01
-1.280918305295473791e+00
-5.638165189094208607e-01
-2.632604718354039086e+00
6.507165689530758357e-02
-1.453172618219729095e-01
-3.894237444853057006e-01
-3.837272936175062377e-01
2.735617586566689852e-01
-2.184212657188917106e+00
6.507165689530758357e-02
-1.453172618219729095e-01
-3.894237444853057006e-01
-1.729310366460595771e+00
-2.657072331129063603e+00
-1.286614756163257489e+00
6.507165689530758357e-02
2.735617586566689852e-01
5.896831667983182257e-02
5.134637180604455509e-01
2.735617586566689852e-01
5.896831667983182257e-02
5.134637180604455509e-01
6.924407791353108799e-01
5.077672671926456438e-01
6.507165689530758357e-02
-1.453172618219729095e-01
-3.894237444853057006e-01
-3.837272936175062377e-01
1.110940036222758831e+00
1.404958278870613864e+00
-1.280918305295473791e+00
-1.401194796475510929e+00
-1.286614756163257489e+00
5.134637180604455509e-01
6.924407791353108799e-01
5.896831667983182257e-02
5.134637180604455509e-01
2.735617586566689852e-01
5.896831667983182257e-02
5.426241213122549034e-01
5.397758958783684946e-01
1.377391525563959274e+00
5.426241213122549034e-01
5.397758958783684946e-01
1.377391525563959274e+00
5.426241213122549034e-01
5.397758958783684946e-01
9.846924438652338019e-01
1.938747404060485735e-01
-1.204603947638001937e+00
2.947475796000374348e+00
-5.039404908990254839e-01
-5.067887163329265476e-01
-5.853918265711812730e-01
1.938747404060485735e-01
-1.580393354267073391e-01
1.996503086470124977e-01
-1.551911099928191540e-01
-5.067887163329265476e-01
-1.926927448724553571e-01
8.916899717111226309e-01
8.888417462772371103e-01
1.377391525563959274e+00
1.938747404060485735e-01
-1.580393354267073391e-01
1.996503086470124977e-01
1.589505203016197132e+00
2.284472208887400324e+00
nan
-8.530063412978936555e-01
-1.204603947638001937e+00
-1.370433961789402355e+00
-5.039404908990254839e-01
-5.067887163329265476e-01
-5.853918265711812730e-01
-5.039404908990254839e-01
-5.067887163329265476e-01
-5.853918265711812730e-01
-8.530063412978936555e-01
-1.204603947638001937e+00
-1.762777015308897743e+00
-1.551911099928191540e-01
-1.580393354267073391e-01
1.996503086470124977e-01
5.426241213122549034e-01
1.910265149721617206e-01
5.923493903457384135e-01
8.916899717111226309e-01
8.888417462772371103e-01
1.377391525563959274e+00
5.426241213122549034e-01
5.397758958783684946e-01
9.846924438652338019e-01
-1.551911099928191540e-01
-1.580393354267073391e-01
-1.926927448724553571e-01
-1.551911099928191540e-01
-5.067887163329265476e-01
-1.926927448724553571e-01
-1.551911099928191540e-01
-5.067887163329265476e-01
-1.926927448724553571e-01
5.426241213122549034e-01
5.397758958783684946e-01
9.846924438652338019e-01
-1.551911099928191540e-01
-1.580393354267073391e-01
-1.926927448724553571e-01
1.240439352617328961e+00
1.237591127183443884e+00
2.162433660782153044e+00
nan
1.237591127183443884e+00
nan
-1.551911099928191540e-01
-1.580393354267073391e-01
1.996503086470124977e-01
1.938747404060485735e-01
1.910265149721617206e-01
1.996503086470124977e-01
1.589505203016197132e+00
1.935406358488532153e+00
nan
-8.530063412978936555e-01
-1.204603947638001937e+00
-1.762777015308897743e+00
1.938747404060485735e-01
-1.580393354267073391e-01
1.996503086470124977e-01
1.240439352617328961e+00
1.586656977582312944e+00
nan
nan
-2.600234410248153161e+00
nan
8.916899717111226309e-01
5.397758958783684946e-01
1.377391525563959274e+00
1.240439352617328961e+00
nan
-9.777348800906766613e-01
8.916899717111226309e-01
5.397758958783684946e-01
1.377391525563959274e+00
5.426241213122549034e-01
5.397758958783684946e-01
9.846924438652338019e-01
2.985135665626357682e+00
-2.600234410248153161e+00
nan
1.938747404060485735e-01
1.910265149721617206e-01
1.996503086470124977e-01
-1.550821572602967713e+00
-2.949300260647021776e+00
-1.370433961789402355e+00
-1.550821572602967713e+00
-1.204603947638001937e+00
-1.370433961789402355e+00
3.353366036230065461e-01
3.328048476817624390e-01
3.296401527552128563e-01
3.353366036230065461e-01
3.328048476817624390e-01
3.296401527552128563e-01
3.353366036230065461e-01
3.328048476817624390e-01
3.296401527552128563e-01
-2.455924321597302562e+00
-1.760957315726122019e+00
-3.678586090572228962e-01
-3.621621581894181041e-01
-3.653268531159734600e-01
-3.678586090572228962e-01
-1.060293858987154225e+00
-1.062825614928398332e+00
-1.065990309854957685e+00
-3.621621581894181041e-01
-1.062825614928398332e+00
-3.678586090572228962e-01
-1.060293858987154225e+00
-1.760957315726122019e+00
-1.763489071667368790e+00
1.033468304420730011e+00
1.030303609494187089e+00
1.725270615365358307e+00
3.353366036230065461e-01
3.328048476817624390e-01
3.296401527552128563e-01
-3.621621581894181041e-01
-3.653268531159734600e-01
-3.678586090572228962e-01
-1.060293858987154225e+00
1.728435310291910998e+00
-1.065990309854957685e+00
-3.621621581894181041e-01
-3.653268531159734600e-01
-3.678586090572228962e-01
-3.621621581894181041e-01
-3.653268531159734600e-01
-3.678586090572228962e-01
-3.621621581894181041e-01
-3.653268531159734600e-01
-3.678586090572228962e-01
-3.621621581894181041e-01
-1.062825614928398332e+00
-3.678586090572228962e-01
-3.621621581894181041e-01
-3.653268531159734600e-01
-3.678586090572228962e-01
-3.621621581894181041e-01
-3.653268531159734600e-01
-3.678586090572228962e-01
-2.455924321597302562e+00
-1.062825614928398332e+00
1.725270615365358307e+00
1.033468304420730011e+00
nan
1.027771853552922554e+00
-3.621621581894181041e-01
-3.653268531159734600e-01
3.296401527552128563e-01
-3.621621581894181041e-01
-3.653268531159734600e-01
3.296401527552128563e-01
-3.621621581894181041e-01
-3.653268531159734600e-01
-3.678586090572228962e-01
-3.621621581894181041e-01
-3.653268531159734600e-01
-3.678586090572228962e-01
-3.621621581894181041e-01
-3.653268531159734600e-01
-3.678586090572228962e-01
-1.060293858987154225e+00
-1.062825614928398332e+00
-1.065990309854957685e+00
-1.060293858987154225e+00
-1.062825614928398332e+00
-1.065990309854957685e+00
-1.060293858987154225e+00
-1.062825614928398332e+00
-1.065990309854957685e+00
3.353366036230065461e-01
1.728435310291910998e+00
nan
2.428465828045579311e+00
-3.653268531159734600e-01
3.120901077975503757e+00
3.126597528843303220e+00
nan
1.027771853552922554e+00
-1.757792620799578875e+00
-1.760957315726122019e+00
-1.763489071667368790e+00
-1.757792620799578875e+00
-1.760957315726122019e+00
-1.763489071667368790e+00
-1.060293858987154225e+00
-1.062825614928398332e+00
-1.065990309854957685e+00
1.730967066233155105e+00
-1.062825614928398332e+00
2.423402316163092873e+00
-3.621621581894181041e-01
-1.062825614928398332e+00
-3.678586090572228962e-01
-3.621621581894181041e-01
-3.653268531159734600e-01
-3.678586090572228962e-01
-3.621621581894181041e-01
-3.653268531159734600e-01
-3.678586090572228962e-01
-1.060293858987154225e+00
-1.062825614928398332e+00
-1.065990309854957685e+00
nan
-1.760957315726122019e+00
nan
5.338895633149811637e-01
2.059293510808370975e-01
-1.001254182707689289e-01
-7.221778530341720348e-01
1.347808820489140746e+00
-1.356192834619926568e+00
-9.385932231621119115e-02
-3.647514540384300119e-01
-1.001254182707689289e-01
5.338895633149811637e-01
2.059293510808370975e-01
5.281931124471714867e-01
1.162208094032919359e+00
7.771280153698740811e-01
5.281931124471714867e-01
-7.221778530341720348e-01
-9.359501183274869796e-01
-7.278743039019635042e-01
-1.978245269383302585e+00
-2.649028252024847596e+00
-7.278743039019635042e-01
nan
7.771280153698740811e-01
1.155941998078365618e+00
nan
7.771280153698740811e-01
1.155941998078365618e+00
-1.349926738665341741e+00
-2.077829587735791073e+00
-1.001254182707689289e-01
-7.221778530341720348e-01
-9.359501183274869796e-01
-7.278743039019635042e-01
-1.978245269383302585e+00
3.060369095016691521e+00
5.281931124471714867e-01
5.338895633149811637e-01
-3.647514540384300119e-01
-1.001254182707689289e-01
-7.221778530341720348e-01
-9.359501183274869796e-01
-7.278743039019635042e-01
5.338895633149811637e-01
1.347808820489140746e+00
-1.356192834619926568e+00
5.338895633149811637e-01
2.059293510808370975e-01
5.281931124471714867e-01
-7.221778530341720348e-01
1.347808820489140746e+00
-1.356192834619926568e+00
-2.606563800101263428e+00
2.059293510808370975e-01
-1.001254182707689289e-01
1.162208094032919359e+00
2.059293510808370975e-01
5.281931124471714867e-01
5.338895633149811637e-01
2.059293510808370975e-01
5.281931124471714867e-01
-9.385932231621119115e-02
-3.647514540384300119e-01
-1.001254182707689289e-01
5.338895633149811637e-01
2.059293510808370975e-01
-1.001254182707689289e-01
1.162208094032919359e+00
2.059293510808370975e-01
5.281931124471714867e-01
1.162208094032919359e+00
1.347808820489140746e+00
5.281931124471714867e-01
-7.221778530341720348e-01
-9.359501183274869796e-01
-7.278743039019635042e-01
5.338895633149811637e-01
2.059293510808370975e-01
5.281931124471714867e-01
-2.606563800101263428e+00
-9.359501183274869796e-01
-1.983941720251098495e+00
-2.606563800101263428e+00
-1.506630923446733883e+00
-2.612260250969061559e+00
-9.385932231621119115e-02
7.771280153698740811e-01
3.039758300058672535e+00
-9.385932231621119115e-02
-3.647514540384300119e-01
-1.001254182707689289e-01
-9.385932231621119115e-02
-3.647514540384300119e-01
-1.001254182707689289e-01
-7.221778530341720348e-01
-2.649028252024847596e+00
-1.356192834619926568e+00
5.338895633149811637e-01
2.059293510808370975e-01
5.281931124471714867e-01
-7.221778530341720348e-01
-9.359501183274869796e-01
-7.278743039019635042e-01
nan
-3.647514540384300119e-01
1.155941998078365618e+00
-2.606563800101263428e+00
-2.077829587735791073e+00
-1.356192834619926568e+00
5.338895633149811637e-01
2.059293510808370975e-01
5.281931124471714867e-01
2.418275510382072557e+00
-3.647514540384300119e-01
-1.356192834619926568e+00
-9.385932231621119115e-02
-1.506630923446733883e+00
-7.278743039019635042e-01
5.338895633149811637e-01
2.059293510808370975e-01
5.281931124471714867e-01
