1.341889641430221491e+00
1.472125531874740378e+00
1.469277306440848196e+00
3.756839365462729674e-01
5.749345201967872576e-01
5.716794054151956850e-01
3.756839365462729674e-01
5.749345201967872576e-01
1.232873442500648231e-01
-1.076380101598517491e-01
1.261355696839570051e-01
-3.251047169150655947e-01
-2.522933178105581042e+00
-2.565437465349909907e+00
1.232873442500648231e-01
-1.076380101598517491e-01
-3.222564914811734127e-01
-3.251047169150655947e-01
1.341889641430221491e+00
1.920517593039870352e+00
2.366468318118801317e+00
-1.076380101598517491e-01
-3.222564914811734127e-01
-3.251047169150655947e-01
-5.909599568659675839e-01
-3.222564914811734127e-01
-3.251047169150655947e-01
-1.076380101598517491e-01
1.261355696839570051e-01
-3.251047169150655947e-01
-5.909599568659675839e-01
-3.222564914811734127e-01
-3.251047169150655947e-01
3.756839365462729674e-01
5.749345201967872576e-01
1.232873442500648231e-01
-5.909599568659675839e-01
-3.222564914811734127e-01
-7.739036674278878536e-01
8.585676947241052126e-01
1.023326581361918119e+00
1.020478355928017944e+00
8.585676947241052126e-01
1.023326581361918119e+00
1.020478355928017944e+00
-5.909599568659675839e-01
-3.222564914811734127e-01
-3.251047169150655947e-01
1.341889641430221491e+00
1.472125531874740378e+00
1.469277306440848196e+00
-1.076380101598517491e-01
-3.222564914811734127e-01
-3.251047169150655947e-01
-1.076380101598517491e-01
1.261355696839570051e-01
-3.251047169150655947e-01
-1.073843715043800273e+00
-2.565437465349909907e+00
-2.119486740270979386e+00
1.341889641430221491e+00
1.920517593039870352e+00
2.366468318118801317e+00
-2.040049419927748353e+00
5.749345201967872576e-01
-1.222295728593018493e+00
-1.076380101598517491e-01
1.261355696839570051e-01
-3.251047169150655947e-01
8.585676947241052126e-01
1.023326581361918119e+00
1.020478355928017944e+00
-1.073843715043800273e+00
-7.710554419939961157e-01
-1.222295728593018493e+00
3.756839365462729674e-01
5.749345201967872576e-01
5.716794054151956850e-01
-1.076380101598517491e-01
-3.222564914811734127e-01
-3.251047169150655947e-01
-5.909599568659675839e-01
-3.222564914811734127e-01
-3.251047169150655947e-01
1.824773399608053293e+00
2.368909654205001214e+00
nan
8.585676947241052126e-01
1.023326581361918119e+00
1.020478355928017944e+00
-1.073843715043800273e+00
-7.710554419939961157e-01
-1.222295728593018493e+00
-5.909599568659675839e-01
-7.710554419939961157e-01
-7.739036674278878536e-01
-1.076380101598517491e-01
1.261355696839570051e-01
-3.251047169150655947e-01
8.585676947241052126e-01
1.472125531874740378e+00
1.469277306440848196e+00
-1.076380101598517491e-01
1.261355696839570051e-01
-3.251047169150655947e-01
-5.909599568659675839e-01
2.817708604717823473e+00
-2.119486740270979386e+00
8.585676947241052126e-01
1.023326581361918119e+00
1.020478355928017944e+00
-5.909599568659675839e-01
-3.222564914811734127e-01
-3.251047169150655947e-01
-5.909599568659675839e-01
-3.222564914811734127e-01
-3.251047169150655947e-01
-1.076380101598517491e-01
-3.222564914811734127e-01
-3.251047169150655947e-01
-1.945746141729896017e-01
-1.976127213024754248e-01
-6.187703221282401245e-01
2.243044063056518489e-01
2.212662991761589204e-01
2.186079554378479450e-01
-1.945746141729896017e-01
-1.976127213024754248e-01
-2.002710650407779625e-01
2.243044063056518489e-01
2.212662991761589204e-01
2.186079554378479450e-01
-6.130738712604446583e-01
-1.453490255956019439e+00
3.149242045223573871e+00
1.061682683871741251e+00
6.401453196548003710e-01
6.371072125253096630e-01
2.243044063056518489e-01
2.212662991761589204e-01
2.186079554378479450e-01
-6.130738712604446583e-01
-6.161119783899304814e-01
-6.187703221282401245e-01
6.428036633931069055e-01
6.401453196548003710e-01
6.371072125253096630e-01
-1.945746141729896017e-01
-1.976127213024754248e-01
-2.002710650407779625e-01
-2.288210189783809412e+00
-1.976127213024754248e-01
-1.037649342606881131e+00
-1.945746141729896017e-01
-1.976127213024754248e-01
-2.002710650407779625e-01
-1.031952891739078559e+00
-1.871989513043474274e+00
2.186079554378479450e-01
-1.945746141729896017e-01
-1.976127213024754248e-01
-2.002710650407779625e-01
1.061682683871741251e+00
1.058644576742247434e+00
6.371072125253096630e-01
-1.945746141729896017e-01
-1.976127213024754248e-01
-2.002710650407779625e-01
6.428036633931069055e-01
6.401453196548003710e-01
6.371072125253096630e-01
1.898681198046650476e+00
1.896022854308351935e+00
1.055986233003950669e+00
6.428036633931069055e-01
6.401453196548003710e-01
6.371072125253096630e-01
-6.130738712604446583e-01
-1.976127213024754248e-01
2.186079554378479450e-01
6.428036633931069055e-01
6.401453196548003710e-01
6.371072125253096630e-01
-6.130738712604446583e-01
-6.161119783899304814e-01
-6.187703221282401245e-01
1.480181940959196307e+00
1.477523597220889773e+00
1.055986233003950669e+00
-1.945746141729896017e-01
-1.976127213024754248e-01
-2.002710650407779625e-01
-1.945746141729896017e-01
-1.976127213024754248e-01
-2.002710650407779625e-01
-6.130738712604446583e-01
-6.161119783899304814e-01
-6.187703221282401245e-01
2.243044063056518489e-01
1.477523597220889773e+00
1.474485490091397732e+00
-1.945746141729896017e-01
-1.976127213024754248e-01
-2.002710650407779625e-01
-1.031952891739078559e+00
-1.034611235477385094e+00
-1.037649342606881131e+00
1.061682683871741251e+00
1.058644576742247434e+00
1.055986233003950669e+00
3.154938496091381328e+00
-6.161119783899304814e-01
1.474485490091397732e+00
-6.130738712604446583e-01
-6.161119783899304814e-01
-6.187703221282401245e-01
1.480181940959196307e+00
2.733401131874441337e+00
-2.002710650407779625e-01
2.243044063056518489e-01
2.212662991761589204e-01
2.186079554378479450e-01
2.243044063056518489e-01
2.212662991761589204e-01
-2.002710650407779625e-01
-1.031952891739078559e+00
-1.034611235477385094e+00
-1.037649342606881131e+00
2.243044063056518489e-01
2.212662991761589204e-01
2.186079554378479450e-01
-6.130738712604446583e-01
-6.161119783899304814e-01
-6.187703221282401245e-01
-1.945746141729896017e-01
3.152280152353082787e+00
2.186079554378479450e-01
1.898681198046650476e+00
2.314901874786978286e+00
3.149242045223573871e+00
7.381480097928507789e-01
7.352997843589479388e-01
7.324515589250539804e-01
-4.689412542536430806e-02
-4.974235085926093092e-02
-5.259057629315355697e-02
-4.392371789448530350e-01
-4.424414325579877350e-01
-4.449336298126489453e-01
-4.689412542536430806e-02
-4.974235085926093092e-02
-5.259057629315355697e-02
-4.689412542536430806e-02
-4.974235085926093092e-02
-5.259057629315355697e-02
-8.319362606435722896e-01
-4.424414325579877350e-01
-5.259057629315355697e-02
1.130847091491570477e+00
7.352997843589479388e-01
7.324515589250539804e-01
1.130847091491570477e+00
7.352997843589479388e-01
7.324515589250539804e-01
3.458049562733620519e-01
3.429567308394658731e-01
3.401085054055723589e-01
1.523190145011059204e+00
1.520341919577170575e+00
1.124794612444535158e+00
-4.689412542536430806e-02
-4.974235085926093092e-02
-5.259057629315355697e-02
-8.319362606435722896e-01
-8.347844860774698006e-01
-8.376327115113606503e-01
-4.392371789448530350e-01
-4.424414325579877350e-01
-4.449336298126489453e-01
1.523190145011059204e+00
1.520341919577170575e+00
1.124794612444535158e+00
-4.689412542536430806e-02
-4.974235085926093092e-02
-5.259057629315355697e-02
1.130847091491570477e+00
7.352997843589479388e-01
7.324515589250539804e-01
2.308232280229267186e+00
-4.974235085926093092e-02
-1.622674846729581954e+00
-4.689412542536430806e-02
-4.974235085926093092e-02
-5.259057629315355697e-02
3.458049562733620519e-01
3.429567308394658731e-01
3.401085054055723589e-01
-4.689412542536430806e-02
-2.012169674815175391e+00
-1.229975765030856039e+00
7.381480097928507789e-01
7.352997843589479388e-01
7.324515589250539804e-01
2.700931361927993546e+00
-4.424414325579877350e-01
1.124794612444535158e+00
-4.392371789448530350e-01
-4.424414325579877350e-01
-4.449336298126489453e-01
-4.392371789448530350e-01
-4.424414325579877350e-01
-4.449336298126489453e-01
-4.392371789448530350e-01
-4.424414325579877350e-01
-8.376327115113606503e-01
3.458049562733620519e-01
-4.974235085926093092e-02
-5.259057629315355697e-02
1.130847091491570477e+00
1.913041001275883612e+00
nan
nan
-2.012169674815175391e+00
2.302535829361468611e+00
-8.319362606435722896e-01
-8.347844860774698006e-01
-8.376327115113606503e-01
1.523190145011059204e+00
1.520341919577170575e+00
1.124794612444535158e+00
-4.689412542536430806e-02
-4.974235085926093092e-02
-4.449336298126489453e-01
3.458049562733620519e-01
3.429567308394658731e-01
-5.259057629315355697e-02
3.458049562733620519e-01
3.429567308394658731e-01
3.401085054055723589e-01
7.381480097928507789e-01
3.429567308394658731e-01
3.401085054055723589e-01
-4.392371789448530350e-01
-4.424414325579877350e-01
-4.449336298126489453e-01
7.381480097928507789e-01
3.090426190013589203e+00
3.401085054055723589e-01
7.381480097928507789e-01
7.352997843589479388e-01
7.324515589250539804e-01
2.700931361927993546e+00
nan
1.124794612444535158e+00
-1.224279314163061239e+00
1.913041001275883612e+00
-4.449336298126489453e-01
-2.402020531079995802e+00
-8.347844860774698006e-01
1.517493694143261518e+00
-2.986536641038552542e+00
-8.883073890228128100e-01
-1.542705440316285648e+00
-5.708032845645312214e-01
-3.651833176634946554e-01
-5.764997354323271317e-01
3.954024203194173026e-01
1.584154579348062697e-01
-9.317778872621040875e-02
1.844491883381206510e+00
1.728262376251734178e+00
1.355911674335572581e+00
2.327813830087322788e+00
6.815395292941244243e-01
1.355911674335572581e+00
-5.708032845645312214e-01
-3.651833176634946554e-01
-5.764997354323271317e-01
3.954024203194173026e-01
2.774985223209343932e+00
-2.508911145200235282e+00
-8.791952638669897624e-02
1.584154579348062697e-01
-9.317778872621040875e-02
3.954024203194173026e-01
1.584154579348062697e-01
-9.317778872621040875e-02
2.327813830087322788e+00
1.584154579348062697e-01
1.839233621041697742e+00
-2.020330936154604018e+00
-3.651833176634946554e-01
-1.542705440316285648e+00
-1.054125231270655938e+00
-1.411906164621104631e+00
-1.059383493610160265e+00
-8.791952638669897624e-02
1.584154579348062697e-01
-9.317778872621040875e-02
-1.054125231270655938e+00
-1.411906164621104631e+00
-1.059383493610160265e+00
3.954024203194173026e-01
1.584154579348062697e-01
3.897059694516227246e-01
3.954024203194173026e-01
6.815395292941244243e-01
3.897059694516227246e-01
nan
-1.411906164621104631e+00
-9.317778872621040875e-02
2.327813830087322788e+00
-3.651833176634946554e-01
1.355911674335572581e+00
3.954024203194173026e-01
6.815395292941244243e-01
3.897059694516227246e-01
3.954024203194173026e-01
6.815395292941244243e-01
3.897059694516227246e-01
3.954024203194173026e-01
6.815395292941244243e-01
3.897059694516227246e-01
8.782861784972495478e-01
1.205138304892416468e+00
8.725897276294554139e-01
1.361608125203373820e+00
2.251386447611051889e+00
nan
3.954024203194173026e-01
1.584154579348062697e-01
3.897059694516227246e-01
8.782861784972495478e-01
6.815395292941244243e-01
3.897059694516227246e-01
8.782861784972495478e-01
6.815395292941244243e-01
3.897059694516227246e-01
-8.791952638669897624e-02
-3.651833176634946554e-01
-9.317778872621040875e-02
-8.791952638669897624e-02
1.584154579348062697e-01
-9.317778872621040875e-02
-1.054125231270655938e+00
-1.411906164621104631e+00
-1.542705440316285648e+00
-8.791952638669897624e-02
-3.651833176634946554e-01
-9.317778872621040875e-02
-8.791952638669897624e-02
-8.883073890228128100e-01
-5.764997354323271317e-01
8.782861784972495478e-01
1.728262376251734178e+00
1.355911674335572581e+00
3.954024203194173026e-01
1.584154579348062697e-01
3.897059694516227246e-01
8.782861784972495478e-01
1.205138304892416468e+00
8.725897276294554139e-01
-8.791952638669897624e-02
1.584154579348062697e-01
-9.317778872621040875e-02
-8.791952638669897624e-02
1.584154579348062697e-01
-9.317778872621040875e-02
-8.791952638669897624e-02
1.584154579348062697e-01
-9.317778872621040875e-02
-1.537447177976771995e+00
-1.935030235980422342e+00
-1.542705440316285648e+00
-5.708032845645312214e-01
-8.883073890228128100e-01
-1.059383493610160265e+00
-8.791952638669897624e-02
1.584154579348062697e-01
-9.317778872621040875e-02
7.223640938466608930e-01
7.195158684127669346e-01
1.935435716195481604e-01
-3.243587531109488609e-01
1.963917970534483359e-01
-3.300552039787443270e-01
2.815809787761889726e+00
1.963917970534483359e-01
1.239791714338185802e+00
-8.474828244702665714e-01
-8.503310499041725201e-01
-8.531792753380629257e-01
1.769086940804279973e+00
1.243114644011059422e+00
7.166676429788672031e-01
-3.243587531109488609e-01
-3.272069785448539214e-01
-3.300552039787443270e-01
-3.243587531109488609e-01
1.963917970534483359e-01
-3.300552039787443270e-01
2.292685716402572016e+00
7.195158684127669346e-01
7.166676429788672031e-01
1.992400224873431824e-01
7.195158684127669346e-01
1.935435716195481604e-01
7.223640938466608930e-01
1.243114644011059422e+00
1.935435716195481604e-01
1.245962869444962262e+00
2.812961562327989551e+00
7.166676429788672031e-01
1.769086940804279973e+00
-2.944251448058378351e+00
-8.531792753380629257e-01
1.992400224873431824e-01
7.195158684127669346e-01
1.935435716195481604e-01
-3.243587531109488609e-01
1.963917970534483359e-01
-3.300552039787443270e-01
-1.371081600068567941e+00
-3.272069785448539214e-01
2.286989265534780547e+00
-8.474828244702665714e-01
-8.503310499041725201e-01
-8.531792753380629257e-01
2.815809787761889726e+00
nan
7.166676429788672031e-01
1.769086940804279973e+00
2.812961562327989551e+00
7.166676429788672031e-01
-8.474828244702665714e-01
-8.503310499041725201e-01
-8.531792753380629257e-01
-2.417804447026177694e+00
-3.272069785448539214e-01
-1.376778050936364961e+00
2.292685716402572016e+00
7.195158684127669346e-01
7.166676429788672031e-01
1.992400224873431824e-01
7.195158684127669346e-01
1.935435716195481604e-01
-1.894205671427876547e+00
-1.373929825502465230e+00
-1.376778050936364961e+00
7.223640938466608930e-01
1.243114644011059422e+00
1.935435716195481604e-01
-3.243587531109488609e-01
1.963917970534483359e-01
-3.300552039787443270e-01
1.769086940804279973e+00
1.243114644011059422e+00
7.166676429788672031e-01
-8.474828244702665714e-01
-8.503310499041725201e-01
-8.531792753380629257e-01
1.992400224873431824e-01
1.766238715370378021e+00
7.166676429788672031e-01
-8.474828244702665714e-01
-8.503310499041725201e-01
-8.531792753380629257e-01
-8.474828244702665714e-01
-2.944251448058378351e+00
2.810113336894099145e+00
1.992400224873431824e-01
7.195158684127669346e-01
1.935435716195481604e-01
-1.371081600068567941e+00
-2.420652672460085864e+00
-8.531792753380629257e-01
-8.474828244702665714e-01
-8.503310499041725201e-01
-8.531792753380629257e-01
-1.371081600068567941e+00
-3.272069785448539214e-01
2.286989265534780547e+00
-8.474828244702665714e-01
-3.272069785448539214e-01
-8.531792753380629257e-01
-3.243587531109488609e-01
-3.272069785448539214e-01
-3.300552039787443270e-01
-8.474828244702665714e-01
-8.503310499041725201e-01
-8.531792753380629257e-01
-3.243587531109488609e-01
-3.272069785448539214e-01
-3.300552039787443270e-01
1.992400224873431824e-01
7.195158684127669346e-01
1.935435716195481604e-01
7.223640938466608930e-01
7.195158684127669346e-01
1.935435716195481604e-01
-1.239113821631279588e+00
-8.747308477878976696e-01
-5.069472653961559772e-01
3.307330966856505405e-01
-2.469819621567155288e-01
6.349322040121476718e-01
-1.923909746736685022e-01
-2.469819621567155288e-01
6.425139889289077644e-02
3.307330966856505405e-01
3.813365685612351008e-01
1.206130868301204639e+00
3.307330966856505405e-01
3.813365685612351008e-01
6.349322040121476718e-01
-1.923909746736685022e-01
-2.469819621567155288e-01
6.425139889289077644e-02
-1.923909746736685022e-01
-2.130798264137029996e+00
-2.790706204212773933e+00
-1.239113821631279588e+00
-1.503049378505859401e+00
-1.648826734804470062e+00
-1.923909746736685022e-01
-2.469819621567155288e-01
6.349322040121476718e-01
8.543318722839430279e-01
1.009085454192417242e+00
1.206130868301204639e+00
3.307330966856505405e-01
1.009085454192417242e+00
6.349322040121476718e-01
-1.923909746736685022e-01
-2.469819621567155288e-01
6.425139889289077644e-02
3.307330966856505405e-01
-1.503049378505859401e+00
-2.220025399093517038e+00
-1.923909746736685022e-01
-2.469819621567155288e-01
6.425139889289077644e-02
8.543318722839430279e-01
1.009085454192417242e+00
1.776811673420461535e+00
3.307330966856505405e-01
-2.469819621567155288e-01
6.349322040121476718e-01
-1.239113821631279588e+00
-8.747308477878976696e-01
-5.069472653961559772e-01
-1.923909746736685022e-01
-2.469819621567155288e-01
6.425139889289077644e-02
-7.159897502719703155e-01
-8.747308477878976696e-01
-5.069472653961559772e-01
3.307330966856505405e-01
3.813365685612351008e-01
6.349322040121476718e-01
3.307330966856505405e-01
1.009085454192417242e+00
1.776811673420461535e+00
3.307330966856505405e-01
3.813365685612351008e-01
6.349322040121476718e-01
8.543318722839430279e-01
1.637403984910379418e+00
2.348010337709508288e+00
-1.923909746736685022e-01
-2.469819621567155288e-01
6.349322040121476718e-01
-7.159897502719703155e-01
-8.747308477878976696e-01
-5.069472653961559772e-01
3.307330966856505405e-01
-2.469819621567155288e-01
6.349322040121476718e-01
-1.923909746736685022e-01
-2.469819621567155288e-01
6.425139889289077644e-02
-1.762712597229581624e+00
-1.503049378505859401e+00
-5.069472653961559772e-01
-1.923909746736685022e-01
-1.503049378505859401e+00
-1.077628070515413317e+00
-1.239113821631279588e+00
-2.130798264137029996e+00
-5.069472653961559772e-01
1.377455943643262071e+00
nan
-2.790706204212773933e+00
-7.159897502719703155e-01
-8.747308477878976696e-01
-5.069472653961559772e-01
-1.923909746736685022e-01
-2.469819621567155288e-01
6.349322040121476718e-01
-1.923909746736685022e-01
-2.469819621567155288e-01
6.349322040121476718e-01
2.947777566199175414e+00
-8.747308477878976696e-01
2.348010337709508288e+00
3.307330966856505405e-01
3.813365685612351008e-01
1.206130868301204639e+00
3.307330966856505405e-01
3.813365685612351008e-01
6.349322040121476718e-01
3.307330966856505405e-01
-2.469819621567155288e-01
6.349322040121476718e-01
-1.923909746736685022e-01
-2.469819621567155288e-01
6.425139889289077644e-02
-1.239113821631279588e+00
-2.759116794854992172e+00
-1.077628070515413317e+00
-5.121258570941598087e-01
-1.085913817232212697e+00
-1.088503113081205509e+00
6.297536123141522779e-01
6.271643164651479196e-01
6.240571614463528149e-01
5.907280719489627074e-02
5.596565217610116605e-02
5.337635632709636369e-02
1.200952276603198587e+00
2.339724590992718678e+00
nan
-1.082806662213405824e+00
-1.085913817232212697e+00
-1.088503113081205509e+00
5.907280719489627074e-02
5.596565217610116605e-02
-5.178223079619495017e-01
5.907280719489627074e-02
5.596565217610116605e-02
5.337635632709636369e-02
5.907280719489627074e-02
5.596565217610116605e-02
-5.178223079619495017e-01
-5.121258570941598087e-01
-5.147151529431557293e-01
-5.178223079619495017e-01
-1.082806662213405824e+00
-1.085913817232212697e+00
-1.659701777370261588e+00
-2.224686131621718133e+00
-1.085913817232212697e+00
6.240571614463528149e-01
5.907280719489627074e-02
-1.085913817232212697e+00
1.765936630854664902e+00
-5.121258570941598087e-01
-1.085913817232212697e+00
-1.088503113081205509e+00
-5.121258570941598087e-01
-5.147151529431557293e-01
-1.088503113081205509e+00
-1.654005326502461903e+00
-1.656594622351459600e+00
-2.230900441659307454e+00
2.913512551130766237e+00
-2.227793286640516790e+00
-1.659701777370261588e+00
2.913512551130766237e+00
1.769043785873461783e+00
-1.088503113081205509e+00
-5.121258570941598087e-01
-5.147151529431557293e-01
-5.178223079619495017e-01
6.297536123141522779e-01
6.271643164651479196e-01
6.240571614463528149e-01
5.907280719489627074e-02
-1.085913817232212697e+00
-1.659701777370261588e+00
6.297536123141522779e-01
5.596565217610116605e-02
5.337635632709636369e-02
-5.121258570941598087e-01
-5.147151529431557293e-01
-5.178223079619495017e-01
6.297536123141522779e-01
5.596565217610116605e-02
5.337635632709636369e-02
6.297536123141522779e-01
6.271643164651479196e-01
6.240571614463528149e-01
-5.121258570941598087e-01
-5.147151529431557293e-01
-5.178223079619495017e-01
6.297536123141522779e-01
6.271643164651479196e-01
6.240571614463528149e-01
-5.121258570941598087e-01
-5.147151529431557293e-01
-5.178223079619495017e-01
1.200952276603198587e+00
6.271643164651479196e-01
1.195255825735408894e+00
6.297536123141522779e-01
6.271643164651479196e-01
6.240571614463528149e-01
5.907280719489627074e-02
5.596565217610116605e-02
5.337635632709636369e-02
-5.121258570941598087e-01
-5.147151529431557293e-01
-5.178223079619495017e-01
5.907280719489627074e-02
5.596565217610116605e-02
-5.178223079619495017e-01
6.297536123141522779e-01
6.271643164651479196e-01
6.240571614463528149e-01
5.907280719489627074e-02
5.596565217610116605e-02
-5.178223079619495017e-01
5.907280719489627074e-02
5.596565217610116605e-02
5.337635632709636369e-02
5.907280719489627074e-02
5.596565217610116605e-02
5.337635632709636369e-02
-5.121258570941598087e-01
-5.147151529431557293e-01
-5.178223079619495017e-01
-1.654005326502461903e+00
-1.085913817232212697e+00
-1.659701777370261588e+00
5.907280719489627074e-02
5.596565217610116605e-02
5.337635632709636369e-02
5.907280719489627074e-02
5.596565217610116605e-02
5.337635632709636369e-02
nan
7.560680948144629099e-01
1.276343940739875560e+00
-8.114053023075595839e-01
-8.142535277414504336e-01
-8.171017531753537178e-01
-2.878065267092577706e-01
-2.906547521431575021e-01
-2.935029775770523486e-01
-8.114053023075595839e-01
-8.142535277414504336e-01
-8.171017531753537178e-01
1.282040391607672358e+00
1.279192166173781953e+00
7.532198693805574052e-01
2.353175446500608281e-01
2.324693192161610966e-01
2.296210937822653619e-01
-2.878065267092577706e-01
-2.906547521431575021e-01
2.296210937822653619e-01
-2.878065267092577706e-01
-2.906547521431575021e-01
2.296210937822653619e-01
-2.878065267092577706e-01
-2.906547521431575021e-01
-2.935029775770523486e-01
-1.858128149265171114e+00
1.279192166173781953e+00
-8.171017531753537178e-01
2.353175446500608281e-01
2.324693192161610966e-01
2.296210937822653619e-01
2.852362014163585702e+00
nan
7.532198693805574052e-01
nan
-2.907699221656682376e+00
1.276343940739875560e+00
-1.334529373666869079e+00
-1.860976374699070846e+00
-2.910547447090582551e+00
2.353175446500608281e-01
2.324693192161610966e-01
2.296210937822653619e-01
-8.114053023075595839e-01
-8.142535277414504336e-01
-2.935029775770523486e-01
2.353175446500608281e-01
2.324693192161610966e-01
2.296210937822653619e-01
-1.334529373666869079e+00
-1.860976374699070846e+00
2.846665563295786239e+00
-1.858128149265171114e+00
1.279192166173781953e+00
-8.171017531753537178e-01
1.805639167205974172e+00
-8.142535277414504336e-01
-1.863824600132963250e+00
7.589163202483537596e-01
2.324693192161610966e-01
7.532198693805574052e-01
1.282040391607672358e+00
1.279192166173781953e+00
1.276343940739875560e+00
-1.334529373666869079e+00
-2.384575150297363777e+00
2.296210937822653619e-01
2.353175446500608281e-01
2.324693192161610966e-01
2.296210937822653619e-01
2.353175446500608281e-01
2.324693192161610966e-01
2.296210937822653619e-01
-1.334529373666869079e+00
-1.337377599100768810e+00
-1.340225824534671428e+00
-2.878065267092577706e-01
-2.906547521431575021e-01
-2.935029775770523486e-01
-8.114053023075595839e-01
-8.142535277414504336e-01
-2.935029775770523486e-01
2.328763238565292770e+00
-2.384575150297363777e+00
-1.863824600132963250e+00
2.353175446500608281e-01
2.324693192161610966e-01
2.296210937822653619e-01
-2.878065267092577706e-01
-2.906547521431575021e-01
2.296210937822653619e-01
1.805639167205974172e+00
2.325915013131393483e+00
2.846665563295786239e+00
1.805639167205974172e+00
-1.337377599100768810e+00
-8.171017531753537178e-01
2.353175446500608281e-01
2.324693192161610966e-01
2.296210937822653619e-01
2.353175446500608281e-01
2.324693192161610966e-01
2.296210937822653619e-01
-8.114053023075595839e-01
-1.860976374699070846e+00
2.296210937822653619e-01
1.282040391607672358e+00
nan
2.296210937822653619e-01
-1.334529373666869079e+00
-8.142535277414504336e-01
2.846665563295786239e+00
2.852362014163585702e+00
nan
7.532198693805574052e-01
-1.858128149265171114e+00
1.279192166173781953e+00
1.276343940739875560e+00
-3.518636751932024964e-01
1.471969241676296392e-02
-1.596363821838360231e-01
-7.211277255644792383e-01
-1.093407544042253265e+00
-1.206517463887778030e+00
-7.211277255644792383e-01
-7.241434936709629788e-01
-8.574516134889100805e-01
7.565986466109695385e-01
7.535828785044889067e-01
8.869282300274567987e-01
-1.829590047368651273e+00
7.535828785044889067e-01
-1.206517463887778030e+00
7.565986466109695385e-01
7.535828785044889067e-01
8.869282300274567987e-01
1.740037517807380141e-02
1.471969241676296392e-02
1.891129987223827413e-01
3.869995108945216700e-01
7.535828785044889067e-01
5.381788491212384784e-01
1.864725883069983770e+00
nan
8.869282300274567987e-01
3.869995108945216700e-01
3.843188281332117207e-01
5.381788491212384784e-01
-7.211277255644792383e-01
-2.201869865846427743e+00
-1.555583314286645757e+00
1.740037517807380141e-02
1.471969241676296392e-02
-1.596363821838360231e-01
7.565986466109695385e-01
1.492446064592214849e+00
1.584743461332531300e+00
7.565986466109695385e-01
1.122846928875766093e+00
8.869282300274567987e-01
-3.518636751932024964e-01
-3.545443579545275448e-01
-5.087022325827037506e-01
-1.829590047368651273e+00
2.231309250679940792e+00
1.235994080426324526e+00
1.740037517807380141e-02
1.471969241676296392e-02
1.891129987223827413e-01
3.869995108945216700e-01
7.535828785044889067e-01
8.869282300274567987e-01
3.869995108945216700e-01
7.535828785044889067e-01
5.381788491212384784e-01
3.869995108945216700e-01
7.535828785044889067e-01
8.869282300274567987e-01
1.740037517807380141e-02
1.471969241676296392e-02
1.891129987223827413e-01
-7.211277255644792383e-01
-7.241434936709629788e-01
-1.206517463887778030e+00
1.125862696982246280e+00
1.862045200308663606e+00
2.282558692637605358e+00
-1.090726861280926885e+00
-1.093407544042253265e+00
-1.555583314286645757e+00
-3.518636751932024964e-01
-3.545443579545275448e-01
-1.596363821838360231e-01
-2.198854097739940894e+00
7.535828785044889067e-01
1.584743461332531300e+00
2.973188204874155804e+00
-1.832270730129979208e+00
-1.206517463887778030e+00
1.740037517807380141e-02
3.843188281332117207e-01
1.891129987223827413e-01
-1.459990911652216505e+00
-1.832270730129979208e+00
-2.950897307404144687e+00
7.565986466109695385e-01
1.122846928875766093e+00
8.869282300274567987e-01
1.740037517807380141e-02
1.471969241676296392e-02
-1.596363821838360231e-01
1.740037517807380141e-02
1.471969241676296392e-02
-1.596363821838360231e-01
1.740037517807380141e-02
3.843188281332117207e-01
1.891129987223827413e-01
7.565986466109695385e-01
1.122846928875766093e+00
1.584743461332531300e+00
-7.211277255644792383e-01
-7.241434936709629788e-01
-8.574516134889100805e-01
3.869995108945216700e-01
7.535828785044889067e-01
8.869282300274567987e-01
1.740037517807380141e-02
1.471969241676296392e-02
1.891129987223827413e-01
3.869995108945216700e-01
7.535828785044889067e-01
5.381788491212384784e-01
-1.090726861280926885e+00
-1.463006679758701800e+00
1.235994080426324526e+00
-3.518636751932024964e-01
-3.545443579545275448e-01
-5.087022325827037506e-01
-2.050127756078470753e+00
-2.052756887248224693e+00
2.357109863121710003e+00
3.656056003955590050e-01
3.625382806975130379e-01
5.627278397657877740e-01
3.656056003955590050e-01
3.625382806975130379e-01
1.143357786006653498e-01
3.656056003955590050e-01
3.625382806975130379e-01
1.143357786006653498e-01
3.656056003955590050e-01
3.625382806975130379e-01
5.627278397657877740e-01
-1.177163463105657115e-01
-1.203454774803196514e-01
-3.344631719121649027e-01
nan
8.454220388753452831e-01
nan
-1.177163463105657115e-01
-1.203454774803196514e-01
1.143357786006653498e-01
-1.083922051194514014e+00
-1.086551182364267731e+00
-1.231654183590118024e+00
1.331811305279507085e+00
-6.036674241864354862e-01
-1.680046244755248441e+00
-1.177163463105657115e-01
-1.203454774803196514e-01
1.143357786006653498e-01
-1.083922051194514014e+00
-6.036674241864354862e-01
-7.832621224249876057e-01
-1.177163463105657115e-01
-1.203454774803196514e-01
1.143357786006653498e-01
nan
8.454220388753452831e-01
nan
3.656056003955590050e-01
3.625382806975130379e-01
5.627278397657877740e-01
8.484893585733912502e-01
8.454220388753452831e-01
1.011526790278618027e+00
3.656056003955590050e-01
3.625382806975130379e-01
1.143357786006653498e-01
-1.177163463105657115e-01
-2.052756887248224693e+00
-3.344631719121649027e-01
-6.006001044883979567e-01
-6.036674241864354862e-01
-3.344631719121649027e-01
3.656056003955590050e-01
3.625382806975130379e-01
1.143357786006653498e-01
-1.566805809372346481e+00
-1.086551182364267731e+00
-1.231654183590118024e+00
-1.177163463105657115e-01
-1.203454774803196514e-01
1.143357786006653498e-01
-1.083922051194514014e+00
-6.036674241864354862e-01
-7.832621224249876057e-01
-1.177163463105657115e-01
-1.203454774803196514e-01
1.143357786006653498e-01
-2.533449702784587032e+00
8.454220388753452831e-01
1.459918851443756882e+00
-1.083922051194514014e+00
-1.086551182364267731e+00
-7.832621224249876057e-01
-1.177163463105657115e-01
-1.203454774803196514e-01
1.143357786006653498e-01
3.656056003955590050e-01
3.625382806975130379e-01
5.627278397657877740e-01
3.656056003955590050e-01
-1.203454774803196514e-01
1.143357786006653498e-01
-6.006001044883979567e-01
-6.036674241864354862e-01
-7.832621224249876057e-01
-1.177163463105657115e-01
-1.203454774803196514e-01
1.143357786006653498e-01
nan
nan
1.011526790278618027e+00
-6.006001044883979567e-01
-1.203454774803196514e-01
-3.344631719121649027e-01
-1.083922051194514014e+00
-2.052756887248224693e+00
1.143357786006653498e-01
2.297578821635171575e+00
-6.036674241864354862e-01
-3.026036206946031815e+00
1.331811305279507085e+00
8.454220388753452831e-01
1.011526790278618027e+00
-6.006001044883979567e-01
-1.569873129070392448e+00
-2.128845195268071144e+00
3.656056003955590050e-01
3.625382806975130379e-01
1.143357786006653498e-01
nan
8.454220388753452831e-01
nan
1.331811305279507085e+00
-6.036674241864354862e-01
-1.680046244755248441e+00
2.611259415235567261e-02
-8.466916507386339497e-01
2.639219810860193416e+00
-7.127505919353684938e-01
-4.979422698324276197e-01
-8.498563456651893055e-01
nan
1.595503424082807431e+00
nan
-7.127505919353684938e-01
-4.979422698324276197e-01
-8.498563456651893055e-01
7.649757802400802831e-01
8.976881927777329295e-01
8.948399673438394153e-01
7.649757802400802831e-01
5.489388118715141651e-01
8.948399673438394153e-01
7.649757802400802831e-01
8.976881927777329295e-01
8.948399673438394153e-01
2.611259415235567261e-02
1.998729614726588721e-01
-1.517246448674534065e-01
1.503838966327804005e+00
1.595503424082807431e+00
2.639219810860193416e+00
3.957117298688035412e-01
5.489388118715141651e-01
5.460905864376206509e-01
2.611259415235567261e-02
-1.488764194335598923e-01
-1.517246448674534065e-01
2.611259415235567261e-02
1.998729614726588721e-01
-1.517246448674534065e-01
-1.820877828394382503e+00
2.293318655387881488e+00
-8.498563456651893055e-01
1.503838966327804005e+00
2.293318655387881488e+00
1.970247360387524793e-01
7.649757802400802831e-01
5.489388118715141651e-01
5.460905864376206509e-01
-3.431514562189339479e-01
-1.488764194335598923e-01
-5.007904952663215781e-01
-7.127505919353684938e-01
-4.979422698324276197e-01
-8.498563456651893055e-01
-1.082014642306658114e+00
-8.466916507386339497e-01
-1.198605726571395635e+00
3.957117298688035412e-01
5.489388118715141651e-01
5.460905864376206509e-01
-3.431514562189339479e-01
-1.488764194335598923e-01
-5.007904952663215781e-01
-3.431514562189339479e-01
-1.488764194335598923e-01
-5.007904952663215781e-01
-2.190476964110830149e+00
-1.893572732442576179e+00
1.592655198648913473e+00
3.957117298688035412e-01
1.998729614726588721e-01
1.970247360387524793e-01
1.134239830611357025e+00
8.976881927777329295e-01
1.243905817742695152e+00
7.649757802400802831e-01
5.489388118715141651e-01
5.460905864376206509e-01
-3.431514562189339479e-01
-1.488764194335598923e-01
-5.007904952663215781e-01
3.957117298688035412e-01
-8.466916507386339497e-01
-1.896420957876469693e+00
-7.127505919353684938e-01
-4.979422698324276197e-01
-8.498563456651893055e-01
1.134239830611357025e+00
8.976881927777329295e-01
8.948399673438394153e-01
-1.451613778023105983e+00
8.976881927777329295e-01
-1.198605726571395635e+00
2.611259415235567261e-02
-1.488764194335598923e-01
-1.517246448674534065e-01
3.957117298688035412e-01
5.489388118715141651e-01
1.970247360387524793e-01
1.873438102044251874e+00
-8.466916507386339497e-01
-2.245170338782688457e+00
-7.127505919353684938e-01
-4.979422698324276197e-01
-8.498563456651893055e-01
1.134239830611357025e+00
8.976881927777329295e-01
8.948399673438394153e-01
2.611259415235567261e-02
-1.488764194335598923e-01
-1.517246448674534065e-01
-3.431514562189339479e-01
-1.488764194335598923e-01
-5.007904952663215781e-01
3.957117298688035412e-01
5.489388118715141651e-01
5.460905864376206509e-01
7.649757802400802831e-01
5.489388118715141651e-01
8.948399673438394153e-01
2.611259415235567261e-02
-1.195757501137501899e+00
-1.896420957876469693e+00
-4.339291224544044034e-01
-1.007717082592457292e+00
-1.248924375903595507e+00
7.079503469539076832e-01
2.988602130751721209e+00
1.542336549316713157e+00
1.367516826648516037e-01
7.048431919351036967e-01
1.542336549316713157e+00
1.367516826648516037e-01
1.341623868158565713e-01
1.467060867065654861e-01
-4.339291224544044034e-01
-1.007717082592457292e+00
-5.514256140911704129e-01
1.367516826648516037e-01
-4.370362774732003963e-01
1.467060867065654861e-01
-4.339291224544044034e-01
-4.370362774732003963e-01
1.467060867065654861e-01
1.367516826648516037e-01
-4.370362774732003963e-01
1.467060867065654861e-01
1.367516826648516037e-01
-4.370362774732003963e-01
1.467060867065654861e-01
-4.339291224544044034e-01
-1.007717082592457292e+00
-1.248924375903595507e+00
-1.005127786743450269e+00
-1.007717082592457292e+00
-1.248924375903595507e+00
-4.339291224544044034e-01
-1.007717082592457292e+00
-1.248924375903595507e+00
-1.005127786743450269e+00
7.048431919351036967e-01
-1.248924375903595507e+00
7.079503469539076832e-01
1.341623868158565713e-01
8.442048485189777018e-01
-1.005127786743450269e+00
-1.007717082592457292e+00
-1.248924375903595507e+00
7.079503469539076832e-01
1.846722661343417560e+00
nan
-4.339291224544044034e-01
-4.370362774732003963e-01
1.467060867065654861e-01
-1.575808591862706498e+00
1.276041856224160664e+00
-1.248924375903595507e+00
-4.339291224544044034e-01
-1.007717082592457292e+00
-5.514256140911704129e-01
-1.575808591862706498e+00
1.341623868158565713e-01
-1.947056076701318972e+00
1.278631152073153476e+00
1.846722661343417560e+00
nan
7.079503469539076832e-01
7.048431919351036967e-01
1.542336549316713157e+00
-2.147007256151762800e+00
-1.007717082592457292e+00
1.467060867065654861e-01
1.849829816362210000e+00
2.417921325632464313e+00
nan
-4.339291224544044034e-01
-4.370362774732003963e-01
-5.514256140911704129e-01
7.079503469539076832e-01
1.276041856224160664e+00
2.239835311129138251e+00
-4.339291224544044034e-01
-4.370362774732003963e-01
1.467060867065654861e-01
-1.005127786743450269e+00
-2.720795216289817908e+00
-1.248924375903595507e+00
-2.147007256151762800e+00
1.846722661343417560e+00
-1.248924375903595507e+00
nan
-2.720795216289817908e+00
1.467060867065654861e-01
-4.339291224544044034e-01
-1.007717082592457292e+00
-5.514256140911704129e-01
1.849829816362210000e+00
-1.007717082592457292e+00
2.239835311129138251e+00
7.079503469539076832e-01
7.048431919351036967e-01
1.542336549316713157e+00
7.079503469539076832e-01
7.048431919351036967e-01
1.542336549316713157e+00
-4.339291224544044034e-01
-1.007717082592457292e+00
-5.514256140911704129e-01
1.367516826648516037e-01
-4.370362774732003963e-01
1.467060867065654861e-01
-1.005127786743450269e+00
-2.149596552000760941e+00
8.442048485189777018e-01
1.367516826648516037e-01
7.048431919351036967e-01
8.442048485189777018e-01
-4.339291224544044034e-01
-4.370362774732003963e-01
-5.514256140911704129e-01
1.367516826648516037e-01
-4.370362774732003963e-01
1.467060867065654861e-01
5.761551882398907587e-01
4.188326186851547561e-01
7.850809009499482016e-01
2.274058073336719943e-01
4.923348296870644347e-02
4.655280020739516189e-02
2.274058073336719943e-01
4.923348296870644347e-02
4.158168505786719038e-01
-1.216600430651957332e-01
-3.203656527477423133e-01
4.655280020739516189e-02
-1.216600430651957332e-01
1.896558990860607086e+00
-6.923103858803423272e-01
1.273970419544964816e+00
-1.428492889206745442e+00
-6.923103858803423272e-01
-4.704094239714020631e-01
-3.203656527477423133e-01
-3.230463355090527067e-01
3.018666732553981102e+00
2.635422176948345463e+00
4.655280020739516189e-02
-1.216600430651957332e-01
4.923348296870644347e-02
4.655280020739516189e-02
-1.216600430651957332e-01
2.635422176948345463e+00
nan
-1.216600430651957332e-01
4.923348296870644347e-02
4.655280020739516189e-02
-4.704094239714020631e-01
-6.896297031190194993e-01
-6.923103858803423272e-01
9.252210386387464958e-01
1.157695804772881143e+00
1.524279172382843495e+00
9.252210386387464958e-01
1.157695804772881143e+00
1.524279172382843495e+00
2.274058073336719943e-01
4.188326186851547561e-01
4.158168505786719038e-01
1.623036269943832988e+00
-6.896297031190194993e-01
-2.170036758055790660e+00
2.274058073336719943e-01
4.188326186851547561e-01
4.158168505786719038e-01
1.273970419544964816e+00
1.526959855144171652e+00
2.263142358470568549e+00
1.273970419544964816e+00
1.526959855144171652e+00
1.893543222754120681e+00
5.761551882398907587e-01
4.188326186851547561e-01
7.850809009499482016e-01
2.274058073336719943e-01
4.188326186851547561e-01
4.158168505786719038e-01
-1.216600430651957332e-01
4.923348296870644347e-02
4.655280020739516189e-02
-1.216600430651957332e-01
4.923348296870644347e-02
4.655280020739516189e-02
9.252210386387464958e-01
7.880966690564323862e-01
1.154680036666395626e+00
2.274058073336719943e-01
4.188326186851547561e-01
4.158168505786719038e-01
2.274058073336719943e-01
4.188326186851547561e-01
4.158168505786719038e-01
-2.563855117886636670e+00
-6.896297031190194993e-01
-1.431173571968066494e+00
9.252210386387464958e-01
7.880966690564323862e-01
1.154680036666395626e+00
2.274058073336719943e-01
4.923348296870644347e-02
4.158168505786719038e-01
5.761551882398907587e-01
4.188326186851547561e-01
7.850809009499482016e-01
5.761551882398907587e-01
7.880966690564323862e-01
7.850809009499482016e-01
-8.194752743702702347e-01
-6.896297031190194993e-01
-6.923103858803423272e-01
-1.216600430651957332e-01
4.923348296870644347e-02
4.655280020739516189e-02
-4.704094239714020631e-01
-3.203656527477423133e-01
-3.230463355090527067e-01
-4.704094239714020631e-01
-6.896297031190194993e-01
-6.923103858803423272e-01
-1.216600430651957332e-01
-3.203656527477423133e-01
-3.230463355090527067e-01
2.274058073336719943e-01
4.923348296870644347e-02
4.158168505786719038e-01
-4.704094239714020631e-01
-6.896297031190194993e-01
-6.923103858803423272e-01
1.623036269943832988e+00
1.526959855144171652e+00
2.632406408841858170e+00
-8.194752743702702347e-01
-1.058893753490296685e+00
-1.061909521596776873e+00
3.862004612252878388e-01
3.835713300555338989e-01
5.822585284553869478e-01
-2.995300411604398416e+00
-1.548840079712371365e+00
1.479449540133340069e+00
-9.668329695254440637e-02
-9.931242812229834627e-02
-3.149324832225661730e-01
-1.062889001836492930e+00
-1.065956321534538898e+00
2.825439502324123442e+00
3.862004612252878388e-01
3.835713300555338989e-01
5.822585284553869478e-01
3.862004612252878388e-01
8.668932767616501778e-01
1.031057478968217200e+00
8.695224079314036736e-01
8.668932767616501778e-01
1.479449540133340069e+00
1.835728112815360635e+00
nan
1.927841601298462049e+00
-1.062889001836492930e+00
-1.065956321534538898e+00
-2.109314506578487958e+00
8.695224079314036736e-01
8.668932767616501778e-01
1.479449540133340069e+00
-1.062889001836492930e+00
-1.065956321534538898e+00
1.479449540133340069e+00
-2.511978464898282137e+00
3.835713300555338989e-01
-2.558113457091310217e+00
-1.062889001836492930e+00
-1.548840079712371365e+00
-2.109314506578487958e+00
-9.668329695254440637e-02
-9.931242812229834627e-02
-3.149324832225661730e-01
-9.668329695254440637e-02
-5.826343748284230628e-01
-7.633245443877045844e-01
8.695224079314036736e-01
1.349777034939482423e+00
1.927841601298462049e+00
-9.668329695254440637e-02
-9.931242812229834627e-02
-3.149324832225661730e-01
8.695224079314036736e-01
8.668932767616501778e-01
1.031057478968217200e+00
-9.668329695254440637e-02
-9.931242812229834627e-02
-3.149324832225661730e-01
-9.668329695254440637e-02
-9.931242812229834627e-02
-3.149324832225661730e-01
3.862004612252878388e-01
3.835713300555338989e-01
5.822585284553869478e-01
3.862004612252878388e-01
3.835713300555338989e-01
1.338664672902485364e-01
-5.795670551303770957e-01
-1.065956321534538898e+00
-1.660515556065657483e+00
1.352844354637527946e+00
1.833098981645606695e+00
nan
-5.795670551303770957e-01
-5.826343748284230628e-01
-1.212123494900534837e+00
-9.668329695254440637e-02
-9.931242812229834627e-02
1.338664672902485364e-01
-1.545772760014325398e+00
-1.548840079712371365e+00
1.338664672902485364e-01
8.695224079314036736e-01
1.349777034939482423e+00
1.927841601298462049e+00
-5.795670551303770957e-01
-5.826343748284230628e-01
-7.633245443877045844e-01
-9.668329695254440637e-02
3.835713300555338989e-01
1.338664672902485364e-01
8.695224079314036736e-01
8.668932767616501778e-01
1.479449540133340069e+00
-5.795670551303770957e-01
-5.826343748284230628e-01
-7.633245443877045844e-01
-9.668329695254440637e-02
3.835713300555338989e-01
1.338664672902485364e-01
8.695224079314036736e-01
1.349777034939482423e+00
1.927841601298462049e+00
1.352844354637527946e+00
1.833098981645606695e+00
nan
-5.795670551303770957e-01
-5.826343748284230628e-01
-1.212123494900534837e+00
1.352844354637527946e+00
1.833098981645606695e+00
nan
-9.668329695254440637e-02
-9.931242812229834627e-02
1.338664672902485364e-01
-1.062889001836492930e+00
-1.548840079712371365e+00
5.822585284553869478e-01
3.862004612252878388e-01
3.835713300555338989e-01
5.822585284553869478e-01
1.664746949075806892e+00
2.944066242148954071e+00
1.228398812602586876e+00
-2.190693529045080190e-01
8.910863904327914753e-02
8.651934319428455922e-02
2.293065479793757522e+00
2.944066242148954071e+00
-4.846793210947715203e-01
1.036998063444624751e+00
1.230988108451593011e+00
6.572001483135405664e-01
2.293065479793757522e+00
-2.765331104892585490e+00
-4.846793210947715203e-01
-2.103455299971602965e+00
8.910863904327914753e-02
-1.626558790503073615e+00
-2.190693529045080190e-01
8.910863904327914753e-02
8.651934319428455922e-02
4.086795327266625755e-01
6.603073033323361152e-01
6.572001483135405664e-01
-2.190693529045080190e-01
8.910863904327914753e-02
8.651934319428455922e-02
2.920814365424939663e+00
-2.765331104892585490e+00
2.370278282010898518e+00
-2.190693529045080190e-01
8.910863904327914753e-02
8.651934319428455922e-02
4.086795327266625755e-01
8.910863904327914753e-02
8.651934319428455922e-02
4.086795327266625755e-01
6.603073033323361152e-01
6.572001483135405664e-01
-8.473878836224701949e-01
-1.052770830365024501e+00
-1.055877985383817386e+00
-1.475136769253652114e+00
-1.052770830365024501e+00
-1.055877985383817386e+00
-2.190693529045080190e-01
-4.820900252457676061e-01
-4.846793210947715203e-01
-1.475136769253652114e+00
-2.765331104892585490e+00
1.799079617721842883e+00
4.086795327266625755e-01
6.603073033323361152e-01
8.651934319428455922e-02
-8.473878836224701949e-01
-1.052770830365024501e+00
-1.055877985383817386e+00
-1.475136769253652114e+00
1.230988108451593011e+00
-1.055877985383817386e+00
-1.475136769253652114e+00
-1.052770830365024501e+00
-1.055877985383817386e+00
4.086795327266625755e-01
6.603073033323361152e-01
6.572001483135405664e-01
1.036998063444624751e+00
6.603073033323361152e-01
6.572001483135405664e-01
4.086795327266625755e-01
6.603073033323361152e-01
6.572001483135405664e-01
-2.190693529045080190e-01
8.910863904327914753e-02
-4.846793210947715203e-01
-2.190693529045080190e-01
8.910863904327914753e-02
-4.846793210947715203e-01
-2.190693529045080190e-01
2.944066242148954071e+00
-4.846793210947715203e-01
-2.190693529045080190e-01
8.910863904327914753e-02
8.651934319428455922e-02
-8.473878836224701949e-01
-4.820900252457676061e-01
-4.846793210947715203e-01
4.086795327266625755e-01
6.603073033323361152e-01
6.572001483135405664e-01
2.293065479793757522e+00
-4.820900252457676061e-01
2.370278282010898518e+00
4.086795327266625755e-01
6.603073033323361152e-01
8.651934319428455922e-02
-1.475136769253652114e+00
-1.623451635484281619e+00
-2.197239595622329844e+00
-2.190693529045080190e-01
8.910863904327914753e-02
-4.846793210947715203e-01
-2.190693529045080190e-01
8.910863904327914753e-02
8.651934319428455922e-02
-2.190693529045080190e-01
8.910863904327914753e-02
8.651934319428455922e-02
-1.475136769253652114e+00
-1.623451635484281619e+00
-2.197239595622329844e+00
4.086795327266625755e-01
6.603073033323361152e-01
8.651934319428455922e-02
-2.190693529045080190e-01
8.910863904327914753e-02
8.651934319428455922e-02
-8.473878836224701949e-01
2.944066242148954071e+00
-4.846793210947715203e-01
-2.811606673634914344e-01
-2.999897001064866231e-02
-5.015694970943891384e-01
-8.042847387228100331e-01
-6.006797751299046695e-01
-5.015694970943891384e-01
2.424381082348014971e-01
5.406818351086077890e-01
4.650743963178527451e-01
-2.811606673634914344e-01
-2.999897001064866231e-02
-5.015694970943891384e-01
-2.811606673634914344e-01
-2.999897001064866231e-02
-1.824755038827241549e-02
-2.811606673634914344e-01
-2.999897001064866231e-02
-1.824755038827241549e-02
-8.042847387228100331e-01
-6.006797751299046695e-01
-5.015694970943891384e-01
2.424381082348014971e-01
5.406818351086077890e-01
4.650743963178527451e-01
2.424381082348014971e-01
5.406818351086077890e-01
4.650743963178527451e-01
-8.042847387228100331e-01
-1.171878439418950535e+00
-1.950658960156172128e+00
2.424381082348014971e-01
-2.999897001064866231e-02
-1.824755038827241549e-02
-1.327883514321112068e+00
-6.006797751299046695e-01
-9.844532552722222718e-01
-2.811606673634914344e-01
-2.999897001064866231e-02
-1.824755038827241549e-02
-8.042847387228100331e-01
-6.006797751299046695e-01
-5.015694970943891384e-01
2.424381082348014971e-01
5.406818351086077890e-01
-1.824755038827241549e-02
-8.042847387228100331e-01
-1.171878439418950535e+00
2.397485806085760895e+00
nan
1.111880499397653654e+00
1.914163859379635735e+00
2.424381082348014971e-01
5.406818351086077890e-01
4.650743963178527451e-01
2.424381082348014971e-01
5.406818351086077890e-01
4.650743963178527451e-01
-1.327883514321112068e+00
-1.171878439418950535e+00
-1.467337013450055405e+00
2.424381082348014971e-01
-2.999897001064866231e-02
-1.824755038827241549e-02
-2.811606673634914344e-01
-6.006797751299046695e-01
-9.844532552722222718e-01
1.288686250953438250e+00
nan
4.650743963178527451e-01
-8.042847387228100331e-01
-6.006797751299046695e-01
-5.015694970943891384e-01
7.655621795941200958e-01
1.111880499397653654e+00
1.431280101201802157e+00
-2.811606673634914344e-01
-2.999897001064866231e-02
-5.015694970943891384e-01
7.655621795941200958e-01
1.111880499397653654e+00
1.431280101201802157e+00
-1.327883514321112068e+00
-1.742559244538206764e+00
-2.916864665040130422e+00
-2.811606673634914344e-01
-2.999897001064866231e-02
-1.824755038827241549e-02
-1.327883514321112068e+00
2.253759968805966185e+00
-2.916864665040130422e+00
2.424381082348014971e-01
5.406818351086077890e-01
4.650743963178527451e-01
-1.327883514321112068e+00
-1.171878439418950535e+00
-1.467337013450055405e+00
2.424381082348014971e-01
5.406818351086077890e-01
4.650743963178527451e-01
-2.897730432638041975e+00
-1.742559244538206764e+00
4.650743963178527451e-01
-2.811606673634914344e-01
-2.999897001064866231e-02
-5.015694970943891384e-01
2.424381082348014971e-01
-2.999897001064866231e-02
-1.824755038827241549e-02
-2.811606673634914344e-01
-2.999897001064866231e-02
-1.824755038827241549e-02
-1.851007585680430667e+00
-1.171878439418950535e+00
-1.467337013450055405e+00
2.424381082348014971e-01
5.406818351086077890e-01
-1.824755038827241549e-02
-2.811606673634914344e-01
-2.999897001064866231e-02
-1.824755038827241549e-02
4.923348296870422303e-02
4.638525753480449154e-02
4.313014275319648760e-02
-1.745148540387207126e+00
1.391968330377885810e+00
-8.536539795770470285e-01
4.923348296870422303e-02
4.638525753480449154e-02
4.313014275319648760e-02
4.976255441338341967e-01
9.435762692127558360e-01
4.919290932660262960e-01
-3.995654675441255854e-01
-4.024136929780253169e-01
-4.052619184119254925e-01
4.923348296870422303e-02
4.638525753480449154e-02
4.313014275319648760e-02
4.923348296870422303e-02
2.289159342055838042e+00
-8.536539795770470285e-01
4.976255441338341967e-01
4.947773186999340211e-01
4.919290932660262960e-01
4.976255441338341967e-01
4.947773186999340211e-01
4.919290932660262960e-01
-8.483644180569474003e-01
2.289159342055838042e+00
1.837919055456807893e+00
4.923348296870422303e-02
4.638525753480449154e-02
4.313014275319648760e-02
-3.995654675441255854e-01
-4.024136929780253169e-01
-4.052619184119254925e-01
3.189198579167697556e+00
4.947773186999340211e-01
-8.536539795770470285e-01
9.464244946466560116e-01
-2.196795716333936888e+00
2.735110067134759237e+00
4.976255441338341967e-01
9.435762692127558360e-01
4.919290932660262960e-01
4.923348296870422303e-02
4.638525753480449154e-02
4.313014275319648760e-02
4.923348296870422303e-02
4.638525753480449154e-02
4.313014275319648760e-02
4.923348296870422303e-02
4.638525753480449154e-02
4.313014275319648760e-02
-3.995654675441255854e-01
-4.024136929780253169e-01
-4.052619184119254925e-01
-3.995654675441255854e-01
-4.024136929780253169e-01
-4.052619184119254925e-01
4.976255441338341967e-01
4.947773186999340211e-01
4.919290932660262960e-01
-8.483644180569474003e-01
-8.508057541431552906e-01
-4.052619184119254925e-01
-8.483644180569474003e-01
-8.508057541431552906e-01
-4.052619184119254925e-01
2.292007567489745323e+00
4.947773186999340211e-01
2.286311116621945860e+00
-1.296756479222077374e+00
-1.299604704655977105e+00
-4.052619184119254925e-01
-3.995654675441255854e-01
-4.024136929780253169e-01
4.313014275319648760e-02
-2.193947490900029162e+00
3.186350353733789387e+00
-1.750844991255014804e+00
-2.193947490900029162e+00
-1.747996765821107079e+00
-1.302452930089877059e+00
-3.995654675441255854e-01
-4.024136929780253169e-01
4.313014275319648760e-02
-2.642339552065158692e+00
1.840360391543015783e+00
-1.302452930089877059e+00
-3.995654675441255854e-01
-4.024136929780253169e-01
4.313014275319648760e-02
-1.745148540387207126e+00
-2.645594666846758702e+00
-8.536539795770470285e-01
4.923348296870422303e-02
4.638525753480449154e-02
4.313014275319648760e-02
4.923348296870422303e-02
4.638525753480449154e-02
4.313014275319648760e-02
4.976255441338341967e-01
4.947773186999340211e-01
4.919290932660262960e-01
-3.995654675441255854e-01
-4.024136929780253169e-01
4.313014275319648760e-02
2.740806518002567582e+00
nan
9.407280437788565486e-01
-1.296756479222077374e+00
-1.299604704655977105e+00
-8.536539795770470285e-01
4.976255441338341967e-01
4.947773186999340211e-01
4.919290932660262960e-01
4.923348296870422303e-02
4.638525753480449154e-02
4.313014275319648760e-02
7.946140790198752413e-01
7.358233552107669162e-01
5.210894965178516358e-01
7.946140790198752413e-01
7.358233552107669162e-01
5.210894965178516358e-01
4.804548136608941533e-01
3.662242194943186036e-01
5.210894965178516358e-01
-2.973588170027534172e+00
-1.111502152681133282e+00
-1.223290346998515243e+00
-1.089487045503823692e+00
-1.111502152681133282e+00
-5.254751156934411860e-01
-1.475788945136717878e-01
-3.374916222130153187e-03
1.723401156116453059e-01
-4.617381598726528757e-01
-3.726389665934073392e-01
-1.767257347872224216e-01
7.946140790198752413e-01
7.358233552107669162e-01
8.698388774240579657e-01
-1.475788945136717878e-01
-3.374916222130153187e-03
1.723401156116453059e-01
4.804548136608941533e-01
1.474686541298492859e+00
1.567970578221793421e+00
2.050681495369019114e+00
-3.726389665934073392e-01
-8.745409660922969231e-01
-1.089487045503823692e+00
-1.111502152681133282e+00
-5.254751156934411860e-01
-7.756126026882381730e-01
-7.419030169646845252e-01
-5.254751156934411860e-01
1.422647787194442071e+00
-7.419030169646845252e-01
-8.745409660922969231e-01
-4.617381598726528757e-01
-3.374916222130153187e-03
-1.767257347872224216e-01
1.665803708453088561e-01
3.662242194943186036e-01
5.210894965178516358e-01
7.946140790198752413e-01
7.358233552107669162e-01
8.698388774240579657e-01
4.804548136608941533e-01
3.662242194943186036e-01
5.210894965178516358e-01
-4.617381598726528757e-01
-3.726389665934073392e-01
-1.767257347872224216e-01
-4.617381598726528757e-01
-3.726389665934073392e-01
-1.767257347872224216e-01
-7.756126026882381730e-01
-3.726389665934073392e-01
-1.767257347872224216e-01
4.804548136608941533e-01
3.662242194943186036e-01
5.210894965178516358e-01
-4.617381598726528757e-01
-3.726389665934073392e-01
-1.767257347872224216e-01
1.736522230010038026e+00
1.105087405582044102e+00
1.218904727822926137e+00
2.050681495369019114e+00
2.582813777757509310e+00
1.567970578221793421e+00
-1.475788945136717878e-01
-3.374916222130153187e-03
1.723401156116453059e-01
-1.475788945136717878e-01
-3.374916222130153187e-03
1.723401156116453059e-01
-1.475788945136717878e-01
1.474686541298492859e+00
1.567970578221793421e+00
1.736522230010038026e+00
-3.726389665934073392e-01
-8.745409660922969231e-01
-1.475788945136717878e-01
-3.374916222130153187e-03
1.723401156116453059e-01
nan
7.358233552107669162e-01
1.218904727822926137e+00
2.992589646359170796e+00
1.474686541298492859e+00
2.265785809526867478e+00
7.946140790198752413e-01
7.358233552107669162e-01
5.210894965178516358e-01
nan
-1.850365338768859225e+00
1.916719959128000195e+00
7.946140790198752413e-01
7.358233552107669162e-01
5.210894965178516358e-01
4.804548136608941533e-01
3.662242194943186036e-01
5.210894965178516358e-01
2.050681495369019114e+00
3.662242194943186036e-01
2.614535190433086687e+00
-1.475788945136717878e-01
-3.374916222130153187e-03
1.723401156116453059e-01
2.050681495369019114e+00
-7.419030169646845252e-01
-1.572356197397383193e+00
-2.031680019037371387e+00
-3.374916222130153187e-03
-5.254751156934411860e-01
1.017630130494118657e+00
1.015098374552870109e+00
6.029285073185213228e-01
3.201313686816953386e-01
3.169666737551337654e-01
-2.482037831264971572e-02
1.017630130494118657e+00
1.015098374552870109e+00
6.029285073185213228e-01
-3.780003321160392282e-01
1.015098374552870109e+00
-1.909206325379744440e+00
3.201313686816953386e-01
3.169666737551337654e-01
-2.482037831264971572e-02
-1.075499093928450556e+00
-1.078663788855014349e+00
-1.280887794661793588e+00
-3.780003321160392282e-01
-3.805320880572784503e-01
-6.531389090306114475e-01
-2.471129556538608441e+00
3.169666737551337654e-01
-1.280887794661793588e+00
nan
1.015098374552870109e+00
1.231247038036483499e+00
1.017630130494118657e+00
1.015098374552870109e+00
6.029285073185213228e-01
3.201313686816953386e-01
3.169666737551337654e-01
-2.482037831264971572e-02
-3.780003321160392282e-01
-1.776162550667439222e+00
-6.531389090306114475e-01
-3.780003321160392282e-01
-3.805320880572784503e-01
-6.531389090306114475e-01
3.201313686816953386e-01
3.169666737551337654e-01
-2.482037831264971572e-02
-3.780003321160392282e-01
-3.805320880572784503e-01
-6.531389090306114475e-01
-3.780003321160392282e-01
-3.805320880572784503e-01
-6.531389090306114475e-01
-3.780003321160392282e-01
-3.805320880572784503e-01
-6.531389090306114475e-01
3.201313686816953386e-01
3.169666737551337654e-01
-2.482037831264971572e-02
1.715761831291840789e+00
3.108227598975443318e+00
1.858995923667664751e+00
nan
-3.805320880572784503e-01
1.858995923667664751e+00
3.201313686816953386e-01
3.169666737551337654e-01
-2.482037831264971572e-02
3.201313686816953386e-01
3.169666737551337654e-01
-2.482037831264971572e-02
-3.780003321160392282e-01
-3.805320880572784503e-01
-2.482037831264971572e-02
3.201313686816953386e-01
3.169666737551337654e-01
-2.482037831264971572e-02
-3.780003321160392282e-01
3.169666737551337654e-01
-2.482037831264971572e-02
-1.075499093928450556e+00
-1.078663788855014349e+00
-6.531389090306114475e-01
-1.075499093928450556e+00
-1.078663788855014349e+00
-1.280887794661793588e+00
-3.780003321160392282e-01
-3.805320880572784503e-01
-6.531389090306114475e-01
1.017630130494118657e+00
3.108227598975443318e+00
nan
2.413260593104264107e+00
3.169666737551337654e-01
2.487314454385616269e+00
1.017630130494118657e+00
1.712597136365294315e+00
nan
-1.773630794726184901e+00
-1.776162550667439222e+00
1.858995923667664751e+00
1.017630130494118657e+00
-1.078663788855014349e+00
-1.909206325379744440e+00
-1.075499093928450556e+00
-1.078663788855014349e+00
-1.280887794661793588e+00
1.715761831291840789e+00
3.169666737551337654e-01
2.487314454385616269e+00
-3.780003321160392282e-01
-3.805320880572784503e-01
-6.531389090306114475e-01
-3.780003321160392282e-01
-3.805320880572784503e-01
-2.482037831264971572e-02
-3.780003321160392282e-01
-3.805320880572784503e-01
-6.531389090306114475e-01
-1.075499093928450556e+00
-1.078663788855014349e+00
-6.531389090306114475e-01
3.111392293901998674e+00
-1.078663788855014349e+00
nan
-3.105192987590594811e-01
-3.816253463046335170e-01
-1.153939471106091297e-01
6.556864061248885989e-01
-2.665384285121251473e+00
-1.371461363459753224e+00
-1.760046950349132722e+00
-2.094703480001994134e+00
-1.153939471106091297e-01
-3.105192987590594811e-01
1.890554588146233783e-01
5.129245836073414999e-01
1.138570164302720844e+00
7.602541231036705760e-01
5.129245836073414999e-01
1.621892111008837123e+00
-9.528240105936904847e-01
-7.431428327417912705e-01
2.588097815892794085e+00
-3.816253463046335170e-01
-1.371461363459753224e+00
-2.726252655233089683e+00
1.330934928222927471e+00
1.768991999956485817e+00
-2.726252655233089683e+00
1.330934928222927471e+00
1.768991999956485817e+00
-2.726252655233089683e+00
-3.816253463046335170e-01
1.768991999956485817e+00
2.588097815892794085e+00
1.890554588146233783e-01
-7.431428327417912705e-01
2.588097815892794085e+00
-3.816253463046335170e-01
-1.371461363459753224e+00
-7.938412454651841976e-01
-3.816253463046335170e-01
-1.153939471106091297e-01
1.138570164302720844e+00
-9.528240105936904847e-01
-7.431428327417912705e-01
-7.938412454651841976e-01
-1.524022674882737238e+00
-7.431428327417912705e-01
1.723644594187638823e-01
1.890554588146233783e-01
5.129245836073414999e-01
-2.726252655233089683e+00
-2.094703480001994134e+00
-1.371461363459753224e+00
1.621892111008837123e+00
-2.094703480001994134e+00
5.129245836073414999e-01
1.723644594187638823e-01
1.890554588146233783e-01
5.129245836073414999e-01
1.723644594187638823e-01
1.890554588146233783e-01
5.129245836073414999e-01
2.104775869186669812e+00
-3.816253463046335170e-01
-1.153939471106091297e-01
-3.105192987590594811e-01
-3.816253463046335170e-01
-1.153939471106091297e-01
1.723644594187638823e-01
1.890554588146233783e-01
5.129245836073414999e-01
nan
-2.665384285121251473e+00
5.129245836073414999e-01
-2.242930708526964967e+00
-3.816253463046335170e-01
-7.431428327417912705e-01
1.723644594187638823e-01
1.890554588146233783e-01
5.129245836073414999e-01
1.621892111008837123e+00
-9.528240105936904847e-01
3.025059416305618587e+00
1.621892111008837123e+00
-1.524022674882737238e+00
-2.627528779808885773e+00
-1.276725003643016665e+00
1.330934928222927471e+00
3.025059416305618587e+00
-1.276725003643016665e+00
-9.528240105936904847e-01
-1.153939471106091297e-01
1.621892111008837123e+00
-3.816253463046335170e-01
-1.153939471106091297e-01
-2.726252655233089683e+00
-2.665384285121251473e+00
-1.371461363459753224e+00
1.723644594187638823e-01
1.890554588146233783e-01
5.129245836073414999e-01
-1.276725003643016665e+00
1.330934928222927471e+00
-1.153939471106091297e-01
nan
7.602541231036705760e-01
1.768991999956485817e+00
-7.938412454651841976e-01
-1.524022674882737238e+00
-7.431428327417912705e-01
-3.105192987590594811e-01
1.890554588146233783e-01
5.129245836073414999e-01
2.104775869186669812e+00
-9.528240105936904847e-01
-1.999779894177703854e+00
1.138570164302720844e+00
-1.524022674882737238e+00
-7.431428327417912705e-01
-3.105192987590594811e-01
1.890554588146233783e-01
5.129245836073414999e-01
