nan
3.532913278849583172e-01
1.000933972700598140e+00
1.168029864822625719e+00
8.366132745910830337e-01
1.037429610226379140e-01
6.444310892243332312e-01
3.532913278849583172e-01
1.037429610226379140e-01
-4.022917577332876249e-01
-1.295924302928739280e-01
-3.450559894901839009e-01
-9.254158290925968977e-01
8.366132745910830337e-01
1.898124984378549485e+00
-4.022917577332876249e-01
-1.295924302928739280e-01
-3.450559894901839009e-01
nan
1.319497032768915723e+00
1.000933972700598140e+00
-4.022917577332876249e-01
-1.295924302928739280e-01
-3.450559894901839009e-01
-9.254158290925968977e-01
-6.129143769989897628e-01
-7.934480506553138746e-01
1.213070178650141884e-01
-1.295924302928739280e-01
-3.450559894901839009e-01
-4.022917577332876249e-01
-6.129143769989897628e-01
-3.450559894901839009e-01
6.444310892243332312e-01
3.532913278849583172e-01
1.037429610226379140e-01
-9.254158290925968977e-01
-6.129143769989897628e-01
-7.934480506553138746e-01
2.214752711780246131e+00
nan
1.037429610226379140e-01
1.691153936181944317e+00
2.285702737652863803e+00
1.449326033865719232e+00
-4.022917577332876249e-01
-6.129143769989897628e-01
-3.450559894901839009e-01
nan
3.532913278849583172e-01
1.000933972700598140e+00
-4.022917577332876249e-01
-1.295924302928739280e-01
-3.450559894901839009e-01
-4.022917577332876249e-01
-1.295924302928739280e-01
-3.450559894901839009e-01
-2.495737451648510241e+00
2.769024684358988075e+00
-1.242247001168143461e+00
nan
8.366132745910830337e-01
1.000933972700598140e+00
2.214752711780246131e+00
-1.295924302928739280e-01
-1.242247001168143461e+00
-4.022917577332876249e-01
-1.295924302928739280e-01
-3.450559894901839009e-01
nan
3.532913278849583172e-01
5.521350221877678877e-01
-3.018861523007828840e+00
-1.295924302928739280e-01
-7.934480506553138746e-01
6.444310892243332312e-01
3.532913278849583172e-01
1.037429610226379140e-01
-4.022917577332876249e-01
-1.295924302928739280e-01
-3.450559894901839009e-01
-4.022917577332876249e-01
-6.129143769989897628e-01
-3.450559894901839009e-01
nan
1.319497032768915723e+00
1.449326033865719232e+00
6.444310892243332312e-01
8.366132745910830337e-01
5.521350221877678877e-01
-1.449014604690898933e+00
-1.095798135176822452e+00
-7.934480506553138746e-01
-1.449014604690898933e+00
-1.095798135176822452e+00
-7.934480506553138746e-01
-4.022917577332876249e-01
-1.295924302928739280e-01
-3.450559894901839009e-01
nan
-2.062003840060770532e+00
5.521350221877678877e-01
1.213070178650141884e-01
-1.295924302928739280e-01
-3.450559894901839009e-01
6.444310892243332312e-01
2.769024684358988075e+00
1.449326033865719232e+00
2.214752711780246131e+00
nan
5.521350221877678877e-01
-9.254158290925968977e-01
-6.129143769989897628e-01
-7.934480506553138746e-01
-4.022917577332876249e-01
-6.129143769989897628e-01
-3.450559894901839009e-01
-4.022917577332876249e-01
-1.295924302928739280e-01
-3.450559894901839009e-01
-2.139291157048108794e-01
-2.169672228343042519e-01
-2.200053299637936277e-01
2.045701413826366277e-01
2.019117976443376428e-01
1.988736905148402734e-01
-2.139291157048108794e-01
2.019117976443376428e-01
-2.200053299637936277e-01
2.045701413826366277e-01
2.019117976443376428e-01
1.988736905148402734e-01
-6.328081361834523300e-01
-1.472844757487848044e+00
-2.313261142183431485e+00
1.041948418948733135e+00
1.039290075210426600e+00
1.036251968080935448e+00
2.045701413826366277e-01
6.204110547317922553e-01
1.988736905148402734e-01
-6.328081361834523300e-01
-2.169672228343042519e-01
-6.385045870512477961e-01
6.234491618612780783e-01
1.039290075210426600e+00
6.177527109934812799e-01
-2.139291157048108794e-01
2.019117976443376428e-01
-2.200053299637936277e-01
1.041948418948733135e+00
-6.354664799217588644e-01
-1.475882864617335866e+00
-2.139291157048108794e-01
2.019117976443376428e-01
-2.200053299637936277e-01
-6.328081361834523300e-01
-1.472844757487848044e+00
6.177527109934812799e-01
-2.139291157048108794e-01
-2.169672228343042519e-01
-2.200053299637936277e-01
1.041948418948733135e+00
1.039290075210426600e+00
1.036251968080935448e+00
-2.139291157048108794e-01
-2.169672228343042519e-01
-2.200053299637936277e-01
6.234491618612780783e-01
6.204110547317922553e-01
6.177527109934812799e-01
1.879326696514822537e+00
nan
1.988736905148402734e-01
6.234491618612780783e-01
1.039290075210426600e+00
1.036251968080935448e+00
-1.888685670836996566e+00
-1.472844757487848044e+00
-1.057003844138702409e+00
1.041948418948733135e+00
1.039290075210426600e+00
1.036251968080935448e+00
-6.328081361834523300e-01
-6.354664799217588644e-01
-6.385045870512477961e-01
1.879326696514822537e+00
1.457789332297881657e+00
1.873630245647023962e+00
-2.139291157048108794e-01
2.019117976443376428e-01
-2.200053299637936277e-01
-2.139291157048108794e-01
-2.169672228343042519e-01
-2.200053299637936277e-01
-2.139291157048108794e-01
-2.169672228343042519e-01
-6.385045870512477961e-01
1.041948418948733135e+00
1.876668352776523108e+00
nan
-2.139291157048108794e-01
2.019117976443376428e-01
-2.200053299637936277e-01
-1.051307393270907387e+00
-6.354664799217588644e-01
-1.057003844138702409e+00
1.460827439427367480e+00
1.457789332297881657e+00
1.455130988559568905e+00
1.879326696514822537e+00
nan
1.036251968080935448e+00
-2.139291157048108794e-01
-2.169672228343042519e-01
-6.385045870512477961e-01
1.041948418948733135e+00
2.295167609863971059e+00
nan
2.045701413826366277e-01
2.019117976443376428e-01
1.988736905148402734e-01
2.045701413826366277e-01
2.019117976443376428e-01
1.988736905148402734e-01
-1.051307393270907387e+00
-1.054345500400393210e+00
-1.057003844138702409e+00
2.045701413826366277e-01
6.204110547317922553e-01
1.988736905148402734e-01
-6.328081361834523300e-01
-6.354664799217588644e-01
-6.385045870512477961e-01
-1.470186413749541510e+00
2.019117976443376428e-01
3.129887543691753038e+00
1.460827439427367480e+00
1.457789332297881657e+00
1.873630245647023962e+00
7.186036265654296429e-01
7.157554011315294673e-01
5.486357737975460225e-01
-6.643850865278588813e-02
-6.928673408668561962e-02
1.297567533189116773e-01
-4.591375903515051426e-01
-4.619858157854048741e-01
-2.887425037685433793e-01
-6.643850865278588813e-02
-6.928673408668561962e-02
-2.887425037685433793e-01
-6.643850865278588813e-02
-6.928673408668561962e-02
1.297567533189116773e-01
-2.029221860787928655e+00
-1.639371004523102027e+00
-1.544620038422087172e+00
7.186036265654296429e-01
7.157554011315294673e-01
9.675147942761874731e-01
7.186036265654296429e-01
7.157554011315294673e-01
9.675147942761874731e-01
3.259045448667032829e-01
3.230563194328031074e-01
5.486357737975460225e-01
1.110946680084911264e+00
1.108098454651018194e+00
9.675147942761874731e-01
-6.643850865278588813e-02
-6.928673408668561962e-02
-2.887425037685433793e-01
-8.514806438709938696e-01
-8.543288693048936011e-01
-7.072417608559979918e-01
-4.591375903515051426e-01
-4.619858157854048741e-01
-2.887425037685433793e-01
1.110946680084911264e+00
1.108098454651018194e+00
9.675147942761874731e-01
-6.643850865278588813e-02
-6.928673408668561962e-02
1.297567533189116773e-01
7.186036265654296429e-01
7.157554011315294673e-01
5.486357737975460225e-01
-2.029221860787928655e+00
-4.619858157854048741e-01
-1.126120781334632337e+00
-6.643850865278588813e-02
-6.928673408668561962e-02
1.297567533189116773e-01
3.259045448667032829e-01
3.230563194328031074e-01
1.297567533189116773e-01
2.681030950521334333e+00
-6.928673408668561962e-02
2.642271349408373382e+00
7.186036265654296429e-01
7.157554011315294673e-01
5.486357737975460225e-01
1.895988815303126351e+00
-8.543288693048936011e-01
9.675147942761874731e-01
-4.591375903515051426e-01
-4.619858157854048741e-01
-2.887425037685433793e-01
-4.591375903515051426e-01
-4.619858157854048741e-01
-2.887425037685433793e-01
-4.591375903515051426e-01
-8.543288693048936011e-01
-7.072417608559979918e-01
-6.643850865278588813e-02
-6.928673408668561962e-02
1.297567533189116773e-01
1.895988815303126351e+00
2.678182725087435045e+00
nan
1.895988815303126351e+00
nan
9.675147942761874731e-01
-8.514806438709938696e-01
-8.543288693048936011e-01
-7.072417608559979918e-01
1.110946680084911264e+00
1.108098454651018194e+00
1.386014051363642530e+00
-6.643850865278588813e-02
-6.928673408668561962e-02
-2.887425037685433793e-01
-6.643850865278588813e-02
3.230563194328031074e-01
1.297567533189116773e-01
3.259045448667032829e-01
3.230563194328031074e-01
1.297567533189116773e-01
3.259045448667032829e-01
3.230563194328031074e-01
5.486357737975460225e-01
-4.591375903515051426e-01
-4.619858157854048741e-01
-2.887425037685433793e-01
-8.514806438709938696e-01
-2.424413139741317114e+00
-1.126120781334632337e+00
7.186036265654296429e-01
7.157554011315294673e-01
5.486357737975460225e-01
nan
-2.424413139741317114e+00
1.386014051363642530e+00
-1.636522779089209179e+00
1.108098454651018194e+00
-7.072417608559979918e-01
3.073730032220060693e+00
-6.928673408668561962e-02
-1.544620038422087172e+00
-1.950776985295977983e+00
-3.008491061171583159e+00
-1.672329041686780204e+00
-9.040541383383664531e-01
-1.076079651403686555e+00
-1.223936980521649787e+00
1.426687086192446330e-01
-1.098739465197295928e-01
1.220529816691335867e-01
nan
-2.042285356287634634e+00
1.467636054512216681e+00
nan
3.730098116581026524e-01
1.916435005025039828e+00
-9.040541383383664531e-01
-1.076079651403686555e+00
-1.223936980521649787e+00
-2.997499832253598839e+00
-1.098739465197295928e-01
2.364827066190169802e+00
1.426687086192446330e-01
-1.098739465197295928e-01
1.220529816691335867e-01
1.426687086192446330e-01
-1.098739465197295928e-01
1.220529816691335867e-01
1.426687086192446330e-01
nan
-2.121127992199610901e+00
-3.809300669790478544e-01
2.305421221425999256e+00
-3.267459688436966658e-01
-1.427652913936668710e+00
-1.559401598109802611e+00
-3.018319003877563578e+00
1.426687086192446330e-01
-1.098739465197295928e-01
1.220529816691335867e-01
-1.427652913936668710e+00
-1.559401598109802611e+00
-3.018319003877563578e+00
1.426687086192446330e-01
3.730098116581026524e-01
1.220529816691335867e-01
6.657927799785632317e-01
3.730098116581026524e-01
5.704450428342560109e-01
-2.997499832253598839e+00
3.730098116581026524e-01
1.916435005025039828e+00
nan
3.730098116581026524e-01
1.916435005025039828e+00
6.657927799785632317e-01
3.730098116581026524e-01
5.704450428342560109e-01
6.657927799785632317e-01
3.730098116581026524e-01
5.704450428342560109e-01
6.657927799785632317e-01
8.563317583642189312e-01
5.704450428342560109e-01
6.657927799785632317e-01
8.563317583642189312e-01
1.019243993347086708e+00
1.712515626936183644e+00
nan
1.019243993347086708e+00
1.426687086192446330e-01
-1.098739465197295928e-01
1.220529816691335867e-01
6.657927799785632317e-01
8.563317583642189312e-01
5.704450428342560109e-01
6.657927799785632317e-01
8.563317583642189312e-01
5.704450428342560109e-01
-3.809300669790478544e-01
-5.931958932258543093e-01
-3.267459688436966658e-01
1.426687086192446330e-01
-1.098739465197295928e-01
1.220529816691335867e-01
-1.427652913936668710e+00
-2.042285356287634634e+00
-3.267459688436966658e-01
-3.809300669790478544e-01
-5.931958932258543093e-01
-3.267459688436966658e-01
-9.040541383383664531e-01
-1.076079651403686555e+00
-2.121127992199610901e+00
1.712515626936183644e+00
2.788743168132124417e+00
nan
1.426687086192446330e-01
3.730098116581026524e-01
1.220529816691335867e-01
1.189391555576865045e+00
1.339215516542051176e+00
1.019243993347086708e+00
1.426687086192446330e-01
-1.098739465197295928e-01
1.220529816691335867e-01
-3.809300669790478544e-01
-1.098739465197295928e-01
-3.267459688436966658e-01
1.426687086192446330e-01
-1.098739465197295928e-01
1.220529816691335867e-01
-1.427652913936668710e+00
-2.042285356287634634e+00
-3.267459688436966658e-01
-9.040541383383664531e-01
-1.559401598109802611e+00
1.019243993347086708e+00
1.426687086192446330e-01
-1.098739465197295928e-01
1.220529816691335867e-01
1.049094875491971557e+00
8.905104635709997218e-01
1.613561370573624920e+00
-6.639832582053863952e-01
-5.590171880190730747e-01
-6.701975682429925918e-01
nan
-2.008106651080853844e+00
-1.240878373362239273e+00
-1.234664063324642624e+00
-1.041900946196905320e+00
-1.812077037651296463e+00
-9.278459391634052977e-02
nan
-1.812077037651296463e+00
-1.234664063324642624e+00
-5.590171880190730747e-01
-1.240878373362239273e+00
-9.278459391634052977e-02
-7.569524131294835811e-02
-6.701975682429925918e-01
4.778962112029154774e-01
nan
-6.701975682429925918e-01
-9.278459391634052977e-02
4.071885168648754494e-01
-9.899890395393562414e-02
1.619775680611217794e+00
1.856716168454948246e+00
nan
nan
2.339599926632780935e+00
nan
-1.234664063324642624e+00
nan
4.716819011653212712e-01
4.778962112029154774e-01
4.071885168648754494e-01
4.716819011653212712e-01
-6.639832582053863952e-01
-5.590171880190730747e-01
-6.701975682429925918e-01
-1.234664063324642624e+00
-2.974312355964810806e+00
1.613561370573624920e+00
-1.805862727613698704e+00
-1.041900946196905320e+00
-1.812077037651296463e+00
-9.278459391634052977e-02
nan
1.042880565454368025e+00
-2.947742197022000799e+00
2.339599926632780935e+00
nan
-1.234664063324642624e+00
-1.041900946196905320e+00
-1.812077037651296463e+00
-6.639832582053863952e-01
1.856716168454948246e+00
-1.240878373362239273e+00
4.778962112029154774e-01
nan
-6.701975682429925918e-01
-9.278459391634052977e-02
4.071885168648754494e-01
-9.899890395393562414e-02
-9.278459391634052977e-02
4.071885168648754494e-01
4.716819011653212712e-01
1.619775680611217794e+00
1.373394221748831967e+00
nan
-9.278459391634052977e-02
-7.569524131294835811e-02
-6.701975682429925918e-01
-6.639832582053863952e-01
2.822921873338905208e+00
nan
-1.805862727613698704e+00
-1.041900946196905320e+00
-1.812077037651296463e+00
nan
4.071885168648754494e-01
nan
-1.805862727613698704e+00
-1.041900946196905320e+00
-1.812077037651296463e+00
-6.639832582053863952e-01
8.905104635709997218e-01
-2.382757842770553580e+00
4.778962112029154774e-01
4.071885168648754494e-01
-9.899890395393562414e-02
4.778962112029154774e-01
-1.525222892903021599e+00
-9.899890395393562414e-02
-1.234664063324642624e+00
-1.041900946196905320e+00
-1.812077037651296463e+00
-1.234664063324642624e+00
4.071885168648754494e-01
1.613561370573624920e+00
-1.234664063324642624e+00
-1.041900946196905320e+00
-1.240878373362239273e+00
-6.639832582053863952e-01
-5.590171880190730747e-01
-1.240878373362239273e+00
-1.805862727613698704e+00
-1.041900946196905320e+00
-1.812077037651296463e+00
-6.639832582053863952e-01
-5.590171880190730747e-01
-1.240878373362239273e+00
4.778962112029154774e-01
4.071885168648754494e-01
4.716819011653212712e-01
4.778962112029154774e-01
8.905104635709997218e-01
1.042880565454368025e+00
-1.091734932459933027e+00
-1.261981134531580118e+00
-1.524872342080393794e+00
5.014453694837595066e-02
3.078657837853473467e-01
-2.688049257312612461e-01
5.014453694837595066e-02
-2.152582875739610380e-01
-2.688049257312612461e-01
6.213432012374275892e-01
3.078657837853473467e-01
9.872624906178826265e-01
5.014453694837595066e-02
3.078657837853473467e-01
-2.688049257312612461e-01
5.014453694837595066e-02
-2.152582875739610380e-01
-2.688049257312612461e-01
2.905102140054040660e+00
-2.152582875739610380e-01
2.871648437684977573e+00
-1.091734932459933027e+00
2.401311477700576624e+00
-2.688049257312612461e-01
5.014453694837595066e-02
-2.152582875739610380e-01
-2.688049257312612461e-01
1.192024006356684929e+00
8.314645593836487159e-01
1.615581021335833256e+00
2.905102140054040660e+00
-1.785579910129872161e+00
-2.780939758429526787e+00
5.014453694837595066e-02
-2.152582875739610380e-01
-2.688049257312612461e-01
-1.662415737579185038e+00
-2.832302757087491241e+00
-1.524872342080393794e+00
5.014453694837595066e-02
-2.152582875739610380e-01
-2.688049257312612461e-01
nan
8.314645593836487159e-01
1.615581021335833256e+00
5.014453694837595066e-02
3.078657837853473467e-01
-2.688049257312612461e-01
-1.091734932459933027e+00
-1.261981134531580118e+00
-1.524872342080393794e+00
-5.205362681708809447e-01
-7.388570631722624071e-01
-8.965538113624318406e-01
-5.205362681708809447e-01
-7.388570631722624071e-01
-8.965538113624318406e-01
5.014453694837595066e-02
3.078657837853473467e-01
3.595136049867009298e-01
1.763222670645737011e+00
1.878187406341258026e+00
nan
5.014453694837595066e-02
3.078657837853473467e-01
-2.688049257312612461e-01
1.763222670645737011e+00
2.401311477700576624e+00
nan
5.014453694837595066e-02
-2.152582875739610380e-01
-2.688049257312612461e-01
-5.205362681708809447e-01
-7.388570631722624071e-01
-8.965538113624318406e-01
5.014453694837595066e-02
-2.152582875739610380e-01
-2.688049257312612461e-01
5.014453694837595066e-02
-2.152582875739610380e-01
-2.688049257312612461e-01
-2.804295206987494016e+00
-2.308703981489189871e+00
9.872624906178826265e-01
-1.091734932459933027e+00
-1.785579910129872161e+00
-2.780939758429526787e+00
1.763222670645737011e+00
-7.388570631722624071e-01
1.615581021335833256e+00
1.192024006356684929e+00
2.401311477700576624e+00
nan
-5.205362681708809447e-01
-7.388570631722624071e-01
-8.965538113624318406e-01
5.014453694837595066e-02
-2.152582875739610380e-01
-2.688049257312612461e-01
5.014453694837595066e-02
-2.152582875739610380e-01
-2.688049257312612461e-01
nan
-1.785579910129872161e+00
9.872624906178826265e-01
6.213432012374275892e-01
3.078657837853473467e-01
3.595136049867009298e-01
6.213432012374275892e-01
3.078657837853473467e-01
3.595136049867009298e-01
5.014453694837595066e-02
3.078657837853473467e-01
-2.688049257312612461e-01
5.014453694837595066e-02
-2.152582875739610380e-01
-2.688049257312612461e-01
-1.662415737579185038e+00
-2.152582875739610380e-01
-2.780939758429526787e+00
-1.792225769475640940e+00
-2.247078740283032339e+00
-2.844645067301056596e+00
8.243439957989049383e-01
1.178559667941883937e+00
8.191222491700886899e-01
3.012199244395863396e-01
3.668019853358162052e-02
2.955234735717864325e-01
3.012199244395863396e-01
2.320439137350196468e+00
nan
-1.792225769475640940e+00
2.320439137350196468e+00
-2.276005977875228403e-01
-2.223788511587110328e-01
3.668019853358162052e-02
-2.276005977875228403e-01
3.012199244395863396e-01
3.668019853358162052e-02
2.955234735717864325e-01
-2.223788511587110328e-01
3.668019853358162052e-02
-2.276005977875228403e-01
-2.223788511587110328e-01
-5.340006065856743867e-01
-2.276005977875228403e-01
-2.223788511587110328e-01
-1.675880075993976481e+00
8.191222491700886899e-01
-1.792225769475640940e+00
-1.105199270874720252e+00
-2.276005977875228403e-01
-7.455029225180251906e-01
-2.817759545402288790e+00
-1.274323444745143474e+00
-1.269101698116327004e+00
-2.247078740283032339e+00
-2.844645067301056596e+00
-7.455029225180251906e-01
-1.105199270874720252e+00
-7.511993733858246536e-01
-2.315824545073942975e+00
-5.340006065856743867e-01
-1.274323444745143474e+00
8.243439957989049383e-01
1.178559667941883937e+00
2.912567943085321076e+00
2.394665618354818726e+00
2.891637801639242333e+00
-1.274323444745143474e+00
-2.223788511587110328e-01
-5.340006065856743867e-01
-2.276005977875228403e-01
8.243439957989049383e-01
1.178559667941883937e+00
8.191222491700886899e-01
-2.838948616433257133e+00
-1.105199270874720252e+00
-1.797922220343436184e+00
3.012199244395863396e-01
6.078788628226377000e-01
2.955234735717864325e-01
-2.223788511587110328e-01
-5.340006065856743867e-01
-2.276005977875228403e-01
3.012199244395863396e-01
6.078788628226377000e-01
2.955234735717864325e-01
3.012199244395863396e-01
6.078788628226377000e-01
2.955234735717864325e-01
-7.455029225180251906e-01
-5.340006065856743867e-01
-7.511993733858246536e-01
8.243439957989049383e-01
1.178559667941883937e+00
8.191222491700886899e-01
-7.455029225180251906e-01
-1.105199270874720252e+00
-7.511993733858246536e-01
1.347942771397202755e+00
1.178559667941883937e+00
1.342246320529406844e+00
8.243439957989049383e-01
6.078788628226377000e-01
8.191222491700886899e-01
-2.223788511587110328e-01
3.668019853358162052e-02
-2.276005977875228403e-01
-2.223788511587110328e-01
-5.340006065856743867e-01
-2.276005977875228403e-01
-2.223788511587110328e-01
3.668019853358162052e-02
-2.276005977875228403e-01
8.243439957989049383e-01
6.078788628226377000e-01
8.191222491700886899e-01
-2.223788511587110328e-01
-5.340006065856743867e-01
-2.276005977875228403e-01
-2.223788511587110328e-01
3.668019853358162052e-02
-2.276005977875228403e-01
3.012199244395863396e-01
6.078788628226377000e-01
2.955234735717864325e-01
-7.455029225180251906e-01
-5.340006065856743867e-01
-2.276005977875228403e-01
-1.792225769475640940e+00
6.078788628226377000e-01
-1.274323444745143474e+00
3.012199244395863396e-01
3.668019853358162052e-02
2.955234735717864325e-01
3.012199244395863396e-01
3.668019853358162052e-02
2.955234735717864325e-01
1.786094783978550815e+00
1.890456685133437453e+00
2.303522404470069063e+00
-8.304749812959975053e-01
-1.008160429518416557e+00
-3.130473608044721523e-01
-3.073509099366793507e-01
-4.195472463446847655e-02
-3.130473608044721523e-01
-8.304749812959975053e-01
-1.008160429518416557e+00
-8.366461364027739656e-01
7.393719370209406172e-01
9.242509802494884852e-01
1.256799557512458421e+00
2.162478656616224626e-01
4.409290335433642127e-01
2.100767105548375646e-01
-3.073509099366793507e-01
-4.195472463446847655e-02
2.100767105548375646e-01
-3.073509099366793507e-01
-4.195472463446847655e-02
2.100767105548375646e-01
-8.304749812959975053e-01
-4.195472463446847655e-02
-3.130473608044721523e-01
-2.400796603851905076e+00
-4.195472463446847655e-02
-1.359770207762092564e+00
-3.073509099366793507e-01
4.409290335433642127e-01
2.100767105548375646e-01
1.786094783978550815e+00
1.407134738427312293e+00
1.780398333110750464e+00
nan
2.373340443311269254e+00
2.100767105548375646e-01
-1.877197828253607925e+00
-2.940571839286322042e+00
-8.366461364027739656e-01
2.162478656616224626e-01
4.409290335433642127e-01
7.336754861531393779e-01
-8.304749812959975053e-01
-5.252766713405843113e-01
-3.130473608044721523e-01
-3.073509099366793507e-01
4.409290335433642127e-01
2.100767105548375646e-01
-1.877197828253607925e+00
-2.457688081108489797e+00
-8.366461364027739656e-01
2.309693559576852628e+00
-4.195472463446847655e-02
-1.359770207762092564e+00
-2.400796603851905076e+00
-5.252766713405843113e-01
-1.359770207762092564e+00
2.162478656616224626e-01
9.242509802494884852e-01
7.336754861531393779e-01
1.262970712619233105e+00
1.407134738427312293e+00
1.256799557512458421e+00
-1.877197828253607925e+00
-2.940571839286322042e+00
-8.366461364027739656e-01
-3.073509099366793507e-01
4.409290335433642127e-01
2.100767105548375646e-01
2.162478656616224626e-01
4.409290335433642127e-01
7.336754861531393779e-01
-1.354073756894289771e+00
-1.491482376224541273e+00
-1.359770207762092564e+00
-3.073509099366793507e-01
-4.195472463446847655e-02
-3.130473608044721523e-01
-8.304749812959975053e-01
-1.008160429518416557e+00
-3.130473608044721523e-01
1.262970712619233105e+00
-5.252766713405843113e-01
1.780398333110750464e+00
-3.073509099366793507e-01
4.409290335433642127e-01
2.100767105548375646e-01
-3.073509099366793507e-01
-4.195472463446847655e-02
2.100767105548375646e-01
1.262970712619233105e+00
1.407134738427312293e+00
1.256799557512458421e+00
1.262970712619233105e+00
9.242509802494884852e-01
1.256799557512458421e+00
2.162478656616224626e-01
4.409290335433642127e-01
7.336754861531393779e-01
2.162478656616224626e-01
4.409290335433642127e-01
2.100767105548375646e-01
-2.923920675211223230e+00
-1.008160429518416557e+00
1.780398333110750464e+00
7.393719370209406172e-01
1.890456685133437453e+00
nan
-8.304749812959975053e-01
-1.008160429518416557e+00
-1.359770207762092564e+00
1.786094783978550815e+00
1.407134738427312293e+00
1.780398333110750464e+00
1.786094783978550815e+00
2.373340443311269254e+00
nan
-5.228666344349801598e-01
-3.739211985093624513e-01
-1.794972349039092308e-01
1.749485968700938976e-01
-7.435203342258041026e-01
-5.285630853027774023e-01
-1.220681865740060656e+00
-1.112784384597087506e+00
-5.285630853027774023e-01
5.236979777763060007e-01
7.342060379496526679e-01
5.183179964011657148e-01
-1.918497097045134936e+00
-4.657148138079048039e-03
-1.226378316607852348e+00
5.236979777763060007e-01
7.342060379496526679e-01
5.183179964011657148e-01
-1.741172535287680567e-01
-4.657148138079048039e-03
1.692521460022975432e-01
1.749485968700938976e-01
3.649419875783692646e-01
1.692521460022975432e-01
nan
-2.590510756772544276e+00
1.216133227706240660e+00
1.749485968700938976e-01
3.649419875783692646e-01
1.692521460022975432e-01
-1.220681865740060656e+00
-4.657148138079048039e-03
2.262697839917534814e+00
-1.741172535287680567e-01
-4.657148138079048039e-03
-1.794972349039092308e-01
1.221513209081380502e+00
1.103805173666094319e+00
8.670673773073844792e-01
8.724473586825185478e-01
7.342060379496526679e-01
5.183179964011657148e-01
-5.228666344349801598e-01
-3.739211985093624513e-01
-1.794972349039092308e-01
8.724473586825185478e-01
3.649419875783692646e-01
-1.226378316607852348e+00
-1.741172535287680567e-01
-4.657148138079048039e-03
1.692521460022975432e-01
5.236979777763060007e-01
7.342060379496526679e-01
5.183179964011657148e-01
5.236979777763060007e-01
3.649419875783692646e-01
5.183179964011657148e-01
5.236979777763060007e-01
7.342060379496526679e-01
5.183179964011657148e-01
-1.741172535287680567e-01
-4.657148138079048039e-03
-1.794972349039092308e-01
-1.918497097045134936e+00
1.103805173666094319e+00
-5.285630853027774023e-01
2.966209522090403006e+00
nan
8.670673773073844792e-01
-1.741172535287680567e-01
-1.112784384597087506e+00
-8.776289357016393566e-01
-5.228666344349801598e-01
-3.739211985093624513e-01
-1.794972349039092308e-01
-2.267562947444002663e+00
-1.112784384597087506e+00
2.262697839917534814e+00
-2.965378178749077165e+00
3.649419875783692646e-01
8.670673773073844792e-01
1.749485968700938976e-01
3.649419875783692646e-01
1.692521460022975432e-01
2.617143671691534834e+00
3.649419875783692646e-01
-8.776289357016393566e-01
8.724473586825185478e-01
7.342060379496526679e-01
5.183179964011657148e-01
-1.741172535287680567e-01
-4.657148138079048039e-03
-1.794972349039092308e-01
-1.741172535287680567e-01
-4.657148138079048039e-03
-1.794972349039092308e-01
1.749485968700938976e-01
3.649419875783692646e-01
1.692521460022975432e-01
1.221513209081380502e+00
1.103805173666094319e+00
8.670673773073844792e-01
-1.569747716138922389e+00
-1.851982656029977470e+00
-8.776289357016393566e-01
5.236979777763060007e-01
7.342060379496526679e-01
5.183179964011657148e-01
-1.741172535287680567e-01
-4.657148138079048039e-03
1.692521460022975432e-01
5.236979777763060007e-01
7.342060379496526679e-01
5.183179964011657148e-01
-1.569747716138922389e+00
-2.960109892488985928e+00
-8.776289357016393566e-01
-5.228666344349801598e-01
-3.739211985093624513e-01
-1.794972349039092308e-01
-1.245909005297440642e+00
-1.105876471327536414e+00
-1.251605456165234997e+00
5.484730180584729275e-01
3.432129917342443548e-01
9.438450602554659952e-02
9.967406754564267501e-02
3.432129917342443548e-01
9.438450602554659952e-02
9.967406754564267501e-02
3.432129917342443548e-01
9.438450602554659952e-02
5.484730180584729275e-01
3.432129917342443548e-01
9.438450602554659952e-02
9.967406754564267501e-02
3.432129917342443548e-01
-3.544144444872832089e-01
9.968650792236033453e-01
nan
5.427765671906761291e-01
9.967406754564267501e-02
3.432129917342443548e-01
9.438450602554659952e-02
-7.975169441323104458e-01
-6.229927131497037252e-01
-8.028065056524051890e-01
9.967406754564267501e-02
-1.105876471327536414e+00
-1.699997517330364971e+00
9.967406754564267501e-02
3.432129917342443548e-01
-3.544144444872832089e-01
-7.975169441323104458e-01
-6.229927131497037252e-01
-8.028065056524051890e-01
9.967406754564267501e-02
3.432129917342443548e-01
9.438450602554659952e-02
9.968650792236033453e-01
nan
5.427765671906761291e-01
5.484730180584729275e-01
8.265349384403690713e-01
9.438450602554659952e-02
9.968650792236033453e-01
8.265349384403690713e-01
9.915755177034979440e-01
9.967406754564267501e-02
3.432129917342443548e-01
9.438450602554659952e-02
-1.245909005297440642e+00
8.265349384403690713e-01
2.785957541059409515e+00
-3.487179936194877428e-01
-1.396707664435878904e-01
-3.544144444872832089e-01
9.967406754564267501e-02
3.432129917342443548e-01
9.438450602554659952e-02
-7.975169441323104458e-01
-6.229927131497037252e-01
-1.251605456165234997e+00
9.967406754564267501e-02
3.432129917342443548e-01
9.438450602554659952e-02
-7.975169441323104458e-01
-6.229927131497037252e-01
-8.028065056524051890e-01
9.967406754564267501e-02
3.432129917342443548e-01
9.438450602554659952e-02
1.445664029736426492e+00
1.792740643324317595e+00
nan
-7.975169441323104458e-01
-6.229927131497037252e-01
-8.028065056524051890e-01
9.967406754564267501e-02
3.432129917342443548e-01
9.438450602554659952e-02
5.484730180584729275e-01
8.265349384403690713e-01
9.438450602554659952e-02
9.967406754564267501e-02
3.432129917342443548e-01
9.438450602554659952e-02
-3.487179936194877428e-01
-1.396707664435878904e-01
-8.028065056524051890e-01
9.967406754564267501e-02
3.432129917342443548e-01
-3.544144444872832089e-01
1.894056090901556466e+00
1.309418696618192435e+00
2.785957541059409515e+00
-3.487179936194877428e-01
-1.396707664435878904e-01
-3.544144444872832089e-01
9.967406754564267501e-02
-1.589198418033660909e+00
-2.597188529008316760e+00
-7.975169441323104458e-01
-3.038287881095441456e+00
-2.148796467843186786e+00
9.968650792236033453e-01
1.309418696618192435e+00
9.915755177034979440e-01
9.967406754564267501e-02
-1.589198418033660909e+00
-2.148796467843186786e+00
9.967406754564267501e-02
3.432129917342443548e-01
9.438450602554659952e-02
9.968650792236033453e-01
nan
5.427765671906761291e-01
-2.143100016975393540e+00
-1.396707664435878904e-01
-1.251605456165234997e+00
-1.910268890236091810e+00
-8.665525034587040487e-01
-1.915965341103890607e+00
-8.637042780248060936e-01
-5.178031225524915016e-01
-5.203348784937360527e-01
nan
1.575959040855392068e+00
2.968741278031653330e+00
-8.637042780248060936e-01
-5.178031225524915016e-01
-8.694007288925975629e-01
1.229741415890426737e+00
8.781438095503122376e-01
8.752955841164182793e-01
8.809920349842146337e-01
8.781438095503122376e-01
8.752955841164182793e-01
1.229741415890426737e+00
1.226893190456524785e+00
8.752955841164182793e-01
1.831768036791348031e-01
1.803285782452381802e-01
1.771638833186885975e-01
1.927556647195499906e+00
nan
1.771638833186885975e-01
5.319261845853469062e-01
5.290779591514502833e-01
5.262297337175505518e-01
-1.658890467197267071e-01
1.803285782452381802e-01
-1.715854975875235056e-01
1.831768036791348031e-01
1.803285782452381802e-01
1.771638833186885975e-01
1.831768036791348031e-01
-2.610932346975070928e+00
8.752955841164182793e-01
1.927556647195499906e+00
1.226893190456524785e+00
1.921860196327711101e+00
8.809920349842146337e-01
8.781438095503122376e-01
5.262297337175505518e-01
-5.146384276259388102e-01
-1.687372721536299913e-01
-5.203348784937360527e-01
-8.637042780248060936e-01
-1.215301884364916596e+00
-8.694007288925975629e-01
-1.561519509329879707e+00
1.226893190456524785e+00
-8.694007288925975629e-01
8.809920349842146337e-01
8.781438095503122376e-01
5.262297337175505518e-01
-5.146384276259388102e-01
-5.178031225524915016e-01
-5.203348784937360527e-01
-1.658890467197267071e-01
-1.687372721536299913e-01
-1.715854975875235056e-01
-1.658890467197267071e-01
-1.687372721536299913e-01
-2.613780572408964886e+00
1.831768036791348031e-01
5.290779591514502833e-01
1.771638833186885975e-01
1.578807266289287803e+00
1.226893190456524785e+00
8.752955841164182793e-01
8.809920349842146337e-01
8.781438095503122376e-01
5.262297337175505518e-01
-5.146384276259388102e-01
-5.178031225524915016e-01
-5.203348784937360527e-01
1.578807266289287803e+00
1.803285782452381802e-01
-1.218150109798810110e+00
-8.637042780248060936e-01
-8.665525034587040487e-01
-8.694007288925975629e-01
1.578807266289287803e+00
1.226893190456524785e+00
8.752955841164182793e-01
-2.259334740634953320e+00
-1.215301884364916596e+00
5.262297337175505518e-01
-1.658890467197267071e-01
1.803285782452381802e-01
-1.715854975875235056e-01
5.319261845853469062e-01
5.290779591514502833e-01
1.771638833186885975e-01
-2.957149971940033151e+00
2.273774272160467014e+00
-5.203348784937360527e-01
-8.637042780248060936e-01
-8.665525034587040487e-01
-8.694007288925975629e-01
1.229741415890426737e+00
1.226893190456524785e+00
8.752955841164182793e-01
-1.658890467197267071e-01
-1.687372721536299913e-01
-1.715854975875235056e-01
-1.658890467197267071e-01
-1.687372721536299913e-01
-1.715854975875235056e-01
8.809920349842146337e-01
5.290779591514502833e-01
5.262297337175505518e-01
8.809920349842146337e-01
8.781438095503122376e-01
8.752955841164182793e-01
-2.259334740634953320e+00
-8.665525034587040487e-01
-1.915965341103890607e+00
-1.025448958725578397e+00
-1.264354655726500409e+00
-1.267519350653043331e+00
1.258309980091037339e+00
nan
nan
1.258309980091037339e+00
2.224405031306233127e+00
nan
6.871113158019861444e-01
8.287745686960787950e-01
1.523741574567253565e+00
-1.025448958725578397e+00
-1.264354655726500409e+00
-5.693876498553196441e-01
1.164305106827296932e-01
1.312758068836541447e-01
8.262428127548409051e-01
-4.547681536063219454e-01
1.312758068836541447e-01
1.281111119571050061e-01
1.164305106827296932e-01
1.312758068836541447e-01
1.281111119571050061e-01
1.164305106827296932e-01
1.312758068836541447e-01
8.262428127548409051e-01
-1.025448958725578397e+00
-1.264354655726500409e+00
-5.693876498553196441e-01
-1.025448958725578397e+00
-1.264354655726500409e+00
-1.267519350653043331e+00
-1.025448958725578397e+00
-1.264354655726500409e+00
-1.267519350653043331e+00
-2.738527092422938125e+00
-1.962486356524230091e+00
8.262428127548409051e-01
6.871113158019861444e-01
8.287745686960787950e-01
1.523741574567253565e+00
-1.596647623014630035e+00
-1.264354655726500409e+00
-1.267519350653043331e+00
nan
2.224405031306233127e+00
nan
-4.547681536063219454e-01
1.312758068836541447e-01
1.281111119571050061e-01
-1.596647623014630035e+00
8.287745686960787950e-01
-5.693876498553196441e-01
-1.025448958725578397e+00
-5.668558939140755371e-01
-5.693876498553196441e-01
-4.547681536063219454e-01
-1.962486356524230091e+00
1.281111119571050061e-01
1.828990785210288905e+00
nan
1.523741574567253565e+00
1.258309980091037339e+00
nan
-2.663149813263204102e+00
-4.547681536063219454e-01
1.526906269493808921e+00
-5.693876498553196441e-01
2.400189449499345429e+00
nan
1.523741574567253565e+00
-4.547681536063219454e-01
-5.668558939140755371e-01
1.281111119571050061e-01
1.828990785210288905e+00
nan
8.262428127548409051e-01
-4.547681536063219454e-01
1.312758068836541447e-01
1.281111119571050061e-01
6.871113158019861444e-01
-1.264354655726500409e+00
1.523741574567253565e+00
-2.167328428133881602e+00
-1.962486356524230091e+00
-5.693876498553196441e-01
nan
1.312758068836541447e-01
1.281111119571050061e-01
-4.547681536063219454e-01
-5.668558939140755371e-01
-5.693876498553196441e-01
1.828990785210288905e+00
nan
8.262428127548409051e-01
1.258309980091037339e+00
nan
-2.663149813263204102e+00
1.258309980091037339e+00
2.922536732103957036e+00
nan
-1.025448958725578397e+00
-1.264354655726500409e+00
-5.693876498553196441e-01
1.164305106827296932e-01
1.312758068836541447e-01
8.262428127548409051e-01
2.400189449499345429e+00
1.312758068836541447e-01
-5.693876498553196441e-01
6.871113158019861444e-01
2.224405031306233127e+00
nan
-4.547681536063219454e-01
-5.668558939140755371e-01
1.281111119571050061e-01
1.164305106827296932e-01
1.312758068836541447e-01
8.262428127548409051e-01
7.717355966080714502e-01
3.991206927851513875e-01
3.964400100238369973e-01
3.287241052034639566e-02
2.985664241386754014e-02
2.717595965255314994e-02
4.021364608916297989e-01
2.985664241386754014e-02
2.717595965255314994e-02
3.287241052034639566e-02
-3.394074079574163072e-01
2.717595965255314994e-02
-7.059907755673786589e-01
-2.555996966220600353e+00
2.982628704003460030e+00
-1.444853961655110375e+00
-1.078270594045142250e+00
3.964400100238369973e-01
-3.367267251961019170e-01
-3.394074079574163072e-01
-3.424231760638947186e-01
-2.922580333830567145e+00
-2.186732915849316505e+00
2.982628704003460030e+00
3.287241052034639566e-02
2.985664241386754014e-02
2.717595965255314994e-02
nan
1.138318964218042240e+00
2.613029568287012161e+00
3.287241052034639566e-02
-3.394074079574163072e-01
2.717595965255314994e-02
-7.059907755673786589e-01
-7.090065436738584026e-01
-3.424231760638947186e-01
1.140999646979355298e+00
1.138318964218042240e+00
1.135303196111562052e+00
1.140999646979355298e+00
7.687198285015934829e-01
7.660391457402782045e-01
4.021364608916297989e-01
2.985664241386754014e-02
3.964400100238369973e-01
-1.444853961655110375e+00
3.991206927851513875e-01
-1.081286362151619773e+00
4.021364608916297989e-01
2.985664241386754014e-02
3.964400100238369973e-01
nan
-2.186732915849316505e+00
1.135303196111562052e+00
1.879862833067086569e+00
1.877182150305768182e+00
1.504567246482845455e+00
7.717355966080714502e-01
3.991206927851513875e-01
3.964400100238369973e-01
4.021364608916297989e-01
3.991206927851513875e-01
3.964400100238369973e-01
3.287241052034639566e-02
-3.394074079574163072e-01
2.717595965255314994e-02
3.287241052034639566e-02
2.985664241386754014e-02
2.717595965255314994e-02
1.510598782695803166e+00
1.138318964218042240e+00
7.660391457402782045e-01
4.021364608916297989e-01
2.985664241386754014e-02
3.964400100238369973e-01
4.021364608916297989e-01
2.985664241386754014e-02
3.964400100238369973e-01
-1.075589911283826972e+00
-1.817133780132874632e+00
-1.820149548239351711e+00
nan
3.991206927851513875e-01
7.660391457402782045e-01
4.021364608916297989e-01
2.985664241386754014e-02
2.717595965255314994e-02
7.717355966080714502e-01
3.991206927851513875e-01
3.964400100238369973e-01
7.717355966080714502e-01
3.991206927851513875e-01
3.964400100238369973e-01
-3.367267251961019170e-01
-7.090065436738584026e-01
-7.116872264351785660e-01
3.287241052034639566e-02
2.985664241386754014e-02
2.717595965255314994e-02
-3.367267251961019170e-01
-3.394074079574163072e-01
-3.424231760638947186e-01
-7.059907755673786589e-01
-7.090065436738584026e-01
-3.424231760638947186e-01
3.287241052034639566e-02
-3.394074079574163072e-01
-3.424231760638947186e-01
4.021364608916297989e-01
2.985664241386754014e-02
2.717595965255314994e-02
-7.059907755673786589e-01
-7.090065436738584026e-01
-3.424231760638947186e-01
nan
2.985664241386754014e-02
1.135303196111562052e+00
-1.075589911283826972e+00
-1.078270594045142250e+00
-7.116872264351785660e-01
1.192047562352338552e-01
3.642460410922572223e-01
3.611787213942196928e-01
1.913586779591139653e+00
-6.019596637916913018e-01
2.293590131162116741e+00
-3.295941942775968414e-01
-1.190759056138590566e-01
-1.217050367836125524e-01
-7.779862554427272592e-01
-1.085281610497816018e+00
-6.050269834897372689e-01
1.192047562352338552e-01
-1.190759056138590566e-01
3.611787213942196928e-01
1.192047562352338552e-01
3.642460410922572223e-01
3.611787213942196928e-01
5.675968174003562794e-01
3.642460410922572223e-01
8.445006681003355276e-01
1.016395767913186532e+00
1.330451745976214184e+00
1.327384426278167773e+00
-1.226785205955549740e+00
-1.085281610497816018e+00
-1.087910741667569514e+00
5.675968174003562794e-01
3.642460410922572223e-01
8.445006681003355276e-01
2.810777791269100767e+00
-1.190759056138590566e-01
-1.087910741667569514e+00
1.192047562352338552e-01
-2.534371073559596788e+00
-2.537438393257642755e+00
-3.295941942775968414e-01
-1.085281610497816018e+00
-1.087910741667569514e+00
-3.295941942775968414e-01
-6.019596637916913018e-01
-1.217050367836125524e-01
-3.295941942775968414e-01
-6.019596637916913018e-01
-6.050269834897372689e-01
5.675968174003562794e-01
8.471297992700894675e-01
8.445006681003355276e-01
-3.295941942775968414e-01
-1.190759056138590566e-01
-1.217050367836125524e-01
5.675968174003562794e-01
3.642460410922572223e-01
3.611787213942196928e-01
-3.295941942775968414e-01
-1.190759056138590566e-01
-1.217050367836125524e-01
-3.295941942775968414e-01
-1.190759056138590566e-01
-1.217050367836125524e-01
1.192047562352338552e-01
3.642460410922572223e-01
3.611787213942196928e-01
1.192047562352338552e-01
-1.190759056138590566e-01
3.611787213942196928e-01
-7.779862554427272592e-01
-1.085281610497816018e+00
-6.050269834897372689e-01
1.016395767913186532e+00
8.471297992700894675e-01
1.327384426278167773e+00
-7.779862554427272592e-01
-6.019596637916913018e-01
-6.050269834897372689e-01
-3.295941942775968414e-01
-1.190759056138590566e-01
-1.217050367836125524e-01
-1.226785205955549740e+00
-1.568165368675639826e+00
-1.571232688373685793e+00
5.675968174003562794e-01
8.471297992700894675e-01
8.445006681003355276e-01
-7.779862554427272592e-01
-6.019596637916913018e-01
-6.050269834897372689e-01
1.192047562352338552e-01
-1.190759056138590566e-01
-1.217050367836125524e-01
5.675968174003562794e-01
3.642460410922572223e-01
8.445006681003355276e-01
-7.779862554427272592e-01
-6.019596637916913018e-01
-6.050269834897372689e-01
1.192047562352338552e-01
-1.190759056138590566e-01
-1.217050367836125524e-01
5.675968174003562794e-01
8.471297992700894675e-01
8.445006681003355276e-01
1.016395767913186532e+00
8.471297992700894675e-01
1.327384426278167773e+00
-7.779862554427272592e-01
-6.019596637916913018e-01
-6.050269834897372689e-01
1.016395767913186532e+00
8.471297992700894675e-01
8.445006681003355276e-01
1.192047562352338552e-01
-1.190759056138590566e-01
-1.217050367836125524e-01
-1.226785205955549740e+00
-1.568165368675639826e+00
-1.087910741667569514e+00
1.192047562352338552e-01
-1.190759056138590566e-01
3.611787213942196928e-01
1.784972755777317843e+00
1.211184795639262290e+00
1.779276304909525486e+00
7.241248124975951939e-02
6.930532623095997380e-02
6.671603038196494140e-02
-1.069466988158542353e+00
-5.013754788882964775e-01
-2.788241572723709982e+00
7.241248124975951939e-02
6.405039905200160533e-01
6.373968355012116227e-01
2.926852225185630374e+00
1.782383459928317926e+00
6.671603038196494140e-02
7.241248124975951939e-02
2.353064265047573933e+00
-1.075163439026348922e+00
-4.987861830392863460e-01
-5.013754788882964775e-01
-5.044826339070920262e-01
6.430932863690159706e-01
6.405039905200160533e-01
6.373968355012116227e-01
7.241248124975951939e-02
6.930532623095997380e-02
6.671603038196494140e-02
-1.640665652447598433e+00
nan
6.373968355012116227e-01
7.241248124975951939e-02
6.930532623095997380e-02
6.671603038196494140e-02
7.241248124975951939e-02
6.930532623095997380e-02
6.671603038196494140e-02
6.430932863690159706e-01
6.405039905200160533e-01
6.373968355012116227e-01
-1.069466988158542353e+00
-1.072574143177342343e+00
-1.075163439026348922e+00
-1.640665652447598433e+00
-1.643254948296598350e+00
-1.646362103315395897e+00
-4.987861830392863460e-01
-5.013754788882964775e-01
-5.044826339070920262e-01
-4.987861830392863460e-01
-2.785134417704910437e+00
1.779276304909525486e+00
7.241248124975951939e-02
6.930532623095997380e-02
6.671603038196494140e-02
-4.987861830392863460e-01
-1.072574143177342343e+00
-1.075163439026348922e+00
7.241248124975951939e-02
-1.643254948296598350e+00
-5.044826339070920262e-01
-1.640665652447598433e+00
-1.643254948296598350e+00
-1.646362103315395897e+00
6.430932863690159706e-01
6.405039905200160533e-01
6.373968355012116227e-01
6.430932863690159706e-01
6.405039905200160533e-01
6.373968355012116227e-01
6.430932863690159706e-01
6.405039905200160533e-01
6.373968355012116227e-01
-4.987861830392863460e-01
-5.013754788882964775e-01
-5.044826339070920262e-01
-4.987861830392863460e-01
-5.013754788882964775e-01
-5.044826339070920262e-01
1.214291950658071606e+00
-2.214453612585654430e+00
6.671603038196494140e-02
7.241248124975951939e-02
6.930532623095997380e-02
6.671603038196494140e-02
-1.069466988158542353e+00
-1.072574143177342343e+00
-5.044826339070920262e-01
6.430932863690159706e-01
6.405039905200160533e-01
6.373968355012116227e-01
-4.987861830392863460e-01
2.353064265047573933e+00
-1.075163439026348922e+00
7.241248124975951939e-02
6.930532623095997380e-02
6.671603038196494140e-02
2.926852225185630374e+00
6.930532623095997380e-02
-1.075163439026348922e+00
-4.987861830392863460e-01
-5.013754788882964775e-01
-5.044826339070920262e-01
7.241248124975951939e-02
6.930532623095997380e-02
6.671603038196494140e-02
7.241248124975951939e-02
6.930532623095997380e-02
6.671603038196494140e-02
2.926852225185630374e+00
6.405039905200160533e-01
-1.075163439026348922e+00
7.241248124975951939e-02
6.405039905200160533e-01
6.671603038196494140e-02
-4.987861830392863460e-01
-5.013754788882964775e-01
-5.044826339070920262e-01
2.926852225185630374e+00
-5.013754788882964775e-01
-5.044826339070920262e-01
-3.002303463519266913e-01
-3.030785717858317518e-01
-5.213329745859622832e-01
-8.238291219502280605e-01
-3.030785717858317518e-01
-5.213329745859622832e-01
1.269616571965000773e+00
1.266768346531097933e+00
9.277564884758273678e-01
-3.002303463519266913e-01
-3.030785717858317518e-01
-5.213329745859622832e-01
2.228937250073816934e-01
2.200454995734868469e-01
-3.844921640813003805e-02
-3.002303463519266913e-01
2.200454995734868469e-01
-3.844921640813003805e-02
-8.238291219502280605e-01
-8.266773473841335651e-01
-5.213329745859622832e-01
7.464925006056830625e-01
1.266768346531097933e+00
4.448727302979946785e-01
1.269616571965000773e+00
1.266768346531097933e+00
9.277564884758273678e-01
1.269616571965000773e+00
-8.266773473841335651e-01
2.377284140065899720e+00
2.228937250073816934e-01
2.200454995734868469e-01
-3.844921640813003805e-02
-1.346953193309545993e+00
-1.349801418743443060e+00
-1.487538679469910807e+00
2.228937250073816934e-01
2.200454995734868469e-01
-3.844921640813003805e-02
-8.238291219502280605e-01
-3.030785717858317518e-01
-5.213329745859622832e-01
2.228937250073816934e-01
2.200454995734868469e-01
4.448727302979946785e-01
-2.393676040267155969e+00
-8.266773473841335651e-01
-1.970860626176035302e+00
-2.393676040267155969e+00
1.790367122129400634e+00
2.860167898243723528e+00
7.464925006056830625e-01
7.436442751717797783e-01
4.448727302979946785e-01
7.464925006056830625e-01
7.436442751717797783e-01
4.448727302979946785e-01
-1.870551968907837814e+00
2.313491193488719233e+00
-3.844921640813003805e-02
2.228937250073816934e-01
2.200454995734868469e-01
-3.844921640813003805e-02
-1.870551968907837814e+00
-1.873400194341745095e+00
1.893962193359775448e+00
nan
2.313491193488719233e+00
nan
-8.238291219502280605e-01
-8.266773473841335651e-01
-5.213329745859622832e-01
2.316339418922610527e+00
nan
4.448727302979946785e-01
-3.002303463519266913e-01
-3.030785717858317518e-01
-5.213329745859622832e-01
nan
-1.349801418743443060e+00
9.277564884758273678e-01
-2.393676040267155969e+00
-8.266773473841335651e-01
9.277564884758273678e-01
-3.002303463519266913e-01
2.200454995734868469e-01
-3.844921640813003805e-02
-3.002303463519266913e-01
2.313491193488719233e+00
2.377284140065899720e+00
7.464925006056830625e-01
7.436442751717797783e-01
4.448727302979946785e-01
-1.870551968907837814e+00
1.266768346531097933e+00
-5.213329745859622832e-01
2.228937250073816934e-01
7.436442751717797783e-01
4.448727302979946785e-01
-3.002303463519266913e-01
-1.873400194341745095e+00
-1.004654921292078562e+00
-3.002303463519266913e-01
-3.030785717858317518e-01
-5.213329745859622832e-01
2.228937250073816934e-01
2.200454995734868469e-01
-3.844921640813003805e-02
-3.002303463519266913e-01
2.200454995734868469e-01
-3.844921640813003805e-02
-1.870551968907837814e+00
7.436442751717797783e-01
-1.004654921292078562e+00
2.228937250073816934e-01
2.200454995734868469e-01
-3.844921640813003805e-02
-3.002303463519266913e-01
2.200454995734868469e-01
-3.844921640813003805e-02
2.968909974128619567e-02
2.684087430739001690e-02
2.341916858951802460e-01
-8.675019119366669251e-01
2.718413909341252932e+00
-1.846873345834540991e-01
4.784880502541164482e-01
4.756398248202118317e-01
2.341916858951802460e-01
9.268801114192388724e-01
9.240318859853413613e-01
6.526909429826353026e-01
-4.187029614238442221e-01
-4.215511868577399568e-01
-1.846873345834540991e-01
4.784880502541164482e-01
4.756398248202118317e-01
2.341916858951802460e-01
-1.315893973101797343e+00
9.240318859853413613e-01
3.164825775680910169e+00
4.784880502541164482e-01
4.756398248202118317e-01
6.526909429826353026e-01
4.784880502541164482e-01
4.756398248202118317e-01
6.526909429826353026e-01
-1.764692923614627817e+00
9.240318859853413613e-01
2.746326518593455113e+00
4.784880502541164482e-01
4.756398248202118317e-01
2.341916858951802460e-01
-4.187029614238442221e-01
-4.215511868577399568e-01
-1.846873345834540991e-01
-1.315893973101797343e+00
-1.767541149048521554e+00
-6.031865916709087116e-01
-2.661883935292580716e+00
4.756398248202118317e-01
-2.277943146803094621e+00
4.784880502541164482e-01
9.240318859853413613e-01
6.526909429826353026e-01
2.968909974128619567e-02
2.684087430739001690e-02
2.341916858951802460e-01
4.784880502541164482e-01
4.756398248202118317e-01
2.341916858951802460e-01
4.784880502541164482e-01
4.756398248202118317e-01
2.341916858951802460e-01
-4.187029614238442221e-01
-4.215511868577399568e-01
-1.846873345834540991e-01
-4.187029614238442221e-01
-4.215511868577399568e-01
-1.846873345834540991e-01
4.784880502541164482e-01
9.240318859853413613e-01
6.526909429826353026e-01
-8.675019119366669251e-01
-8.703501373705697652e-01
-6.031865916709087116e-01
-8.675019119366669251e-01
-8.703501373705697652e-01
-6.031865916709087116e-01
-1.315893973101797343e+00
2.270021848176122958e+00
6.526909429826353026e-01
-8.675019119366669251e-01
-8.703501373705697652e-01
-1.022065612149550606e+00
-4.187029614238442221e-01
-4.215511868577399568e-01
-1.846873345834540991e-01
2.721262134775153108e+00
2.270021848176122958e+00
-2.696822167281736071e+00
-4.187029614238442221e-01
4.756398248202118317e-01
6.526909429826353026e-01
2.968909974128619567e-02
-4.215511868577399568e-01
-1.846873345834540991e-01
-1.764692923614627817e+00
-8.703501373705697652e-01
-6.031865916709087116e-01
-4.187029614238442221e-01
-4.215511868577399568e-01
-1.846873345834540991e-01
-8.675019119366669251e-01
2.718413909341252932e+00
-6.031865916709087116e-01
2.968909974128619567e-02
2.684087430739001690e-02
2.341916858951802460e-01
2.968909974128619567e-02
4.756398248202118317e-01
2.341916858951802460e-01
4.784880502541164482e-01
9.240318859853413613e-01
6.526909429826353026e-01
2.968909974128619567e-02
2.684087430739001690e-02
2.341916858951802460e-01
4.784880502541164482e-01
1.821222897663301588e+00
1.490069220548724260e+00
-1.315893973101797343e+00
-1.318742198535691745e+00
-1.440564869237005441e+00
4.784880502541164482e-01
4.756398248202118317e-01
6.526909429826353026e-01
2.968909974128619567e-02
4.756398248202118317e-01
2.341916858951802460e-01
7.739304056189064696e-01
7.167816000010995836e-01
1.083364967611056606e+00
7.739304056189064696e-01
7.167816000010995836e-01
1.083364967611056606e+00
4.600559628033153992e-01
3.471824642846574882e-01
7.137658318946220604e-01
-2.052078869894961244e+00
-7.609447721743589632e-01
-1.502823726368563761e+00
-7.960114535458227003e-01
-7.609447721743589632e-01
-7.639605402808395951e-01
1.461815199877243288e-01
-2.208158608662635913e-02
3.445017815233324399e-01
-4.818521881868420564e-01
-3.916807218030751159e-01
-3.943614045643917265e-01
7.739304056189064696e-01
7.167816000010995836e-01
1.083364967611056606e+00
-1.679777453712509860e-01
-2.208158608662635913e-02
-2.509735419311542870e-02
1.088089670977882228e+00
1.824908836460108930e+00
nan
-2.680112578069527629e+00
-7.609447721743589632e-01
-1.133559675997287242e+00
-7.960114535458227003e-01
-7.609447721743589632e-01
-7.639605402808395951e-01
-7.960114535458227003e-01
-7.609447721743589632e-01
-3.943614045643917265e-01
-1.679777453712509860e-01
-1.130543907890800837e+00
-1.502823726368563761e+00
-1.679777453712509860e-01
-3.916807218030751159e-01
-2.509735419311542870e-02
4.600559628033153992e-01
3.471824642846574882e-01
7.137658318946220604e-01
7.739304056189064696e-01
7.167816000010995836e-01
1.083364967611056606e+00
7.739304056189064696e-01
3.471824642846574882e-01
1.083364967611056606e+00
-1.679777453712509860e-01
-3.916807218030751159e-01
-2.509735419311542870e-02
-4.818521881868420564e-01
-3.916807218030751159e-01
-3.943614045643917265e-01
-4.818521881868420564e-01
-3.916807218030751159e-01
-3.943614045643917265e-01
4.600559628033153992e-01
3.471824642846574882e-01
7.137658318946220604e-01
-1.679777453712509860e-01
-3.916807218030751159e-01
-2.509735419311542870e-02
1.402248936336862428e+00
1.086045650372382987e+00
1.822228153698794095e+00
1.088089670977882228e+00
2.563772022547834872e+00
nan
-1.679777453712509860e-01
-2.208158608662635913e-02
-2.509735419311542870e-02
1.461815199877243288e-01
-2.208158608662635913e-02
3.445017815233324399e-01
1.088089670977882228e+00
1.455309700743667278e+00
nan
4.600559628033153992e-01
-7.609447721743589632e-01
-1.133559675997287242e+00
1.461815199877243288e-01
-2.208158608662635913e-02
3.445017815233324399e-01
-2.366238135253936559e+00
1.086045650372382987e+00
2.560756254441347579e+00
nan
-2.608270280066259161e+00
7.137658318946220604e-01
7.739304056189064696e-01
7.167816000010995836e-01
1.083364967611056606e+00
1.402248936336862428e+00
nan
7.137658318946220604e-01
7.739304056189064696e-01
7.167816000010995836e-01
1.083364967611056606e+00
4.600559628033153992e-01
3.471824642846574882e-01
7.137658318946220604e-01
2.972190795501592042e+00
-1.499807958262084684e+00
nan
1.461815199877243288e-01
-2.208158608662635913e-02
3.445017815233324399e-01
-1.679777453712509860e-01
-1.499807958262084684e+00
-2.980550098544012538e+00
-1.424045161720389308e+00
-1.869407093978533219e+00
-1.502823726368563761e+00
nan
2.977387600203780238e-01
9.927057658915536820e-01
9.984022167593549213e-01
2.977387600203780238e-01
2.945740650938293292e-01
-3.972282458507994107e-01
9.952375218327960127e-01
9.927057658915536820e-01
-2.490990409258683425e+00
-1.796023403387504214e+00
3.085834990314141102e+00
3.002705159616194663e-01
2.977387600203780238e-01
2.945740650938293292e-01
3.002705159616194663e-01
-1.097891702589774976e+00
-1.101056397516326779e+00
-3.972282458507994107e-01
-4.003929407773569871e-01
-4.029246967185962092e-01
3.002705159616194663e-01
-1.097891702589774976e+00
-1.798555159328752318e+00
-1.095359946648535310e+00
9.952375218327960127e-01
3.085834990314141102e+00
3.002705159616194663e-01
9.952375218327960127e-01
9.927057658915536820e-01
3.002705159616194663e-01
2.977387600203780238e-01
2.945740650938293292e-01
-1.792858708460953743e+00
2.977387600203780238e-01
2.388336228501716008e+00
-3.972282458507994107e-01
-4.003929407773569871e-01
-4.029246967185962092e-01
3.002705159616194663e-01
2.977387600203780238e-01
2.945740650938293292e-01
-3.972282458507994107e-01
-4.003929407773569871e-01
-4.029246967185962092e-01
-3.972282458507994107e-01
-4.003929407773569871e-01
-4.029246967185962092e-01
-3.972282458507994107e-01
-4.003929407773569871e-01
-4.029246967185962092e-01
3.002705159616194663e-01
2.977387600203780238e-01
2.945740650938293292e-01
-1.792858708460953743e+00
-4.003929407773569871e-01
2.945740650938293292e-01
9.984022167593549213e-01
nan
9.927057658915536820e-01
9.984022167593549213e-01
2.977387600203780238e-01
2.945740650938293292e-01
3.002705159616194663e-01
2.977387600203780238e-01
2.945740650938293292e-01
-3.972282458507994107e-01
-4.003929407773569871e-01
-4.029246967185962092e-01
3.002705159616194663e-01
2.977387600203780238e-01
2.945740650938293292e-01
3.002705159616194663e-01
2.977387600203780238e-01
2.945740650938293292e-01
-1.095359946648535310e+00
-1.097891702589774976e+00
-4.029246967185962092e-01
-1.792858708460953743e+00
-1.796023403387504214e+00
-1.101056397516326779e+00
-1.095359946648535310e+00
-4.003929407773569871e-01
-4.029246967185962092e-01
9.984022167593549213e-01
2.390867984442949457e+00
nan
nan
9.952375218327960127e-01
nan
9.984022167593549213e-01
1.693369222630531468e+00
nan
-2.490990409258683425e+00
-4.003929407773569871e-01
-1.101056397516326779e+00
-3.972282458507994107e-01
-1.796023403387504214e+00
-1.798555159328752318e+00
-1.792858708460953743e+00
-1.097891702589774976e+00
-1.101056397516326779e+00
nan
9.952375218327960127e-01
nan
-3.972282458507994107e-01
-4.003929407773569871e-01
-4.029246967185962092e-01
-3.972282458507994107e-01
-4.003929407773569871e-01
2.945740650938293292e-01
-3.972282458507994107e-01
-4.003929407773569871e-01
-4.029246967185962092e-01
-1.095359946648535310e+00
-1.097891702589774976e+00
-4.029246967185962092e-01
nan
1.693369222630531468e+00
nan
1.129673762312797258e+00
6.332937974635743927e-01
1.473427195876957363e-01
-7.541425396675172088e-01
6.332937974635743927e-01
6.302264777655284256e-01
-1.263936540363355121e-01
-8.162338541264988478e-01
-8.188629852962523437e-01
1.129673762312797258e+00
6.332937974635743927e-01
1.473427195876957363e-01
2.385741178661941575e+00
2.082383260525355162e+00
1.113548424471653142e+00
-1.382461070385473612e+00
-1.782439559010455588e+00
-8.188629852962523437e-01
5.019248766816155616e-01
-1.782439559010455588e+00
-1.302184932002377060e+00
nan
1.599499502347522473e+00
nan
nan
1.599499502347522473e+00
nan
-2.638528486734612155e+00
6.332937974635743927e-01
-8.188629852962523437e-01
-7.541425396675172088e-01
-1.299117612304331093e+00
-3.359792271184200985e-01
5.019248766816155616e-01
-1.782439559010455588e+00
2.079754129355601222e+00
5.019248766816155616e-01
-3.329119074203825690e-01
-3.359792271184200985e-01
-1.382461070385473612e+00
1.599499502347522473e+00
-8.188629852962523437e-01
5.019248766816155616e-01
-2.265323317188279617e+00
3.045959834239549302e+00
1.129673762312797258e+00
1.116177555641406194e+00
6.302264777655284256e-01
-1.263936540363355121e-01
-2.265323317188279617e+00
-2.268390636886325584e+00
-2.010209956016655752e+00
2.082383260525355162e+00
6.302264777655284256e-01
1.129673762312797258e+00
1.116177555641406194e+00
6.302264777655284256e-01
1.129673762312797258e+00
1.116177555641406194e+00
6.302264777655284256e-01
-7.541425396675172088e-01
-1.299117612304331093e+00
-1.785068690180209305e+00
1.129673762312797258e+00
6.332937974635743927e-01
1.473427195876957363e-01
1.129673762312797258e+00
1.116177555641406194e+00
6.302264777655284256e-01
2.385741178661941575e+00
2.082383260525355162e+00
2.079754129355601222e+00
-2.010209956016655752e+00
-2.265323317188279617e+00
-8.188629852962523437e-01
1.129673762312797258e+00
1.116177555641406194e+00
6.302264777655284256e-01
-1.382461070385473612e+00
-2.265323317188279617e+00
1.113548424471653142e+00
-1.382461070385473612e+00
-2.748645263894403890e+00
-2.268390636886325584e+00
-7.541425396675172088e-01
-2.748645263894403890e+00
-8.188629852962523437e-01
5.019248766816155616e-01
-3.329119074203825690e-01
-8.188629852962523437e-01
-7.541425396675172088e-01
-1.299117612304331093e+00
3.045959834239549302e+00
-7.541425396675172088e-01
-2.265323317188279617e+00
6.302264777655284256e-01
1.129673762312797258e+00
1.116177555641406194e+00
6.302264777655284256e-01
5.019248766816155616e-01
-1.299117612304331093e+00
1.113548424471653142e+00
nan
1.599499502347522473e+00
2.562637887533433911e+00
-2.638528486734612155e+00
-2.265323317188279617e+00
-2.751274395064157829e+00
1.129673762312797258e+00
1.116177555641406194e+00
6.302264777655284256e-01
-1.263936540363355121e-01
1.116177555641406194e+00
-1.785068690180209305e+00
5.019248766816155616e-01
6.332937974635743927e-01
-2.268390636886325584e+00
1.129673762312797258e+00
1.116177555641406194e+00
6.302264777655284256e-01
