-2.338255396191244007e+00
1.776857014050472472e-01
1.077587858148433941e+00
-2.024380953375658265e+00
-2.106073237411552945e+00
1.447186993864883142e+00
-1.082187979842109016e+00
3.032384374925808146e+00
7.083238077771429886e-01
1.115787587497190536e+00
1.319565170813367772e+00
-1.877864886202475381e+00
3.314047977379885879e+00
1.034224768253735327e+00
-7.694025643983120055e-01
8.019131446816047948e-01
1.776857014050472472e-01
3.387246720606937878e-01
-1.402798288519444547e-01
-9.641937680032526270e-01
-2.247128936573766556e+00
1.115787587497190536e+00
1.319565170813367772e+00
2.186050179952624184e+00
1.738794365070370773e-01
-9.641937680032526270e-01
-2.247128936573766556e+00
-1.396347245201090548e+00
3.317983707070335520e+00
1.816451044236174539e+00
-2.024380953375658265e+00
-9.641937680032526270e-01
7.083238077771429886e-01
-2.652414661550225539e+00
-9.641937680032526270e-01
-2.247128936573766556e+00
1.429946852856172512e+00
4.632850335495750649e-01
-3.053937831057140784e-02
-1.082187979842109016e+00
1.605164502957895145e+00
3.387246720606937878e-01
2.371855003846325971e+00
1.319565170813367772e+00
1.077587858148433941e+00
-1.402798288519444547e-01
-3.932540332990925869e-01
-4.001385140270206087e-01
2.057980561030751332e+00
7.486254361092075094e-01
-3.053937831057140784e-02
-2.024380953375658265e+00
-1.249534170562865087e+00
-4.001385140270206087e-01
-4.541542716675412983e-01
-1.249534170562865087e+00
-1.877864886202475381e+00
1.115787587497190536e+00
-9.641937680032526270e-01
2.555314230323888935e+00
1.115787587497190536e+00
7.486254361092075094e-01
1.447186993864883142e+00
3.314047977379885879e+00
1.890504905517508050e+00
1.447186993864883142e+00
-1.082187979842109016e+00
7.486254361092075094e-01
-1.508265750486026180e+00
1.115787587497190536e+00
1.776857014050472472e-01
-7.694025643983120055e-01
-7.683135370265117281e-01
-2.391413639971185390e+00
1.447186993864883142e+00
-1.402798288519444547e-01
1.605164502957895145e+00
-4.001385140270206087e-01
2.057980561030751332e+00
-9.641937680032526270e-01
3.387246720606937878e-01
2.371855003846325971e+00
2.461444640221667868e+00
nan
-1.082187979842109016e+00
-6.785944358587250314e-01
-3.053937831057140784e-02
-2.024380953375658265e+00
1.605164502957895145e+00
3.294177416411629089e+00
1.115787587497190536e+00
-9.641937680032526270e-01
1.816451044236174539e+00
1.743821295671769356e+00
7.486254361092075094e-01
-3.053937831057140784e-02
1.115787587497190536e+00
2.176104237662035423e+00
-3.053937831057140784e-02
nan
nan
nan
nan
1.776857014050472472e-01
nan
2.057980561030751332e+00
1.319565170813367772e+00
1.447186993864883142e+00
-7.683135370265117281e-01
2.176104237662035423e+00
1.447186993864883142e+00
nan
1.034224768253735327e+00
nan
8.019131446816047948e-01
4.632850335495750649e-01
7.083238077771429886e-01
1.115787587497190536e+00
-6.785944358587250314e-01
2.924913366040338580e+00
-1.887712071668440350e+00
1.191196652945669676e-01
-6.769668784679212514e-01
1.151252588061210780e+00
1.191196652945669676e-01
2.014606156565918127e+00
3.379667416247293943e+00
1.747249715175518858e+00
2.911797168243885459e+00
2.366801700657145346e+00
1.049539973701332229e+00
-2.471348901823856359e+00
2.366801700657145346e+00
8.168294067687535964e-01
2.014606156565918127e+00
-1.482529034136461865e+00
-1.135909016380116654e-01
-1.574157890145888805e+00
9.485691910554159278e-01
-2.206931105722353958e+00
2.202241332100145499e-01
3.379667416247293943e+00
-1.044011210044793136e+00
-1.125358939633058997e+00
-8.746625995986891944e-01
-1.509221364248167330e+00
2.202241332100145499e-01
-8.746625995986891944e-01
1.747249715175518858e+00
-2.281679279550914430e-01
1.961618663125166862e+00
2.445170436311488338e+00
2.014606156565918127e+00
-2.698078146732404647e+00
1.191196652945669676e-01
6.690230837228443583e-01
3.408865129972462604e-01
1.514750127904706645e+00
-1.125358939633058997e+00
2.771984738189131825e+00
-8.113006431122147255e-01
-2.281679279550914430e-01
-8.746625995986891944e-01
-1.276510797315588919e+00
2.202241332100145499e-01
-6.721629590725051173e-01
1.049539973701332229e+00
1.117415144887981882e+00
-6.721629590725051173e-01
-1.276510797315588919e+00
-2.281679279550914430e-01
-6.721629590725051173e-01
-5.788010558414020679e-01
3.360596118756715711e+00
9.485691910554159278e-01
-1.135909016380116654e-01
1.117415144887981882e+00
1.961618663125166862e+00
2.910380590514861865e+00
6.690230837228443583e-01
9.485691910554159278e-01
-2.672141259925744805e+00
-2.471348901823856359e+00
-6.721629590725051173e-01
1.979960282108097047e+00
2.202241332100145499e-01
1.758935266119372898e+00
1.979960282108097047e+00
nan
2.569301341183336973e+00
-8.113006431122147255e-01
1.566214095400812134e+00
2.974484378715315458e+00
5.843298194979413829e-01
-6.769668784679212514e-01
-2.698078146732404647e+00
2.445170436311488338e+00
-1.574157890145888805e+00
-2.090211712194631755e+00
-2.672141259925744805e+00
-2.471348901823856359e+00
5.433861535234374429e-01
-2.206931105722353958e+00
1.566214095400812134e+00
1.758935266119372898e+00
3.142880177785674967e+00
nan
-6.721629590725051173e-01
1.979960282108097047e+00
3.360596118756715711e+00
-1.077345996604483380e+00
1.979960282108097047e+00
1.117415144887981882e+00
-2.292895109200426162e+00
1.282039560972127568e+00
2.202241332100145499e-01
-2.090211712194631755e+00
8.168294067687535964e-01
-1.574157890145888805e+00
9.485691910554159278e-01
1.747249715175518858e+00
nan
-2.669799215405266324e-01
1.979960282108097047e+00
3.360596118756715711e+00
3.408865129972462604e-01
-1.276510797315588919e+00
-2.471348901823856359e+00
3.177167775721110310e+00
3.375590744718253156e+00
2.202241332100145499e-01
-4.694795620667107094e-01
1.049539973701332229e+00
-2.022549951311026550e+00
-1.482529034136461865e+00
-5.788010558414020679e-01
nan
3.408865129972462604e-01
3.142880177785674967e+00
nan
-6.978990749107052416e-01
1.054835563211767191e+00
-2.040800785712786336e-01
-3.488332245118379582e-01
nan
4.236688070599154976e-01
-1.744463687121983408e+00
nan
-8.323986092892194932e-01
-1.046648455816910683e+00
-2.085617800204488503e+00
-2.040800785712786336e-01
3.140242932013538990e+00
nan
-2.040800785712786336e-01
3.489820067932347669e-01
nan
nan
2.326258870293251846e-04
2.938651865192074553e+00
nan
nan
-1.457299269486525217e+00
nan
1.395863088497175220e+00
-1.457299269486525217e+00
-2.716214911269549059e+00
2.326258870293251846e-04
1.054835563211767191e+00
nan
1.395863088497175220e+00
nan
4.236688070599154976e-01
-3.488332245118379582e-01
-1.457299269486525217e+00
-2.040800785712786336e-01
-1.744463687121983408e+00
-2.012318531373900043e-01
-8.323986092892194932e-01
-3.488332245118379582e-01
-2.085617800204488503e+00
-8.323986092892194932e-01
-2.791028299333274454e+00
-1.457299269486525217e+00
-8.323986092892194932e-01
3.489820067932347669e-01
1.054835563211767191e+00
nan
2.326258870293251846e-04
-1.457299269486525217e+00
-8.323986092892194932e-01
2.791177081614671707e+00
nan
1.051987337777878562e+00
-6.978990749107052416e-01
-2.012318531373900043e-01
nan
2.326258870293251846e-04
-2.012318531373900043e-01
2.307485109040222859e+00
3.489820067932347669e-01
nan
-2.088466025638377133e+00
1.744612469403392652e+00
2.938651865192074553e+00
nan
2.326258870293251846e-04
-1.457299269486525217e+00
-8.323986092892194932e-01
-3.488332245118379582e-01
4.265170324938041269e-01
-2.040800785712786336e-01
1.395863088497175220e+00
-2.012318531373900043e-01
-8.323986092892194932e-01
1.046797238098320371e+00
-8.295503838553308640e-01
-2.040800785712786336e-01
-1.046648455816910683e+00
1.054835563211767191e+00
4.236688070599154976e-01
1.744612469403392652e+00
4.265170324938041269e-01
4.236688070599154976e-01
2.791177081614671707e+00
nan
-8.323986092892194932e-01
-3.488332245118379582e-01
-2.085617800204488503e+00
-1.460147494920413846e+00
-2.791028299333274454e+00
1.682584448842939118e+00
2.935803639758185923e+00
6.980478571921020503e-01
2.938651865192074553e+00
nan
-2.093213068028201285e+00
1.682584448842939118e+00
2.307485109040222859e+00
2.093678319802259935e+00
nan
-1.460147494920413846e+00
2.093678319802259935e+00
1.054835563211767191e+00
4.236688070599154976e-01
-1.046648455816910683e+00
-2.085617800204488503e+00
4.236688070599154976e-01
-2.093213068028201285e+00
-2.012318531373900043e-01
nan
3.489820067932347669e-01
2.938651865192074553e+00
nan
1.046797238098320371e+00
nan
nan
6.980478571921020503e-01
2.938651865192074553e+00
nan
1.040102756708551901e-01
7.489065619980816990e-02
-7.014227754220803135e-02
1.553099738732644397e+00
-4.963080080892283696e-01
1.499941992894206599e+00
-2.311723080803166575e+00
6.455714613190752793e-01
2.677683209811140053e+00
-8.621954292130933339e-01
6.455714613190752793e-01
7.148998576759990620e-01
1.040102756708551901e-01
6.455714613190752793e-01
3.225568041565178845e-01
1.040102756708551901e-01
-1.066988813208495479e+00
-2.425268683196843966e+00
3.002627390322717638e+00
nan
-1.247527466279910957e+00
-3.793116710352695264e-01
7.489065619980816990e-02
-7.014227754220803135e-02
1.040102756708551901e-01
nan
nan
-1.828839322625342545e+00
2.358649595016435896e+00
3.225568041565178845e-01
nan
-1.066988813208495479e+00
2.284984128112427904e+00
-8.621954292130933339e-01
7.489065619980816990e-02
3.225568041565178845e-01
1.040102756708551901e-01
6.455714613190752793e-01
-7.014227754220803135e-02
3.002627390322717638e+00
nan
-8.551844127604155688e-01
-2.311723080803166575e+00
-4.963080080892283696e-01
3.225568041565178845e-01
-8.621954292130933339e-01
-1.066988813208495479e+00
-8.551844127604155688e-01
1.070215980554803270e+00
7.489065619980816990e-02
-4.624853310616896529e-01
-8.621954292130933339e-01
-1.638187477497552669e+00
-2.032569601498118494e+00
3.002627390322717638e+00
nan
2.284984128112427904e+00
nan
-4.963080080892283696e-01
1.892641074592932071e+00
1.040102756708551901e-01
-4.963080080892283696e-01
3.070026263330634997e+00
-3.793116710352695264e-01
-1.066988813208495479e+00
-1.247527466279910957e+00
1.070215980554803270e+00
nan
-2.032569601498118494e+00
5.868940338486958730e-01
nan
1.499941992894206599e+00
1.070215980554803270e+00
-4.963080080892283696e-01
-2.425268683196843966e+00
-1.828839322625342545e+00
-2.208868282616799572e+00
3.070026263330634997e+00
1.040102756708551901e-01
6.455714613190752793e-01
7.148998576759990620e-01
1.070215980554803270e+00
nan
-2.032569601498118494e+00
nan
-1.638187477497552669e+00
3.070026263330634997e+00
1.553099738732644397e+00
2.358649595016435896e+00
1.892641074592932071e+00
-1.828839322625342545e+00
-2.780066946905856540e+00
3.225568041565178845e-01
1.553099738732644397e+00
1.787450930727379372e+00
7.148998576759990620e-01
nan
-1.638187477497552669e+00
nan
1.553099738732644397e+00
1.216770125608132247e+00
-7.014227754220803135e-02
nan
6.455714613190752793e-01
nan
5.868940338486958730e-01
1.787450930727379372e+00
1.107598939374724978e+00
-2.794606838980989938e+00
nan
nan
3.002627390322717638e+00
1.216770125608132247e+00
2.284984128112427904e+00
-1.345517375919218050e+00
-2.208868282616799572e+00
-2.425268683196843966e+00
1.040102756708551901e-01
-1.638187477497552669e+00
7.148998576759990620e-01
1.272889706166947299e+00
nan
-8.422379335154284163e-01
-2.363244826708658319e+00
3.106380696299414268e+00
2.012719669590256721e+00
-3.796806719011898146e-01
-1.081143630516345766e+00
-2.554798208042979191e+00
1.933977820034911588e+00
2.408248995501704570e+00
3.154599138998560370e+00
-4.928652156898261083e-02
-1.778642392328756872e+00
3.001593950626855190e-01
-2.363244826708658319e+00
-3.830119297186111993e-01
3.001593950626855190e-01
-4.928652156898261083e-02
1.710750233689268818e+00
nan
9.421957426311773354e-01
3.151197710791233675e-01
2.012719669590256721e+00
1.603583669702716819e+00
-3.830119297186111993e-01
-8.422379335154284163e-01
9.421957426311773354e-01
1.012618532891534251e+00
2.583918333879292817e+00
2.814074419667869087e-01
1.012618532891534251e+00
nan
-3.796806719011898146e-01
-2.476141154141167977e+00
-8.422379335154284163e-01
-7.103746354369473437e-01
nan
-1.412918738634675320e+00
-2.363244826708658319e+00
-3.830119297186111993e-01
-2.710392692263714487e-01
-7.103746354369473437e-01
nan
-1.412918738634675320e+00
-1.371462749304924067e+00
-2.476141154141167977e+00
3.001593950626855190e-01
2.814074419667869087e-01
-1.081143630516345766e+00
3.001593950626855190e-01
-2.693638977040853533e+00
1.710750233689268818e+00
3.001593950626855190e-01
1.933977820034911588e+00
-1.081143630516345766e+00
1.442038864470989168e+00
-1.701856899637119280e+00
nan
-8.422379335154284163e-01
1.933977820034911588e+00
1.012618532891534251e+00
3.001593950626855190e-01
-4.928652156898261083e-02
-1.778642392328756872e+00
-8.422379335154284163e-01
6.118015922989821220e-01
1.012618532891534251e+00
nan
1.603583669702716819e+00
3.151197710791233675e-01
8.708402001819322003e-01
-7.103746354369473437e-01
3.151197710791233675e-01
-8.422379335154284163e-01
-1.701856899637119280e+00
-1.778642392328756872e+00
3.154599138998560370e+00
-7.103746354369473437e-01
1.012618532891534251e+00
3.001593950626855190e-01
-2.032550863172888800e+00
-2.476141154141167977e+00
1.442038864470989168e+00
-7.103746354369473437e-01
2.408248995501704570e+00
2.012719669590256721e+00
-2.032550863172888800e+00
1.710750233689268818e+00
2.583918333879292817e+00
-2.363244826708658319e+00
2.408248995501704570e+00
3.154599138998560370e+00
-1.371462749304924067e+00
nan
-1.412918738634675320e+00
2.595065933902888311e+00
-3.830119297186111993e-01
1.442038864470989168e+00
2.264671783570681107e+00
nan
-1.412918738634675320e+00
-7.103746354369473437e-01
nan
-2.554798208042979191e+00
9.421957426311773354e-01
2.408248995501704570e+00
nan
-2.363244826708658319e+00
-3.830119297186111993e-01
3.001593950626855190e-01
2.814074419667869087e-01
-1.081143630516345766e+00
8.708402001819322003e-01
-3.796806719011898146e-01
nan
-1.983599543753922223e+00
2.264671783570681107e+00
nan
nan
1.923296079288236982e-01
-1.871865262879537806e+00
-7.640411988756730111e-01
nan
5.206441015950149520e-01
nan
1.587960070538994017e+00
-3.766825398655075929e-01
1.651253969070064720e+00
-5.058020928688859996e-01
2.015826824609044721e+00
2.021645060082923884e-01
nan
-3.766825398655075929e-01
1.651253969070064720e+00
-1.203300854681321974e+00
-3.766825398655075929e-01
-2.213568850465746252e+00
-1.203300854681321974e+00
-1.572937222102778643e+00
-7.640411988756730111e-01
1.587960070538994017e+00
1.716898783832285780e+00
-1.247363145581780408e+00
1.923296079288236982e-01
3.212081506846316437e+00
3.100781620660137960e+00
nan
-2.171064563221424937e+00
6.850482641861161959e-01
-2.598931317291467646e+00
-7.775449908875931015e-02
2.021645060082923884e-01
nan
2.015826824609044721e+00
nan
1.587960070538994017e+00
8.195721423717632348e-01
6.850482641861161959e-01
8.898283697412594506e-01
1.118771442713650366e+00
-2.696452608643569615e+00
-1.901432555479056319e+00
-7.775449908875931015e-02
2.021645060082923884e-01
nan
1.716898783832285780e+00
1.167932022363940447e+00
nan
-2.769191904340060351e+00
1.651253969070064720e+00
1.923296079288236982e-01
-2.171064563221424937e+00
-1.730246903759621313e+00
-1.901432555479056319e+00
1.118771442713650366e+00
-1.247363145581780408e+00
2.285458832351404901e+00
5.206441015950149520e-01
-7.640411988756730111e-01
-1.203300854681321974e+00
-2.171064563221424937e+00
2.021645060082923884e-01
-5.058020928688859996e-01
2.315026124950931852e+00
-7.640411988756730111e-01
nan
-1.572937222102778643e+00
-2.213568850465746252e+00
8.898283697412594506e-01
-1.273737921760902170e+00
-1.247363145581780408e+00
-5.058020928688859996e-01
2.015826824609044721e+00
2.021645060082923884e-01
-2.598931317291467646e+00
8.195721423717632348e-01
-2.213568850465746252e+00
2.285458832351404901e+00
1.417699483490409307e+00
1.651253969070064720e+00
-1.901432555479056319e+00
-9.748098809841432288e-01
-2.696452608643569615e+00
1.923296079288236982e-01
-3.766825398655075929e-01
6.850482641861161959e-01
8.898283697412594506e-01
1.417699483490409307e+00
3.100781620660137960e+00
nan
-7.775449908875931015e-02
1.167932022363940447e+00
nan
-2.769191904340060351e+00
-2.811574406978318841e-01
8.898283697412594506e-01
1.118771442713650366e+00
1.651253969070064720e+00
-2.598931317291467646e+00
-1.871865262879537806e+00
2.021645060082923884e-01
1.923296079288236982e-01
2.613954165727680135e+00
1.651253969070064720e+00
2.982957594163816673e+00
nan
-7.640411988756730111e-01
nan
-6.756105806422563198e-01
-1.247363145581780408e+00
-1.901432555479056319e+00
-9.748098809841432288e-01
3.100781620660137960e+00
1.587960070538994017e+00
-6.756105806422563198e-01
-2.811574406978318841e-01
-5.058020928688859996e-01
8.195721423717632348e-01
1.167932022363940447e+00
1.122623328538535858e+00
4.920262174734673088e-01
-1.881630607224328289e+00
-1.389511504159725019e+00
-2.648427145942765737e+00
-6.851046654219206111e-01
1.122623328538535858e+00
1.119775103104639236e+00
-6.851046654219206111e-01
-1.389511504159725019e+00
4.920262174734673088e-01
-6.851046654219206111e-01
4.948744429073665962e-01
1.748093633822602300e+00
-8.697732430328608544e-02
2.378690744887689057e+00
2.375842519453796875e+00
2.604460080948021172e+00
-2.017260389790894948e+00
-1.392359729593630746e+00
1.109006098368855220e+00
1.750941859256497146e+00
2.375842519453796875e+00
-8.697732430328608544e-02
1.750941859256497146e+00
2.375842519453796875e+00
3.202587422066655698e+00
nan
1.119775103104639236e+00
2.006332739829375988e+00
4.948744429073665962e-01
4.920262174734673088e-01
1.707404699052628594e+00
-1.334440878105942474e-01
-1.362923132444957552e-01
1.109006098368855220e+00
-1.389511504159725019e+00
4.920262174734673088e-01
-8.697732430328608544e-02
-1.389511504159725019e+00
nan
-1.283232006540555137e+00
-1.334440878105942474e-01
4.920262174734673088e-01
2.006332739829375988e+00
-1.389511504159725019e+00
1.748093633822602300e+00
1.109006098368855220e+00
-7.617626185285550910e-01
-2.020108615224802673e+00
-2.778685989119710875e+00
nan
-1.392359729593630746e+00
-3.861766246451621143e-01
nan
-2.648427145942765737e+00
3.202587422066655698e+00
2.378690744887689057e+00
3.004161050171737735e+00
5.111500168153590984e-01
-1.389511504159725019e+00
-7.646108439624588193e-01
-1.582431306882441602e+00
-1.334440878105942474e-01
-1.362923132444957552e-01
-1.582431306882441602e+00
3.007009275605628140e+00
nan
2.903659381289897645e+00
-7.617626185285550910e-01
nan
nan
nan
4.920262174734673088e-01
8.100780575921069371e-01
2.378690744887689057e+00
2.375842519453796875e+00
-3.861766246451621143e-01
nan
-2.648427145942765737e+00
1.109006098368855220e+00
-1.389511504159725019e+00
-7.646108439624588193e-01
1.707404699052628594e+00
1.122623328538535858e+00
-1.362923132444957552e-01
5.111500168153590984e-01
-1.334440878105942474e-01
4.920262174734673088e-01
-6.851046654219206111e-01
nan
nan
2.119507164734724114e-01
1.122623328538535858e+00
nan
-2.180558648001076349e+00
-2.017260389790894948e+00
-1.362923132444957552e-01
-3.861766246451621143e-01
-1.389511504159725019e+00
1.119775103104639236e+00
5.111500168153590984e-01
-7.617626185285550910e-01
-1.392359729593630746e+00
3.202587422066655698e+00
-2.645578920508855791e+00
-1.392359729593630746e+00
1.707404699052628594e+00
-2.017260389790894948e+00
-1.392359729593630746e+00
1.707404699052628594e+00
-1.334440878105942474e-01
nan
2.006332739829375988e+00
1.122623328538535858e+00
nan
1.408205398710741463e+00
3.007009275605628140e+00
nan
-9.843039657638070761e-01
2.362360919066668785e+00
2.558608585794002188e-01
1.681030871333540233e+00
1.315638072109038603e+00
-1.052661376177362218e+00
1.681030871333540233e+00
nan
-5.938529219750687815e-03
nan
-2.546835504468560885e-01
-2.099384223134973304e+00
-2.886487006299675251e+00
-1.824530468763813973e+00
-2.622745646613788395e+00
2.822910340741864310e+00
nan
-1.314223411857026180e+00
-1.173667802187229325e+00
1.315638072109038603e+00
5.174228942590639591e-01
-1.173667802187229325e+00
2.689152251514457248e-01
2.349306552494622835e+00
3.108250743301478103e+00
2.689152251514457248e-01
2.872667975973437926e+00
-6.027280674830675089e-01
1.315638072109038603e+00
1.825945129015826396e+00
1.395431539189011971e+00
-2.348129244362116008e+00
-2.099384223134973304e+00
-3.173876649234337322e-01
-1.301406397404486048e+00
-2.675005648994148721e-01
1.681030871333540233e+00
-2.871253315721406629e+00
-5.938529219750687815e-03
-3.178833277890547038e-02
1.838762143468366972e+00
2.558608585794002188e-01
1.966371273893173566e+00
nan
nan
-2.886487006299675251e+00
7.920392965107367900e-01
1.040784317737860398e+00
2.535520697807078783e-01
nan
-2.884307682293452579e+00
-1.173667802187229325e+00
2.689152251514457248e-01
-5.292999526985657788e-01
1.395431539189011971e+00
-2.546835504468560885e-01
3.134230011653102110e+00
1.395431539189011971e+00
-2.546835504468560885e-01
-1.576022799656177087e+00
-1.744607536891371158e+00
-2.871253315721406629e+00
1.825945129015826396e+00
nan
-2.348129244362116008e+00
-2.622745646613788395e+00
-2.601146603740061902e+00
-2.546835504468560885e-01
2.087507164695471928e+00
-6.027280674830675089e-01
2.885484990425958962e+00
-5.938529219750687815e-03
-2.886487006299675251e+00
-2.348129244362116008e+00
-1.052661376177362218e+00
2.251970606037702716e+00
2.689152251514457248e-01
-1.576022799656177087e+00
1.681030871333540233e+00
-7.778076218061840130e-01
-1.837584835335822619e+00
2.537311008597336048e+00
1.838762143468366972e+00
2.349306552494622835e+00
2.537311008597336048e+00
1.315638072109038603e+00
1.040784317737860398e+00
-3.178833277890547038e-02
-1.301406397404486048e+00
-2.675005648994148721e-01
-1.459267134331757809e+00
nan
-1.314223411857026180e+00
-8.883273996275957707e-01
-2.546835504468560885e-01
-1.052661376177362218e+00
8.244918044848699168e-01
nan
-2.622745646613788395e+00
-8.883273996275957707e-01
-2.546835504468560885e-01
-1.576022799656177087e+00
1.681030871333540233e+00
1.315638072109038603e+00
2.087507164695471928e+00
1.966371273893173566e+00
-1.824530468763813973e+00
-2.360946258814637488e+00
1.395431539189011971e+00
-2.871253315721406629e+00
2.349306552494622835e+00
-8.883273996275957707e-01
nan
-2.099384223134973304e+00
5.391514019252365841e-01
1.838762143468366972e+00
7.792222820582153098e-01
-8.883273996275957707e-01
1.315638072109038603e+00
1.825945129015826396e+00
1.395431539189011971e+00
nan
nan
nan
-1.066586033854203475e+00
1.722143135424861526e+00
2.926959150252919528e+00
-3.690872720417921471e-01
3.258797338293870638e-01
2.265571223181380489e+00
nan
-1.767249490593177930e+00
-1.370263496490650379e+00
-1.066586033854203475e+00
-1.069117789795440476e+00
-2.361745760690822316e+00
1.724674891366087870e+00
nan
-2.692439724226579845e+00
nan
-1.069117789795440476e+00
2.926959150252919528e+00
-3.690872720417921471e-01
3.117773598035013194e+00
-7.091753826226856461e-01
3.290444287559424197e-01
3.258797338293870638e-01
-1.700657646822845592e+00
3.290444287559424197e-01
3.258797338293870638e-01
1.935177072849185720e+00
-3.690872720417921471e-01
-3.716190279830264842e-01
-1.370263496490650379e+00
-3.690872720417921471e-01
-1.767249490593177930e+00
1.935177072849185720e+00
3.290444287559424197e-01
-1.069117789795440476e+00
-4.808726875472091322e-02
-1.764084795666614580e+00
-2.464748252405616569e+00
1.935177072849185720e+00
1.027176129553676986e+00
1.722143135424861526e+00
-3.784814190869161266e-01
nan
-1.069117789795440476e+00
-3.784814190869161266e-01
-1.066586033854203475e+00
-3.716190279830264842e-01
1.604782922516990062e+00
2.422806592163822437e+00
2.419641897237275963e+00
-7.091753826226856461e-01
nan
-3.716190279830264842e-01
-4.808726875472091322e-02
3.120305353976258189e+00
nan
-7.091753826226856461e-01
-1.764084795666614580e+00
1.024011434627124295e+00
2.826066947810486063e-01
-3.690872720417921471e-01
1.722143135424861526e+00
2.826066947810486063e-01
3.290444287559424197e-01
1.722143135424861526e+00
2.926959150252919528e+00
-2.462216496464348925e+00
-1.767249490593177930e+00
1.274088958981220543e+00
-2.462216496464348925e+00
-1.069117789795440476e+00
-1.370263496490650379e+00
-3.690872720417921471e-01
1.722143135424861526e+00
2.826066947810486063e-01
3.120305353976258189e+00
2.419641897237275963e+00
-1.039869346158455166e+00
1.027176129553676986e+00
3.258797338293870638e-01
-1.370263496490650379e+00
1.027176129553676986e+00
1.024011434627124295e+00
-1.039869346158455166e+00
nan
-1.767249490593177930e+00
-2.031351610358615112e+00
1.027176129553676986e+00
nan
1.935177072849185720e+00
3.290444287559424197e-01
1.024011434627124295e+00
-1.039869346158455166e+00
2.422806592163822437e+00
nan
6.130008451132558100e-01
-2.462216496464348925e+00
-3.716190279830264842e-01
-3.784814190869161266e-01
3.120305353976258189e+00
nan
-2.031351610358615112e+00
-1.066586033854203475e+00
-1.069117789795440476e+00
-1.700657646822845592e+00
3.290444287559424197e-01
nan
2.926959150252919528e+00
3.290444287559424197e-01
nan
6.130008451132558100e-01
3.290444287559424197e-01
1.024011434627124295e+00
-7.091753826226856461e-01
-2.462216496464348925e+00
nan
-4.808726875472091322e-02
-7.366982347102544182e-01
-1.097283574641773507e+00
2.569936136294703743e+00
-2.342712681706013989e-01
-1.489982656340500311e+00
2.861771974780964456e-01
1.524109185700836200e+00
2.042528938051831666e+00
8.568580025973431269e-01
3.031617943354512512e+00
8.651437493141407309e-01
-8.557022719302076474e-01
-9.880256469974393330e-01
-2.275024791558709403e+00
2.861771974780964456e-01
7.705826649087144098e-01
1.650185884532350045e+00
8.568580025973431269e-01
1.021910077195899103e+00
nan
-2.845036076411506798e-01
7.705826649087144098e-01
2.042528938051831666e+00
-2.845036076411506798e-01
2.277863564527674356e+00
-1.097283574641773507e+00
8.568580025973431269e-01
-4.853708224230697255e-01
-2.275024791558709403e+00
-1.997581741338511296e+00
-1.741552167789561123e+00
8.651437493141407309e-01
-2.845036076411506798e-01
-2.746406100868876266e+00
8.010161409593186121e-02
1.428056666886400095e+00
-2.243979134329214364e+00
nan
nan
1.524109185700836200e+00
nan
-2.568262546457778406e+00
1.273009631448367429e+00
4.728006957946444544e-01
2.569936136294703743e+00
-1.741552167789561123e+00
2.827927101449285274e+00
3.141134800583761155e+00
2.681556983690609464e-01
8.010161409593186121e-02
-1.997581741338511296e+00
-1.741552167789561123e+00
nan
-8.557022719302076474e-01
-1.741552167789561123e+00
2.827927101449285274e+00
nan
-7.366982347102544182e-01
-2.667367845078191468e+00
-1.997581741338511296e+00
-7.366982347102544182e-01
-7.049405211222912193e-01
-2.568262546457778406e+00
1.021910077195899103e+00
1.257842831012867535e+00
1.428056666886400095e+00
2.780290531067336701e+00
-7.049405211222912193e-01
8.568580025973431269e-01
1.273009631448367429e+00
1.650185884532350045e+00
2.861771974780964456e-01
-7.366982347102544182e-01
4.728006957946444544e-01
2.861771974780964456e-01
1.705614411658373797e-02
-1.882681738039226893e+00
2.569936136294703743e+00
-1.992651722042038331e+00
8.010161409593186121e-02
3.141134800583761155e+00
-1.741552167789561123e+00
-2.275024791558709403e+00
1.999255331175457506e+00
-2.342712681706013989e-01
1.650185884532350045e+00
nan
2.681556983690609464e-01
1.257842831012867535e+00
2.861771974780964456e-01
-1.741552167789561123e+00
-1.489982656340500311e+00
-8.557022719302076474e-01
1.705614411658373797e-02
8.010161409593186121e-02
nan
5.194831106562367573e-01
4.728006957946444544e-01
-1.426383077049474757e+00
1.273009631448367429e+00
-2.275024791558709403e+00
8.568580025973431269e-01
-4.853708224230697255e-01
2.042528938051831666e+00
8.568580025973431269e-01
-2.746406100868876266e+00
-2.275024791558709403e+00
2.861771974780964456e-01
-4.853708224230697255e-01
2.435228019750558914e+00
nan
2.277863564527674356e+00
1.257842831012867535e+00
1.999255331175457506e+00
-2.342712681706013989e-01
4.728006957946444544e-01
-2.845036076411506798e-01
1.273009631448367429e+00
1.257842831012867535e+00
nan
-1.255716114402366079e+00
2.302073480715820963e+00
3.144759814772351447e+00
2.669494561688684264e+00
-8.380950601570305025e-01
-1.708098465420500256e+00
2.277151508169203531e+00
-1.286690565996006841e+00
-5.662189960121879473e-01
-1.255716114402366079e+00
1.404882469037859849e+00
-8.518183281567162091e-01
7.070672377327884561e-01
-1.510886596578568053e+00
2.573820080068200511e+00
-4.703179510049140255e-01
2.750668986554797080e+00
-5.662189960121879473e-01
-4.703179510049140255e-01
-8.380950601570305025e-01
-2.849977934828802351e+00
7.070672377327884561e-01
-2.856673114095505284e+00
2.002880345364049575e+00
2.669494561688684264e+00
-1.062291090739591715e+00
-5.662189960121879473e-01
-2.040402221441328656e+00
-8.380950601570305025e-01
2.002880345364049575e+00
-2.825444356659549960e+00
2.750668986554797080e+00
-8.518183281567162091e-01
3.147241842132930678e-01
2.526472955972228540e+00
5.756604733961139253e-01
nan
-2.183881577673959740e+00
nan
2.669494561688684264e+00
-1.651000790616388159e-01
8.610008759557370439e-01
-2.825444356659549960e+00
-6.136955849006153763e-01
-5.662189960121879473e-01
2.669494561688684264e+00
9.562869631988832886e-01
-5.662189960121879473e-01
3.147241842132930678e-01
-6.136955849006153763e-01
2.288479677508576948e+00
2.669494561688684264e+00
9.562869631988832886e-01
-8.518183281567162091e-01
7.070672377327884561e-01
2.526472955972228540e+00
5.756604733961139253e-01
nan
-2.183881577673959740e+00
2.288479677508576948e+00
-7.797489748543284804e-02
-1.959482102417552607e+00
1.431940610659898638e+00
-4.703179510049140255e-01
2.526472955972228540e+00
nan
1.099766319431500605e+00
1.853477974876836853e+00
2.859419412212728773e+00
1.099766319431500605e+00
1.629281944294275419e+00
2.288479677508576948e+00
-7.797489748543284804e-02
7.320909326163222985e-01
-2.564637532269179232e+00
1.884808454649721909e+00
2.526472955972228540e+00
1.431940610659898638e+00
nan
-2.632477083512944294e+00
-8.518183281567162091e-01
-8.630170327036399414e-01
5.909595152093061188e-02
4.720738691962989009e-03
-7.797489748543284804e-02
-2.183881577673959740e+00
-2.849977934828802351e+00
-1.255716114402366079e+00
2.077877450133251536e+00
-1.137158730716349098e+00
-7.797489748543284804e-02
5.909595152093061188e-02
-5.662189960121879473e-01
1.492109372950995549e+00
5.909595152093061188e-02
2.573820080068200511e+00
-8.630170327036399414e-01
1.853477974876836853e+00
1.146600208100265306e+00
-1.648059167921847479e+00
2.302073480715820963e+00
5.756604733961139253e-01
3.147241842132930678e-01
7.320909326163222985e-01
5.756604733961139253e-01
-4.703179510049140255e-01
-2.408077608256529167e+00
3.144759814772351447e+00
7.070672377327884561e-01
nan
-1.422758062860867145e+00
-4.703179510049140255e-01
-1.510886596578568053e+00
-5.662189960121879473e-01
-1.648059167921847479e+00
-2.183881577673959740e+00
-5.662189960121879473e-01
nan
-8.380950601570305025e-01
nan
-1.524667296328293675e+00
2.740420309324504977e-01
nan
-5.328852189245729676e-01
-9.820253854166920426e-01
-2.424746508533942801e+00
-2.024910685923662079e-01
-1.609964152743460941e+00
9.247666017304094765e-01
1.282028949434024234e-01
-1.609964152743460941e+00
5.062673446429473145e-01
2.772555350415257358e+00
6.927311697154880932e-01
-3.311109329231256559e-01
-1.524667296328293675e+00
-1.819403662982782111e+00
-3.311109329231256559e-01
4.585970452756091831e-01
-1.609964152743460941e+00
-1.168489210489228602e+00
-5.328852189245729676e-01
-1.446471078506021968e-01
5.062673446429473145e-01
1.119685159143561037e+00
-2.028653291526513414e+00
-7.499899534017666625e-01
-1.524667296328293675e+00
-2.447342430309551009e+00
8.738832416430630801e-02
1.119685159143561037e+00
2.740420309324504977e-01
8.738832416430630801e-02
4.585970452756091831e-01
-1.191275013960423568e+00
2.599523156862585616e+00
1.780773273011535984e+00
-9.820253854166920426e-01
9.247666017304094765e-01
2.111467236547305504e+00
6.927311697154880932e-01
9.247666017304094765e-01
4.585970452756091831e-01
-9.820253854166920426e-01
nan
4.585970452756091831e-01
2.158238096303951359e+00
nan
-2.516149560528452067e+00
-2.447342430309551009e+00
2.181023899775153652e+00
1.780773273011535984e+00
4.834815411717712230e-01
8.738832416430630801e-02
7.892910088113778144e-01
1.948798586064630634e+00
5.062673446429473145e-01
-2.516149560528452067e+00
-1.400714524199744515e+00
-1.587368230967869609e+00
-1.193973332792524600e+00
-9.820253854166920426e-01
-2.005867488055301795e+00
-5.328852189245729676e-01
-2.238092801765834583e+00
-2.424746508533942801e+00
-1.193973332792524600e+00
9.021706799548088185e-01
-7.499899534017666625e-01
2.772555350415257358e+00
2.576927235087003609e+00
1.343645622209050039e+00
-5.328852189245729676e-01
-5.633362466336397922e-01
-1.168489210489228602e+00
2.441861386879487839e+00
2.740420309324504977e-01
2.181023899775153652e+00
-1.855061446660499991e+00
-2.447342430309551009e+00
-3.311109329231256559e-01
1.119685159143561037e+00
-1.400714524199744515e+00
-3.311109329231256559e-01
-2.024910685923662079e-01
-1.191275013960423568e+00
-7.499899534017666625e-01
1.450379122679329669e+00
1.948798586064630634e+00
8.738832416430630801e-02
2.111467236547305504e+00
-3.538967363943186228e-01
3.018402177341226178e+00
-2.185755410196268844e+00
-2.238092801765834583e+00
-2.005867488055301795e+00
2.111467236547305504e+00
2.576927235087003609e+00
1.762144879296512201e+00
-2.516149560528452067e+00
-9.820253854166920426e-01
-3.311109329231256559e-01
1.450379122679329669e+00
-2.028653291526513414e+00
-3.311109329231256559e-01
-8.635791824603415989e-01
-2.866031569092603259e+00
1.343645622209050039e+00
-2.185755410196268844e+00
-2.866031569092603259e+00
-1.168489210489228602e+00
2.111467236547305504e+00
2.740420309324504977e-01
-1.168489210489228602e+00
-5.328852189245729676e-01
-1.819403662982782111e+00
5.062673446429473145e-01
2.441861386879487839e+00
9.021706799548088185e-01
5.062673446429473145e-01
2.845609834351412459e+00
3.261450747700546771e+00
2.581990746969488271e+00
7.519742587405753298e-01
3.261450747700546771e+00
8.376109034531213915e-01
3.334750016531273786e-01
2.424072470134458257e+00
-2.092701782508208375e-01
7.519742587405753298e-01
3.308166579148208442e-01
-9.070854095558948949e-01
3.264488854830038811e+00
-8.806236256382060645e-02
-9.070854095558948949e-01
2.008231556785307070e+00
7.493159150022825621e-01
3.279805978274562328e+00
-2.178659831045157702e+00
2.842571727221905320e+00
3.279805978274562328e+00
-9.224025330004255174e-01
2.842571727221905320e+00
-5.580195591570267233e-01
1.170853279219217669e+00
-8.806236256382060645e-02
-1.604900640860968952e+00
nan
-9.254406401299084539e-01
4.885450530542536640e-01
1.589732299697859119e+00
-1.344319660608549460e+00
-1.255834790462113437e+00
-2.597159088132605653e+00
2.005573213047011194e+00
4.885450530542536640e-01
2.008231556785307070e+00
nan
1.394792026553854924e-01
-1.341281553479052757e+00
3.308166579148208442e-01
1.186360284359327721e+00
-2.178659831045157702e+00
1.586694192568370632e+00
-2.092701782508208375e-01
-5.039032759129629113e-01
1.586694192568370632e+00
-9.070854095558948949e-01
-2.597159088132605653e+00
-5.065616196512672254e-01
-2.651465253072261774e+00
3.334750016531273786e-01
1.586694192568370632e+00
-1.604900640860968952e+00
2.427110577263949409e+00
nan
nan
-1.759780810566515585e+00
-1.762818917695996523e+00
-1.953650021767187717e+00
3.264488854830038811e+00
2.005573213047011194e+00
1.394792026553854924e-01
3.334750016531273786e-01
3.308166579148208442e-01
-2.092701782508208375e-01
-9.224025330004255174e-01
-9.254406401299084539e-01
-1.255834790462113437e+00
nan
3.308166579148208442e-01
nan
2.008231556785307070e+00
-9.254406401299084539e-01
1.884175515664414213e+00
1.589732299697859119e+00
3.308166579148208442e-01
4.885450530542536640e-01
3.334750016531273786e-01
-8.806236256382060645e-02
-5.580195591570267233e-01
-2.597159088132605653e+00
-2.181318174783443364e+00
3.279805978274562328e+00
-1.341281553479052757e+00
1.168194935480908470e+00
-1.255834790462113437e+00
3.334750016531273786e-01
1.586694192568370632e+00
-1.255834790462113437e+00
2.845609834351412459e+00
nan
2.233241366063269950e+00
1.589732299697859119e+00
2.424072470134458257e+00
-9.070854095558948949e-01
1.589732299697859119e+00
2.424072470134458257e+00
2.233241366063269950e+00
-8.502425543432057253e-02
-8.806236256382060645e-02
-9.070854095558948949e-01
7.519742587405753298e-01
3.308166579148208442e-01
-9.070854095558948949e-01
-5.039032759129629113e-01
1.168194935480908470e+00
-1.604900640860968952e+00
-1.759780810566515585e+00
-9.254406401299084539e-01
-5.580195591570267233e-01
7.519742587405753298e-01
7.493159150022825621e-01
-2.651465253072261774e+00
2.008231556785307070e+00
-5.065616196512672254e-01
-5.580195591570267233e-01
1.170853279219217669e+00
-5.065616196512672254e-01
1.535426134758195893e+00
-7.066698008500060801e-01
-2.438797754007844709e+00
1.235792819112101704e+00
nan
nan
nan
nan
-1.915673682648534992e+00
-4.389637360200739913e-01
-2.052659763040791230e+00
1.777720112666876240e-01
-2.113720291152250130e+00
-1.155468751362836999e+00
-8.689508356909052544e-01
-2.008471554143298476e-02
2.433295295348995246e+00
nan
8.172935620246404298e-01
1.536104283671041237e+00
1.748093633822619175e+00
1.235792819112101704e+00
1.905212108279479288e-01
2.271217705181910240e+00
2.910549374244277843e+00
1.536104283671041237e+00
nan
-1.694841270673608902e+00
nan
-3.453520600926029971e-01
nan
nan
-2.438797754007844709e+00
-2.008471554143298476e-02
1.905212108279479288e-01
nan
-8.574629931075357092e-01
1.536104283671041237e+00
1.748093633822619175e+00
8.172935620246404298e-01
1.984903234183856391e+00
nan
-4.389637360200739913e-01
2.433295295348995246e+00
2.794816480780212054e+00
1.654671839590743154e+00
nan
1.777720112666876240e-01
nan
-7.066698008500060801e-01
-1.392074907050233179e+00
-1.694841270673608902e+00
1.087712222505901938e+00
1.224494858224317362e+00
1.235792819112101704e+00
-2.582777396848832119e-01
2.271217705181910240e+00
nan
-2.582777396848832119e-01
1.777720112666876240e-01
3.984145415459989792e-01
-2.501051824205930085e+00
nan
-2.113720291152250130e+00
-2.582777396848832119e-01
1.224494858224317362e+00
2.073171096678205316e+00
2.433295295348995246e+00
nan
-2.532219548239711848e+00
-1.155468751362836999e+00
-8.689508356909052544e-01
-4.389637360200739913e-01
nan
1.777720112666876240e-01
nan
1.905212108279479288e-01
-3.453520600926029971e-01
-8.574629931075357092e-01
nan
nan
2.910549374244277843e+00
1.905212108279479288e-01
-8.689508356909052544e-01
-1.694841270673608902e+00
2.433295295348995246e+00
1.748093633822619175e+00
3.984145415459989792e-01
nan
7.013707868649894372e-01
nan
1.087712222505901938e+00
nan
-8.574629931075357092e-01
-7.066698008500060801e-01
7.013707868649894372e-01
1.654671839590743154e+00
-7.066698008500060801e-01
-8.689508356909052544e-01
-8.574629931075357092e-01
nan
-2.438797754007844709e+00
3.984145415459989792e-01
-7.066698008500060801e-01
1.777720112666876240e-01
1.235792819112101704e+00
nan
-2.438797754007844709e+00
1.235792819112101704e+00
-7.066698008500060801e-01
7.013707868649894372e-01
2.073171096678205316e+00
-7.066698008500060801e-01
-8.689508356909052544e-01
-1.276342013586176938e+00
1.984903234183856391e+00
nan
-2.113720291152250130e+00
nan
-1.392074907050233179e+00
8.172935620246404298e-01
-2.190527437019731849e+00
-9.218663964481554896e-01
-1.499263124212620646e+00
-1.666928661421429814e+00
2.403185483619189711e+00
nan
1.996363950810732035e+00
nan
1.012871708485670208e+00
-2.190527437019731849e+00
3.142048669706927200e+00
2.268749243139210670e+00
-9.708174310449058098e-02
1.865959253560034448e-01
-2.433855895590797402e-01
1.473239879451423207e+00
nan
nan
-1.143804590062120319e+00
-1.830032103604444238e-01
1.754934309195634867e-01
-1.666928661421429814e+00
1.664322297531477979e+00
nan
nan
-9.218663964481554896e-01
1.012871708485670208e+00
nan
5.558599757272930653e-01
nan
nan
nan
-2.755520422257370150e+00
-6.202058144638185055e-01
1.865959253560034448e-01
1.754934309195634867e-01
nan
nan
-2.755520422257370150e+00
-9.708174310449058098e-02
9.254591114437409338e-01
1.850249986051746731e+00
-2.713651508379041122e+00
1.865959253560034448e-01
1.850249986051746731e+00
1.473239879451423207e+00
1.294723161815030110e+00
1.431370965573104392e+00
9.496411038531209492e-01
-5.522672607317078430e-01
2.268749243139210670e+00
nan
-2.029993632907156176e+00
-1.080763867125156708e+00
1.473239879451423207e+00
-9.218663964481554896e-01
1.431370965573104392e+00
1.473239879451423207e+00
-1.830032103604444238e-01
2.268749243139210670e+00
4.265170324937930246e-01
1.865959253560034448e-01
-2.433855895590797402e-01
3.043086797768343565e+00
3.142048669706927200e+00
nan
-1.143804590062120319e+00
-1.291130446819445110e+00
-2.755520422257370150e+00
nan
1.294723161815030110e+00
nan
3.043086797768343565e+00
nan
1.754934309195634867e-01
4.265170324937930246e-01
-5.522672607317078430e-01
3.106127520705317835e+00
1.996363950810732035e+00
nan
-1.080763867125156708e+00
4.265170324937930246e-01
5.558599757272930653e-01
-2.433855895590797402e-01
nan
-1.830032103604444238e-01
1.431370965573104392e+00
2.519962726409034737e+00
nan
-2.755520422257370150e+00
nan
nan
-2.755520422257370150e+00
nan
-2.399592768623604044e+00
-1.080763867125156708e+00
-1.143804590062120319e+00
-1.830032103604444238e-01
-2.433855895590797402e-01
nan
-5.522672607317078430e-01
1.754934309195634867e-01
1.996363950810732035e+00
2.403185483619189711e+00
nan
-2.713651508379041122e+00
1.865959253560034448e-01
1.431370965573104392e+00
-6.202058144638185055e-01
1.664322297531477979e+00
3.106127520705317835e+00
-9.708174310449058098e-02
2.033586347902741842e+00
-2.433855895590797402e-01
nan
2.403185483619189711e+00
1.431370965573104392e+00
4.265170324937930246e-01
nan
-2.336641401778727367e+00
6.657679689412563384e-01
nan
-7.192241843838864668e-02
1.014517349847475103e+00
1.213662970589332701e+00
1.105462770299300068e+00
3.167021185423886109e-01
-1.640776773346542372e+00
2.675547040735728466e+00
-3.204726236381771898e-02
nan
-1.249663635355321878e+00
-3.204726236381771898e-02
-4.988973039382385011e-01
-7.192241843838864668e-02
-2.125492956279052770e+00
-1.070095968227275041e+00
-2.427048824093024582e+00
6.657679689412563384e-01
2.926741104286693762e+00
nan
3.167021185423886109e-01
1.213662970589332701e+00
-1.642006688874817266e+00
-3.204726236381771898e-02
1.784343775708579827e+00
3.068246122434454826e+00
1.014517349847475103e+00
nan
-4.646215001371145625e-01
-2.125492956279052770e+00
-4.988973039382385011e-01
-1.642006688874817266e+00
-3.204726236381771898e-02
2.355542439997636350e+00
3.204206350810929749e-01
-1.776743575372834005e+00
6.429821654700855760e-01
nan
-3.811131127626854465e-01
-1.070095968227275041e+00
-7.192241843838864668e-02
1.712332581152549160e+00
7.178350118102860833e-02
-1.642006688874817266e+00
2.410147812457623218e+00
2.926741104286693762e+00
2.283203987216233521e+00
nan
2.355542439997636350e+00
nan
1.712332581152549160e+00
7.178350118102860833e-02
3.068246122434454826e+00
3.107963043762697275e+00
nan
-1.642006688874817266e+00
2.061398431551417332e+00
nan
7.131197167798188907e-01
-2.125492956279052770e+00
-4.988973039382385011e-01
-1.642006688874817266e+00
2.758897193363829992e+00
2.926741104286693762e+00
1.498161851998026428e+00
1.014517349847475103e+00
-2.782656242754846243e+00
-1.642006688874817266e+00
3.167021185423886109e-01
-2.211975437635599562e+00
-2.427048824093024582e+00
-1.078928344067759726e+00
-2.211975437635599562e+00
-1.249663635355321878e+00
nan
nan
nan
-7.301789631615536180e-01
1.213662970589332701e+00
-4.646215001371145625e-01
1.363583200246330840e+00
-2.211975437635599562e+00
3.068246122434454826e+00
1.363583200246330840e+00
nan
-2.819747905791750497e+00
-2.474558806677908063e+00
nan
-1.642006688874817266e+00
1.363583200246330840e+00
6.429821654700855760e-01
-7.192241843838864668e-02
-2.823308187584126827e+00
6.429821654700855760e-01
-7.192241843838864668e-02
-1.078928344067759726e+00
-4.988973039382385011e-01
-2.427048824093024582e+00
-2.125492956279052770e+00
-4.988973039382385011e-01
2.283203987216233521e+00
-2.474558806677908063e+00
-1.640776773346542372e+00
1.105462770299300068e+00
6.657679689412563384e-01
7.178350118102860833e-02
-7.192241843838864668e-02
6.657679689412563384e-01
nan
-2.427048824093024582e+00
1.014517349847475103e+00
-2.211975437635599562e+00
2.675547040735728466e+00
-7.301789631615536180e-01
2.355542439997636350e+00
3.204206350810929749e-01
nan
-2.782656242754846243e+00
1.105462770299300068e+00
nan
nan
nan
-7.234539864426263733e-01
2.413866328996324029e+00
3.247813789562474796e+00
-2.294250313237519379e+00
-7.270142682349871599e-01
3.928561864568194117e-01
-1.508852149840079759e+00
3.198552436035316582e+00
9.640548507458746030e-01
-2.294250313237519379e+00
2.413866328996324029e+00
nan
8.466302839937918101e-01
8.437820585599058454e-01
-1.783424778322357795e-01
-1.508852149840079759e+00
-1.511700375273965724e+00
-1.890902752359781003e+00
8.466302839937918101e-01
8.437820585599058454e-01
3.928561864568194117e-01
8.466302839937918101e-01
-7.270142682349871599e-01
1.534735655865119064e+00
nan
nan
-2.461583557479046114e+00
8.466302839937918101e-01
-7.270142682349871599e-01
1.534735655865119064e+00
-2.294250313237519379e+00
-1.511700375273965724e+00
-1.319704088070725811e+00
3.201400661469202547e+00
3.198552436035316582e+00
9.640548507458746030e-01
-7.234539864426263733e-01
5.838389516245223732e-02
-7.490232829514806845e-01
-2.294250313237519379e+00
-7.270142682349871599e-01
-1.783424778322357795e-01
6.123212059635196880e-02
8.437820585599058454e-01
3.928561864568194117e-01
1.631316391032769708e+00
nan
-7.490232829514806845e-01
8.466302839937918101e-01
1.628468165598870421e+00
1.534735655865119064e+00
1.631316391032769708e+00
1.628468165598870421e+00
3.928561864568194117e-01
-2.294250313237519379e+00
2.413866328996324029e+00
nan
2.416714554430223316e+00
5.838389516245223732e-02
-1.890902752359781003e+00
6.123212059635196880e-02
8.437820585599058454e-01
3.928561864568194117e-01
nan
-2.296386482312944288e+00
1.534735655865119064e+00
nan
8.437820585599058454e-01
nan
nan
-1.511700375273965724e+00
2.105934320154174699e+00
-1.508852149840079759e+00
nan
1.534735655865119064e+00
8.466302839937918101e-01
1.628468165598870421e+00
9.640548507458746030e-01
3.201400661469202547e+00
nan
-7.490232829514806845e-01
-7.234539864426263733e-01
-7.270142682349871599e-01
-7.490232829514806845e-01
-2.294250313237519379e+00
-1.511700375273965724e+00
-1.319704088070725811e+00
nan
nan
-1.319704088070725811e+00
-7.234539864426263733e-01
-1.511700375273965724e+00
-2.461583557479046114e+00
-1.508852149840079759e+00
5.838389516245223732e-02
3.928561864568194117e-01
8.466302839937918101e-01
2.413866328996324029e+00
2.105934320154174699e+00
6.123212059635196880e-02
-1.511700375273965724e+00
9.640548507458746030e-01
nan
nan
nan
1.631316391032769708e+00
nan
-2.461583557479046114e+00
1.631316391032769708e+00
nan
-1.890902752359781003e+00
-1.508852149840079759e+00
-7.270142682349871599e-01
-7.490232829514806845e-01
8.466302839937918101e-01
5.838389516245223732e-02
-1.319704088070725811e+00
nan
2.530785983057840305e+00
nan
7.497906192412604476e-01
1.808150527278851172e-02
-2.105336283977611522e+00
7.497906192412604476e-01
6.464000359907493554e-01
-6.562468209158396348e-01
1.534476726280226799e+00
6.464000359907493554e-01
-1.139130579093663220e+00
-3.560754415619493685e-02
6.464000359907493554e-01
-1.729248742097149183e-01
nan
nan
-1.622014337271487028e+00
nan
-2.493483682338704099e+00
-2.105336283977611522e+00
2.319874889677682184e+00
3.158534868689033104e+00
2.725692240442147529e+00
1.534476726280226799e+00
1.274718566708710199e+00
-1.729248742097149183e-01
-1.605691814592616229e+00
-1.237416265989551123e+00
2.725692240442147529e+00
nan
nan
-2.105336283977611522e+00
-2.390377921631582581e+00
-1.237416265989551123e+00
3.209014187148271802e+00
-1.605691814592616229e+00
-1.237416265989551123e+00
-2.588220042155452649e+00
1.534476726280226799e+00
6.464000359907493554e-01
-2.588220042155452649e+00
-8.210057075536498772e-01
-6.096673803583811946e-01
3.209014187148271802e+00
7.497906192412604476e-01
1.274718566708710199e+00
-1.729248742097149183e-01
2.319874889677682184e+00
1.274718566708710199e+00
-1.729248742097149183e-01
nan
-1.865734796707511967e+00
-1.622014337271487028e+00
-3.560754415619493685e-02
2.530785983057840305e+00
-6.562468209158396348e-01
7.497906192412604476e-01
1.808150527278851172e-02
-1.622014337271487028e+00
nan
-6.096673803583811946e-01
7.932808306742336057e-01
2.319874889677682184e+00
6.464000359907493554e-01
-1.139130579093663220e+00
-3.560754415619493685e-02
1.808150527278851172e-02
-1.139130579093663220e+00
nan
nan
3.103970724964097982e-01
-3.560754415619493685e-02
1.274718566708710199e+00
7.932808306742336057e-01
-8.210057075536498772e-01
1.902467452339879905e+00
2.725692240442147529e+00
-1.605691814592616229e+00
-1.237416265989551123e+00
-2.105336283977611522e+00
1.534476726280226799e+00
1.808150527278851172e-02
1.276602777380357878e+00
-3.560754415619493685e-02
1.902467452339879905e+00
1.276602777380357878e+00
-1.605691814592616229e+00
6.464000359907493554e-01
7.932808306742336057e-01
-8.210057075536498772e-01
-6.096673803583811946e-01
-1.622014337271487028e+00
-2.390377921631582581e+00
-1.865734796707511967e+00
7.932808306742336057e-01
nan
1.808150527278851172e-02
3.103970724964097982e-01
-1.605691814592616229e+00
3.158534868689033104e+00
1.276602777380357878e+00
2.319874889677682184e+00
1.274718566708710199e+00
-1.729248742097149183e-01
3.104560996716676513e+00
nan
-1.729248742097149183e-01
-8.210057075536498772e-01
1.808150527278851172e-02
-6.562468209158396348e-01
-8.210057075536498772e-01
1.808150527278851172e-02
-6.562468209158396348e-01
1.534476726280226799e+00
1.274718566708710199e+00
3.103970724964097982e-01
-8.210057075536498772e-01
-2.493483682338704099e+00
1.759486535558199449e+00
2.973974794904132857e-01
nan
-1.801428195799951393e+00
2.973974794904132857e-01
nan
-4.057977331898001694e-01
2.391159642898293747e+00
nan
-1.103296495002238808e+00
nan
1.478224273960726975e+00
nan
-1.098232983119732609e+00
-9.185999647568765525e-02
2.923339676079370619e-01
2.973974794904132857e-01
-8.765461035146504543e-01
-1.103296495002238808e+00
-1.098232983119732609e+00
-2.446630373951093063e+00
2.385463192030502277e+00
-4.007342213073212811e-01
-9.185999647568765525e-02
2.923339676079370619e-01
-2.493863445729878059e+00
6.928261105632751438e-01
nan
2.973974794904132857e-01
nan
-1.103296495002238808e+00
nan
nan
nan
-1.098232983119732609e+00
-8.765461035146504543e-01
-4.057977331898001694e-01
-1.098232983119732609e+00
-8.765461035146504543e-01
-4.057977331898001694e-01
-4.007342213073212811e-01
-9.185999647568765525e-02
-4.057977331898001694e-01
nan
-8.765461035146504543e-01
1.687331491232765046e+00
nan
nan
nan
9.955291802881478525e-01
3.048308544397142050e+00
nan
nan
-9.185999647568765525e-02
3.083594892828239509e+00
2.973974794904132857e-01
6.928261105632751438e-01
1.687331491232765046e+00
nan
-2.446630373951093063e+00
3.083594892828239509e+00
-1.795731744932143714e+00
-2.446630373951093063e+00
-2.498926957612390254e+00
nan
nan
nan
-2.493863445729878059e+00
-1.661944266912102286e+00
-1.103296495002238808e+00
9.955291802881478525e-01
1.478224273960726975e+00
1.687331491232765046e+00
-1.795731744932143714e+00
nan
nan
2.391159642898293747e+00
nan
-2.498926957612390254e+00
9.955291802881478525e-01
-9.185999647568765525e-02
-1.103296495002238808e+00
-2.493863445729878059e+00
2.263622437358178807e+00
9.898327294203510540e-01
-2.493863445729878059e+00
-8.765461035146504543e-01
2.923339676079370619e-01
nan
nan
nan
-1.795731744932143714e+00
1.478224273960726975e+00
nan
-2.493863445729878059e+00
6.928261105632751438e-01
-1.103296495002238808e+00
-4.007342213073212811e-01
-1.661944266912102286e+00
3.083594892828239509e+00
9.955291802881478525e-01
2.263622437358178807e+00
2.385463192030502277e+00
-2.493863445729878059e+00
-1.661944266912102286e+00
-1.103296495002238808e+00
-4.007342213073212811e-01
3.048308544397142050e+00
9.898327294203510540e-01
2.391159642898293747e+00
nan
-1.801428195799951393e+00
2.391159642898293747e+00
2.263622437358178807e+00
1.687331491232765046e+00
-1.795731744932143714e+00
-1.661944266912102286e+00
-4.057977331898001694e-01
-1.098232983119732609e+00
nan
-2.498926957612390254e+00
-4.670662269678858003e-01
-1.779908270299392692e+00
1.363013555159549917e+00
2.045448369121571908e+00
1.243852242191726631e+00
nan
1.208070091555484282e+00
-1.314698116096009617e+00
-5.213723919075419211e-01
1.208070091555484282e+00
1.011352654920913974e+00
1.069461388104189226e-01
2.463947626209034070e+00
8.093234651414782377e-02
-2.405188693887842177e+00
3.301325903775122583e+00
3.104692859005266925e+00
-5.213723919075419211e-01
2.045448369121571908e+00
1.709062396395109928e+00
1.069461388104189226e-01
-1.304064741142779704e+00
3.104692859005266925e+00
2.619080971508702227e+00
3.706918139893962127e-01
3.134319337849520437e-01
2.619080971508702227e+00
-1.304064741142779704e+00
2.406983117531071414e+00
nan
-8.855654840553328633e-01
-8.494879618926183262e-01
1.069461388104189226e-01
7.891910710768432757e-01
1.941561983665914148e+00
-2.405188693887842177e+00
-4.818720648924479377e-02
-2.710539558367933477e+00
-2.405188693887842177e+00
-4.670662269678858003e-01
-2.477828991435354844e+00
1.991332085877510316e+00
3.706918139893962127e-01
-1.517782204184308092e-01
-5.213723919075419211e-01
1.626569348642946444e+00
-2.245118424502775767e+00
7.352646695283797662e-01
1.208070091555484282e+00
-8.494879618926183262e-01
2.619080971508702227e+00
-2.141443018708882651e+00
-2.477828991435354844e+00
1.069461388104189226e-01
-1.304064741142779704e+00
1.243852242191726631e+00
1.069461388104189226e-01
-1.304064741142779704e+00
-1.779908270299392692e+00
nan
nan
nan
nan
1.208070091555484282e+00
-1.517782204184308092e-01
3.247399502226641310e+00
2.045448369121571908e+00
1.709062396395109928e+00
7.352646695283797662e-01
-2.560322039187509002e+00
-1.082198528825197181e+00
-5.213723919075419211e-01
3.706918139893962127e-01
3.134319337849520437e-01
2.619080971508702227e+00
2.045448369121571908e+00
2.639482704801875634e+00
1.069461388104189226e-01
2.045448369121571908e+00
3.134319337849520437e-01
-5.213723919075419211e-01
-1.722943761621420933e+00
-1.779908270299392692e+00
-1.149121277538711627e+00
2.045448369121571908e+00
-1.779908270299392692e+00
-1.149121277538711627e+00
7.891910710768432757e-01
1.243852242191726631e+00
-1.149121277538711627e+00
7.891910710768432757e-01
-2.012618837231971547e+00
1.363013555159549917e+00
3.301325903775122583e+00
7.786420879883433344e-01
1.069461388104189226e-01
3.706918139893962127e-01
2.639482704801875634e+00
1.363013555159549917e+00
-4.818720648924479377e-02
8.093234651414782377e-02
1.991332085877510316e+00
2.463947626209034070e+00
-1.082198528825197181e+00
-1.149121277538711627e+00
nan
7.786420879883433344e-01
1.069461388104189226e-01
1.626569348642946444e+00
1.476562809124304820e+00
-1.149121277538711627e+00
3.706918139893962127e-01
-3.844887873510098864e-01
-2.405188693887842177e+00
1.208070091555484282e+00
2.639482704801875634e+00
-5.213723919075419211e-01
2.463947626209034070e+00
7.786420879883433344e-01
1.991332085877510316e+00
