3.982455567464570301e+00
4.336964693137108640e+00
4.962150175877780178e+00
7.272020313834506311e+00
4.022805427778129328e+00
4.334116467703211129e+00
5.178710249701843793e+00
5.906906552301836477e+00
6.846251300401485551e+00
6.374964931939118173e+00
3.394771719603561166e+00
7.160125743217076177e+00
6.075765631597232819e+00
4.336964693137108640e+00
6.846251300401485551e+00
7.870147654953143501e+00
7.791007676825541850e+00
7.788159451391642563e+00
7.870147654953143501e+00
6.849099525835384839e+00
6.218217592226915613e+00
6.374964931939118173e+00
6.849099525835384839e+00
7.474285008576053713e+00
7.870147654953143501e+00
7.162973968650973688e+00
6.218217592226915613e+00
7.870147654953143501e+00
5.278872844127267427e+00
7.160125743217076177e+00
6.075765631597232819e+00
7.162973968650973688e+00
8.730352424925191812e+00
8.169346955295029744e+00
4.336964693137108640e+00
6.218217592226915613e+00
5.477638290478596517e+00
4.650839135952699266e+00
4.019957202344232705e+00
5.776566331255348352e+00
8.733200650359092876e+00
7.160125743217076177e+00
7.571219614176392554e+00
4.336964693137108640e+00
9.358386133099758197e+00
7.571219614176392554e+00
7.162973968650973688e+00
7.160125743217076177e+00
5.178710249701843793e+00
4.022805427778129328e+00
8.416193159566212501e+00
5.477638290478596517e+00
6.221065817660816677e+00
7.160125743217076177e+00
6.673892972715869121e+00
6.221065817660816677e+00
5.590183884052349228e+00
4.281383608241322136e+00
7.162973968650973688e+00
5.590183884052349228e+00
6.075765631597232819e+00
5.906906552301836477e+00
5.904058326867938078e+00
7.272020313834506311e+00
6.221065817660816677e+00
5.276024618693368140e+00
5.477638290478596517e+00
7.477133234009953000e+00
5.276024618693368140e+00
8.169346955295029744e+00
7.477133234009953000e+00
6.532092035042507128e+00
6.374964931939118173e+00
4.650839135952699266e+00
3.391923494169664099e+00
6.973092273057755364e+00
9.047075093174681726e+00
7.160125743217076177e+00
9.365601637532302348e+00
6.534940260476405527e+00
7.788159451391642563e+00
4.580582908583207491e+00
4.964998401311678577e+00
5.904058326867938078e+00
3.982455567464570301e+00
7.791007676825541850e+00
4.647990910518799978e+00
6.673892972715869121e+00
7.162973968650973688e+00
8.102318716750623651e+00
4.879510949359959326e+00
7.162973968650973688e+00
5.276024618693368140e+00
9.066402337190417882e+00
8.105166942184522938e+00
7.474285008576053713e+00
7.870147654953143501e+00
9.361234358533659261e+00
7.160125743217076177e+00
nan
nan
7.474285008576053713e+00
6.075765631597232819e+00
nan
4.647990910518799978e+00
8.767203036848531639e+00
8.105166942184522938e+00
7.788159451391642563e+00
5.776566331255348352e+00
4.022805427778129328e+00
7.788159451391642563e+00
6.673892972715869121e+00
nan
5.276024618693368140e+00
7.272020313834506311e+00
7.162973968650973688e+00
7.160125743217076177e+00
6.673892972715869121e+00
4.964998401311678577e+00
8.102318716750623651e+00
7.926840904065976190e+00
6.902987951044738502e+00
6.913089657250298004e+00
8.225768944842728914e+00
5.395707051425774559e+00
6.494210636771656553e+00
5.833530839933313672e+00
5.395707051425774559e+00
4.819454081639475973e+00
4.637276157696039292e+00
4.641952672598935514e+00
8.587846212382478583e+00
4.936204198472792015e+00
4.893280084886119319e+00
4.400954824552021805e+00
8.225768944842728914e+00
6.651888396792267955e+00
6.075711379684205937e+00
6.132458880710066396e+00
7.907841884124049869e+00
7.331588914337748619e+00
5.534331539591429205e+00
7.656742329871576658e+00
6.494210636771656553e+00
7.029785522170588052e+00
7.907841884124049869e+00
6.494210636771656553e+00
5.534331539591429205e+00
6.651888396792267955e+00
4.400954824552021805e+00
6.431658181051950862e+00
7.907841884124049869e+00
6.913089657250298004e+00
4.039148816577402989e+00
3.888426151806809283e+00
3.144697526507291396e+00
5.235132239249543851e+00
5.395707051425774559e+00
6.494210636771656553e+00
7.627912863289225243e+00
7.907841884124049869e+00
5.656832359205568039e+00
7.627912863289225243e+00
8.661596262950887137e+00
7.331588914337748619e+00
7.328713562947339000e+00
6.149461430252612715e+00
5.238333102118113871e+00
7.627912863289225243e+00
8.159169296411231898e+00
6.913089657250298004e+00
3.739949516235517635e+00
5.898134017965428910e+00
5.656832359205568039e+00
5.833530839933313672e+00
6.149461430252612715e+00
7.750467934816390070e+00
7.029785522170588052e+00
3.888426151806809283e+00
6.913089657250298004e+00
4.338076857354154825e+00
5.647034463712957475e+00
7.750467934816390070e+00
5.534331539591429205e+00
3.385999185267154044e+00
4.400954824552021805e+00
6.730586221828703586e+00
8.159169296411231898e+00
nan
5.534331539591429205e+00
6.651888396792267955e+00
4.400954824552021805e+00
9.123095586303250570e+00
7.154315363331923194e+00
6.494210636771656553e+00
7.926840904065976190e+00
3.637326597554337404e+00
4.400954824552021805e+00
6.431658181051950862e+00
7.405414917584394630e+00
5.656832359205568039e+00
5.833530839933313672e+00
8.661596262950887137e+00
9.006345469469932752e+00
3.441021475458765799e+00
6.651888396792267955e+00
nan
8.225768944842728914e+00
3.134899631014682164e+00
3.982075804073383907e+00
3.141822175116880889e+00
8.661596262950887137e+00
8.168967191903840686e+00
5.235132239249543851e+00
3.385999185267154044e+00
6.075711379684205937e+00
6.730586221828703586e+00
7.907841884124049869e+00
6.913089657250298004e+00
7.328713562947339000e+00
nan
3.144697526507291396e+00
8.225768944842728914e+00
7.154315363331923194e+00
7.331588914337748619e+00
7.627912863289225243e+00
7.154315363331923194e+00
8.168967191903840686e+00
4.338076857354154825e+00
7.656742329871576658e+00
3.144697526507291396e+00
4.338076857354154825e+00
4.893280084886119319e+00
5.656832359205568039e+00
8.524968245184613380e+00
6.651888396792267955e+00
5.656832359205568039e+00
7.328713562947339000e+00
nan
6.494210636771656553e+00
4.116891807944568882e+00
5.234506255637697336e+00
8.471604090734782488e+00
nan
6.683595718699478994e+00
nan
3.698392550857116490e+00
3.302094845869793627e+00
3.904086213101552794e+00
6.210147620164205406e+00
6.200711960521648081e+00
6.758525957037417875e+00
8.722662216253667111e+00
nan
3.332887548812498935e+00
nan
9.098890886645213172e+00
nan
6.629026640642843304e+00
9.098890886645213172e+00
nan
7.885283938687575045e+00
nan
nan
7.047905661121482979e+00
8.133123370289554899e+00
6.187845151918166309e+00
7.885283938687575045e+00
9.098890886645213172e+00
nan
8.303783195775027437e+00
nan
5.616646487629112450e+00
6.629026640642843304e+00
5.717390013815528249e+00
5.616646487629112450e+00
4.535770828423207668e+00
6.683595718699478994e+00
5.045965682509858219e+00
5.373149105989298846e+00
4.267862362225452344e+00
3.904086213101552794e+00
4.116891807944568882e+00
6.683595718699478994e+00
5.616646487629112450e+00
4.535770828423207668e+00
4.267862362225452344e+00
5.616646487629112450e+00
8.722662216253667111e+00
8.133123370289554899e+00
7.900405426445725965e+00
4.535770828423207668e+00
6.200711960521648081e+00
nan
5.791648363076752126e+00
6.683595718699478994e+00
9.042284895854033167e+00
6.629026640642843304e+00
6.683595718699478994e+00
7.900405426445725965e+00
nan
5.234506255637697336e+00
9.042284895854033167e+00
5.373149105989298846e+00
5.717390013815528249e+00
6.758525957037417875e+00
7.047905661121482979e+00
5.717390013815528249e+00
5.616646487629112450e+00
6.210147620164205406e+00
3.302094845869793627e+00
5.045965682509858219e+00
5.791648363076752126e+00
3.302094845869793627e+00
7.329724621326473510e+00
9.141161473341119503e+00
8.133123370289554899e+00
7.329724621326473510e+00
3.698392550857116490e+00
5.717390013815528249e+00
3.904086213101552794e+00
7.047905661121482979e+00
5.234506255637697336e+00
9.042284895854033167e+00
5.373149105989298846e+00
6.200711960521648081e+00
7.900405426445725965e+00
6.629026640642843304e+00
5.234506255637697336e+00
5.045965682509858219e+00
7.466404918208935371e+00
7.166917665405602378e+00
7.329724621326473510e+00
9.141161473341119503e+00
nan
5.045965682509858219e+00
4.116891807944568882e+00
7.649801423583431514e+00
7.329724621326473510e+00
7.885283938687575045e+00
8.616007128467382259e+00
nan
5.373149105989298846e+00
7.166917665405602378e+00
6.187845151918166309e+00
6.629026640642843304e+00
6.683595718699478994e+00
7.900405426445725965e+00
8.722662216253667111e+00
nan
5.616646487629112450e+00
8.722662216253667111e+00
nan
5.616646487629112450e+00
nan
nan
nan
4.535770828423207668e+00
5.234506255637697336e+00
7.900405426445725965e+00
5.896937763283191636e+00
6.417213609208607394e+00
5.754431550740479295e+00
7.466784681600120877e+00
5.894089537849291460e+00
7.429188105872665204e+00
nan
4.847366690891678154e+00
7.010309085394027306e+00
6.420536538881490785e+00
7.464411160405205692e+00
7.847687362960115820e+00
6.420536538881490785e+00
6.940812384806907431e+00
6.591809828306571362e+00
7.990383457198420913e+00
6.417213609208607394e+00
4.498174252695749331e+00
7.990383457198420913e+00
nan
3.660795975129656821e+00
7.990383457198420913e+00
8.511134007362819887e+00
7.847687362960115820e+00
nan
nan
nan
5.896937763283191636e+00
4.847366690891678154e+00
3.660795975129656821e+00
nan
5.894089537849291460e+00
9.103944661004849337e+00
5.373813691923874813e+00
6.417213609208607394e+00
6.172930807827934352e+00
7.466784681600120877e+00
7.464411160405205692e+00
6.591809828306571362e+00
4.850214916325577441e+00
7.464411160405205692e+00
8.685065640526207886e+00
5.373813691923874813e+00
6.940812384806907431e+00
7.847687362960115820e+00
4.850214916325577441e+00
5.370965466489977302e+00
4.917053273174390782e+00
5.896937763283191636e+00
7.987535231764523402e+00
3.660795975129656821e+00
5.373813691923874813e+00
4.847366690891678154e+00
4.079674995608298715e+00
6.420536538881490785e+00
6.940812384806907431e+00
6.591809828306571362e+00
nan
3.277519772574747137e+00
5.754431550740479295e+00
7.466784681600120877e+00
6.940812384806907431e+00
5.754431550740479295e+00
7.466784681600120877e+00
7.464411160405205692e+00
6.591809828306571362e+00
nan
3.800643843934063071e+00
6.172930807827934352e+00
7.466784681600120877e+00
nan
8.266566383438757271e+00
5.373813691923874813e+00
3.277519772574747137e+00
5.754431550740479295e+00
4.327090844966260619e+00
4.847366690891678154e+00
4.498174252695749331e+00
7.990383457198420913e+00
9.034258078722135821e+00
8.266566383438757271e+00
7.466784681600120877e+00
nan
4.079674995608298715e+00
5.896937763283191636e+00
nan
4.917053273174390782e+00
6.943660610240804942e+00
7.464411160405205692e+00
7.429188105872665204e+00
5.896937763283191636e+00
3.277519772574747137e+00
7.010309085394027306e+00
3.803492069367961470e+00
3.800643843934063071e+00
8.685065640526207886e+00
nan
nan
nan
6.943660610240804942e+00
6.417213609208607394e+00
5.335552530261841397e+00
nan
nan
5.335552530261841397e+00
5.896937763283191636e+00
6.417213609208607394e+00
6.172930807827934352e+00
6.420536538881490785e+00
nan
nan
6.943660610240804942e+00
9.034258078722135821e+00
6.591809828306571362e+00
5.373813691923874813e+00
4.847366690891678154e+00
8.266566383438757271e+00
5.373813691923874813e+00
8.511134007362819887e+00
6.172930807827934352e+00
5.532934552830992558e+00
6.365470847159455658e+00
8.171245772250959050e+00
6.474842703821151346e+00
7.507868175737563377e+00
8.540844907967407806e+00
3.648833428307286297e+00
8.649747645145868802e+00
7.801981721879679199e+00
4.904616022113033935e+00
8.649747645145868802e+00
7.063118535791950592e+00
6.789001969180129770e+00
5.224109236920950750e+00
5.215793027900048173e+00
9.301136801878405080e+00
9.220428450265123033e+00
6.693519400075505388e+00
6.474842703821151346e+00
7.507868175737563377e+00
7.801981721879679199e+00
6.789001969180129770e+00
5.224109236920950750e+00
4.846528977528768323e+00
5.846808995646581408e+00
6.936669511448510406e+00
8.171245772250959050e+00
7.417035677354698819e+00
6.936669511448510406e+00
5.954656213987776781e+00
6.789001969180129770e+00
7.507868175737563377e+00
7.432382586163230442e+00
5.846808995646581408e+00
3.511031103223588357e+00
3.738066655724591403e+00
6.474842703821151346e+00
4.082229767512641772e+00
4.107665791441039715e+00
5.218775287472013247e+00
6.936669511448510406e+00
8.910108958338687657e+00
7.417035677354698819e+00
6.365470847159455658e+00
5.585392163616493377e+00
6.160968261005561608e+00
5.224109236920950750e+00
5.585392163616493377e+00
4.276867136481854459e+00
7.507868175737563377e+00
5.954656213987776781e+00
4.904616022113033935e+00
4.082229767512641772e+00
5.954656213987776781e+00
3.334674162948306986e+00
8.078548980856817607e+00
7.432382586163230442e+00
6.474842703821151346e+00
5.794790042040201428e+00
5.954656213987776781e+00
4.276867136481854459e+00
4.652910572631896002e+00
3.738066655724591403e+00
5.218775287472013247e+00
8.649747645145868802e+00
7.063118535791950592e+00
6.789001969180129770e+00
6.936669511448510406e+00
6.693519400075505388e+00
3.962707871122876035e+00
5.794790042040201428e+00
4.846528977528768323e+00
5.846808995646581408e+00
6.365470847159455658e+00
7.432382586163230442e+00
5.218775287472013247e+00
5.794790042040201428e+00
7.063118535791950592e+00
7.730910120170287669e+00
5.224109236920950750e+00
7.063118535791950592e+00
3.334674162948306986e+00
5.794790042040201428e+00
3.738066655724591403e+00
4.590741579297445085e+00
5.794790042040201428e+00
4.476929841812319566e+00
5.846808995646581408e+00
3.511031103223588357e+00
3.738066655724591403e+00
5.846808995646581408e+00
4.082229767512641772e+00
8.540844907967407806e+00
4.590741579297445085e+00
9.220428450265123033e+00
7.801981721879679199e+00
6.160968261005561608e+00
8.078548980856817607e+00
8.910108958338687657e+00
5.532934552830992558e+00
4.652910572631896002e+00
5.585392163616493377e+00
8.044784562985876519e+00
6.936669511448510406e+00
5.585392163616493377e+00
3.962707871122876035e+00
nan
9.279708094055132861e+00
3.962707871122876035e+00
5.794790042040201428e+00
8.540844907967407806e+00
8.358943828344857607e+00
8.078548980856817607e+00
7.063118535791950592e+00
4.904616022113033935e+00
7.507868175737563377e+00
5.954656213987776781e+00
8.986977536519425769e+00
nan
nan
8.544622233676534506e+00
5.148105788176819075e+00
4.945155764122183939e+00
nan
7.733959396811284748e+00
nan
4.548303020332359559e+00
7.733959396811284748e+00
6.515477386678101723e+00
3.406423550924053245e+00
3.300780280284917101e+00
6.515477386678101723e+00
nan
4.778506652460372983e+00
8.085324304995030076e+00
5.118983825451612901e+00
5.517369838548101590e+00
5.468754539720485752e+00
5.118983825451612901e+00
4.408907516743926003e+00
7.038601458037415881e+00
6.260863294859920103e+00
4.039643466372644376e+00
4.945155764122183939e+00
6.832061959148973074e+00
5.886968974264546794e+00
4.945155764122183939e+00
3.977104356043307032e+00
9.211685768986741962e+00
nan
6.260863294859920103e+00
4.039643466372644376e+00
4.945155764122183939e+00
nan
5.148105788176819075e+00
nan
6.832061959148973074e+00
6.995096210723557917e+00
8.085324304995030076e+00
3.977104356043307032e+00
5.886968974264546794e+00
7.038601458037415881e+00
5.689664630570867132e+00
4.039643466372644376e+00
9.132047151952646047e+00
5.689664630570867132e+00
5.886968974264546794e+00
5.468754539720485752e+00
5.118983825451612901e+00
4.039643466372644376e+00
5.468754539720485752e+00
7.402742764268225528e+00
4.408907516743926003e+00
3.375308845805255142e+00
6.832061959148973074e+00
5.517369838548101590e+00
8.608923080593328336e+00
6.260863294859920103e+00
5.886968974264546794e+00
5.468754539720485752e+00
6.260863294859920103e+00
4.039643466372644376e+00
4.422031692762870669e+00
6.832061959148973074e+00
4.408907516743926003e+00
7.562200233635712365e+00
nan
4.408907516743926003e+00
5.468754539720485752e+00
6.832061959148973074e+00
8.472822582899013355e+00
6.515477386678101723e+00
5.689664630570867132e+00
8.842421718615460335e+00
8.085324304995030076e+00
7.402742764268225528e+00
5.517369838548101590e+00
8.085324304995030076e+00
3.977104356043307032e+00
5.517369838548101590e+00
5.991878611079799910e+00
9.115820897965585701e+00
8.103223447182566375e+00
9.132047151952646047e+00
5.689664630570867132e+00
5.517369838548101590e+00
4.422031692762870669e+00
3.977104356043307032e+00
6.256233024635829310e+00
8.608923080593328336e+00
nan
3.300780280284917101e+00
5.468754539720485752e+00
7.973941428557280275e+00
6.995096210723557917e+00
7.038601458037415881e+00
6.260863294859920103e+00
7.364695346440004897e+00
9.132047151952646047e+00
nan
3.300780280284917101e+00
7.038601458037415881e+00
8.544622233676534506e+00
6.995096210723557917e+00
5.468754539720485752e+00
nan
8.103223447182566375e+00
nan
9.115820897965585701e+00
9.211685768986741962e+00
nan
6.832061959148973074e+00
6.625832160352275402e+00
6.515477386678101723e+00
3.406423550924053245e+00
6.625832160352275402e+00
3.898432917164571077e+00
5.689664630570867132e+00
3.670379416001363637e+00
8.608923080593328336e+00
3.734470073019827474e+00
8.261575207440307267e+00
9.155917993684361988e+00
4.571468587194733146e+00
9.158766219118261276e+00
6.913143909163323997e+00
5.409226628152011607e+00
7.813183146275179070e+00
6.015952897485367323e+00
6.665104162805555177e+00
6.018801122919268387e+00
5.118761885807415979e+00
7.921361460850286917e+00
6.467193184084394808e+00
5.567153946972541512e+00
5.827725885239463111e+00
3.775620149050529228e+00
6.015952897485367323e+00
5.827725885239463111e+00
8.710374157953133079e+00
7.361535970328453971e+00
4.152969330107280754e+00
7.364384195762351482e+00
6.015952897485367323e+00
4.571468587194733146e+00
7.813183146275179070e+00
6.464344958650497297e+00
7.921361460850286917e+00
nan
4.221570874129459305e+00
6.246604905718102785e+00
8.710374157953133079e+00
6.913143909163323997e+00
7.921361460850286917e+00
6.018801122919268387e+00
4.221570874129459305e+00
3.734470073019827474e+00
8.710374157953133079e+00
8.707525932519235567e+00
8.339860717937737533e+00
nan
6.015952897485367323e+00
7.083983183284194851e+00
5.570002172406439911e+00
8.707525932519235567e+00
7.502482440371647243e+00
7.813183146275179070e+00
8.707525932519235567e+00
6.246604905718102785e+00
3.775620149050529228e+00
8.258726982006406203e+00
4.990347607673371932e+00
6.018801122919268387e+00
7.361535970328453971e+00
6.246604905718102785e+00
6.467193184084394808e+00
6.913143909163323997e+00
7.502482440371647243e+00
6.018801122919268387e+00
4.669962935294584838e+00
6.246604905718102785e+00
5.121610111241311714e+00
3.772771923616629053e+00
7.083983183284194851e+00
5.121610111241311714e+00
3.324379862451503076e+00
4.571468587194733146e+00
4.672811160728484126e+00
5.118761885807415979e+00
nan
nan
4.221570874129459305e+00
7.502482440371647243e+00
8.261575207440307267e+00
nan
6.246604905718102785e+00
4.224419099563355928e+00
6.913143909163323997e+00
4.571468587194733146e+00
3.327228087885401031e+00
6.913143909163323997e+00
7.502482440371647243e+00
6.018801122919268387e+00
4.669962935294584838e+00
9.177238995503829599e+00
6.467193184084394808e+00
3.772771923616629053e+00
7.921361460850286917e+00
6.915585245249523005e+00
5.567153946972541512e+00
nan
nan
8.707525932519235567e+00
8.339860717937737533e+00
9.158766219118261276e+00
nan
5.409226628152011607e+00
5.121610111241311714e+00
4.669962935294584838e+00
6.665104162805555177e+00
6.467193184084394808e+00
6.913143909163323997e+00
4.152969330107280754e+00
5.570002172406439911e+00
7.810334920841279782e+00
7.083983183284194851e+00
6.018801122919268387e+00
4.669962935294584838e+00
4.152969330107280754e+00
7.364384195762351482e+00
6.464344958650497297e+00
5.827725885239463111e+00
6.467193184084394808e+00
7.361535970328453971e+00
7.083983183284194851e+00
6.467193184084394808e+00
6.464344958650497297e+00
7.921361460850286917e+00
nan
3.324379862451503076e+00
3.171247940986761105e+00
8.356504261342777795e+00
7.248085646322754982e+00
7.813360054687223055e+00
7.537453695264380471e+00
4.661896952343123957e+00
nan
6.991337427286493877e+00
nan
4.263480476942532960e+00
6.445221159308608172e+00
6.878486510606309778e+00
4.263480476942532960e+00
6.991337427286493877e+00
3.923033766255399346e+00
7.267243786709336462e+00
7.537453695264380471e+00
9.095076068869492047e+00
7.267243786709336462e+00
5.625922921453350156e+00
3.923033766255399346e+00
6.447945548854076669e+00
3.714639819419179201e+00
4.661896952343123957e+00
3.990298507065159317e+00
8.083569963242267065e+00
4.661896952343123957e+00
8.905592590642996242e+00
8.356504261342777795e+00
5.770359274147301321e+00
5.901829280876190964e+00
7.537453695264380471e+00
6.139623324518581171e+00
7.267243786709336462e+00
8.902620529320664389e+00
6.139623324518581171e+00
6.447945548854076669e+00
6.172039189431235862e+00
7.248085646322754982e+00
4.536662446819907046e+00
6.172039189431235862e+00
3.923033766255399346e+00
4.263480476942532960e+00
nan
6.509222460235026375e+00
5.355713012898304370e+00
4.533690385497579634e+00
3.923033766255399346e+00
3.444429910864134747e+00
5.352988623352837649e+00
8.356212882781766993e+00
4.809596744920419553e+00
6.718155457409121567e+00
5.031496088059572713e+00
5.901829280876190964e+00
3.714639819419179201e+00
6.878486510606309778e+00
5.901829280876190964e+00
6.172039189431235862e+00
7.617349696694038386e+00
nan
3.168523551441295272e+00
5.770359274147301321e+00
4.263480476942532960e+00
4.533690385497579634e+00
5.400760138430852564e+00
8.632410620765620379e+00
5.899104891330724243e+00
3.184170580167670739e+00
4.809596744920419553e+00
5.352988623352837649e+00
7.248085646322754982e+00
4.809596744920419553e+00
8.356504261342777795e+00
7.986948832410483590e+00
6.994061816831963263e+00
3.987574117519693040e+00
8.356212882781766993e+00
3.990298507065159317e+00
8.356504261342777795e+00
6.509222460235026375e+00
6.994061816831963263e+00
6.991337427286493877e+00
8.356212882781766993e+00
7.540178084809850745e+00
6.445221159308608172e+00
6.139623324518581171e+00
3.171247940986761105e+00
4.533690385497579634e+00
7.248085646322754982e+00
3.444429910864134747e+00
3.714639819419179201e+00
4.661896952343123957e+00
6.175011250753565051e+00
3.714639819419179201e+00
6.509222460235026375e+00
5.355713012898304370e+00
7.264271725387008161e+00
5.770359274147301321e+00
5.355713012898304370e+00
8.629686231220153658e+00
6.139623324518581171e+00
3.444429910864134747e+00
3.441457849541806890e+00
7.248085646322754982e+00
8.086294352787735562e+00
5.079806653475463563e+00
6.509222460235026375e+00
4.809596744920419553e+00
7.264271725387008161e+00
8.356212882781766993e+00
3.444429910864134747e+00
6.445221159308608172e+00
5.031496088059572713e+00
4.263480476942532960e+00
7.537453695264380471e+00
6.878486510606309778e+00
5.901829280876190964e+00
8.356504261342777795e+00
5.400760138430852564e+00
8.650265504315669318e+00
nan
nan
4.653946290971497035e+00
7.910022811027719314e+00
3.819537072645587727e+00
7.508386034907363893e+00
6.115640787671809520e+00
4.238036329733042784e+00
6.366506565499056691e+00
6.115640787671809520e+00
5.075414607299134850e+00
8.079584699196415087e+00
6.115640787671809520e+00
3.819537072645587727e+00
6.937705229788109662e+00
7.012831799349763529e+00
5.912792884865223364e+00
4.653946290971497035e+00
4.769650825481025258e+00
3.819537072645587727e+00
9.221464168604722289e+00
9.256012773218504464e+00
5.912792884865223364e+00
5.224627096090747713e+00
3.872866703150770640e+00
8.424927717563500451e+00
8.079584699196415087e+00
6.564439738184635331e+00
8.424927717563500451e+00
5.795307901210001944e+00
8.807213822705675099e+00
6.750171162431316318e+00
6.937705229788109662e+00
7.910022811027719314e+00
4.656915350211679794e+00
6.937705229788109662e+00
4.769650825481025258e+00
8.006428460476046283e+00
5.795307901210001944e+00
7.012831799349763529e+00
4.238036329733042784e+00
8.079584699196415087e+00
6.564439738184635331e+00
4.656915350211679794e+00
4.653946290971497035e+00
5.667248726506681322e+00
5.494293627777771860e+00
5.224627096090747713e+00
8.358821761540548678e+00
6.331671905343864815e+00
4.653946290971497035e+00
7.012831799349763529e+00
8.006428460476046283e+00
4.653946290971497035e+00
5.667248726506681322e+00
5.912792884865223364e+00
5.224627096090747713e+00
7.012831799349763529e+00
8.006428460476046283e+00
5.795307901210001944e+00
6.564439738184635331e+00
5.912792884865223364e+00
9.221464168604722289e+00
8.358821761540548678e+00
7.169050182909957769e+00
4.653946290971497035e+00
3.872866703150770640e+00
6.750171162431316318e+00
7.508386034907363893e+00
6.115640787671809520e+00
4.238036329733042784e+00
6.366506565499056691e+00
5.667248726506681322e+00
8.424927717563500451e+00
nan
3.424067752637942608e+00
7.587549439997408385e+00
4.653946290971497035e+00
6.564439738184635331e+00
3.400658052166950274e+00
5.224627096090747713e+00
3.872866703150770640e+00
5.075414607299134850e+00
8.079584699196415087e+00
6.115640787671809520e+00
7.587549439997408385e+00
7.508386034907363893e+00
6.564439738184635331e+00
9.262305995129592517e+00
6.937705229788109662e+00
7.461630749862592893e+00
6.750171162431316318e+00
4.653946290971497035e+00
3.872866703150770640e+00
5.912792884865223364e+00
9.221464168604722289e+00
7.910022811027719314e+00
6.331671905343864815e+00
6.937705229788109662e+00
7.012831799349763529e+00
6.331671905343864815e+00
5.795307901210001944e+00
5.667248726506681322e+00
8.843806738042138349e+00
5.795307901210001944e+00
9.256012773218504464e+00
6.750171162431316318e+00
nan
nan
3.400658052166950274e+00
7.508386034907363893e+00
nan
5.912792884865223364e+00
5.224627096090747713e+00
8.807213822705675099e+00
6.331671905343864815e+00
nan
7.461630749862592893e+00
nan
7.076894266648715792e+00
8.354244256378924760e+00
6.150145004356748046e+00
nan
7.568846092981475593e+00
8.034246128880452531e+00
8.472524729258868348e+00
nan
6.464304269715725582e+00
3.587501640630677446e+00
5.214075715506082176e+00
8.034246128880452531e+00
nan
6.783447929584026426e+00
8.034246128880452531e+00
6.378762565850983002e+00
8.354244256378924760e+00
6.150145004356748046e+00
4.983132103240830446e+00
nan
8.348405394239433619e+00
4.983132103240830446e+00
4.428677552108633897e+00
3.324135728842882109e+00
6.378762565850983002e+00
6.783447929584026426e+00
7.720371686064865457e+00
7.774393028461135557e+00
nan
5.207952030823198797e+00
4.285633341428408905e+00
5.214075715506082176e+00
4.580203145192021097e+00
9.170023491071290778e+00
nan
5.522111296182178108e+00
5.680630865053251988e+00
nan
nan
nan
nan
3.638010171658471847e+00
nan
6.783447929584026426e+00
7.406212420705884369e+00
7.076894266648715792e+00
9.138930363417898661e+00
6.778178712531316208e+00
4.285633341428408905e+00
5.214075715506082176e+00
4.580203145192021097e+00
5.680630865053251988e+00
nan
5.207952030823198797e+00
nan
5.998761822545052524e+00
7.406212420705884369e+00
9.170023491071290778e+00
nan
5.836270561541158308e+00
8.472524729258868348e+00
nan
3.638010171658471847e+00
5.680630865053251988e+00
4.428677552108633897e+00
3.324135728842882109e+00
3.587501640630677446e+00
nan
5.836270561541158308e+00
7.076894266648715792e+00
9.138930363417898661e+00
9.290313545229592407e+00
6.378762565850983002e+00
9.138930363417898661e+00
7.092337977890295520e+00
5.680630865053251988e+00
5.214075715506082176e+00
3.638010171658471847e+00
4.983132103240830446e+00
5.998761822545052524e+00
4.580203145192021097e+00
6.378762565850983002e+00
5.214075715506082176e+00
6.150145004356748046e+00
nan
nan
5.207952030823198797e+00
3.587501640630677446e+00
5.998761822545052524e+00
5.207952030823198797e+00
7.076894266648715792e+00
6.783447929584026426e+00
7.092337977890295520e+00
5.680630865053251988e+00
nan
5.522111296182178108e+00
4.983132103240830446e+00
5.998761822545052524e+00
4.894077588007609059e+00
4.983132103240830446e+00
5.998761822545052524e+00
8.348405394239433619e+00
4.983132103240830446e+00
5.214075715506082176e+00
4.580203145192021097e+00
7.774393028461135557e+00
6.783447929584026426e+00
3.952169437017451603e+00
6.378762565850983002e+00
nan
8.662279837055022469e+00
3.587501640630677446e+00
8.354244256378924760e+00
7.092337977890295520e+00
9.170023491071290778e+00
nan
8.034246128880452531e+00
6.378762565850983002e+00
nan
5.207952030823198797e+00
5.192519827563168988e+00
8.900909342498719568e+00
6.517945848720811952e+00
4.621580092859015387e+00
4.904331199569644362e+00
4.633749783349307982e+00
6.905339031675629791e+00
3.476852398016810231e+00
6.727195477264537260e+00
5.192519827563168988e+00
3.476852398016810231e+00
5.471128060915400937e+00
5.763459562267323477e+00
7.188090138386257877e+00
7.145884616047583293e+00
7.190938363820157164e+00
4.333391464865489873e+00
4.215060644566261949e+00
3.194360220891081958e+00
7.759029873090412366e+00
5.889817199698446970e+00
3.765041026010335745e+00
3.762451730161337160e+00
5.261878432371672965e+00
6.619739699531102417e+00
5.760611336833424190e+00
6.308506338481491227e+00
5.763459562267323477e+00
6.046210668977952452e+00
5.680567571154719886e+00
6.334399296971476190e+00
5.760611336833424190e+00
6.727195477264537260e+00
6.334399296971476190e+00
4.618731867425116988e+00
6.308506338481491227e+00
nan
nan
nan
5.478119159707695474e+00
7.473430540945885880e+00
7.774013265069948275e+00
5.478119159707695474e+00
6.617150403682103388e+00
6.517945848720811952e+00
6.905339031675629791e+00
6.046210668977952452e+00
4.633749783349307982e+00
6.049058894411849963e+00
7.473430540945885880e+00
7.355324126286902242e+00
6.905339031675629791e+00
6.046210668977952452e+00
4.633749783349307982e+00
8.903757567932617079e+00
7.188090138386257877e+00
4.633749783349307982e+00
nan
9.186249745058345795e+00
nan
3.765041026010335745e+00
8.615310010354191306e+00
7.983262893613675359e+00
6.049058894411849963e+00
nan
3.168432738456443687e+00
6.619739699531102417e+00
4.047792132720964275e+00
7.774013265069948275e+00
5.192519827563168988e+00
6.331551071537577791e+00
3.587121877239490164e+00
4.907179425003542761e+00
5.760611336833424190e+00
5.889817199698446970e+00
5.192519827563168988e+00
7.188090138386257877e+00
7.355324126286902242e+00
7.761878098524309877e+00
nan
4.633749783349307982e+00
6.049058894411849963e+00
9.186249745058345795e+00
4.633749783349307982e+00
3.479700623450709074e+00
7.759029873090412366e+00
4.633749783349307982e+00
4.907179425003542761e+00
4.904331199569644362e+00
4.633749783349307982e+00
3.765041026010335745e+00
7.188090138386257877e+00
8.611391542636038565e+00
5.763459562267323477e+00
4.333391464865489873e+00
6.727195477264537260e+00
4.621580092859015387e+00
4.333391464865489873e+00
8.401952032396721393e+00
7.761878098524309877e+00
6.331551071537577791e+00
8.401952032396721393e+00
9.189097970492243306e+00
6.331551071537577791e+00
8.401952032396721393e+00
4.050640358154861786e+00
7.759029873090412366e+00
6.727195477264537260e+00
6.049058894411849963e+00
nan
4.424500154805582675e+00
4.050640358154861786e+00
6.617150403682103388e+00
4.215060644566261949e+00
3.194360220891081958e+00
6.331551071537577791e+00
7.564573754830629326e+00
3.479700623450709074e+00
nan
5.261878432371672965e+00
7.984076672309075917e+00
nan
5.015411991491676602e+00
6.189423389388030827e+00
7.048095542817076620e+00
6.847058297607757638e+00
4.395312625597253664e+00
3.209953535892827947e+00
7.370419721086564735e+00
4.993439966715889966e+00
3.559019386291694342e+00
7.108857685406904992e+00
6.189423389388030827e+00
6.001214461113133503e+00
5.538773414970484588e+00
4.096113325255368309e+00
7.745910774122153342e+00
7.108857685406904992e+00
3.497985984136731119e+00
6.001214461113133503e+00
8.155580532364520963e+00
7.086750030848552484e+00
4.605583998502980947e+00
6.062134838449292573e+00
4.395312625597253664e+00
4.605583998502980947e+00
7.893781144565370056e+00
6.488622689729916182e+00
6.001214461113133503e+00
5.015411991491676602e+00
4.096113325255368309e+00
4.605583998502980947e+00
5.015411991491676602e+00
7.086750030848552484e+00
6.699029692418211113e+00
5.538773414970484588e+00
4.096113325255368309e+00
7.396844923723287835e+00
5.538773414970484588e+00
7.984076672309075917e+00
8.792475386333439502e+00
5.538773414970484588e+00
7.385949331190436951e+00
7.048095542817076620e+00
6.323696874128948764e+00
nan
4.605583998502980947e+00
8.417142568044177153e+00
7.684877371967189674e+00
8.094660155028362780e+00
7.632219108885713865e+00
7.684877371967189674e+00
8.443726005427230064e+00
7.893781144565370056e+00
4.993439966715889966e+00
8.792475386333439502e+00
6.585496261928097894e+00
6.189423389388030827e+00
8.094660155028362780e+00
8.940503991522986027e+00
3.497985984136731119e+00
4.256834617596769732e+00
5.276974027171333681e+00
6.189423389388030827e+00
4.256834617596769732e+00
3.183528333256105292e+00
7.086750030848552484e+00
6.349963842019343829e+00
5.015411991491676602e+00
6.488622689729916182e+00
4.605583998502980947e+00
3.183528333256105292e+00
8.881132054204464055e+00
6.699029692418211113e+00
7.108857685406904992e+00
7.984076672309075917e+00
7.745910774122153342e+00
6.585496261928097894e+00
5.591567307834527156e+00
4.605583998502980947e+00
4.230251180213720374e+00
3.797185284478616474e+00
6.699029692418211113e+00
8.417142568044177153e+00
7.385949331190436951e+00
7.048095542817076620e+00
6.062134838449292573e+00
3.497985984136731119e+00
6.001214461113133503e+00
8.155580532364520963e+00
5.890495348611278992e+00
4.605583998502980947e+00
8.155580532364520963e+00
4.096113325255368309e+00
3.907768767197905113e+00
6.847058297607757638e+00
7.684877371967189674e+00
6.349963842019343829e+00
8.678941955843328060e+00
5.890495348611278992e+00
3.559019386291694342e+00
5.800335450650141667e+00
4.993439966715889966e+00
5.303399229808057669e+00
8.155580532364520963e+00
4.694240666374005500e+00
7.048095542817076620e+00
8.155580532364520963e+00
8.283004713085826864e+00
4.954649848901847342e+00
4.230251180213720374e+00
6.488622689729916182e+00
6.349963842019343829e+00
5.800335450650141667e+00
4.993439966715889966e+00
3.907768767197905113e+00
3.445327721055256198e+00
7.086750030848552484e+00
7.396844923723287835e+00
6.847058297607757638e+00
nan
5.309491267541674553e+00
7.100648094450375147e+00
5.916765794188405536e+00
6.094889430939120167e+00
9.317237652713561857e+00
5.916765794188405536e+00
5.309491267541674553e+00
8.578374466625833250e+00
4.950560089304453903e+00
6.094889430939120167e+00
6.731384044079094409e+00
5.433882036010576400e+00
7.664973701375544124e+00
7.470247230166823016e+00
6.400087740894528920e+00
6.879575537978094957e+00
6.361784908362646540e+00
8.332499150662432186e+00
8.449659808414518025e+00
9.317237652713561857e+00
3.501470626242672246e+00
6.094889430939120167e+00
7.470247230166823016e+00
4.950560089304453903e+00
5.309491267541674553e+00
5.622921722274919709e+00
5.916765794188405536e+00
nan
5.253657671903637194e+00
5.433882036010576400e+00
9.235057971811967192e+00
5.992520857991365801e+00
8.332499150662432186e+00
nan
4.145195350099463383e+00
6.882971499072358945e+00
nan
8.209110416254549847e+00
5.916765794188405536e+00
4.524805160502699763e+00
7.839511280538104643e+00
6.400087740894528920e+00
7.664973701375544124e+00
6.731384044079094409e+00
4.950560089304453903e+00
3.739406997105251040e+00
4.145195350099463383e+00
5.916765794188405536e+00
5.309491267541674553e+00
8.578374466625833250e+00
5.916765794188405536e+00
4.524805160502699763e+00
7.470247230166823016e+00
nan
nan
7.470247230166823016e+00
4.467238142598332296e+00
6.879575537978094957e+00
7.470247230166823016e+00
6.882971499072358945e+00
8.449659808414518025e+00
7.100648094450375147e+00
3.984354384420502271e+00
6.094889430939120167e+00
7.100648094450375147e+00
nan
4.524805160502699763e+00
6.361784908362646540e+00
nan
nan
5.253657671903637194e+00
7.849177203956310578e+00
6.879575537978094957e+00
7.839511280538104643e+00
7.849177203956310578e+00
5.309491267541674553e+00
7.839511280538104643e+00
6.882971499072358945e+00
nan
3.775596214383017291e+00
6.882971499072358945e+00
nan
4.145195350099463383e+00
4.950560089304453903e+00
4.524805160502699763e+00
8.578374466625833250e+00
9.298266667018092235e+00
nan
3.406332164011734775e+00
6.400087740894528920e+00
nan
9.317237652713561857e+00
7.366293445778479665e+00
6.094889430939120167e+00
4.884058536187191990e+00
nan
6.094889430939120167e+00
7.470247230166823016e+00
6.882971499072358945e+00
nan
3.775596214383017291e+00
7.366293445778479665e+00
5.309491267541674553e+00
5.992520857991365801e+00
7.849177203956310578e+00
7.664973701375544124e+00
5.992520857991365801e+00
8.332499150662432186e+00
nan
5.622921722274919709e+00
3.501470626242672246e+00
5.309491267541674553e+00
8.947973602342278454e+00
6.882971499072358945e+00
5.309491267541674553e+00
4.145195350099463383e+00
7.366293445778479665e+00
8.449659808414518025e+00
6.731384044079094409e+00
4.437971761419248651e+00
7.898087390161858679e+00
5.203078400636307776e+00
nan
nan
nan
8.735194408162819002e+00
7.299960049043225041e+00
6.249959482340249117e+00
8.735194408162819002e+00
7.598888089819975988e+00
7.296524094551534390e+00
5.429753838822983347e+00
4.010124043108152847e+00
6.947774713645325839e+00
6.090841952690950301e+00
6.701832707924586963e+00
7.994339325856612888e+00
5.760147989155182557e+00
7.299960049043225041e+00
5.203078400636307776e+00
7.412718367223316562e+00
6.103705366805949772e+00
5.203078400636307776e+00
6.751930066558918142e+00
6.402633407582699832e+00
6.598708863246457668e+00
nan
7.299960049043225041e+00
nan
7.082324216891116464e+00
6.402633407582699832e+00
6.249959482340249117e+00
nan
3.113068661212765154e+00
3.807447938026153444e+00
5.099059875287215604e+00
6.701832707924586963e+00
8.692154557161689610e+00
6.751930066558918142e+00
7.000760748701337910e+00
7.296524094551534390e+00
8.074106294294852049e+00
9.393270113175885783e+00
7.296524094551534390e+00
9.065588558495017324e+00
nan
4.156513788425020728e+00
6.751930066558918142e+00
7.898087390161858679e+00
5.552144251035171507e+00
4.437971761419248651e+00
6.701832707924586963e+00
9.389969788466766332e+00
3.115795533683314300e+00
8.795142772057250369e+00
8.692154557161689610e+00
7.082324216891116464e+00
5.206378725345428116e+00
8.343405176255476619e+00
5.099059875287215604e+00
7.000760748701337910e+00
9.389969788466766332e+00
8.074106294294852049e+00
6.701832707924586963e+00
5.203078400636307776e+00
4.768665724955016394e+00
3.711196002331402344e+00
7.296524094551534390e+00
6.090841952690950301e+00
4.309052083884905571e+00
6.598708863246457668e+00
8.404500444627052147e+00
nan
6.249959482340249117e+00
9.065588558495017324e+00
6.402633407582699832e+00
8.343405176255476619e+00
nan
7.898087390161858679e+00
nan
7.082324216891116464e+00
7.598888089819975988e+00
4.854329019730094785e+00
6.090841952690950301e+00
3.113068661212765154e+00
6.947774713645325839e+00
5.760147989155182557e+00
6.402633407582699832e+00
7.296524094551534390e+00
7.743412330759083417e+00
8.197015430938613179e+00
9.389969788466766332e+00
6.421236103023149511e+00
5.206378725345428116e+00
9.389969788466766332e+00
3.776883647551281253e+00
9.393270113175885783e+00
7.645589944950403449e+00
8.404500444627052147e+00
7.898087390161858679e+00
8.343405176255476619e+00
4.107277797883480908e+00
3.113068661212765154e+00
6.598708863246457668e+00
4.768665724955016394e+00
4.907450684568676280e+00
4.854329019730094785e+00
4.437971761419248651e+00
8.496214731280495869e+00
7.645589944950403449e+00
6.751930066558918142e+00
8.496214731280495869e+00
6.598708863246457668e+00
6.421236103023149511e+00
5.804506066464064418e+00
4.854329019730094785e+00
7.082324216891116464e+00
6.402633407582699832e+00
5.552144251035171507e+00
5.373971926670203736e+00
4.929965228474728178e+00
5.345806141823876700e+00
7.816167001491642452e+00
nan
5.345806141823876700e+00
9.211797464101795896e+00
nan
8.037514806640308151e+00
6.071787157975279570e+00
4.929965228474728178e+00
8.635642147758945342e+00
4.675840225872471834e+00
3.883242381517112651e+00
8.635642147758945342e+00
nan
nan
nan
4.675840225872471834e+00
4.929965228474728178e+00
5.345806141823876700e+00
6.769602389280356292e+00
nan
3.850623418809851373e+00
7.816167001491642452e+00
nan
4.448750759928488563e+00
nan
3.360118310157796273e+00
8.635642147758945342e+00
4.675840225872471834e+00
nan
4.448750759928488563e+00
8.513982232796719174e+00
nan
8.336442847417062652e+00
nan
7.023410922389958344e+00
nan
5.722721307576414063e+00
6.499812146791658307e+00
6.542060824061149304e+00
nan
3.883242381517112651e+00
5.943933482942514779e+00
7.467417620585433014e+00
8.593732544945872576e+00
7.140188165179786495e+00
6.420536538881490785e+00
4.929965228474728178e+00
7.140188165179786495e+00
nan
3.360118310157796273e+00
5.345806141823876700e+00
8.863048083195586457e+00
9.116856616305188510e+00
8.037514806640308151e+00
3.629275613661184785e+00
5.976688075432342373e+00
4.448750759928488563e+00
5.024906076271337341e+00
4.406841157115412244e+00
9.233769488877582532e+00
6.071787157975279570e+00
7.023410922389958344e+00
6.542060824061149304e+00
7.467417620585433014e+00
7.023410922389958344e+00
5.645005442165761167e+00
6.071787157975279570e+00
nan
5.345806141823876700e+00
5.024906076271337341e+00
nan
3.252496077691214182e+00
5.722721307576414063e+00
3.883242381517112651e+00
3.850623418809851373e+00
nan
5.453564004073028215e+00
7.738315506298423685e+00
6.769602389280356292e+00
7.023410922389958344e+00
5.943933482942514779e+00
4.675840225872471834e+00
7.023410922389958344e+00
8.037514806640308151e+00
5.373971926670203736e+00
7.023410922389958344e+00
7.439387465521674514e+00
5.373971926670203736e+00
nan
nan
8.513982232796719174e+00
nan
4.747678800705239510e+00
6.071787157975279570e+00
6.499812146791658307e+00
6.243132783284398357e+00
6.071787157975279570e+00
8.070133769347574315e+00
7.738315506298423685e+00
7.467417620585433014e+00
nan
8.336442847417062652e+00
5.722721307576414063e+00
8.070133769347574315e+00
8.037514806640308151e+00
4.675840225872471834e+00
6.499812146791658307e+00
4.448750759928488563e+00
4.327090844966260619e+00
5.976688075432342373e+00
7.140188165179786495e+00
4.327090844966260619e+00
nan
3.252496077691214182e+00
nan
3.360118310157796273e+00
6.841260124403036436e+00
6.857739142984874192e+00
nan
5.360521973232351023e+00
6.072578331706917965e+00
3.854889591970580565e+00
5.360521973232351023e+00
7.381100566463683066e+00
4.996769061378886434e+00
4.837397901873036865e+00
9.212746872579760549e+00
nan
nan
5.025855484749303770e+00
nan
3.267076279317119081e+00
3.455771214312882034e+00
6.709847195076248383e+00
5.360521973232351023e+00
6.857739142984874192e+00
7.851726664484553808e+00
nan
3.979132637791689131e+00
4.426088256259634868e+00
6.930843595788264366e+00
6.334377719506067983e+00
6.709847195076248383e+00
nan
5.025855484749303770e+00
7.280528000195502614e+00
nan
9.212746872579760549e+00
8.422407469603808039e+00
7.453967667147582077e+00
3.717570602112031164e+00
7.280528000195502614e+00
5.884120748830648395e+00
5.025855484749303770e+00
5.567449866498140665e+00
nan
6.595939755185725950e+00
4.996769061378886434e+00
6.407244820189966994e+00
9.212746872579760549e+00
8.422407469603808039e+00
6.930843595788264366e+00
7.119301178664532159e+00
6.138648530787193636e+00
7.453967667147582077e+00
nan
nan
nan
5.287417520428961737e+00
5.567449866498140665e+00
4.837397901873036865e+00
6.072578331706917965e+00
4.426088256259634868e+00
6.407244820189966994e+00
5.287417520428961737e+00
8.422407469603808039e+00
nan
8.166024025622146354e+00
5.567449866498140665e+00
4.837397901873036865e+00
5.025855484749303770e+00
6.709847195076248383e+00
6.930843595788264366e+00
6.595939755185725950e+00
8.993606133892861010e+00
6.930843595788264366e+00
8.166024025622146354e+00
6.709847195076248383e+00
5.884120748830648395e+00
8.427823413421297261e+00
8.993606133892861010e+00
nan
nan
nan
5.884120748830648395e+00
7.381100566463683066e+00
4.426088256259634868e+00
9.024289289703496308e+00
5.811016296027259997e+00
6.138648530787193636e+00
3.267076279317119081e+00
3.979132637791689131e+00
nan
4.837397901873036865e+00
4.502494061270496672e+00
nan
3.790675054915420894e+00
4.764293449069645803e+00
6.709847195076248383e+00
6.930843595788264366e+00
4.240932025590838705e+00
6.138648530787193636e+00
6.407244820189966994e+00
3.979132637791689131e+00
4.996769061378886434e+00
7.977566442745880337e+00
7.119301178664532159e+00
nan
3.267076279317119081e+00
3.979132637791689131e+00
nan
6.930843595788264366e+00
6.334377719506067983e+00
3.854889591970580565e+00
4.837397901873036865e+00
3.979132637791689131e+00
nan
7.977566442745880337e+00
8.427823413421297261e+00
5.567449866498140665e+00
3.790675054915420894e+00
8.166024025622146354e+00
6.138648530787193636e+00
5.360521973232351023e+00
5.287417520428961737e+00
5.567449866498140665e+00
nan
7.734517872386559745e+00
nan
nan
4.594349331513715384e+00
5.330852958295911215e+00
6.683047983039114293e+00
5.117473402873031318e+00
5.330852958295911215e+00
6.159449207440815144e+00
8.780766015105189837e+00
7.685623335771307296e+00
9.299617748313659504e+00
5.117473402873031318e+00
7.685623335771307296e+00
9.299617748313659504e+00
5.117473402873031318e+00
8.471021499168756463e+00
6.683047983039114293e+00
6.687795025428944662e+00
5.330852958295911215e+00
4.589602289123885903e+00
3.547151780317117975e+00
7.685623335771307296e+00
6.683047983039114293e+00
3.547151780317117975e+00
4.545454794898462048e+00
3.542404737927286718e+00
nan
7.685623335771307296e+00
nan
7.734517872386559745e+00
5.330852958295911215e+00
4.066003513525586754e+00
7.734517872386559745e+00
7.685623335771307296e+00
7.206172054398431115e+00
8.780766015105189837e+00
8.471021499168756463e+00
6.159449207440815144e+00
9.304364790703489874e+00
9.255707606207726812e+00
7.729770829996729375e+00
5.641072178471330467e+00
5.330852958295911215e+00
5.636325136081499210e+00
5.117473402873031318e+00
3.760768687859489479e+00
4.066003513525586754e+00
7.734517872386559745e+00
nan
4.589602289123885903e+00
6.164196249830645513e+00
5.330852958295911215e+00
5.636325136081499210e+00
5.641072178471330467e+00
3.760768687859489479e+00
3.542404737927286718e+00
nan
3.760768687859489479e+00
6.159449207440815144e+00
6.687795025428944662e+00
7.685623335771307296e+00
4.589602289123885903e+00
8.780766015105189837e+00
9.255707606207726812e+00
7.729770829996729375e+00
9.304364790703489874e+00
nan
7.206172054398431115e+00
nan
4.545454794898462048e+00
9.299617748313659504e+00
8.257641943745875679e+00
nan
5.636325136081499210e+00
8.257641943745875679e+00
nan
nan
7.210919096788261484e+00
6.900937228732333395e+00
6.159449207440815144e+00
5.117473402873031318e+00
6.900937228732333395e+00
7.729770829996729375e+00
6.687795025428944662e+00
5.330852958295911215e+00
5.112726360483201837e+00
7.734517872386559745e+00
6.900937228732333395e+00
6.159449207440815144e+00
6.164196249830645513e+00
nan
9.299617748313659504e+00
6.687795025428944662e+00
4.545454794898462048e+00
3.542404737927286718e+00
8.257641943745875679e+00
nan
8.776018972715359467e+00
6.687795025428944662e+00
6.900937228732333395e+00
6.683047983039114293e+00
3.547151780317117975e+00
4.545454794898462048e+00
6.683047983039114293e+00
nan
nan
nan
4.070750555915416236e+00
4.545454794898462048e+00
5.636325136081499210e+00
6.164196249830645513e+00
6.900937228732333395e+00
7.206172054398431115e+00
6.687795025428944662e+00
6.115539065334886004e+00
5.636325136081499210e+00
6.687795025428944662e+00
4.545454794898462048e+00
7.206172054398431115e+00
nan
3.673897812125590967e+00
8.887218440697138178e+00
7.153005179632328847e+00
6.028668189600987048e+00
7.316778142081480141e+00
4.012836638759485375e+00
9.168836730473829633e+00
6.924435088561992302e+00
7.676603955230627108e+00
6.814066352998435327e+00
7.709477223780204724e+00
6.629881108273012913e+00
6.814066352998435327e+00
5.747049899824295593e+00
6.106282332674714652e+00
nan
6.532092035042507128e+00
5.583158261315398718e+00
6.028668189600987048e+00
6.139392953343782544e+00
5.059559485717100458e+00
6.028668189600987048e+00
5.747049899824295593e+00
5.583158261315398718e+00
4.458583919164563980e+00
7.709477223780204724e+00
8.199728026589943042e+00
9.168836730473829633e+00
6.532092035042507128e+00
6.106282332674714652e+00
nan
5.747049899824295593e+00
5.583158261315398718e+00
5.243982082562013147e+00
4.962007764606084059e+00
6.629881108273012913e+00
5.243982082562013147e+00
7.709477223780204724e+00
4.012836638759485375e+00
6.814066352998435327e+00
6.139392953343782544e+00
4.536435414357783635e+00
nan
3.391567465990424690e+00
6.106282332674714652e+00
5.243982082562013147e+00
8.494519358998415370e+00
6.629881108273012913e+00
5.243982082562013147e+00
4.569308682907361252e+00
7.153005179632328847e+00
8.384150623434859284e+00
6.532092035042507128e+00
8.199728026589943042e+00
6.814066352998435327e+00
9.279561494216626016e+00
9.246450873547557237e+00
9.168836730473829633e+00
9.279561494216626016e+00
5.583158261315398718e+00
7.598752460037410117e+00
7.709477223780204724e+00
5.059559485717100458e+00
9.168836730473829633e+00
9.279561494216626016e+00
8.722852097949258976e+00
9.168836730473829633e+00
6.532092035042507128e+00
5.583158261315398718e+00
nan
8.102176305478929308e+00
7.676603955230627108e+00
9.168836730473829633e+00
7.316778142081480141e+00
nan
3.673897812125590967e+00
5.747049899824295593e+00
4.012836638759485375e+00
8.384150623434859284e+00
6.139392953343782544e+00
8.722852097949258976e+00
7.598752460037410117e+00
8.102176305478929308e+00
5.059559485717100458e+00
6.028668189600987048e+00
5.747049899824295593e+00
6.106282332674714652e+00
7.598752460037410117e+00
6.924435088561992302e+00
6.106282332674714652e+00
5.243982082562013147e+00
8.102176305478929308e+00
6.629881108273012913e+00
5.243982082562013147e+00
7.709477223780204724e+00
8.199728026589943042e+00
nan
8.887218440697138178e+00
3.489237863161186670e+00
6.814066352998435327e+00
8.494519358998415370e+00
6.106282332674714652e+00
5.243982082562013147e+00
4.176965629387874301e+00
7.153005179632328847e+00
nan
4.176965629387874301e+00
5.583158261315398718e+00
5.243982082562013147e+00
4.962007764606084059e+00
5.583158261315398718e+00
5.243982082562013147e+00
4.962007764606084059e+00
9.246450873547557237e+00
nan
3.391567465990424690e+00
4.536435414357783635e+00
6.028668189600987048e+00
8.887218440697138178e+00
nan
5.974551906356920128e+00
nan
5.192714024751843738e+00
nan
4.585736840320739915e+00
7.547484402227238931e+00
nan
4.585736840320739915e+00
6.762086238829791540e+00
nan
nan
3.622629754315422446e+00
5.189865799317945338e+00
6.380118863676648822e+00
5.977400131790817639e+00
5.974551906356920128e+00
5.483334741346392427e+00
6.762086238829791540e+00
5.974551906356920128e+00
6.380118863676648822e+00
5.977400131790817639e+00
5.974551906356920128e+00
7.277716764702304886e+00
nan
3.619781528881523602e+00
8.174500887032561280e+00
nan
7.544636176793339644e+00
nan
4.407315861354396347e+00
nan
nan
7.547484402227238931e+00
8.329322283832315321e+00
nan
9.117568672663660223e+00
nan
3.688952717990483521e+00
5.192714024751843738e+00
5.189865799317945338e+00
5.483334741346392427e+00
nan
3.619781528881523602e+00
7.277716764702304886e+00
nan
nan
nan
5.977400131790817639e+00
7.544636176793339644e+00
nan
8.332882565624688098e+00
nan
6.380118863676648822e+00
7.547484402227238931e+00
9.114720447229764488e+00
nan
nan
4.404467635920497948e+00
nan
4.407315861354396347e+00
4.404467635920497948e+00
4.585736840320739915e+00
nan
nan
nan
5.192714024751843738e+00
6.759950069754369295e+00
8.174500887032561280e+00
8.332882565624688098e+00
9.114720447229764488e+00
nan
nan
5.189865799317945338e+00
nan
4.407315861354396347e+00
5.189865799317945338e+00
7.277716764702304886e+00
5.192714024751843738e+00
4.404467635920497948e+00
3.688952717990483521e+00
5.977400131790817639e+00
5.189865799317945338e+00
4.585736840320739915e+00
9.117568672663660223e+00
nan
5.483334741346392427e+00
nan
nan
nan
nan
6.759950069754369295e+00
nan
3.622629754315422446e+00
7.544636176793339644e+00
6.380118863676648822e+00
5.977400131790817639e+00
5.189865799317945338e+00
4.585736840320739915e+00
9.117568672663660223e+00
nan
3.688952717990483521e+00
5.977400131790817639e+00
7.544636176793339644e+00
9.072098788058218233e+00
4.407315861354396347e+00
8.329322283832315321e+00
7.277716764702304886e+00
4.407315861354396347e+00
5.974551906356920128e+00
9.072098788058218233e+00
5.192714024751843738e+00
5.189865799317945338e+00
5.483334741346392427e+00
5.977400131790817639e+00
6.759950069754369295e+00
9.072098788058218233e+00
3.622629754315422446e+00
9.114720447229764488e+00
nan
8.444268524557495326e+00
7.490113004201575109e+00
9.332883560753161944e+00
7.995876463392368905e+00
nan
8.849999802575334584e+00
6.201494440036457334e+00
7.490113004201575109e+00
7.883794097691382063e+00
3.958313466167718175e+00
5.695730980845661762e+00
8.366677855869209424e+00
7.995876463392368905e+00
nan
5.468060741217356302e+00
7.547077512879539540e+00
8.386897126531831503e+00
4.985176983039526277e+00
9.341459536235451111e+00
nan
5.468060741217356302e+00
5.752695489523628858e+00
3.901348957489753300e+00
9.332883560753161944e+00
5.304303428358501549e+00
4.798133079820010138e+00
5.468060741217356302e+00
nan
nan
3.535649331449450816e+00
3.958313466167718175e+00
9.284495027557488456e+00
7.400472150985256903e+00
5.304303428358501549e+00
6.592515103175918156e+00
4.985176983039526277e+00
7.547077512879539540e+00
7.490113004201575109e+00
6.434266446101306158e+00
5.752695489523628858e+00
5.695730980845661762e+00
6.434266446101306158e+00
6.649886501201585531e+00
nan
6.434266446101306158e+00
7.098685451714412231e+00
5.695730980845661762e+00
7.883794097691382063e+00
6.649886501201585531e+00
nan
3.535649331449450816e+00
3.958313466167718175e+00
5.695730980845661762e+00
4.985176983039526277e+00
7.547077512879539540e+00
nan
4.501855036333403781e+00
8.444268524557495326e+00
nan
6.434266446101306158e+00
nan
nan
nan
6.649886501201585531e+00
5.695730980845661762e+00
4.985176983039526277e+00
7.547077512879539540e+00
7.490113004201575109e+00
6.434266446101306158e+00
7.995876463392368905e+00
7.490113004201575109e+00
9.332883560753161944e+00
6.201494440036457334e+00
nan
6.917588392807429543e+00
6.649886501201585531e+00
5.695730980845661762e+00
5.468060741217356302e+00
4.855504477845673961e+00
9.284495027557488456e+00
nan
6.649886501201585531e+00
4.798133079820010138e+00
8.849999802575334584e+00
5.304303428358501549e+00
nan
7.400472150985256903e+00
5.752695489523628858e+00
6.592515103175918156e+00
7.400472150985256903e+00
6.201494440036457334e+00
5.695730980845661762e+00
5.951382687923477022e+00
8.892660585722623523e+00
nan
7.400472150985256903e+00
6.649886501201585531e+00
7.490113004201575109e+00
6.917588392807429543e+00
4.855504477845673961e+00
3.901348957489753300e+00
4.985176983039526277e+00
7.547077512879539540e+00
9.284495027557488456e+00
8.366677855869209424e+00
3.958313466167718175e+00
5.695730980845661762e+00
8.849999802575334584e+00
9.341459536235451111e+00
nan
5.468060741217356302e+00
6.649886501201585531e+00
nan
4.985176983039526277e+00
6.649886501201585531e+00
3.901348957489753300e+00
4.018533089627281285e+00
nan
4.798133079820010138e+00
nan
