7.849909221575902762e+00
7.772191953098547046e+00
3.873066274939615194e+00
3.951768963940657908e+00
5.260057120400265518e+00
5.966701850550432340e+00
5.684275745111874834e+00
8.714100104088700505e+00
6.804080128116520854e+00
8.066374354552177550e+00
7.772191953098547046e+00
5.547822830071790889e+00
9.149289307454324671e+00
7.144158244923968226e+00
5.966701850550432340e+00
6.550332706357218093e+00
5.260057120400265518e+00
5.966701850550432340e+00
7.633247659259373208e+00
6.201965271390418977e+00
5.966701850550432340e+00
5.684275745111874834e+00
4.632023412225697356e+00
5.547822830071790889e+00
7.849909221575902762e+00
6.201965271390418977e+00
5.966701850550432340e+00
4.384699229893189276e+00
7.458032687739564182e+00
5.966701850550432340e+00
6.983655830990294966e+00
7.144158244923968226e+00
nan
3.951768963940657908e+00
6.201965271390418977e+00
5.966701850550432340e+00
4.384699229893189276e+00
7.144158244923968226e+00
7.641458405682607591e+00
8.715966182821246022e+00
6.829998979564997796e+00
5.547822830071790889e+00
8.715966182821246022e+00
4.945897855041283542e+00
4.710444552505703264e+00
6.117402440404687169e+00
4.632023412225697356e+00
4.710444552505703264e+00
9.149289307454324671e+00
8.086066395914132343e+00
8.897335940336157378e+00
7.849909221575902762e+00
7.772191953098547046e+00
nan
6.550332706357218093e+00
4.945897855041283542e+00
4.710444552505703264e+00
3.735107401624119028e+00
4.003989704051119425e+00
8.478836683248696104e+00
6.550332706357218093e+00
5.260057120400265518e+00
6.385201107637879403e+00
6.333867573380952187e+00
4.317864146866716268e+00
3.454567017852153477e+00
3.518642268647846016e+00
7.144158244923968226e+00
5.966701850550432340e+00
4.601360792209727713e+00
7.144158244923968226e+00
7.641458405682607591e+00
8.283035916868715987e+00
6.516124536749400065e+00
5.547822830071790889e+00
4.168234096916923370e+00
4.003989704051119425e+00
7.222579385203967917e+00
5.034487487502532055e+00
7.772191953098547046e+00
5.966701850550432340e+00
6.117402440404687169e+00
5.260057120400265518e+00
7.222579385203967917e+00
6.550332706357218093e+00
5.573931563215850815e+00
7.222579385203967917e+00
5.467614182795344391e+00
7.772191953098547046e+00
5.547822830071790889e+00
7.633247659259373208e+00
4.945897855041283542e+00
8.897335940336157378e+00
8.932627745137786235e+00
7.772191953098547046e+00
8.478836683248696104e+00
8.932627745137786235e+00
6.516124536749400065e+00
4.291945295418241102e+00
7.849909221575902762e+00
nan
nan
8.066374354552177550e+00
nan
7.222579385203967917e+00
8.283035916868715987e+00
7.458032687739564182e+00
8.478836683248696104e+00
4.818022354526266149e+00
6.201965271390418977e+00
5.547822830071790889e+00
8.715966182821246022e+00
nan
8.478836683248696104e+00
6.766994268673756530e+00
5.573931563215850815e+00
5.966701850550432340e+00
3.301980706331315130e+00
3.689830438692148551e+00
8.478836683248696104e+00
3.457325299324985224e+00
4.087924716645478185e+00
5.406792516163003270e+00
7.093459832200590398e+00
5.537014179707250072e+00
7.975891857539251006e+00
4.448807563525145170e+00
5.537014179707250072e+00
6.548671985571315801e+00
4.779501527060914690e+00
6.503658073119499505e+00
7.690551454979617674e+00
8.084942096400750344e+00
nan
4.550253449314324072e+00
5.440589640928879867e+00
6.020336126413374345e+00
6.263072653426787539e+00
7.093459832200590398e+00
6.986541831297323313e+00
5.977732250867164865e+00
6.101677754796856590e+00
9.402275187771360621e+00
7.404952122835089412e+00
5.771283604464649386e+00
4.571246663351602457e+00
4.264913046754701398e+00
6.432371718332614563e+00
5.537014179707250072e+00
8.546831592243401943e+00
4.779501527060914690e+00
3.605040958467636614e+00
7.975891857539251006e+00
7.093459832200590398e+00
nan
3.693714382465645318e+00
7.093459832200590398e+00
5.054130421529426265e+00
7.404952122835089412e+00
5.771283604464649386e+00
4.087924716645478185e+00
6.834012388130938476e+00
6.101677754796856590e+00
5.054130421529426265e+00
8.261491189683768610e+00
6.432371718332614563e+00
7.469863778003446697e+00
7.404952122835089412e+00
7.093459832200590398e+00
6.503658073119499505e+00
5.121193184018485667e+00
4.779501527060914690e+00
6.020336126413374345e+00
3.979313714610173136e+00
nan
5.537014179707250072e+00
7.690551454979617674e+00
4.779501527060914690e+00
6.503658073119499505e+00
4.550253449314324072e+00
9.407118324136691356e+00
9.402275187771360621e+00
7.119611720275466737e+00
6.762765868664820879e+00
6.020336126413374345e+00
8.832430924387930204e+00
9.407118324136691356e+00
nan
7.690551454979617674e+00
7.423853982532785167e+00
6.503658073119499505e+00
9.403370659092081141e+00
8.084942096400750344e+00
9.402275187771360621e+00
7.975891857539251006e+00
8.084942096400750344e+00
7.469863778003446697e+00
5.977732250867164865e+00
4.118413413192950401e+00
8.918953241065237236e+00
6.834012388130938476e+00
4.118413413192950401e+00
3.605040958467636614e+00
9.403370659092081141e+00
6.432371718332614563e+00
nan
6.548671985571315801e+00
4.448807563525145170e+00
8.918953241065237236e+00
5.692132918722636603e+00
4.779501527060914690e+00
nan
7.690551454979617674e+00
6.762765868664820879e+00
6.503658073119499505e+00
5.977732250867164865e+00
8.084942096400750344e+00
7.952747536181288268e+00
6.263072653426787539e+00
6.432371718332614563e+00
nan
5.692132918722636603e+00
5.440589640928879867e+00
6.986541831297323313e+00
7.404952122835089412e+00
4.779501527060914690e+00
6.503658073119499505e+00
7.690551454979617674e+00
3.457325299324985224e+00
7.469863778003446697e+00
3.979313714610173136e+00
8.746030210268715521e+00
8.436069482887395665e+00
9.403370659092081141e+00
6.432371718332614563e+00
6.986541831297323313e+00
6.548671985571315801e+00
nan
8.436069482887395665e+00
nan
6.378238778799470765e+00
8.344970087855482888e+00
7.713803331703626753e+00
nan
3.320700422458938039e+00
nan
7.425119860503412994e+00
8.972718973486653482e+00
nan
9.169499704019766995e+00
nan
4.573919613374163085e+00
6.378238778799470765e+00
7.088333026419561200e+00
nan
nan
3.320700422458938039e+00
nan
6.378238778799470765e+00
8.972718973486653482e+00
nan
nan
3.948449308090130394e+00
nan
7.076054010104545711e+00
3.320700422458938039e+00
7.085484800985664577e+00
8.471684472714693825e+00
nan
5.201668499005357660e+00
6.378238778799470765e+00
nan
4.573919613374163085e+00
6.029489397893252445e+00
4.576767838808068589e+00
6.457735915354492207e+00
4.633542465790442932e+00
5.832835255157221788e+00
5.829987029723319836e+00
6.378238778799470765e+00
5.204516724439260500e+00
6.457735915354492207e+00
6.029489397893252445e+00
3.320700422458938039e+00
3.317852197025027650e+00
4.633542465790442932e+00
3.948449308090130394e+00
6.457735915354492207e+00
7.076054010104545711e+00
6.460584140788391494e+00
7.713803331703626753e+00
9.169499704019766995e+00
nan
7.713803331703626753e+00
7.425119860503412994e+00
nan
3.317852197025027650e+00
9.169499704019766995e+00
nan
5.829987029723319836e+00
6.029489397893252445e+00
8.972718973486653482e+00
nan
5.680423547494385161e+00
5.832835255157221788e+00
8.342121862421590706e+00
6.727304629198326502e+00
5.832835255157221788e+00
7.085484800985664577e+00
4.982608316189310216e+00
5.204516724439260500e+00
8.969870748052763076e+00
3.936043703978030273e+00
5.204516724439260500e+00
5.201668499005357660e+00
5.680423547494385161e+00
nan
3.317852197025027650e+00
8.122618622315824766e+00
7.088333026419561200e+00
6.457735915354492207e+00
7.076054010104545711e+00
5.204516724439260500e+00
5.201668499005357660e+00
5.331674166588178387e+00
5.832835255157221788e+00
nan
7.425119860503412994e+00
6.460584140788391494e+00
7.085484800985664577e+00
7.425119860503412994e+00
7.716651557137522488e+00
nan
8.122618622315824766e+00
nan
5.201668499005357660e+00
5.331674166588178387e+00
3.320700422458938039e+00
3.945601082656222225e+00
5.680423547494385161e+00
5.832835255157221788e+00
8.969870748052763076e+00
4.982608316189310216e+00
7.088333026419561200e+00
7.085484800985664577e+00
8.820750323113561109e+00
nan
3.945601082656222225e+00
3.586977853579162101e+00
5.204516724439260500e+00
nan
6.727304629198326502e+00
nan
3.945601082656222225e+00
nan
nan
nan
8.471684472714693825e+00
nan
5.829987029723319836e+00
5.518541073856617629e+00
7.498807283424840264e+00
6.129883258486376718e+00
5.848935224188824833e+00
5.185148791488739306e+00
5.646561311780252446e+00
8.493287679660683764e+00
8.159895397292805441e+00
nan
6.840717301592559529e+00
5.515542941820934075e+00
4.197471848718480558e+00
4.526758996452883821e+00
6.837719169556875087e+00
5.646561311780252446e+00
7.171111451924755187e+00
6.837719169556875087e+00
3.714588090540639431e+00
7.171111451924755187e+00
6.507325019224667884e+00
7.096088963370325686e+00
4.526758996452883821e+00
6.837719169556875087e+00
5.646561311780252446e+00
nan
nan
nan
4.196065032917114301e+00
4.523760864417200267e+00
5.646561311780252446e+00
4.857452959988653340e+00
5.515542941820934075e+00
7.579410910076450847e+00
7.501505602256949956e+00
5.846236905356703595e+00
4.680793795424604831e+00
5.518541073856617629e+00
7.498807283424840264e+00
6.613205205192501879e+00
6.840717301592559529e+00
6.507325019224667884e+00
7.096088963370325686e+00
5.187847110320848998e+00
9.151677474696539250e+00
nan
8.823981643196454172e+00
6.837719169556875087e+00
5.163677553602428638e+00
4.526758996452883821e+00
4.193366714085004610e+00
6.613205205192501879e+00
7.171111451924755187e+00
4.523760864417200267e+00
6.129883258486376718e+00
7.171111451924755187e+00
4.854454827952968898e+00
9.028500373138239610e+00
7.832199565792720364e+00
7.498807283424840264e+00
9.028500373138239610e+00
7.832199565792720364e+00
8.820983511160770618e+00
7.579410910076450847e+00
6.179629187724582806e+00
3.532278600217039877e+00
6.129883258486376718e+00
5.518541073856617629e+00
4.854454827952968898e+00
5.163677553602428638e+00
4.196065032917114301e+00
7.168413133092645495e+00
nan
5.187847110320848998e+00
4.854454827952968898e+00
4.680793795424604831e+00
4.196065032917114301e+00
6.176631055688910799e+00
4.197471848718480558e+00
8.493287679660683764e+00
6.507325019224667884e+00
5.646561311780252446e+00
5.187847110320848998e+00
4.523760864417200267e+00
4.680793795424604831e+00
nan
3.201884449884832673e+00
5.163677553602428638e+00
5.518541073856617629e+00
3.532278600217039877e+00
7.579410910076450847e+00
6.840717301592559529e+00
7.168413133092645495e+00
3.714588090540639431e+00
6.840717301592559529e+00
8.490589360828574073e+00
8.062294668254290642e+00
nan
nan
nan
4.857452959988653340e+00
5.846236905356703595e+00
3.231266143834532034e+00
6.510023338056790010e+00
nan
4.197471848718480558e+00
4.857452959988653340e+00
3.201884449884832673e+00
6.613205205192501879e+00
nan
nan
nan
4.857452959988653340e+00
6.837719169556875087e+00
7.096088963370325686e+00
3.204582768716954355e+00
4.193366714085004610e+00
5.646561311780252446e+00
4.196065032917114301e+00
6.837719169556875087e+00
8.062294668254290642e+00
6.835537195686459455e+00
nan
5.649093067721497441e+00
6.835537195686459455e+00
4.396902402657386411e+00
4.253462605111346662e+00
5.788656113982517226e+00
5.966986673093829019e+00
4.951594305909083893e+00
7.882101807897752721e+00
9.107155213966658280e+00
nan
9.277732270507900836e+00
nan
6.347224768519234672e+00
5.090840882677443169e+00
nan
3.555330904313608986e+00
6.835537195686459455e+00
nan
4.253462605111346662e+00
6.835537195686459455e+00
6.752384836491252429e+00
9.138485693739561100e+00
7.533352426991532624e+00
5.966986673093829019e+00
6.347224768519234672e+00
6.137721964381384510e+00
5.966986673093829019e+00
9.138485693739561100e+00
7.882101807897752721e+00
nan
4.951594305909083893e+00
5.439590263583649055e+00
3.612216295618423612e+00
6.347224768519234672e+00
5.439590263583649055e+00
3.612216295618423612e+00
6.347224768519234672e+00
8.928666420109031776e+00
nan
3.555330904313608986e+00
5.439590263583649055e+00
3.612216295618423612e+00
6.347224768519234672e+00
7.184286576592677775e+00
9.107155213966658280e+00
nan
6.486471345287591284e+00
5.966986673093829019e+00
8.440353992941824757e+00
4.044276270466149903e+00
4.396902402657386411e+00
4.253462605111346662e+00
5.788656113982517226e+00
5.966986673093829019e+00
4.951594305909083893e+00
6.835537195686459455e+00
8.322469106927695037e+00
nan
7.184286576592677775e+00
5.966986673093829019e+00
6.347224768519234672e+00
6.137721964381384510e+00
5.182300566054838242e+00
7.742855231129386340e+00
8.928666420109031776e+00
nan
7.044723530331673089e+00
8.579917039202825890e+00
nan
3.555330904313608986e+00
6.137721964381384510e+00
9.107155213966658280e+00
8.440353992941824757e+00
7.533352426991532624e+00
5.966986673093829019e+00
6.347224768519234672e+00
7.882101807897752721e+00
7.537070943530244094e+00
7.742855231129386340e+00
5.090840882677443169e+00
5.966986673093829019e+00
5.649093067721497441e+00
3.695210420067294610e+00
5.966986673093829019e+00
7.044723530331673089e+00
7.882101807897752721e+00
9.107155213966658280e+00
nan
7.184286576592677775e+00
7.537070943530244094e+00
nan
8.231167658296620004e+00
nan
4.253462605111346662e+00
3.695210420067294610e+00
5.182300566054838242e+00
7.742855231129386340e+00
5.090840882677443169e+00
5.182300566054838242e+00
nan
6.137721964381384510e+00
4.396902402657386411e+00
6.347224768519234672e+00
8.928666420109031776e+00
nan
7.044723530331673089e+00
4.393025651372369111e+00
9.107155213966658280e+00
nan
5.788656113982517226e+00
4.396902402657386411e+00
7.044723530331673089e+00
6.486471345287591284e+00
5.182300566054838242e+00
7.044723530331673089e+00
nan
4.396902402657386411e+00
nan
5.092452000094595199e+00
7.019880675158209016e+00
4.302198906980276405e+00
7.376210938911203385e+00
nan
7.200816021632139297e+00
9.089289072608563558e+00
8.589727593475148026e+00
7.684137968338262681e+00
6.234331469502898848e+00
5.973157828200598374e+00
5.268404611864225373e+00
7.947409603200259909e+00
nan
6.717932263454297726e+00
9.089289072608563558e+00
nan
3.818876960274152133e+00
7.376210938911203385e+00
6.496281899559907203e+00
5.751726558570349646e+00
7.376210938911203385e+00
5.973157828200598374e+00
4.302198906980276405e+00
5.092452000094595199e+00
5.973157828200598374e+00
5.751726558570349646e+00
nan
8.589727593475148026e+00
nan
9.089289072608563558e+00
7.543004746517537384e+00
5.751726558570349646e+00
3.950572530686291106e+00
nan
7.200816021632139297e+00
nan
3.356113358687073056e+00
5.268404611864225373e+00
7.376210938911203385e+00
5.449559052602295672e+00
7.684137968338262681e+00
5.092452000094595199e+00
3.879712134285375313e+00
6.234610316748190328e+00
6.234331469502898848e+00
7.543004746517537384e+00
8.167021726516086488e+00
6.805530133791956260e+00
5.973157828200598374e+00
4.785520853686401566e+00
6.234331469502898848e+00
3.879712134285375313e+00
4.785520853686401566e+00
5.663132805213841436e+00
5.449559052602295672e+00
4.785520853686401566e+00
4.521771194975348074e+00
5.973157828200598374e+00
6.234610316748190328e+00
5.663132805213841436e+00
8.589727593475148026e+00
6.234610316748190328e+00
3.950572530686291106e+00
6.496281899559907203e+00
3.818876960274152133e+00
nan
4.402836205644684142e+00
7.200816021632139297e+00
5.092452000094595199e+00
3.879712134285375313e+00
7.200816021632139297e+00
6.805530133791956260e+00
6.496281899559907203e+00
5.751726558570349646e+00
6.805530133791956260e+00
5.973157828200598374e+00
4.785520853686401566e+00
5.663132805213841436e+00
3.879712134285375313e+00
9.133227431400035456e+00
7.376210938911203385e+00
9.113326369073449840e+00
nan
6.805530133791956260e+00
4.402836205644684142e+00
4.785520853686401566e+00
5.663132805213841436e+00
9.113326369073449840e+00
nan
nan
3.879712134285375313e+00
8.167021726516086488e+00
5.663132805213841436e+00
7.019880675158209016e+00
7.200816021632139297e+00
7.947409603200259909e+00
nan
4.302198906980276405e+00
3.950572530686291106e+00
4.402836205644684142e+00
4.302198906980276405e+00
6.805530133791956260e+00
6.496281899559907203e+00
6.234610316748190328e+00
nan
7.019880675158209016e+00
nan
3.379891725567023997e+00
6.496281899559907203e+00
8.649905484693910296e+00
8.518090408319526574e+00
nan
3.335993202096328325e+00
5.092452000094595199e+00
4.402836205644684142e+00
7.684137968338262681e+00
6.234331469502898848e+00
4.402836205644684142e+00
7.200816021632139297e+00
5.648341452676438834e+00
8.822500213249421464e+00
5.864031700792029511e+00
3.685914128720534144e+00
7.344773841073957144e+00
6.972158937251032640e+00
9.181209075248013107e+00
6.605910654986231201e+00
8.080621259055206451e+00
4.078257182240022871e+00
7.344773841073957144e+00
5.864031700792029511e+00
6.433383587894661915e+00
4.758585147094330559e+00
7.341758072967481397e+00
6.826082669593374064e+00
8.083637027161682198e+00
9.189083580859382039e+00
6.826082669593374064e+00
4.758585147094330559e+00
6.233630836508478268e+00
4.078257182240022871e+00
6.236311519269782444e+00
4.017041278245287117e+00
8.395810911850560387e+00
6.236311519269782444e+00
8.080621259055206451e+00
5.648341452676438834e+00
6.975174705357508387e+00
8.080621259055206451e+00
4.863299317458230853e+00
6.605910654986231201e+00
7.711357208683930153e+00
9.181209075248013107e+00
6.236311519269782444e+00
7.341758072967481397e+00
5.255998399156958101e+00
8.822500213249421464e+00
7.711357208683930153e+00
5.648341452676438834e+00
8.083637027161682198e+00
nan
8.003467858331077878e+00
5.866712383553333687e+00
3.277843006812390048e+00
5.255998399156958101e+00
5.128184282810779315e+00
4.386305328616564303e+00
4.863299317458230853e+00
4.758585147094330559e+00
7.711357208683930153e+00
7.611124804811595368e+00
7.714037891445247652e+00
7.711357208683930153e+00
9.181209075248013107e+00
8.452901077532972707e+00
7.711357208683930153e+00
8.395810911850560387e+00
6.236311519269782444e+00
4.017041278245287117e+00
6.041040534375165194e+00
8.452901077532972707e+00
6.233630836508478268e+00
8.788509993549286747e+00
6.236311519269782444e+00
7.341758072967481397e+00
8.003467858331077878e+00
7.714037891445247652e+00
6.972158937251032640e+00
nan
nan
nan
9.181209075248013107e+00
9.191764263620699538e+00
8.819484445142945717e+00
3.293215047021814890e+00
4.389321096723040050e+00
9.189083580859382039e+00
5.255998399156958101e+00
3.280858774918865794e+00
9.189083580859382039e+00
6.826082669593374064e+00
4.758585147094330559e+00
6.233630836508478268e+00
6.433383587894661915e+00
6.236311519269782444e+00
5.864031700792029511e+00
6.041040534375165194e+00
4.389321096723040050e+00
6.602894886879755454e+00
nan
nan
3.647442142528838804e+00
6.826082669593374064e+00
6.605910654986231201e+00
5.864031700792029511e+00
7.218425723112869008e+00
6.236311519269782444e+00
4.755904464333013060e+00
6.433383587894661915e+00
5.866712383553333687e+00
4.755904464333013060e+00
5.648341452676438834e+00
6.605910654986231201e+00
6.972158937251032640e+00
9.181209075248013107e+00
7.344773841073957144e+00
5.125168514704303568e+00
5.255998399156958101e+00
3.650457910635314107e+00
5.494767650420739002e+00
5.648341452676438834e+00
5.497448333182056501e+00
5.125168514704303568e+00
4.078257182240022871e+00
8.083637027161682198e+00
6.972158937251032640e+00
6.041040534375165194e+00
6.236311519269782444e+00
6.602894886879755454e+00
3.449630093766720140e+00
5.405487511055109273e+00
7.581009009414941602e+00
7.636521481597180028e+00
4.400633577975803234e+00
8.319872195502652445e+00
nan
8.168949756040570165e+00
nan
4.645884776003991412e+00
6.912768410674077657e+00
7.211744959043651093e+00
6.141067499018021181e+00
5.907914477594771618e+00
6.103282637239466624e+00
6.141067499018021181e+00
6.410341444134416200e+00
7.581009009414941602e+00
4.346685475662104281e+00
7.415195377213740002e+00
6.103282637239466624e+00
8.533576863492584152e+00
5.656814923342293966e+00
7.211744959043651093e+00
4.047757434885366656e+00
7.917622343753384584e+00
7.950608145131388582e+00
5.244012117122637484e+00
5.154387956802649384e+00
8.689471331219101202e+00
9.131704204611208908e+00
6.410341444134416200e+00
4.256292214692754428e+00
5.244012117122637484e+00
4.651960990262987927e+00
3.147829892888569514e+00
8.533576863492584152e+00
8.168949756040570165e+00
nan
7.337322181255292008e+00
8.671376722580232510e+00
7.581009009414941602e+00
nan
nan
4.256292214692754428e+00
6.440266799359908312e+00
5.656814923342293966e+00
4.995155400780465271e+00
3.449630093766720140e+00
9.173803689119877092e+00
8.319872195502652445e+00
5.842139458241283556e+00
3.898206611436140889e+00
6.103282637239466624e+00
4.944812816780750353e+00
7.164095822961263238e+00
5.364419451151755780e+00
9.131704204611208908e+00
8.922476276832691511e+00
6.842145823327204113e+00
4.645884776003991412e+00
6.410341444134416200e+00
nan
4.346685475662104281e+00
4.903060544515465580e+00
5.364419451151755780e+00
4.346685475662104281e+00
8.671376722580232510e+00
6.842145823327204113e+00
6.440266799359908312e+00
6.912768410674077657e+00
8.689471331219101202e+00
6.739194840136667253e+00
5.154387956802649384e+00
3.517429028605017383e+00
6.440266799359908312e+00
6.410341444134416200e+00
3.147829892888569514e+00
7.636521481597180028e+00
8.168949756040570165e+00
6.103282637239466624e+00
3.748558134543479081e+00
4.400633577975803234e+00
4.256292214692754428e+00
7.038394140478554384e+00
5.907914477594771618e+00
4.995155400780465271e+00
8.832776163834472172e+00
5.154387956802649384e+00
7.211744959043651093e+00
5.542940157899396425e+00
5.907914477594771618e+00
7.211744959043651093e+00
5.842139458241283556e+00
7.415195377213740002e+00
5.734018586868202760e+00
7.636521481597180028e+00
9.173803689119877092e+00
8.689471331219101202e+00
6.141067499018021181e+00
6.159241889881956311e+00
7.211744959043651093e+00
4.346685475662104281e+00
4.400633577975803234e+00
4.256292214692754428e+00
7.636521481597180028e+00
4.903060544515465580e+00
5.364419451151755780e+00
8.832776163834472172e+00
5.405487511055109273e+00
5.364419451151755780e+00
6.141067499018021181e+00
8.922476276832691511e+00
8.689471331219101202e+00
4.047757434885366656e+00
7.164095822961263238e+00
6.472881772955914492e+00
8.533576863492584152e+00
7.666522789500925583e+00
4.625556265064018291e+00
nan
7.754248132864967502e+00
nan
9.199593075775906570e+00
5.660485969457086597e+00
3.520645847918586036e+00
5.202756003261918671e+00
4.962354268659352030e+00
5.404462149898893841e+00
5.773954667550976083e+00
7.056116432067232935e+00
8.544915513315148203e+00
6.345153331840032607e+00
5.660485969457086597e+00
5.404462149898893841e+00
nan
3.567356745034530263e+00
5.404462149898893841e+00
5.773954667550976083e+00
7.056116432067232935e+00
9.173234044033089063e+00
6.345153331840032607e+00
4.264855506846941147e+00
7.288848096965990564e+00
8.628912270656639905e+00
8.451746894677402366e+00
7.288848096965990564e+00
6.345153331840032607e+00
6.358617670254821164e+00
6.032780680616856017e+00
5.773954667550976083e+00
4.962354268659352030e+00
5.404462149898893841e+00
5.202756003261918671e+00
8.451746894677402366e+00
6.661099211334819969e+00
5.773954667550976083e+00
3.567356745034530263e+00
7.288848096965990564e+00
7.487032801248336256e+00
6.358617670254821164e+00
5.404462149898893841e+00
6.345153331840032607e+00
6.358617670254821164e+00
6.661099211334819969e+00
nan
4.264855506846941147e+00
7.288848096965990564e+00
5.202756003261918671e+00
4.962354268659352030e+00
5.404462149898893841e+00
5.202756003261918671e+00
3.567356745034530263e+00
9.173234044033089063e+00
nan
5.660485969457086597e+00
8.544915513315148203e+00
6.345153331840032607e+00
nan
4.776713264267721470e+00
5.773954667550976083e+00
7.754248132864967502e+00
nan
8.628912270656639905e+00
nan
4.148964378636549100e+00
5.202756003261918671e+00
4.962354268659352030e+00
6.032780680616856017e+00
9.199593075775906570e+00
nan
3.520645847918586036e+00
8.628912270656639905e+00
nan
3.520645847918586036e+00
8.628912270656639905e+00
nan
4.148964378636549100e+00
6.915834136959279732e+00
5.660485969457086597e+00
4.776713264267721470e+00
9.199593075775906570e+00
8.451746894677402366e+00
7.917166627683954516e+00
7.487032801248336256e+00
7.056116432067232935e+00
7.288848096965990564e+00
8.628912270656639905e+00
9.149878595475112064e+00
9.173234044033089063e+00
8.628912270656639905e+00
nan
4.776713264267721470e+00
5.773954667550976083e+00
5.660485969457086597e+00
6.032780680616856017e+00
6.345153331840032607e+00
6.358617670254821164e+00
7.288848096965990564e+00
5.773954667550976083e+00
7.754248132864967502e+00
nan
6.345153331840032607e+00
7.056116432067232935e+00
7.917166627683954516e+00
5.202756003261918671e+00
4.962354268659352030e+00
4.776713264267721470e+00
5.773954667550976083e+00
nan
nan
8.628912270656639905e+00
nan
nan
6.345153331840032607e+00
6.358617670254821164e+00
6.661099211334819969e+00
5.773954667550976083e+00
nan
nan
8.471644914028109596e+00
8.041142112934004160e+00
5.401342664899873469e+00
5.331120344976021386e+00
7.470461307814757035e+00
7.195724688255788593e+00
5.331120344976021386e+00
8.611822918053251286e+00
5.700270705676622640e+00
6.116518508373474106e+00
4.615503704709072785e+00
6.896796647479029652e+00
nan
3.473624235300768692e+00
5.700270705676622640e+00
5.723819426674747746e+00
4.044822899589825660e+00
3.606960641543960122e+00
4.153735156238333559e+00
nan
5.102414624123126075e+00
6.901560643591681199e+00
8.041142112934004160e+00
4.803215323781239832e+00
5.331120344976021386e+00
7.470461307814757035e+00
4.803215323781239832e+00
5.723819426674747746e+00
7.470461307814757035e+00
7.195724688255788593e+00
7.686602778809888292e+00
6.899262643525700511e+00
4.803215323781239832e+00
3.368693021020125578e+00
3.473624235300768692e+00
4.803215323781239832e+00
3.368693021020125578e+00
nan
nan
9.256331021067072840e+00
nan
7.195724688255788593e+00
8.471644914028109596e+00
nan
9.289306011953579301e+00
5.331120344976021386e+00
4.044822899589825660e+00
3.906159941885846365e+00
6.901560643591681199e+00
5.186702368998129309e+00
7.195724688255788593e+00
8.078945832329383236e+00
nan
4.803215323781239832e+00
3.368693021020125578e+00
4.044822899589825660e+00
5.700270705676622640e+00
5.723819426674747746e+00
7.470461307814757035e+00
7.195724688255788593e+00
3.368693021020125578e+00
6.899262643525700511e+00
8.690907411269805039e+00
4.938777291456540652e+00
8.041142112934004160e+00
6.298669306360395126e+00
7.293903697111176143e+00
5.186702368998129309e+00
5.999470006018508883e+00
4.938777291456540652e+00
8.041142112934004160e+00
8.391979370493057644e+00
5.331120344976021386e+00
4.615503704709072785e+00
4.205087982662605306e+00
8.471644914028109596e+00
6.328581838406433846e+00
8.391979370493057644e+00
4.546434237937059031e+00
6.899262643525700511e+00
7.494923988597664177e+00
9.256331021067072840e+00
6.899262643525700511e+00
8.690907411269805039e+00
4.938777291456540652e+00
nan
4.504287283004480891e+00
4.938777291456540652e+00
3.473624235300768692e+00
3.308032600767211839e+00
8.078945832329383236e+00
5.757383174117396862e+00
8.391979370493057644e+00
nan
4.615503704709072785e+00
6.896796647479029652e+00
7.686602778809888292e+00
6.328581838406433846e+00
4.504287283004480891e+00
8.471644914028109596e+00
7.470461307814757035e+00
8.391979370493057644e+00
3.368693021020125578e+00
5.186702368998129309e+00
6.597597347137142521e+00
4.546434237937059031e+00
7.470461307814757035e+00
3.906159941885846365e+00
nan
nan
3.606960641543960122e+00
6.901560643591681199e+00
8.041142112934004160e+00
6.896796647479029652e+00
7.293903697111176143e+00
6.899262643525700511e+00
5.401342664899873469e+00
5.723819426674747746e+00
8.611822918053251286e+00
8.391979370493057644e+00
9.070887810108343885e+00
8.269776936400567990e+00
6.886963488242956899e+00
5.302875442756530333e+00
4.501574687353139481e+00
4.793517794327733839e+00
8.233509532542257148e+00
7.013139874964641862e+00
6.363364712644655086e+00
6.977631997888721571e+00
nan
3.223670876010794828e+00
5.302875442756530333e+00
5.757642103702297121e+00
6.886963488242956899e+00
6.558752977410080121e+00
5.757642103702297121e+00
6.363364712644655086e+00
4.883996422277888882e+00
8.269776936400567990e+00
nan
3.209239867145713188e+00
3.245507271004004934e+00
6.363364712644655086e+00
9.070887810108343885e+00
8.269776936400567990e+00
7.410562263841258712e+00
4.883996422277888882e+00
3.245507271004004934e+00
4.270393722968406358e+00
6.140253720322618847e+00
4.501574687353139481e+00
4.270393722968406358e+00
8.652388553020896822e+00
nan
5.317116569926035652e+00
nan
nan
nan
6.140253720322618847e+00
7.013139874964641862e+00
8.980409182158197723e+00
7.814630512063615697e+00
nan
nan
9.070887810108343885e+00
nan
7.410562263841258712e+00
7.396131254976168634e+00
5.757642103702297121e+00
8.980409182158197723e+00
9.070887810108343885e+00
nan
6.886963488242956899e+00
3.209239867145713188e+00
3.873256156635199066e+00
6.363364712644655086e+00
8.233509532542257148e+00
nan
nan
5.302875442756530333e+00
5.129323572984334056e+00
6.363364712644655086e+00
6.977631997888721571e+00
nan
nan
6.140253720322618847e+00
7.013139874964641862e+00
7.933686335200567541e+00
6.977631997888721571e+00
7.641458405682604038e+00
8.457285110798871131e+00
5.302875442756530333e+00
5.129323572984334056e+00
6.363364712644655086e+00
4.046618144711801257e+00
7.013139874964641862e+00
5.840240641285345369e+00
nan
5.757642103702297121e+00
nan
6.977631997888721571e+00
4.501574687353139481e+00
7.410562263841258712e+00
6.140253720322618847e+00
5.757642103702297121e+00
6.886963488242956899e+00
6.140253720322618847e+00
5.129323572984334056e+00
5.840240641285345369e+00
7.396131254976168634e+00
7.013139874964641862e+00
7.410562263841258712e+00
8.652388553020896822e+00
nan
6.363364712644655086e+00
3.209239867145713188e+00
7.013139874964641862e+00
6.886963488242956899e+00
5.302875442756530333e+00
8.269776936400567990e+00
nan
6.977631997888721571e+00
7.013139874964641862e+00
7.410562263841258712e+00
6.558752977410080121e+00
6.385390989333469491e+00
6.886963488242956899e+00
5.721374699843991607e+00
nan
nan
8.652388553020896822e+00
nan
4.793517794327733839e+00
6.140253720322618847e+00
8.897525822031738585e+00
nan
6.977631997888721571e+00
nan
nan
nan
5.525986435078562131e+00
nan
5.407645460677967364e+00
5.787548470758226316e+00
7.393947615476852420e+00
6.885371832853429019e+00
5.787548470758226316e+00
4.777377850202301879e+00
8.363098205028878240e+00
6.572709282036182543e+00
5.824100697159913409e+00
7.624235018941153186e+00
7.096070705514987864e+00
8.440670462434463062e+00
9.101961391116601519e+00
5.525986435078562131e+00
6.347224768519240889e+00
5.776909511049256984e+00
4.217464200321799694e+00
7.393947615476852420e+00
7.254635883224706205e+00
7.880994164673458258e+00
6.870823544117543591e+00
3.929919088502519031e+00
4.740825623800605015e+00
4.777377850202301879e+00
5.038046324961532818e+00
4.740825623800605015e+00
nan
3.190720817069623294e+00
4.479263588120950601e+00
4.253779074603999177e+00
7.254635883224706205e+00
6.049347858557377222e+00
5.300501921561629359e+00
5.776909511049256984e+00
4.479263588120950601e+00
8.964269238032764875e+00
9.101961391116601519e+00
5.525986435078562131e+00
6.347224768519240889e+00
6.146508646765704853e+00
5.525986435078562131e+00
5.300501921561629359e+00
nan
6.310909894237031637e+00
nan
4.299183138873795329e+00
7.357632741194642279e+00
4.777377850202301879e+00
4.668782274590243198e+00
5.264187047279420995e+00
5.824100697159913409e+00
4.299183138873795329e+00
3.432540741163339515e+00
7.393947615476852420e+00
3.929919088502519031e+00
6.049347858557377222e+00
nan
7.993499069312429484e+00
7.880994164673458258e+00
nan
4.299183138873795329e+00
7.096070705514987864e+00
5.824100697159913409e+00
6.515772697136981151e+00
5.264187047279420995e+00
3.730655003244690349e+00
3.190720817069623294e+00
6.049347858557377222e+00
3.730655003244690349e+00
7.993499069312429484e+00
8.142793552472600282e+00
6.870823544117543591e+00
8.363098205028878240e+00
4.740825623800605015e+00
3.730655003244690349e+00
4.668782274590243198e+00
4.479263588120950601e+00
nan
6.146508646765704853e+00
4.740825623800605015e+00
8.440670462434463062e+00
5.407645460677967364e+00
5.264187047279420995e+00
8.964269238032764875e+00
6.515772697136981151e+00
8.666154975951414485e+00
8.964269238032764875e+00
4.299183138873795329e+00
3.694102776842993929e+00
8.964269238032764875e+00
5.407645460677967364e+00
7.880994164673458258e+00
5.300501921561629359e+00
5.776909511049256984e+00
4.740825623800605015e+00
nan
8.363098205028878240e+00
5.787548470758226316e+00
3.207056227646388535e+00
8.363098205028878240e+00
7.880994164673458258e+00
5.300501921561629359e+00
5.407645460677967364e+00
7.096070705514987864e+00
5.824100697159913409e+00
4.299183138873795329e+00
8.666154975951414485e+00
5.824100697159913409e+00
7.624235018941153186e+00
6.834271317715836958e+00
7.393947615476852420e+00
6.885371832853429019e+00
5.787548470758226316e+00
4.253779074603999177e+00
6.515772697136981151e+00
6.310909894237031637e+00
7.393947615476852420e+00
6.054569605186192582e+00
8.387774847233492537e+00
8.512944182819628836e+00
6.839967768583647967e+00
6.593392823877589848e+00
4.587733506728579158e+00
7.624653875622614763e+00
6.593392823877589848e+00
4.587733506728579158e+00
8.409339982661579782e+00
8.836573797746323677e+00
7.727902047601421742e+00
5.269883498147198253e+00
7.490583835555542080e+00
6.942859912383214649e+00
5.269883498147198253e+00
6.145000762712467868e+00
4.980076560248059891e+00
6.054569605186192582e+00
5.247809751034500536e+00
6.550516858863719705e+00
6.054569605186192582e+00
4.799010800521686271e+00
8.120601129300148102e+00
nan
4.799010800521686271e+00
8.512944182819628836e+00
nan
7.490583835555542080e+00
9.297986318037837705e+00
4.484485334749771290e+00
3.901819788843718495e+00
4.587733506728579158e+00
nan
4.799010800521686271e+00
4.587733506728579158e+00
nan
nan
3.802691371510371621e+00
6.839967768583647967e+00
5.696201812199637615e+00
7.335558994081926798e+00
6.054569605186192582e+00
6.593392823877589848e+00
5.372775641946786251e+00
6.054569605186192582e+00
5.696201812199637615e+00
7.727902047601421742e+00
9.194738146059036055e+00
7.490583835555542080e+00
5.765474723645512611e+00
5.269883498147198253e+00
8.387774847233492537e+00
8.905287236339111345e+00
nan
nan
nan
6.054569605186192582e+00
7.939382786068371445e+00
4.587733506728579158e+00
6.839967768583647967e+00
7.041784885042710940e+00
5.765474723645512611e+00
nan
6.145000762712467868e+00
6.157817777164993345e+00
nan
4.799010800521686271e+00
4.980076560248059891e+00
5.269883498147198253e+00
nan
6.942859912383214649e+00
4.484485334749771290e+00
3.901819788843718495e+00
7.727902047601421742e+00
3.699799227710776961e+00
5.247809751034500536e+00
4.195390453209097537e+00
3.699799227710776961e+00
6.593392823877589848e+00
6.550516858863719705e+00
9.194738146059036055e+00
nan
3.802691371510371621e+00
nan
4.350618739356548303e+00
6.942859912383214649e+00
nan
7.490583835555542080e+00
8.512944182819628836e+00
nan
9.284965858911460757e+00
nan
8.409339982661579782e+00
6.145000762712467868e+00
6.942859912383214649e+00
nan
6.593392823877589848e+00
6.942859912383214649e+00
3.699799227710776961e+00
6.145000762712467868e+00
6.157817777164993345e+00
8.409339982661579782e+00
8.387774847233492537e+00
4.980076560248059891e+00
8.409339982661579782e+00
6.593392823877589848e+00
8.120601129300148102e+00
9.194738146059036055e+00
nan
4.195390453209097537e+00
6.054569605186192582e+00
7.939382786068371445e+00
7.335558994081926798e+00
3.699799227710776961e+00
7.490583835555542080e+00
7.727902047601421742e+00
6.054569605186192582e+00
6.145000762712467868e+00
8.905287236339111345e+00
8.630120608719517250e+00
5.771883230871786452e+00
7.387876398104589626e+00
nan
7.117466303714859777e+00
nan
6.346361669902899294e+00
nan
3.752041678432557870e+00
4.062602731086286667e+00
6.669074242549737797e+00
4.082435828764753083e+00
5.394709135534345279e+00
6.669074242549737797e+00
5.735306020036452068e+00
5.014082645731577692e+00
nan
6.065700170368659272e+00
7.868867629113974971e+00
5.323084280358956200e+00
8.710052625840518203e+00
4.062602731086286667e+00
5.771883230871786452e+00
6.065700170368659272e+00
6.536588604942654257e+00
4.874692219193818232e+00
6.065700170368659272e+00
nan
5.323084280358956200e+00
nan
7.868867629113974971e+00
8.014657315392812009e+00
8.048964511972553026e+00
3.681976241283519524e+00
nan
4.082435828764753083e+00
5.965735180100130819e+00
5.771883230871786452e+00
4.743523942632718260e+00
5.775335625337111978e+00
3.977501207515866888e+00
6.065700170368659272e+00
8.439721053956498409e+00
6.220275292036907544e+00
9.040746589376288611e+00
5.585108690297364120e+00
4.874692219193818232e+00
8.048964511972553026e+00
5.394709135534345279e+00
4.425893268681004855e+00
3.421347714896788350e+00
4.443229220889054254e+00
3.528702257003037079e+00
7.718570361640358257e+00
6.155962115139886670e+00
3.977501207515866888e+00
5.074217906168487779e+00
8.630120608719517250e+00
7.566265254227689141e+00
6.396394133904417245e+00
5.965735180100130819e+00
6.669074242549737797e+00
nan
4.823855710691828946e+00
6.669074242549737797e+00
6.065700170368659272e+00
8.820347543759266884e+00
8.911848327070778453e+00
8.048964511972553026e+00
6.155962115139886670e+00
7.566265254227689141e+00
6.396394133904417245e+00
6.917215094745421844e+00
nan
5.074217906168487779e+00
7.678468074350956130e+00
4.425893268681004855e+00
3.421347714896788350e+00
7.107442029785170590e+00
nan
8.379658475508323434e+00
6.536588604942654257e+00
6.220275292036907544e+00
8.048964511972553026e+00
4.062602731086286667e+00
9.360647277583593606e+00
6.396394133904417245e+00
7.107442029785170590e+00
7.566265254227689141e+00
9.040746589376288611e+00
9.010574478799014742e+00
nan
5.074217906168487779e+00
7.488241139311208272e+00
5.771883230871786452e+00
5.735306020036452068e+00
9.391373588325052424e+00
8.911848327070778453e+00
6.726788284236624449e+00
3.681976241283519524e+00
7.117466303714859777e+00
7.718570361640358257e+00
7.868867629113974971e+00
6.220275292036907544e+00
6.065700170368659272e+00
3.301177131757481842e+00
6.669074242549737797e+00
7.718570361640358257e+00
7.297841584548189431e+00
5.771883230871786452e+00
5.735306020036452068e+00
4.252829666126042518e+00
8.463456265905641374e+00
6.726788284236624449e+00
4.633456155928810105e+00
7.117466303714859777e+00
7.387876398104589626e+00
5.585108690297364120e+00
nan
9.371140739708494038e+00
6.089071972374098252e+00
4.447814432288327957e+00
4.367540549287352469e+00
5.803731569814464919e+00
7.587982973161178535e+00
nan
4.947192502965785721e+00
8.373025108379387405e+00
nan
4.090912365702012110e+00
6.410241756244242417e+00
5.106403735375089958e+00
7.516291844342022799e+00
6.410241756244242417e+00
5.845266921462814125e+00
nan
nan
nan
5.518132237669936657e+00
4.447814432288327957e+00
4.367540549287352469e+00
6.660011707078249188e+00
8.373025108379387405e+00
nan
5.232791835110313983e+00
5.625199621026019337e+00
7.692257344009552966e+00
7.801891176486551061e+00
nan
6.214530971834090423e+00
nan
4.447814432288327957e+00
9.169983716185001299e+00
6.374671304518615855e+00
5.232856567506537715e+00
5.106403735375089958e+00
nan
3.662772297070119087e+00
9.169983716185001299e+00
5.518132237669936657e+00
4.447814432288327957e+00
4.736804599658642090e+00
7.516291844342022799e+00
8.373025108379387405e+00
nan
8.087490508631079322e+00
7.195283891462452175e+00
6.584130107550538291e+00
4.661593170821257459e+00
5.625199621026019337e+00
3.628677363199628303e+00
6.089071972374098252e+00
6.410241756244242417e+00
7.322993293638262458e+00
8.372830911190701997e+00
6.802940837942955454e+00
6.953394157921815477e+00
5.803731569814464919e+00
6.410241756244242417e+00
4.367540549287352469e+00
7.801891176486551061e+00
6.802940837942955454e+00
6.214530971834090423e+00
7.801891176486551061e+00
7.587982973161178535e+00
7.692257344009552966e+00
4.661593170821257459e+00
7.195283891462452175e+00
5.845266921462814125e+00
9.229369978039381195e+00
nan
7.692257344009552966e+00
7.516291844342022799e+00
nan
3.997941413570917923e+00
6.374671304518615855e+00
8.765368161898869914e+00
6.953394157921815477e+00
7.801891176486551061e+00
nan
3.997941413570917923e+00
8.087490508631079322e+00
7.195283891462452175e+00
6.214530971834090423e+00
6.374671304518615855e+00
7.195283891462452175e+00
8.800719665813725001e+00
5.803731569814464919e+00
5.625199621026019337e+00
6.584130107550538291e+00
nan
nan
3.259078227483180434e+00
5.803731569814464919e+00
6.017898702724746585e+00
7.322993293638262458e+00
5.803731569814464919e+00
4.447814432288327957e+00
4.367540549287352469e+00
8.372830911190701997e+00
8.765368161898869914e+00
9.169983716185001299e+00
6.660011707078249188e+00
6.017898702724746585e+00
6.584130107550538291e+00
8.087490508631079322e+00
8.765368161898869914e+00
nan
8.658430243335230259e+00
6.017898702724746585e+00
3.628677363199628303e+00
8.943770645894863591e+00
6.410241756244242417e+00
3.997941413570917923e+00
3.519972630997850516e+00
5.232856567506537715e+00
4.367540549287352469e+00
6.945611039222777450e+00
9.158067243597596274e+00
nan
4.606642558914740171e+00
6.486652184997684145e+00
6.311799964685127939e+00
7.746969334533904572e+00
5.888253584313911659e+00
6.311799964685127939e+00
3.211012096304579622e+00
7.981834908011713026e+00
8.863097897099500244e+00
4.955708409313608342e+00
6.785580225774432428e+00
6.311799964685127939e+00
6.700088252829962343e+00
4.692270161641770798e+00
8.274405302730654554e+00
8.793533946745197838e+00
5.589325543537163377e+00
4.349194626639600436e+00
6.700088252829962343e+00
6.187452884655797902e+00
7.881884235121544791e+00
6.700088252829962343e+00
5.290397502760415094e+00
5.134236761857808418e+00
6.002273021524888286e+00
5.589325543537163377e+00
3.956673559030488896e+00
6.700088252829962343e+00
7.981834908011713026e+00
6.900492559053972741e+00
8.444784565838991952e+00
7.981834908011713026e+00
4.152845085790237256e+00
7.049154103228830515e+00
6.785580225774432428e+00
9.059447437948863424e+00
7.049154103228830515e+00
7.383707566893077612e+00
5.919278897076017287e+00
5.304457790219814228e+00
3.794943520181249141e+00
5.134236761857808418e+00
6.351338871923756457e+00
8.878890289907094058e+00
8.274405302730654554e+00
8.793533946745197838e+00
6.785580225774432428e+00
4.152845085790237256e+00
nan
nan
nan
4.606642558914740171e+00
7.981834908011713026e+00
8.078055761881291374e+00
7.397903484135049723e+00
5.888253584313911659e+00
3.956673559030488896e+00
7.746969334533904572e+00
8.878890289907094058e+00
7.489363167512440356e+00
4.257893178008521851e+00
4.692270161641770798e+00
3.956673559030488896e+00
9.142283327651403724e+00
6.486652184997684145e+00
5.722929356226660325e+00
7.049154103228830515e+00
7.383707566893077612e+00
8.666748356250137064e+00
4.606642558914740171e+00
5.589325543537163377e+00
9.059447437948863424e+00
5.653207171126020114e+00
8.281034208353599269e+00
7.685534694272188716e+00
3.560077946703447349e+00
nan
8.078055761881291374e+00
6.002273021524888286e+00
6.187452884655797902e+00
4.741537680159082058e+00
3.908827327609666114e+00
4.094142820523135384e+00
3.367802950572021725e+00
7.746969334533904572e+00
6.785580225774432428e+00
4.937887221008445238e+00
6.700088252829962343e+00
5.589325543537163377e+00
6.507971491444868306e+00
6.700088252829962343e+00
7.981834908011713026e+00
4.741537680159082058e+00
6.700088252829962343e+00
7.981834908011713026e+00
7.096842099903335921e+00
3.908827327609666114e+00
5.888253584313911659e+00
8.863097897099500244e+00
7.397903484135049723e+00
7.383707566893077612e+00
5.722929356226660325e+00
7.746969334533904572e+00
7.682906867234953197e+00
5.722929356226660325e+00
8.793533946745197838e+00
6.486652184997684145e+00
3.760324018181132821e+00
3.211012096304579622e+00
3.794943520181249141e+00
3.367802950572021725e+00
6.351338871923756457e+00
7.682906867234953197e+00
3.564152491421384905e+00
8.793533946745197838e+00
5.888253584313911659e+00
6.704143018204609561e+00
5.653207171126020114e+00
6.187452884655797902e+00
9.059447437948863424e+00
nan
nan
8.135910341007351221e+00
7.664529031697178141e+00
nan
4.139073268493378421e+00
7.664529031697178141e+00
nan
3.568392463374122414e+00
8.449215138736155595e+00
7.661680806263287735e+00
6.423350066479782683e+00
nan
7.661680806263287735e+00
nan
4.524360490824335557e+00
3.736114101992984882e+00
8.135910341007351221e+00
6.094444761260763954e+00
6.876282642865835015e+00
5.852151402190736817e+00
7.664529031697178141e+00
7.661680806263287735e+00
6.994030871599038690e+00
7.664529031697178141e+00
6.091596535826855785e+00
4.710271932782424287e+00
nan
nan
5.281470597071480810e+00
9.233901245775131272e+00
7.661680806263287735e+00
8.707109005296397086e+00
3.738962327426897048e+00
4.521512265390438046e+00
4.710271932782424287e+00
5.309046597863312122e+00
5.306198372429417276e+00
4.710271932782424287e+00
6.879130868299740520e+00
6.876282642865835015e+00
6.423350066479782683e+00
9.233901245775131272e+00
nan
4.139073268493378421e+00
6.094444761260763954e+00
6.876282642865835015e+00
6.423350066479782683e+00
6.879130868299740520e+00
nan
4.710271932782424287e+00
5.309046597863312122e+00
6.091596535826855785e+00
6.423350066479782683e+00
5.309046597863312122e+00
4.521512265390438046e+00
8.707109005296397086e+00
4.524360490824335557e+00
8.446366913302266966e+00
nan
8.449215138736155595e+00
6.876282642865835015e+00
4.139073268493378421e+00
6.094444761260763954e+00
6.876282642865835015e+00
6.423350066479782683e+00
6.879130868299740520e+00
nan
5.281470597071480810e+00
6.094444761260763954e+00
nan
6.423350066479782683e+00
nan
3.736114101992984882e+00
6.994030871599038690e+00
7.664529031697178141e+00
nan
nan
7.664529031697178141e+00
7.661680806263287735e+00
6.994030871599038690e+00
nan
4.521512265390438046e+00
6.423350066479782683e+00
5.309046597863312122e+00
6.091596535826855785e+00
5.852151402190736817e+00
5.309046597863312122e+00
5.306198372429417276e+00
5.281470597071480810e+00
nan
nan
5.281470597071480810e+00
9.233901245775131272e+00
8.446366913302266966e+00
6.423350066479782683e+00
9.233901245775131272e+00
nan
4.139073268493378421e+00
4.524360490824335557e+00
6.091596535826855785e+00
6.423350066479782683e+00
6.879130868299740520e+00
5.306198372429417276e+00
7.565229535888095214e+00
nan
nan
nan
nan
4.521512265390438046e+00
5.852151402190736817e+00
nan
5.306198372429417276e+00
6.423350066479782683e+00
5.309046597863312122e+00
6.091596535826855785e+00
5.852151402190736817e+00
5.309046597863312122e+00
4.521512265390438046e+00
8.135910341007351221e+00
6.327119647809366754e+00
nan
6.607837395720919993e+00
6.696718783525809293e+00
3.712209352815638574e+00
7.654560242678531523e+00
7.805181105329983993e+00
7.300973399527437735e+00
7.130961467080229710e+00
7.435581969613542341e+00
4.608993475145895857e+00
4.514391701805696933e+00
6.696718783525809293e+00
5.506591376171537711e+00
6.084238620122617291e+00
6.696718783525809293e+00
nan
7.654560242678531523e+00
6.327119647809366754e+00
6.404189277197195551e+00
7.654560242678531523e+00
5.957855597438083350e+00
4.608993475145895857e+00
6.607837395720919993e+00
8.544044291417716153e+00
9.095355422883367069e+00
7.654560242678531523e+00
6.327119647809366754e+00
3.712209352815638574e+00
5.037515773165006649e+00
8.544044291417716153e+00
nan
8.701283089636142165e+00
9.282907477505441207e+00
nan
4.514391701805696933e+00
4.849728360979073116e+00
7.300973399527437735e+00
6.084238620122617291e+00
7.805181105329983993e+00
6.404189277197195551e+00
4.514391701805696933e+00
7.435581969613542341e+00
6.404189277197195551e+00
6.084238620122617291e+00
7.435581969613542341e+00
7.300973399527437735e+00
7.130961467080229710e+00
9.282907477505441207e+00
nan
3.990792926207395119e+00
7.805181105329983993e+00
9.095355422883367069e+00
8.701283089636142165e+00
3.741266039174899305e+00
6.404189277197195551e+00
8.177684314037859892e+00
8.913308341788999556e+00
9.095355422883367069e+00
7.130961467080229710e+00
5.218992411350357408e+00
5.506591376171537711e+00
8.177684314037859892e+00
4.110865174891340956e+00
4.608993475145895857e+00
8.701283089636142165e+00
7.435581969613542341e+00
6.404189277197195551e+00
6.084238620122617291e+00
5.588591547066799947e+00
nan
8.177684314037859892e+00
5.218992411350357408e+00
3.712209352815638574e+00
5.560639844524315478e+00
7.435581969613542341e+00
nan
3.467668854848067195e+00
4.480129225262625248e+00
6.404189277197195551e+00
6.084238620122617291e+00
4.849728360979073116e+00
5.506591376171537711e+00
4.514391701805696933e+00
5.218992411350357408e+00
nan
5.560639844524315478e+00
3.741266039174899305e+00
nan
3.990792926207395119e+00
7.435581969613542341e+00
6.404189277197195551e+00
6.084238620122617291e+00
4.480129225262625248e+00
6.404189277197195551e+00
5.560639844524315478e+00
7.435581969613542341e+00
9.095355422883367069e+00
9.224407160995470534e+00
7.805181105329983993e+00
6.404189277197195551e+00
6.084238620122617291e+00
5.957855597438083350e+00
nan
3.467668854848067195e+00
7.805181105329983993e+00
nan
5.037515773165006649e+00
6.327119647809366754e+00
4.608993475145895857e+00
5.560639844524315478e+00
6.327119647809366754e+00
4.608993475145895857e+00
5.560639844524315478e+00
7.435581969613542341e+00
7.300973399527437735e+00
7.130961467080229710e+00
7.805181105329983993e+00
5.506591376171537711e+00
7.130961467080229710e+00
6.580304549859906871e+00
6.981972150930851662e+00
5.965862373580432809e+00
5.533581702902294452e+00
6.533173200418021409e+00
5.965862373580432809e+00
5.533581702902294452e+00
5.187590127574937426e+00
7.949126715184339886e+00
8.150151468176837000e+00
nan
5.965862373580432809e+00
7.103428621219224581e+00
5.635982188740068288e+00
6.957344637780604302e+00
5.533581702902294452e+00
6.533173200418021409e+00
8.279520865516534656e+00
4.486858855944674929e+00
5.635982188740068288e+00
5.304774259712468520e+00
6.056705774261613939e+00
7.879163162608804782e+00
7.949126715184339886e+00
6.580304549859906871e+00
6.533173200418021409e+00
5.304774259712468520e+00
4.486858855944674929e+00
5.635982188740068288e+00
5.635168410044675724e+00
nan
nan
9.271302942920268464e+00
9.196874315134456523e+00
6.981972150930851662e+00
4.312992182308733824e+00
5.009982927303992639e+00
3.393208104219024079e+00
7.287738788112800847e+00
7.103428621219224581e+00
4.738791177062115167e+00
7.949126715184339886e+00
7.626552692578544068e+00
6.981972150930851662e+00
9.271302942920268464e+00
nan
nan
8.940608979384510491e+00
7.626552692578544068e+00
6.533173200418021409e+00
4.312992182308733824e+00
5.533581702902294452e+00
5.635982188740068288e+00
4.643686145844503343e+00
8.673750243775138813e+00
6.981972150930851662e+00
4.643686145844503343e+00
5.533581702902294452e+00
7.430364212095982523e+00
6.957344637780604302e+00
7.103428621219224581e+00
4.738791177062115167e+00
4.974080296176699001e+00
nan
nan
nan
7.103428621219224581e+00
5.187590127574937426e+00
6.296256523912640013e+00
5.533581702902294452e+00
7.879163162608804782e+00
5.304774259712468520e+00
nan
4.738791177062115167e+00
nan
5.533581702902294452e+00
8.776354174286765897e+00
8.940608979384510491e+00
3.963260080346381997e+00
4.738791177062115167e+00
4.312992182308733824e+00
3.963260080346381997e+00
8.327555223773934756e+00
7.287738788112800847e+00
5.009982927303992639e+00
3.841600165384154497e+00
6.296256523912640013e+00
nan
nan
5.965862373580432809e+00
7.103428621219224581e+00
6.981972150930851662e+00
5.635168410044675724e+00
7.103428621219224581e+00
4.290399115896985194e+00
7.618432751648569479e+00
6.056705774261613939e+00
6.533173200418021409e+00
8.279520865516534656e+00
4.486858855944674929e+00
3.393208104219024079e+00
7.949126715184339886e+00
7.103428621219224581e+00
5.635982188740068288e+00
6.626950487448409532e+00
8.673750243775138813e+00
7.879163162608804782e+00
4.312992182308733824e+00
8.150151468176837000e+00
6.981972150930851662e+00
8.279520865516534656e+00
9.196874315134456523e+00
6.533173200418021409e+00
6.296256523912640013e+00
7.103428621219224581e+00
5.635982188740068288e+00
6.626950487448409532e+00
3.963260080346381997e+00
5.187590127574937426e+00
5.304774259712468520e+00
8.647008571645763197e+00
9.308429811295470202e+00
8.468440660414964682e+00
5.506681796026586362e+00
8.784831035697186152e+00
nan
6.902312258636746911e+00
5.644662494824333798e+00
7.683754553376003216e+00
4.459800714322644133e+00
7.214984117380247142e+00
5.328272119542136309e+00
5.157932415120379588e+00
4.597939647866722268e+00
7.683754553376003216e+00
7.600127489941820969e+00
5.644662494824333798e+00
5.328272119542136309e+00
3.762301952510231917e+00
7.214984117380247142e+00
9.253838823812417402e+00
7.600127489941820969e+00
5.644662494824333798e+00
4.543586012503173066e+00
4.111051333416438247e+00
6.167786566183643515e+00
6.898356389978550496e+00
5.506681796026586362e+00
nan
nan
8.297942721246895914e+00
6.691385341781945328e+00
9.253838823812417402e+00
5.506681796026586362e+00
7.738108188739555970e+00
6.112958226581098664e+00
9.344823802950838143e+00
7.738108188739555970e+00
7.683754553376003216e+00
6.553562877730528591e+00
4.597939647866722268e+00
4.543586012503173066e+00
5.855747646425454533e+00
7.738108188739555970e+00
nan
4.459800714322644133e+00
7.214984117380247142e+00
6.112958226581098664e+00
5.506681796026586362e+00
4.074815576507393899e+00
6.112958226581098664e+00
3.413236102111363746e+00
6.167786566183643515e+00
4.543586012503173066e+00
7.948876870848026854e+00
8.261706964337857784e+00
nan
5.855747646425454533e+00
6.691385341781945328e+00
nan
nan
nan
nan
8.297942721246895914e+00
5.644662494824333798e+00
4.543586012503173066e+00
4.808866564721512304e+00
5.644662494824333798e+00
4.543586012503173066e+00
3.413236102111363746e+00
6.167786566183643515e+00
3.758187849105721234e+00
4.111051333416438247e+00
6.691385341781945328e+00
nan
5.157932415120379588e+00
6.167786566183643515e+00
4.543586012503173066e+00
8.995757952551969083e+00
nan
6.112958226581098664e+00
8.297942721246895914e+00
6.167786566183643515e+00
4.543586012503173066e+00
8.995757952551969083e+00
6.691385341781945328e+00
5.328272119542136309e+00
6.553562877730528591e+00
5.644662494824333798e+00
6.898356389978550496e+00
8.647008571645763197e+00
7.738108188739555970e+00
8.468440660414964682e+00
4.808866564721512304e+00
8.784831035697186152e+00
8.468440660414964682e+00
5.157932415120379588e+00
7.214984117380247142e+00
7.683754553376003216e+00
7.600127489941820969e+00
5.644662494824333798e+00
6.112958226581098664e+00
9.344823802950838143e+00
8.784831035697186152e+00
nan
5.157932415120379588e+00
5.121538423465024081e+00
9.253838823812417402e+00
8.647008571645763197e+00
7.738108188739555970e+00
9.253838823812417402e+00
6.902312258636746911e+00
8.784831035697186152e+00
nan
7.600127489941820969e+00
4.074815576507393899e+00
6.112958226581098664e+00
7.600127489941820969e+00
nan
4.543586012503173066e+00
