-1.618309627587963595e+00
-2.709808253793192012e+00
2.465519081936894175e+00
-1.405832554125132638e-01
-2.709808253793192012e+00
-2.170035626623825209e+00
-2.357172813675695089e+00
3.766120538092820880e-02
-8.241812942156090394e-01
5.982799306752180080e-01
2.785486692734286507e+00
-7.658993270859459912e-02
2.075671217505510313e+00
1.215402422297862550e+00
-1.571908285505187575e+00
-8.794464415002387625e-01
4.303602870796545687e-01
1.717792090647315639e+00
9.675439810465018553e-01
1.215402422297862550e+00
1.418728420087997932e+00
5.982799306752180080e-01
2.785486692734286507e+00
3.213110443443908615e+00
9.675439810465018553e-01
1.215402422297862550e+00
-1.123244964774926746e+00
-1.405832554125132638e-01
-1.924766118574976925e+00
2.614983102325274089e+00
nan
-7.473809298372797727e-01
2.764582752496217211e+00
-1.987908763304411908e+00
-1.924766118574976925e+00
2.224737378507226637e-01
-1.405832554125132638e-01
4.303602870796545687e-01
-1.422444265116810991e+00
-1.618309627587963595e+00
-2.317465200273703285e+00
-6.747172738272295689e-01
-5.101823911289549152e-01
4.303602870796545687e-01
-7.658993270859459912e-02
-1.618309627587963595e+00
-3.550378763177910457e-01
1.418728420087997932e+00
-2.726771949392136740e+00
-2.709808253793192012e+00
2.465519081936894175e+00
1.706407167134226910e+00
nan
8.206010789693634067e-01
2.075671217505510313e+00
3.177829746253775234e+00
2.465519081936894175e+00
1.706407167134226910e+00
1.215402422297862550e+00
5.215374084100403707e-01
-2.357172813675695089e+00
-1.139723983356768722e+00
-1.571908285505187575e+00
-5.101823911289549152e-01
-3.550378763177910457e-01
3.213110443443908615e+00
-5.101823911289549152e-01
-1.532423065055487976e+00
-2.768162967742463287e+00
1.706407167134226910e+00
2.392787611035567252e+00
1.867391740818259649e+00
9.675439810465018553e-01
8.227033405991437398e-01
-1.721372305893564381e+00
1.337143116762943507e+00
4.303602870796545687e-01
1.867391740818259649e+00
-8.794464415002387625e-01
-2.709808253793192012e+00
-1.721372305893564381e+00
-1.405832554125132638e-01
2.000444557516078525e+00
-2.260539530969687405e-01
1.706407167134226910e+00
-3.550378763177910457e-01
-2.768162967742463287e+00
-1.618309627587963595e+00
4.303602870796545687e-01
-2.469099297183142916e+00
2.286807949587701394e-01
-7.473809298372797727e-01
-3.756536032679123061e-01
2.445270353221951964e+00
3.177829746253775234e+00
2.166455411377576468e+00
-5.101823911289549152e-01
-2.317465200273703285e+00
2.315919431765956382e+00
nan
nan
-8.241812942156090394e-01
-1.405832554125132638e-01
nan
-1.422444265116810991e+00
-1.987908763304411908e+00
-1.139723983356768722e+00
-2.020435976452882088e+00
5.982799306752180080e-01
4.303602870796545687e-01
2.914046772884590908e+00
5.982799306752180080e-01
nan
-1.123244964774926746e+00
-1.249045577216686631e+00
3.766120538092820880e-02
1.717792090647315639e+00
2.286807949587701394e-01
-3.550378763177910457e-01
7.287408767977954227e-02
-1.613585468127132216e-01
-3.132639032872877038e-01
-2.247327648963953983e+00
1.551201727714845546e+00
1.570742280388625289e+00
-1.461929485566508369e+00
-1.874436680510071174e+00
-7.319530420703319606e-01
-2.639670702483443154e+00
-1.613585468127132216e-01
-1.988020458419469394e+00
-2.845442968288045549e-01
4.093222583065432296e-01
3.148647457350777223e-01
1.081547848699080383e-01
nan
1.989621300867263187e+00
1.677883027127093918e+00
2.122400392003901182e+00
2.826999578433356142e+00
2.070582108825820278e+00
9.805209225955886509e-01
-2.406709597202517870e+00
-1.461929485566508369e+00
-1.874436680510071174e+00
-1.988020458419469394e+00
-1.854628567265234729e+00
1.551201727714845546e+00
1.989621300867263187e+00
1.081547848699080383e-01
4.093222583065432296e-01
2.198870929410991160e+00
5.004978383894038707e-01
-1.874436680510071174e+00
-3.132639032872877038e-01
-1.461929485566508369e+00
-1.303238016221015094e+00
2.617560068194035416e+00
5.004978383894038707e-01
-1.613585468127132216e-01
-1.778580948180152221e+00
-2.639670702483443154e+00
-7.325572111017693011e-01
-1.778580948180152221e+00
-1.461929485566508369e+00
nan
-1.778580948180152221e+00
2.070582108825820278e+00
nan
2.826999578433356142e+00
1.285539973607612296e+00
-7.325572111017693011e-01
-3.132639032872877038e-01
2.070582108825820278e+00
nan
-7.319530420703319606e-01
-1.069586432047026525e+00
2.122400392003901182e+00
9.428035130618535042e-01
8.931969200881302307e-01
-1.303238016221015094e+00
9.428035130618535042e-01
-1.854628567265234729e+00
1.551201727714845546e+00
-7.319530420703319606e-01
1.081547848699080383e-01
nan
-9.412026706140594889e-01
5.004978383894038707e-01
2.122400392003901182e+00
2.198870929410991160e+00
5.004978383894038707e-01
nan
1.152243023301170233e+00
1.081547848699080383e-01
-2.445117485629327625e+00
-9.412026706140594889e-01
-2.845442968288045549e-01
nan
3.036249206977084114e+00
2.070582108825820278e+00
-1.303238016221015094e+00
2.408310439650308332e+00
2.070582108825820278e+00
nan
5.241143742788052506e-01
nan
9.805209225955886509e-01
-2.197270086963197144e+00
-2.247327648963953983e+00
1.551201727714845546e+00
-7.319530420703319606e-01
8.931969200881302307e-01
9.805209225955886509e-01
-7.319530420703319606e-01
1.677883027127093918e+00
-7.325572111017693011e-01
1.570742280388625289e+00
-6.768873503483003873e-01
-1.874436680510071174e+00
1.570742280388625289e+00
nan
1.551201727714845546e+00
3.148647457350777223e-01
-6.768873503483003873e-01
nan
2.408310439650308332e+00
nan
1.551201727714845546e+00
-2.197270086963197144e+00
-2.247327648963953983e+00
-7.325572111017693011e-01
-1.988020458419469394e+00
1.285539973607612296e+00
nan
5.241143742788052506e-01
-1.461929485566508369e+00
nan
3.148647457350777223e-01
nan
-1.089880038263551620e+00
-1.592223777372874238e-01
6.229715320470279316e-01
-1.926890265855907280e-01
nan
-2.124497927127092733e+00
-6.414879770984209806e-01
-9.442645129554958494e-01
-1.339455791908884530e+00
-1.089880038263551620e+00
-1.729306648173710936e+00
2.585754884182170699e+00
1.601692996770315069e+00
1.410861892699135645e+00
1.015670613745747630e+00
nan
-1.592223777372874238e-01
nan
2.557030345795316961e-01
1.410861892699135645e+00
2.585754884182170699e+00
nan
nan
-1.732154873607603784e+00
-2.884262061619465634e+00
-2.121649701693193002e+00
1.015670613745747630e+00
2.050085057935445931e+00
2.195904027917344514e+00
2.193055802483451444e+00
nan
-9.442645129554958494e-01
1.015670613745747630e+00
-2.884262061619465634e+00
1.410861892699135645e+00
-1.620706031711871553e-01
-1.987071049941504519e+00
-1.592223777372874238e-01
6.229715320470279316e-01
-6.414879770984209806e-01
-1.729306648173710936e+00
1.408013667265236357e+00
7.045019850923623927e-01
-1.336607566474984576e+00
6.229715320470279316e-01
1.152894046257492811e+00
1.018518839179646918e+00
2.306284785275387605e-01
2.050085057935445931e+00
2.334767039614389361e-01
-1.339455791908884530e+00
nan
-1.336607566474984576e+00
-5.547696848699068539e-01
2.557030345795316961e-01
6.258197574809276631e-01
6.229715320470279316e-01
2.050085057935445931e+00
1.410861892699135645e+00
6.229715320470279316e-01
-1.987071049941504519e+00
2.334767039614389361e-01
1.408013667265236357e+00
2.498884008448276184e+00
2.195904027917344514e+00
1.408013667265236357e+00
7.045019850923623927e-01
-5.515654312567761508e-01
2.193055802483451444e+00
-2.884262061619465634e+00
-2.121649701693193002e+00
1.408013667265236357e+00
2.557030345795316961e-01
1.803204946218624372e+00
-5.547696848699068539e-01
-1.089880038263551620e+00
1.410861892699135645e+00
-9.471127383893955809e-01
-2.435870000454334772e+00
-5.515654312567761508e-01
-2.909540062345307820e+00
-1.538678988776374101e+00
6.258197574809276631e-01
2.193055802483451444e+00
-1.089880038263551620e+00
-5.515654312567761508e-01
-5.547696848699068539e-01
-1.538678988776374101e+00
1.410861892699135645e+00
-5.547696848699068539e-01
-1.538678988776374101e+00
2.980946163135559601e+00
1.408013667265236357e+00
-1.089880038263551620e+00
-1.592223777372874238e-01
2.306284785275387605e-01
7.045019850923623927e-01
-9.442645129554958494e-01
-2.517197008825819093e+00
2.557030345795316961e-01
6.258197574809276631e-01
2.306284785275387605e-01
2.947276069613407046e+00
2.334767039614389361e-01
-2.124497927127092733e+00
1.601692996770315069e+00
1.018518839179646918e+00
2.306284785275387605e-01
nan
-2.514348783391919362e+00
-9.471127383893955809e-01
1.601692996770315069e+00
2.980946163135559601e+00
nan
nan
nan
nan
2.557030345795316961e-01
1.018518839179646918e+00
1.408013667265236357e+00
1.525360555141851648e+00
2.820474552893879938e+00
2.881860782175516889e+00
2.692931387927077758e-01
-6.056817145008364101e-01
-1.949167742244242385e+00
2.153679085859802278e+00
nan
-4.996400906541693665e-01
nan
-2.888922794147650741e+00
-9.829620373602940830e-01
-2.870590579536739906e+00
-1.176362519620092639e+00
-4.996400906541693665e-01
-9.867742775564249946e-01
-1.747043324739348868e+00
1.432771319113736119e+00
nan
-1.747043324739348868e+00
9.494493724076114027e-01
-1.614523163187607135e+00
-3.448305021179054464e-02
4.665656142297787135e-01
nan
nan
nan
8.976116695106695076e-01
5.367156140772655348e-01
-9.829620373602940830e-01
-1.614523163187607135e+00
nan
-1.949167742244242385e+00
-9.867742775564249946e-01
1.107396419196521542e+00
1.915655077291567920e+00
2.781427971490984419e+00
nan
-2.915373447128190687e+00
2.781427971490984419e+00
nan
-4.996400906541693665e-01
nan
-6.056817145008364101e-01
1.432771319113736119e+00
2.692931387927077758e-01
1.678595083485567407e+00
1.432771319113736119e+00
-2.242841693905558209e+00
1.107396419196521542e+00
4.665656142297787135e-01
-3.584557468384632628e-01
-3.448305021179054464e-02
-4.996400906541693665e-01
nan
-2.888922794147650741e+00
-1.949167742244242385e+00
2.692931387927077758e-01
nan
-1.466283984066410140e+00
1.525360555141851648e+00
1.678595083485567407e+00
9.494493724076114027e-01
-3.584557468384632628e-01
5.367156140772655348e-01
4.665656142297787135e-01
-9.867742775564249946e-01
2.820474552893879938e+00
nan
nan
nan
-2.915373447128190687e+00
-1.614523163187607135e+00
-2.318241989028394734e+00
4.665656142297787135e-01
-3.584557468384632628e-01
5.367156140772655348e-01
9.494493724076114027e-01
1.525360555141851648e+00
nan
-2.915373447128190687e+00
-2.870590579536739906e+00
1.107396419196521542e+00
nan
-2.242841693905558209e+00
nan
-9.829620373602940830e-01
-1.614523163187607135e+00
-3.448305021179054464e-02
4.665656142297787135e-01
2.153679085859802278e+00
-1.176362519620092639e+00
-1.466283984066410140e+00
-2.242841693905558209e+00
-1.176362519620092639e+00
-4.996400906541693665e-01
nan
nan
nan
2.153679085859802278e+00
2.249275888604823415e+00
1.432771319113736119e+00
nan
nan
-2.915373447128190687e+00
-2.870590579536739906e+00
-1.176362519620092639e+00
-4.996400906541693665e-01
nan
nan
1.432771319113736119e+00
2.153679085859802278e+00
5.367156140772655348e-01
-1.466283984066410140e+00
-9.867742775564249946e-01
-6.056817145008364101e-01
-9.829620373602940830e-01
2.692931387927077758e-01
-6.056817145008364101e-01
2.398977023997684199e+00
3.111084934063820917e+00
nan
-4.344321602877077027e-01
1.633358561888363703e+00
-6.085299399347423588e-01
-2.397215512422850470e+00
-1.322094182462542955e+00
1.484915753980489583e+00
-1.612173377204642044e+00
1.264094511517080299e+00
4.381929070228784973e-01
-8.271312419864269572e-01
8.944953758006390920e-01
-8.540586857542376009e-02
-4.344321602877077027e-01
-2.060957368550274449e+00
4.381929070228784973e-01
-1.219474295505915684e+00
1.556321897129073761e-01
9.613169783821966519e-01
1.920694245366924235e+00
-5.832309963748176784e-01
-2.178851562490655702e+00
2.313037298886412962e+00
-1.322094182462542955e+00
-8.540586857542376009e-02
-2.004516430724130771e+00
2.002957697604812459e+00
2.008039825339808182e+00
7.429530284499894499e-01
-2.060957368550274449e+00
-2.702450338088948190e+00
-1.612173377204642044e+00
-2.060957368550274449e+00
2.008039825339808182e+00
7.429530284499894499e-01
-1.691358232833826358e+00
2.531163896699126781e+00
1.135652110148716254e+00
-9.524950467461015258e-01
2.008039825339808182e+00
-4.208910676821853158e-02
-9.524950467461015258e-01
3.054762672297419712e+00
1.527995163668204981e+00
-5.832309963748176784e-01
-6.085299399347423588e-01
-4.344321602877077027e-01
-2.136318606583698099e-01
-1.655252786892353667e+00
-2.004516430724130771e+00
-2.430221418921558296e+00
2.008039825339808182e+00
-8.271312419864269572e-01
1.264094511517080299e+00
1.484915753980489583e+00
-1.612173377204642044e+00
-5.832309963748176784e-01
-1.132128715533035068e+00
-8.271312419864269572e-01
3.111084934063820917e+00
1.484915753980489583e+00
3.098079434104628049e+00
1.556321897129073761e-01
-1.132128715533035068e+00
2.705736380585139322e+00
8.944953758006390920e-01
1.484915753980489583e+00
1.135652110148716254e+00
5.252313254293552447e-01
-1.132128715533035068e+00
-2.004516430724130771e+00
2.372221747976095862e+00
4.381929070228784973e-01
-2.004516430724130771e+00
3.111084934063820917e+00
1.484915753980489583e+00
-1.219474295505915684e+00
-1.691358232833826358e+00
-6.085299399347423588e-01
1.527995163668204981e+00
-1.322094182462542955e+00
-1.132128715533035068e+00
3.502539467512701954e-01
1.633358561888363703e+00
-8.540586857542376009e-02
-1.612173377204642044e+00
1.633358561888363703e+00
9.613169783821966519e-01
-4.208910676821853158e-02
-9.524950467461015258e-01
-2.178851562490655702e+00
-2.397215512422850470e+00
-9.524950467461015258e-01
-2.178851562490655702e+00
2.705736380585139322e+00
2.002957697604812459e+00
-1.655252786892353667e+00
-1.612173377204642044e+00
1.264094511517080299e+00
2.008039825339808182e+00
1.920694245366924235e+00
1.633358561888363703e+00
4.381929070228784973e-01
-8.271312419864269572e-01
-5.832309963748176784e-01
-6.085299399347423588e-01
-4.208910676821853158e-02
1.556321897129073761e-01
-1.655252786892353667e+00
1.920694245366924235e+00
-2.430221418921558296e+00
2.008039825339808182e+00
7.429530284499894499e-01
2.002957697604812459e+00
9.613169783821966519e-01
-4.344321602877077027e-01
1.556321897129073761e-01
nan
1.135652110148716254e+00
7.766570294177790323e-01
2.497569442863396993e+00
-4.036768029582105122e-01
nan
-2.333459081556362058e+00
2.977824069871475743e+00
-2.014603895802517641e+00
-1.367253376672413756e+00
-2.819410159432240270e+00
-6.189734331923690824e-01
-4.010476717884565723e-01
-8.869987496643352287e-01
nan
1.531363737979448914e+00
nan
-1.317105133990104981e+00
5.651580330954915077e-01
1.045412660103569813e+00
-2.712735596600253540e+00
-2.333459081556362058e+00
1.528296418281402502e+00
7.766570294177790323e-01
-4.010476717884565723e-01
2.011618364987518781e+00
1.474155791230203683e+00
1.531363737979448914e+00
1.045412660103569813e+00
nan
2.014685684685564304e+00
nan
2.172287492027940026e+00
8.227427491765926248e-02
-1.853204454548283531e+00
nan
1.531363737979448914e+00
nan
nan
-1.850137134850237564e+00
-4.036768029582105122e-01
2.172287492027940026e+00
5.651580330954915077e-01
-1.853204454548283531e+00
-6.189734331923690824e-01
-1.367253376672413756e+00
5.625289019257380119e-01
-2.712735596600253540e+00
-4.010476717884565723e-01
-4.036768029582105122e-01
7.852532862005556780e-02
-4.010476717884565723e-01
2.977824069871475743e+00
7.852532862005556780e-02
1.531363737979448914e+00
2.011618364987518781e+00
1.474155791230203683e+00
5.651580330954915077e-01
-4.036768029582105122e-01
nan
-1.367253376672413756e+00
-8.869987496643352287e-01
7.852532862005556780e-02
-1.367253376672413756e+00
5.625289019257380119e-01
-6.189734331923690824e-01
-2.333459081556362058e+00
2.494940311693643054e+00
-2.712735596600253540e+00
1.531363737979448914e+00
nan
7.852532862005556780e-02
-4.010476717884565723e-01
2.494940311693643054e+00
1.474155791230203683e+00
1.048479979801616224e+00
7.920695521962173302e-02
-2.014603895802517641e+00
-1.367253376672413756e+00
-2.819410159432240270e+00
-2.014603895802517641e+00
-2.816342839734194303e+00
2.494940311693643054e+00
nan
-1.850137134850237564e+00
-1.369882507842167474e+00
-6.189734331923690824e-01
1.048479979801616224e+00
-2.336088212726115998e+00
1.474155791230203683e+00
nan
-1.369882507842167474e+00
2.172287492027940026e+00
nan
7.920695521962173302e-02
-2.014603895802517641e+00
8.227427491765926248e-02
7.920695521962173302e-02
-1.317105133990104981e+00
1.531363737979448914e+00
nan
2.172287492027940026e+00
2.014685684685564304e+00
1.528296418281402502e+00
-1.317105133990104981e+00
-4.010476717884565723e-01
-1.369882507842167474e+00
nan
5.651580330954915077e-01
nan
nan
-2.816342839734194303e+00
-8.869987496643352287e-01
-1.317105133990104981e+00
5.651580330954915077e-01
1.045412660103569813e+00
-2.014603895802517641e+00
-1.850137134850237564e+00
1.528296418281402502e+00
7.852532862005556780e-02
2.980891389569521266e+00
1.045412660103569813e+00
-2.284235903544894697e+00
7.000499612548383155e-02
2.916796358476623219e+00
-7.143889852279645680e-01
1.519532647715556628e+00
6.183875537095850916e-02
-1.237513056587273841e+00
2.485738352599513590e+00
1.774916889068319570e+00
1.902655484285569187e+00
2.002416405893389317e+00
2.345597694187565807e+00
8.559326373279487754e-01
5.533269428316085481e-01
6.330374196600052628e-01
-2.284235903544894697e+00
1.036210701009441237e+00
6.183875537095850916e-02
3.323338617296562880e-01
-8.962007087584646925e-01
-1.650721519156612471e+00
-1.907902096296623107e-01
-8.962007087584646925e-01
-1.650721519156612471e+00
3.323338617296562880e-01
-4.128787620523484136e-01
-1.080040714037355576e+00
nan
-4.128787620523484136e-01
nan
-7.143889852279645680e-01
-1.862406413642421432e+00
2.345597694187565807e+00
3.323338617296562880e-01
-8.962007087584646925e-01
2.916796358476623219e+00
-2.284235903544894697e+00
-1.862406413642421432e+00
-1.650721519156612471e+00
8.559326373279487754e-01
nan
6.183875537095850916e-02
1.902655484285569187e+00
5.533269428316085481e-01
6.183875537095850916e-02
nan
-2.345290171820245462e+00
-5.088420497482983862e-01
1.379056708687267374e+00
2.968622110777337397e+00
1.203718224779262158e+00
nan
-1.862406413642421432e+00
6.330374196600052628e-01
1.902655484285569187e+00
2.968622110777337397e+00
nan
-7.143889852279645680e-01
-1.379084466936296938e+00
-2.221920183445659447e+00
2.949378331243180718e+00
2.002416405893389317e+00
1.774916889068319570e+00
-1.907902096296623107e-01
-1.379084466936296938e+00
-2.792600988564916342e+00
3.323338617296562880e-01
1.519532647715556628e+00
nan
nan
-2.828612118526369734e+00
nan
-1.761111832185575876e+00
5.533269428316085481e-01
2.916796358476623219e+00
2.949378331243180718e+00
1.519532647715556628e+00
6.330374196600052628e-01
1.379056708687267374e+00
5.533269428316085481e-01
6.183875537095850916e-02
-1.761111832185575876e+00
2.968622110777337397e+00
2.916796358476623219e+00
-1.907902096296623107e-01
1.519532647715556628e+00
-5.088420497482983862e-01
8.559326373279487754e-01
5.533269428316085481e-01
6.183875537095850916e-02
nan
-2.345290171820245462e+00
nan
-2.284235903544894697e+00
-8.962007087584646925e-01
1.203718224779262158e+00
nan
-2.828612118526369734e+00
-2.221920183445659447e+00
3.323338617296562880e-01
1.519532647715556628e+00
2.916796358476623219e+00
-1.761111832185575876e+00
1.519532647715556628e+00
6.183875537095850916e-02
-1.907902096296623107e-01
-8.962007087584646925e-01
-1.080040714037355576e+00
8.559326373279487754e-01
5.533269428316085481e-01
6.183875537095850916e-02
nan
-2.828612118526369734e+00
-1.080040714037355576e+00
-1.237513056587273841e+00
-4.128787620523484136e-01
6.183875537095850916e-02
8.559326373279487754e-01
nan
-2.792600988564916342e+00
-2.872797052910855076e+00
1.726540211622864085e+00
2.212732293189293209e+00
-2.236813550961926467e+00
1.202941436024562272e+00
-1.346030445618797255e+00
-4.878589206023651315e-01
nan
nan
-5.673208048594782227e-01
-8.900295536516864559e-01
-2.602097861967936687e+00
2.692058589142287239e+00
-8.900295536516864559e-01
2.212732293189293209e+00
1.481245813465630334e-01
1.726540211622864085e+00
1.166104387079474058e+00
-2.316275435219036893e+00
nan
-2.602097861967936687e+00
3.010050340116751322e+00
2.250138987221165898e+00
-9.273413068357534428e-01
1.817617327449011277e+00
-2.460351176207599799e+00
7.474152482964302457e-01
-2.316275435219036893e+00
-8.900295536516864559e-01
-8.996302926965782376e-02
1.738083336218889663e+00
2.250138987221165898e+00
-2.994025395089785491e-01
1.022637950012848407e+00
-1.936752400609297986e+00
9.566648768401533331e-01
-2.395809426449158508e+00
nan
-1.346030445618797255e+00
-1.044308431321174568e+00
-3.669054822923585313e-01
1.584793525862518315e+00
-1.680364040243117252e+00
nan
2.840860942211657303e+00
2.135609078423478024e+00
1.566932933059432820e-01
-8.996302926965782376e-02
1.261095709757193539e+00
-3.669054822923585313e-01
-1.346030445618797255e+00
-1.759825924500227678e+00
nan
1.192865992740657077e-01
-1.123842422551296405e+00
1.566932933059432820e-01
-9.273413068357534428e-01
-1.044308431321174568e+00
1.566932933059432820e-01
3.050110570755380834e+00
1.658621451961779236e+00
2.250138987221165898e+00
2.631421431972337466e+00
2.374066838167820492e+00
-2.460351176207599799e+00
-2.994025395089785491e-01
7.045740920653722483e-01
6.798173646652525548e-01
1.375354015623204695e+00
-5.673208048594782227e-01
-1.936752400609297986e+00
-2.392848233424206050e+00
3.169046215603983363e+00
nan
-2.183408723184885325e+00
6.251122078082618216e-01
-2.460351176207599799e+00
-2.811537372207249863e+00
2.533062713655052534e+00
-8.900295536516864559e-01
-1.974159094641161794e+00
1.658621451961779236e+00
-1.413628329249970061e+00
-8.996302926965782376e-02
9.431039587827263482e-01
1.726540211622864085e+00
3.285362278177892392e-01
-2.872797052910855076e+00
1.202941436024562272e+00
2.003482664645569677e+00
-4.083249293722461815e-01
-1.413628329249970061e+00
1.192865992740657077e-01
7.841080832954943070e-01
nan
3.285362278177892392e-01
-2.493290538850114757e-01
-1.936752400609297986e+00
-1.974159094641161794e+00
2.215070962680588451e+00
2.250138987221165898e+00
-9.273413068357534428e-01
2.276585725766846480e-01
6.798173646652525548e-01
3.050110570755380834e+00
1.022637950012848407e+00
1.726540211622864085e+00
1.584793525862518315e+00
-1.600830049012995415e+00
-8.900295536516864559e-01
-8.996302926965782376e-02
7.045740920653722483e-01
-1.936752400609297986e+00
1.794043154406248952e+00
-9.040528537079106641e-02
2.250138987221165898e+00
1.192865992740657077e-01
2.276585725766846480e-01
-8.900295536516864559e-01
-8.996302926965782376e-02
nan
nan
-4.968162090273930964e-01
-3.532457136271371922e-02
-2.566791580005105544e-01
-4.968162090273930964e-01
-2.783150058716071573e+00
-6.751784150879580615e-01
-2.590578372435277110e+00
-2.783150058716071573e+00
5.806991195655859528e-01
8.988142535827554624e-01
1.534759699073710237e+00
-1.094057435566599512e+00
1.596945954380490917e+00
-1.213065788279648061e+00
2.674334695176406207e+00
nan
1.534759699073710237e+00
1.621998624781308962e-01
2.013154917703303681e-01
1.142060617374983877e+00
5.806991195655859528e-01
-2.590578372435277110e+00
1.142060617374983877e+00
1.836956417610316805e+00
2.013154917703303681e-01
-3.532457136271371922e-02
-2.349934970220143526e+00
8.988142535827554624e-01
-1.213065788279648061e+00
5.806991195655859528e-01
-1.194314970839817747e+00
1.534759699073710237e+00
1.418077397131675355e+00
-1.194314970839817747e+00
1.927102752593191859e+00
1.836956417610316805e+00
-4.968162090273930964e-01
-8.203667065809288061e-01
2.255455674697771862e+00
8.988142535827554624e-01
-1.998107923497863370e+00
-2.566791580005105544e-01
-1.892446671637553646e+00
1.142060617374983877e+00
5.806991195655859528e-01
2.294444716192916012e+00
-1.605408841799137010e+00
1.621998624781308962e-01
-1.892446671637553646e+00
-1.998107923497863370e+00
2.255455674697771862e+00
1.596945954380490917e+00
1.534759699073710237e+00
9.995781400442202980e-01
2.992576416990639920e+00
3.570184821567754518e-01
5.806991195655859528e-01
nan
-4.280236530614400792e-01
-1.094057435566599512e+00
-1.194314970839817747e+00
-8.203667065809288061e-01
2.674334695176406207e+00
nan
3.570184821567754518e-01
-1.512556692654054569e+00
nan
7.497175638554947064e-01
-1.512556692654054569e+00
2.992576416990639920e+00
2.319801834291918219e+00
5.806991195655859528e-01
2.013154917703303681e-01
-4.280236530614400792e-01
3.092833952263860375e+00
nan
-1.605408841799137010e+00
1.836956417610316805e+00
2.013154917703303681e-01
-1.998107923497863370e+00
1.836956417610316805e+00
8.988142535827554624e-01
-1.605408841799137010e+00
3.092833952263860375e+00
2.992576416990639920e+00
2.712144887811406946e+00
5.806991195655859528e-01
2.013154917703303681e-01
1.142060617374983877e+00
1.621998624781308962e-01
8.988142535827554624e-01
-1.213065788279648061e+00
1.621998624781308962e-01
-1.194314970839817747e+00
3.570184821567754518e-01
-1.512556692654054569e+00
nan
-3.532457136271371922e-02
-1.094057435566599512e+00
-1.194314970839817747e+00
-4.280236530614400792e-01
2.255455674697771862e+00
2.992576416990639920e+00
-1.213065788279648061e+00
1.621998624781308962e-01
-1.194314970839817747e+00
1.142060617374983877e+00
nan
nan
-1.605408841799137010e+00
2.255455674697771862e+00
nan
2.712144887811406946e+00
5.806991195655859528e-01
-4.968162090273930964e-01
nan
-1.094057435566599512e+00
nan
nan
-1.861342241502284223e+00
nan
nan
-9.641512298243246626e-01
nan
2.168489858116079638e+00
8.302307935315869081e-01
5.898609113779595958e-01
1.383091694718627807e+00
3.814318430187570996e-01
5.898609113779595958e-01
-2.541762953193191787e+00
2.175813866374668670e+00
nan
-1.757076846154215000e+00
-9.641512298243246626e-01
-1.764909466097436930e+00
-9.716786827567633900e-01
nan
nan
-9.716786827567633900e-01
-1.861342241502284223e+00
-1.948251956610187463e-01
-1.869925757177863801e-01
-9.641512298243246626e-01
nan
nan
8.302307935315869081e-01
nan
-1.757076846154215000e+00
-1.412950180337154249e+00
-2.549595573136415272e+00
nan
-5.157591686591946889e-01
2.945343345211830943e+00
nan
-9.641512298243246626e-01
nan
-9.716786827567633900e-01
nan
1.375259074775398993e+00
2.953175965155042881e+00
nan
-9.795113026999975325e-01
nan
2.175813866374668670e+00
nan
-2.541762953193191787e+00
2.624612816887490041e+00
nan
nan
-9.641512298243246626e-01
nan
nan
-2.310141192015105815e+00
5.898609113779595958e-01
-2.541762953193191787e+00
1.278622854696708444e+00
nan
1.383091694718627807e+00
8.302307935315869081e-01
1.375259074775398993e+00
1.383091694718627807e+00
-9.641512298243246626e-01
-1.948251956610187463e-01
-1.869925757177863801e-01
-1.412950180337154249e+00
2.160657238172852601e+00
1.383091694718627807e+00
3.814318430187570996e-01
-1.948251956610187463e-01
-9.716786827567633900e-01
3.814318430187570996e-01
2.160657238172852601e+00
1.383091694718627807e+00
2.624612816887490041e+00
2.160657238172852601e+00
2.953175965155042881e+00
8.302307935315869081e-01
5.898609113779595958e-01
-9.716786827567633900e-01
1.278622854696708444e+00
-9.795113026999975325e-01
nan
-9.641512298243246626e-01
nan
nan
3.073004878052620015e+00
nan
-9.716786827567633900e-01
-1.861342241502284223e+00
5.898609113779595958e-01
nan
8.302307935315869081e-01
nan
-1.757076846154215000e+00
3.073004878052620015e+00
nan
-1.869925757177863801e-01
-5.157591686591946889e-01
-1.764909466097436930e+00
1.383091694718627807e+00
-6.696021814637287406e-02
-9.795113026999975325e-01
2.168489858116079638e+00
2.175813866374668670e+00
-1.948251956610187463e-01
-1.757076846154215000e+00
nan
nan
nan
-9.641512298243246626e-01
5.898609113779595958e-01
-2.541762953193191787e+00
-9.641512298243246626e-01
-9.795113026999975325e-01
nan
-2.310141192015105815e+00
2.160657238172852601e+00
7.420036199720287939e-01
-3.886469364377904689e-01
-1.774489860738727165e+00
-8.283180025838845495e-01
-1.016395822068972610e+00
-6.141172704136899085e-02
-3.047192269855916180e-01
-1.644714352786923239e+00
-1.774489860738727165e+00
-1.351442073943202926e+00
1.495739010629304033e+00
nan
-2.398639625139797893e+00
-1.016395822068972610e+00
5.092690780778870163e-01
-8.283180025838845495e-01
-3.886469364377904689e-01
5.092690780778870163e-01
nan
8.674204799113534037e-01
nan
-2.921763696499116492e+00
-1.016395822068972610e+00
-2.916369330147039474e+00
2.311850538288958923e+00
1.495739010629304033e+00
1.080467742366932882e+00
-2.921763696499116492e+00
nan
-2.345170665857983394e+00
7.420036199720287939e-01
2.396715942801712629e-01
-6.141172704136899085e-02
1.265127691331347393e+00
nan
-1.774489860738727165e+00
nan
nan
nan
1.788726466929640324e+00
nan
-1.774489860738727165e+00
nan
nan
-2.345170665857983394e+00
2.834974609648277522e+00
nan
1.080467742366932882e+00
-1.875040849541504961e+00
2.123487896260486174e+00
1.080467742366932882e+00
2.311850538288958923e+00
nan
1.080467742366932882e+00
nan
-2.272463238418105380e+00
5.092690780778870163e-01
nan
-1.016395822068972610e+00
nan
-8.283180025838845495e-01
2.396715942801712629e-01
1.651148547486188889e+00
nan
nan
2.221829352605445784e+00
-8.283180025838845495e-01
2.396715942801712629e-01
2.221829352605445784e+00
1.265127691331347393e+00
2.751236781891668315e+00
nan
2.184048443737269807e-01
1.495739010629304033e+00
2.221829352605445784e+00
2.184048443737269807e-01
-3.886469364377904689e-01
-1.203291196449681077e+00
-3.047192269855916180e-01
nan
nan
1.788726466929640324e+00
2.396715942801712629e-01
-1.203291196449681077e+00
2.311850538288958923e+00
nan
-2.345170665857983394e+00
-3.047192269855916180e-01
2.396715942801712629e-01
5.092690780778870163e-01
2.834974609648277522e+00
nan
-2.916369330147039474e+00
nan
-3.886469364377904689e-01
nan
2.184048443737269807e-01
2.396715942801712629e-01
-6.141172704136899085e-02
7.420036199720287939e-01
nan
-1.774489860738727165e+00
-1.875040849541504961e+00
-1.644714352786923239e+00
-6.326103913304250703e-01
-3.047192269855916180e-01
-3.886469364377904689e-01
5.092690780778870163e-01
nan
-1.016395822068972610e+00
nan
2.834974609648277522e+00
nan
-6.326103913304250703e-01
nan
-3.886469364377904689e-01
2.793028016894491650e+00
nan
nan
nan
-3.533349240234517907e-03
1.552094588352434634e+00
nan
7.353298368474971980e-01
2.527145024740202750e-01
-2.144067455190654670e-01
3.657307011310488853e-01
-1.046665583404401856e+00
2.533418741834282173e+00
-1.481594806760849314e+00
1.118967893059629404e+00
-6.067497990385470885e-01
1.843457073306505656e+00
2.527145024740202750e-01
-9.994488807372730044e-01
-7.423965353279595725e-01
-8.302004504281357278e-01
1.355677524917348720e+00
1.843457073306505656e+00
-8.302004504281357278e-01
5.706353896991416264e-01
-3.533349240234517907e-03
3.067939807207122449e+00
1.355677524917348720e+00
-2.958986093591141397e+00
2.418347978938051313e+00
-2.144067455190654670e-01
-2.220122907503416343e+00
1.118967893059629404e+00
-2.144067455190654670e-01
-1.850858857132132940e+00
-1.263327145720940736e+00
-2.569533151173701402e+00
-1.111995671044407885e+00
1.985221283645238977e+00
1.748376606616075080e+00
-3.731324849566761692e-01
-1.912918973990015203e+00
-6.067497990385470885e-01
1.474193022935222253e+00
-1.696453841013745523e+00
5.706353896991416264e-01
1.843457073306505656e+00
3.605294015748139458e-02
-1.391791934256768171e+00
nan
-3.970737551353233918e-01
nan
2.951919395110678579e+00
1.118967893059629404e+00
1.355677524917348720e+00
1.104593887218780601e+00
2.527145024740202750e-01
-2.144067455190654670e-01
2.212721123677789059e+00
3.067939807207122449e+00
2.533418741834282173e+00
-3.533349240234517907e-03
6.856447684265520870e-01
2.140719660135570024e+00
3.657307011310488853e-01
2.527145024740202750e-01
5.706353896991416264e-01
3.657307011310488853e-01
1.335433026035895310e+00
-9.994488807372730044e-01
1.843457073306505656e+00
-1.804121928187925050e-01
-2.961876204693183023e+00
-3.533349240234517907e-03
1.118967893059629404e+00
-1.391791934256768171e+00
-7.423965353279595725e-01
-2.779172364575628773e+00
-2.144067455190654670e-01
-1.481594806760849314e+00
1.985221283645238977e+00
1.748376606616075080e+00
nan
-2.995833926892163657e+00
-9.994488807372730044e-01
2.212721123677789059e+00
2.634813111914317219e+00
1.355677524917348720e+00
-1.850858857132132940e+00
-2.129580536306550087e+00
-1.784491015955480098e+00
-2.958986093591141397e+00
-6.135388881115972914e-01
1.355677524917348720e+00
-3.533349240234517907e-03
-1.479988708037475620e+00
1.355677524917348720e+00
-2.589722043219857994e+00
2.201686416621512876e+00
2.925761795353778005e+00
-7.423965353279595725e-01
-2.129580536306550087e+00
-9.994488807372730044e-01
-2.958986093591141397e+00
1.985221283645238977e+00
1.779363080004157105e-01
1.474193022935222253e+00
-1.912918973990015203e+00
1.779363080004157105e-01
-3.533349240234517907e-03
6.856447684265520870e-01
-2.569533151173701402e+00
-3.533349240234517907e-03
6.856447684265520870e-01
-9.994488807372730044e-01
2.212721123677789059e+00
2.527145024740202750e-01
-9.994488807372730044e-01
7.353298368474971980e-01
-8.302004504281357278e-01
2.533418741834282173e+00
-1.850858857132132940e+00
2.634813111914317219e+00
nan
1.681759778412126316e+00
4.148944229735866962e-01
-9.100349465802590743e-01
2.379258540224551410e+00
-5.899595101057242275e-01
-4.616428854151291006e-01
-4.120023849957576978e-01
-1.846140855472215625e+00
1.332739137940782470e+00
nan
-2.348567822011868866e+00
-9.100349465802590743e-01
-1.109501146808182792e+00
6.659939772260594637e-01
-1.358833897093080889e+00
9.836280776143899729e-01
2.173274876845024295e+00
-1.284393490229929213e-02
-1.109501146808182792e+00
-8.753254356606632314e-02
-9.100349465802590743e-01
2.379258540224551410e+00
6.659939772260594637e-01
-9.100349465802590743e-01
-1.109501146808182792e+00
-1.594813443185030710e+00
-9.100349465802590743e-01
nan
-1.594813443185030710e+00
-2.704416969936162651e+00
2.861293158019782013e-01
-2.097240409724688615e+00
1.332739137940782470e+00
2.861293158019782013e-01
2.424602289132208988e+00
1.781131199105911556e+00
nan
-1.343713888932562384e+00
4.355481262628302375e-01
3.077390241022274431e+00
1.670847910305370831e+00
-1.807225958258210863e+00
1.681759778412126316e+00
2.173274876845024295e+00
4.355481262628302375e-01
-1.807632847605906257e+00
2.675701843384681311e+00
4.355481262628302375e-01
2.861293158019782013e-01
9.173213895132446005e-01
1.781131199105911556e+00
-4.120023849957576978e-01
2.424602289132208988e+00
-9.100349465802590743e-01
nan
6.659939772260594637e-01
nan
2.861293158019782013e-01
-2.097240409724688615e+00
-2.704416969936162651e+00
2.379258540224551410e+00
-3.388599558532514600e-01
1.332739137940782470e+00
9.836280776143899729e-01
-8.753254356606632314e-02
-1.807225958258210863e+00
-4.120023849957576978e-01
3.178128809924334774e+00
nan
nan
-2.097240409724688615e+00
4.355481262628302375e-01
-1.109501146808182792e+00
-2.599667376264341634e+00
-2.704416969936162651e+00
-4.120023849957576978e-01
-8.753254356606632314e-02
1.781131199105911556e+00
nan
-2.850994788551526771e+00
-4.616428854151291006e-01
nan
-1.846140855472215625e+00
1.781131199105911556e+00
2.861293158019782013e-01
-1.594813443185030710e+00
2.678729100131564067e+00
2.861293158019782013e-01
2.927029255671862451e+00
4.355481262628302375e-01
nan
1.670847910305370831e+00
nan
-4.120023849957576978e-01
-8.753254356606632314e-02
2.229930149618733815e+00
nan
1.922175322592551083e+00
2.229930149618733815e+00
nan
-2.850994788551526771e+00
-4.616428854151291006e-01
-4.120023849957576978e-01
-8.412869223929044793e-01
-1.358833897093080889e+00
-1.109501146808182792e+00
-2.348567822011868866e+00
-4.616428854151291006e-01
9.836280776143899729e-01
4.148944229735866962e-01
-9.100349465802590743e-01
2.379258540224551410e+00
2.173274876845024295e+00
1.332739137940782470e+00
-2.505131609418330907e+00
-1.092386476645377469e+00
4.355481262628302375e-01
-1.109501146808182792e+00
-1.846140855472215625e+00
2.678729100131564067e+00
-4.847615983526170069e-01
7.585794289624470110e-02
9.377975410871166595e-01
nan
nan
nan
9.424582736153195306e-01
5.242500040613751189e-01
-2.040819283211856572e-01
1.228057605759842907e+00
1.870239966252158048e+00
-1.345961397729492637e+00
-7.703609304971452687e-01
-2.615715092137622211e+00
1.508737275791277810e+00
3.226217212431930825e+00
nan
-4.894223308808136608e-01
-1.994211957929885592e-01
-2.615715092137622211e+00
6.524571385274935409e-01
9.424582736153195306e-01
5.242500040613751189e-01
8.125847423844234640e-02
-7.703609304971452687e-01
-8.217399581294082545e-01
8.125847423844234640e-02
nan
-1.270132019294538894e+00
nan
3.226217212431930825e+00
nan
-1.631301800289120640e+00
3.715185389111628211e-01
3.215823039095242031e+00
nan
1.798738410879098915e+00
5.242500040613751189e-01
-1.345961397729492637e+00
1.228057605759842907e+00
3.215823039095242031e+00
2.935957147759203245e+00
-2.197580802465076477e+00
-3.729410076165859955e-01
1.794336607935795413e+00
1.513398008319470911e+00
nan
-1.631301800289120640e+00
2.369937075168150997e+00
9.730489545741978219e-01
-1.345961397729492637e+00
3.715185389111628211e-01
-1.718524080459669312e+00
1.508737275791277810e+00
3.715185389111628211e-01
9.730489545741978219e-01
6.524571385274935409e-01
3.715185389111628211e-01
-1.270132019294538894e+00
-1.916901132433643795e+00
-1.994211957929885592e-01
nan
-2.773440199282322993e+00
-4.847615983526170069e-01
-1.718524080459669312e+00
2.650616745199579682e+00
1.228057605759842907e+00
9.730489545741978219e-01
-2.040819283211856572e-01
2.369937075168150997e+00
1.421441015739327796e+00
-2.040819283211856572e-01
1.228057605759842907e+00
nan
3.668578063829657232e-01
1.513398008319470911e+00
-3.729410076165859955e-01
-1.916901132433643795e+00
2.655277477727779001e+00
nan
nan
3.226217212431930825e+00
1.870239966252158048e+00
2.365276342639957008e+00
9.424582736153195306e-01
3.215823039095242031e+00
-2.040819283211856572e-01
1.798738410879098915e+00
nan
-2.202241534993271799e+00
-2.483180134609604739e+00
-2.167323030972491793e+00
8.125847423844234640e-02
3.226217212431930825e+00
nan
-2.487840867137800061e+00
1.798738410879098915e+00
5.242500040613751189e-01
-1.060362065584964597e+00
6.571178710556910829e-01
1.421441015739327796e+00
1.508737275791277810e+00
3.715185389111628211e-01
-8.217399581294082545e-01
-1.345961397729492637e+00
-1.341300665201296649e+00
-1.270132019294538894e+00
-2.040819283211856572e-01
2.084337743023622735e+00
2.318632027417288910e+00
1.223396873231644477e+00
-2.483180134609604739e+00
-3.729410076165859955e-01
-1.631301800289120640e+00
9.424582736153195306e-01
9.730489545741978219e-01
3.668578063829657232e-01
1.798738410879098915e+00
2.767430977930111169e+00
1.508737275791277810e+00
-9.220936672484478791e-01
-2.911320203241496429e+00
2.076125976188229139e+00
-2.349572468801282898e+00
-1.655252786892356998e+00
2.817439528323260056e-01
nan
-1.655252786892356998e+00
2.973316987866181371e+00
-9.220936672484478791e-01
5.430076029903307955e-01
-6.154470588456417701e-01
-2.634912871360906017e+00
-8.531092772762605136e-02
-1.064246009358455591e+00
nan
1.171041311164898069e+00
nan
7.907255368640102589e-01
-7.130598133588086363e-01
-1.064246009358455591e+00
1.361665271568161195e+00
1.799075019339470671e+00
nan
1.076065939423638262e+00
1.171041311164898069e+00
nan
-2.349572468801282898e+00
2.288483376313497075e-01
nan
1.076065939423638262e+00
nan
-1.961437021036423145e+00
2.788885143536096400e+00
1.484915753980489583e+00
1.627327025675399774e+00
-3.511539325442969428e-01
2.427108727514037056e+00
nan
-1.778632734097126855e+00
-2.911320203241496429e+00
nan
5.051262047194824412e-01
2.288483376313497075e-01
1.627327025675399774e+00
1.076065939423638262e+00
-7.130598133588086363e-01
-1.961437021036423145e+00
1.647005674127789199e+00
-1.341093521533375688e+00
7.301360139974479857e-01
-3.511539325442969428e-01
-1.027219078717784395e+00
-1.670549976805038028e-01
2.217945408831945464e+00
-2.597160937882515341e+00
-1.512638070523593337e+00
1.076065939423638262e+00
1.484915753980489583e+00
-6.154470588456417701e-01
-2.349572468801282898e+00
2.288483376313497075e-01
-6.154470588456417701e-01
-2.634912871360906017e+00
1.171041311164898069e+00
1.627327025675399774e+00
-6.581352998466893922e-02
1.484915753980489583e+00
2.817439528323260056e-01
1.361665271568161195e+00
nan
-2.409829082201545347e+00
nan
-2.283286495066923827e+00
7.301360139974479857e-01
2.195268725749595085e-01
-2.283286495066923827e+00
-1.670549976805038028e-01
-6.581352998466893922e-02
5.430076029903307955e-01
nan
-1.207692999392975919e+00
1.171041311164898069e+00
7.301360139974479857e-01
-2.634912871360906017e+00
-2.911320203241496429e+00
-2.409829082201545347e+00
7.907255368640102589e-01
2.288483376313497075e-01
7.301360139974479857e-01
nan
1.484915753980489583e+00
nan
-9.220936672484478791e-01
-1.341093521533375688e+00
-1.064246009358455591e+00
1.361665271568161195e+00
-8.531092772762605136e-02
-6.154470588456417701e-01
-6.581352998466893922e-02
-1.027219078717784395e+00
-1.064246009358455591e+00
-3.511539325442969428e-01
-1.341093521533375688e+00
-1.961437021036423145e+00
1.932605006272317461e+00
1.484915753980489583e+00
2.973316987866181371e+00
-1.207692999392975919e+00
-1.655252786892356998e+00
-1.064246009358455591e+00
1.647005674127789199e+00
1.484915753980489583e+00
-1.064246009358455591e+00
1.647005674127789199e+00
-3.991853705432175659e-01
-2.409829082201545347e+00
-1.207692999392975919e+00
-3.991853705432175659e-01
2.524518037353351119e+00
1.286014677846594623e+00
nan
6.621854929315884597e-01
2.856336300402507966e+00
2.908214692234224685e+00
2.904959577452633113e+00
-2.377277934385567448e+00
2.459415741721394433e+00
1.559376504609549130e+00
nan
-2.026539316668380053e+00
2.456567516287502251e+00
1.286014677846594623e+00
1.562224730043443088e+00
1.559376504609549130e+00
-8.074310160686373194e-01
-2.474931377833510027e+00
-2.350055187463646611e-01
-1.854153863026248628e+00
6.650337183654833062e-01
2.456567516287502251e+00
2.392918308889835366e-01
-2.474931377833510027e+00
-1.580588591589447978e+00
-2.900876709983869262e+00
-2.321572933124684823e-01
1.559376504609549130e+00
nan
6.650337183654833062e-01
nan
1.809613453444896436e+00
2.166416572003613261e-01
-2.029387542102278452e+00
2.392918308889835366e-01
2.908214692234224685e+00
1.110984443444419156e+00
1.809613453444896436e+00
nan
-1.132196530424325553e+00
-1.854153863026248628e+00
-1.129348304990420271e+00
-1.132196530424325553e+00
2.392918308889835366e-01
-1.129348304990420271e+00
6.621854929315884597e-01
-2.377277934385567448e+00
-1.577740366155550245e+00
-1.580588591589447978e+00
nan
nan
nan
-2.838322404703355062e-01
2.908214692234224685e+00
1.110984443444419156e+00
-8.074310160686373194e-01
2.166416572003613261e-01
6.621854929315884597e-01
nan
1.562224730043443088e+00
nan
-2.838322404703355062e-01
-1.577740366155550245e+00
1.110984443444419156e+00
-2.838322404703355062e-01
-6.805493544775984560e-01
-1.580588591589447978e+00
-2.377277934385567448e+00
-1.577740366155550245e+00
-1.580588591589447978e+00
-2.900876709983869262e+00
1.562224730043443088e+00
2.137934317664580419e-01
2.392918308889835366e-01
6.650337183654833062e-01
6.621854929315884597e-01
nan
6.650337183654833062e-01
nan
-1.854153863026248628e+00
-2.923730328346331842e+00
-6.833975799114950789e-01
1.809613453444896436e+00
1.113832668878313115e+00
-2.029387542102278452e+00
1.286014677846594623e+00
2.908214692234224685e+00
nan
-2.900876709983869262e+00
-1.577740366155550245e+00
-1.132196530424325553e+00
1.286014677846594623e+00
6.650337183654833062e-01
-2.350055187463646611e-01
7.628906064872760240e-01
2.166416572003613261e-01
-6.833975799114950789e-01
2.332737524804206153e+00
-2.321572933124684823e-01
-2.477779603267408870e+00
nan
-2.474931377833510027e+00
2.137934317664580419e-01
nan
-2.321572933124684823e-01
2.008175455122371389e+00
7.628906064872760240e-01
6.650337183654833062e-01
2.137934317664580419e-01
-2.377277934385567448e+00
1.113832668878313115e+00
nan
2.332737524804206153e+00
-2.321572933124684823e-01
-2.926578553780231573e+00
7.628906064872760240e-01
-6.805493544775984560e-01
-2.477779603267408870e+00
7.628906064872760240e-01
nan
-2.477779603267408870e+00
3.140830202396115212e+00
nan
nan
2.657946444218283411e+00
nan
-2.333333884833996841e+00
-2.406706704335705993e-01
-6.597979977449117683e-01
1.255430161877826301e+00
2.657946444218283411e+00
5.962694186042321043e-01
-5.389518614780932637e-01
2.657946444218283411e+00
nan
-5.389518614780932637e-01
-2.173082080201475641e+00
-6.597979977449117683e-01
-1.436549762503737115e+00
1.208418792628210170e+00
-3.147946702694959242e-02
-5.389518614780932637e-01
2.422130877442576491e-01
-1.287546883376093687e+00
-1.436549762503737115e+00
-2.173082080201475641e+00
-1.915865414094044317e+00
1.255430161877826301e+00
-1.690198322023643396e+00
nan
3.578322608521662396e-01
-2.656404026907596361e+00
5.962694186042321043e-01
-1.436549762503737115e+00
1.691740739334330890e+00
5.962694186042321043e-01
1.255430161877826301e+00
-1.690198322023643396e+00
-3.147946702694959242e-02
-5.389518614780932637e-01
7.255350344503823656e-01
-6.597979977449117683e-01
-1.436549762503737115e+00
-2.173082080201475641e+00
2.480655365671326607e+00
nan
-1.206876375317523120e+00
2.480655365671326607e+00
nan
-2.173082080201475641e+00
-1.287546883376093687e+00
3.049812185233728989e+00
1.208418792628210170e+00
5.962694186042321043e-01
1.255430161877826301e+00
-1.690198322023643396e+00
5.962694186042321043e-01
-5.389518614780932637e-01
-1.690198322023643396e+00
-1.287546883376093687e+00
2.152214284208085360e+00
-1.690198322023643396e+00
5.962694186042321043e-01
2.152214284208085360e+00
2.657946444218283411e+00
1.852336834953365319e+00
3.049812185233728989e+00
2.657946444218283411e+00
nan
3.578322608521662396e-01
-1.206876375317523120e+00
2.480655365671326607e+00
nan
-7.239926171396953158e-01
5.962694186042321043e-01
nan
nan
-1.915865414094044317e+00
nan
2.422130877442576491e-01
-1.287546883376093687e+00
-2.333333884833996841e+00
-1.690198322023643396e+00
-1.915865414094044317e+00
3.578322608521662396e-01
-7.239926171396953158e-01
2.480655365671326607e+00
nan
-2.406706704335705993e-01
3.108404251302498089e+00
nan
nan
2.480655365671326607e+00
nan
-1.690198322023643396e+00
-6.597979977449117683e-01
-1.436549762503737115e+00
1.691740739334330890e+00
1.224587949322183178e+00
3.049812185233728989e+00
-7.239926171396953158e-01
-1.915865414094044317e+00
-1.436549762503737115e+00
-2.173082080201475641e+00
1.852336834953365319e+00
3.578322608521662396e-01
nan
-3.147946702694959242e-02
nan
2.422130877442576491e-01
5.962694186042321043e-01
3.049812185233728989e+00
1.691740739334330890e+00
1.852336834953365319e+00
nan
-7.239926171396953158e-01
-2.543614299725226235e+00
nan
7.255350344503823656e-01
2.480655365671326607e+00
2.152214284208085360e+00
2.321028153575956487e+00
nan
2.115469046192738567e+00
9.253976909658083727e-01
-1.021154577876215441e-01
-2.232675720049187795e+00
2.272659901680786909e-01
-1.021154577876215441e-01
-1.266470015165239715e+00
1.622896452778233467e+00
5.256334278435494944e-01
-1.266470015165239715e+00
9.253976909658083727e-01
1.153951958561511226e+00
1.830576364248335253e-01
2.272659901680786909e-01
nan
1.149263341308781605e+00
-4.702327716443464034e-01
1.153951958561511226e+00
1.149263341308781605e+00
-1.168364472442075863e+00
5.256334278435494944e-01
1.830576364248335253e-01
1.622896452778233467e+00
1.153951958561511226e+00
-3.002643102812911913e-01
9.253976909658083727e-01
1.153951958561511226e+00
1.830576364248335253e-01
nan
2.410019374910643997e+00
nan
-1.168364472442075863e+00
-7.304339885055832760e-01
-1.266470015165239715e+00
-1.168364472442075863e+00
-1.986501404854716046e+00
1.149263341308781605e+00
-2.563994935052230417e+00
-1.358182874136765417e+00
-1.266470015165239715e+00
2.272659901680786909e-01
-1.021154577876215441e-01
3.081674751076687535e+00
-2.563994935052230417e+00
-1.986501404854716046e+00
2.115469046192738567e+00
2.272659901680786909e-01
-7.304339885055832760e-01
2.115469046192738567e+00
-1.865863234254500735e+00
-7.304339885055832760e-01
-7.831480684591149988e-01
3.018526915388381582e+00
1.153951958561511226e+00
1.149263341308781605e+00
1.622896452778233467e+00
5.256334278435494944e-01
-1.266470015165239715e+00
-1.865863234254500735e+00
1.153951958561511226e+00
2.115469046192738567e+00
2.272659901680786909e-01
-7.304339885055832760e-01
1.149263341308781605e+00
-4.702327716443464034e-01
-7.304339885055832760e-01
-1.749353773343071961e+00
nan
1.781700844192693367e+00
nan
2.272659901680786909e-01
1.153951958561511226e+00
6.659413946026657705e-01
nan
-2.614250290485898187e+00
-1.266470015165239715e+00
3.018526915388381582e+00
1.781700844192693367e+00
1.830576364248335253e-01
2.272659901680786909e-01
-1.358182874136765417e+00
6.659413946026657705e-01
-1.865863234254500735e+00
-7.304339885055832760e-01
-3.002643102812911913e-01
1.622896452778233467e+00
3.037768260541826137e+00
2.598352804370571256e+00
9.253976909658083727e-01
5.256334278435494944e-01
-7.831480684591149988e-01
-1.168364472442075863e+00
3.037768260541826137e+00
1.149263341308781605e+00
-1.865863234254500735e+00
-1.021154577876215441e-01
6.659413946026657705e-01
-4.702327716443464034e-01
-1.358182874136765417e+00
1.632147099486614295e+00
-4.702327716443464034e-01
-7.304339885055832760e-01
-2.232675720049187795e+00
nan
5.256334278435494944e-01
2.598352804370571256e+00
-4.702327716443464034e-01
-1.021154577876215441e-01
-7.831480684591149988e-01
-4.702327716443464034e-01
-1.021154577876215441e-01
-7.831480684591149988e-01
3.018526915388381582e+00
3.037768260541826137e+00
1.632147099486614295e+00
2.321028153575956487e+00
5.256334278435494944e-01
6.659413946026657705e-01
2.004920340340779816e+00
nan
-1.913966597138116787e+00
nan
1.308843636248594677e+00
nan
1.107322439315119311e+00
1.880042300537650313e+00
nan
2.004920340340779816e+00
nan
nan
-2.481441607396700721e+00
-9.749153025680148410e-01
-1.216467835325691249e+00
-2.481441607396700721e+00
1.880042300537650313e+00
1.791626272844646373e-01
nan
1.308843636248594677e+00
1.791626272844646373e-01
2.901704462671032658e+00
1.880042300537650313e+00
8.772943280821889900e-01
nan
-4.037166382789636465e-01
1.574793089894614084e+00
nan
-4.037166382789636465e-01
2.970423552504776410e+00
2.901704462671032658e+00
nan
nan
-1.583843706371047766e+00
-9.749153025680148410e-01
-1.913966597138116787e+00
-6.870595840407949240e-01
-4.037166382789636465e-01
-1.216467835325691249e+00
2.105383169848660252e-01
-4.037166382789636465e-01
-1.913966597138116787e+00
nan
-2.687475577095578050e+00
-1.913966597138116787e+00
nan
nan
nan
2.901704462671032658e+00
3.021921769945953073e+00
nan
nan
-9.749153025680148410e-01
8.772943280821889900e-01
1.107322439315119311e+00
1.308843636248594677e+00
1.574793089894614084e+00
nan
-1.545596107687270848e+00
2.970423552504776410e+00
nan
1.880042300537650313e+00
8.772943280821889900e-01
nan
nan
nan
-1.583843706371047766e+00
-4.037166382789636465e-01
-1.216467835325691249e+00
2.105383169848660252e-01
1.669641668402874757e-01
-5.183361345279609012e-01
nan
nan
8.772943280821889900e-01
nan
-1.545596107687270848e+00
-2.612098297935847135e+00
-6.870595840407949240e-01
-1.545596107687270848e+00
8.772943280821889900e-01
2.004920340340779816e+00
7.381628311293435551e-01
-1.216467835325691249e+00
-2.481441607396700721e+00
-4.037166382789636465e-01
-5.183361345279609012e-01
nan
nan
1.791626272844646373e-01
-1.583843706371047766e+00
1.308843636248594677e+00
nan
-6.870595840407949240e-01
1.880042300537650313e+00
-5.183361345279609012e-01
1.107322439315119311e+00
-4.037166382789636465e-01
2.970423552504776410e+00
2.901704462671032658e+00
1.880042300537650313e+00
2.272924790692351316e+00
-6.870595840407949240e-01
-4.037166382789636465e-01
-5.183361345279609012e-01
1.107322439315119311e+00
-9.749153025680148410e-01
8.772943280821889900e-01
2.004920340340779816e+00
2.450723105656901879e+00
nan
-1.583843706371047766e+00
-1.545596107687270848e+00
2.970423552504776410e+00
-6.870595840407949240e-01
-4.037166382789636465e-01
-5.183361345279609012e-01
nan
1.669641668402874757e-01
nan
2.434957170931888903e+00
-1.207796571226934956e+00
1.431058400321322033e+00
nan
9.904638186557530588e-01
nan
3.411950075240048896e-01
-5.797628630523679050e-01
nan
2.434957170931888903e+00
-8.936373058679594195e-01
-2.565260813022850250e+00
nan
-2.777738430391665680e+00
3.144136534018680429e+00
3.411950075240048896e-01
3.624301104811804564e-01
-1.994580007903594021e+00
nan
6.763045532967715268e-01
-8.527005384952919265e-01
1.039326708321728354e+00
-8.936373058679594195e-01
2.891789309130201602e-01
3.411950075240048896e-01
-8.936373058679594195e-01
2.002257064610378556e+00
nan
-8.936373058679594195e-01
nan
1.039326708321728354e+00
1.618497526830320332e+00
2.002257064610378556e+00
-3.563037542884202047e-01
-2.463863987576074610e+00
2.002257064610378556e+00
1.736825470134152560e+00
1.618497526830320332e+00
-8.527005384952919265e-01
3.132455932744313998e+00
3.624301104811804564e-01
-1.423381343614537942e+00
nan
-2.777738430391665680e+00
nan
2.434957170931888903e+00
1.304338261471338356e+00
2.002257064610378556e+00
-1.751934216898568542e+00
3.188439385995050834e+00
nan
-1.054435455086156104e+00
-2.463863987576074610e+00
-2.815018742062358470e-01
1.039326708321728354e+00
6.763045532967715268e-01
2.891789309130201602e-01
-1.054435455086156104e+00
3.624301104811804564e-01
8.603775952020660256e-01
nan
nan
nan
3.132455932744313998e+00
2.246531235004886717e+00
-2.815018742062358470e-01
-1.751934216898568542e+00
-8.936373058679594195e-01
-2.815018742062358470e-01
-3.563037542884202047e-01
2.246531235004886717e+00
-2.815018742062358470e-01
nan
-5.797628630523679050e-01
2.572937869729634563e+00
-3.563037542884202047e-01
9.904638186557530588e-01
3.144136534018680429e+00
nan
3.188439385995050834e+00
nan
3.132455932744313998e+00
-5.797628630523679050e-01
-2.815018742062358470e-01
-3.563037542884202047e-01
6.763045532967715268e-01
1.431058400321322033e+00
-1.054435455086156104e+00
-8.936373058679594195e-01
3.144136534018680429e+00
-1.054435455086156104e+00
1.304338261471338356e+00
-2.815018742062358470e-01
-1.054435455086156104e+00
4.827084512220469747e-02
2.891789309130201602e-01
-3.563037542884202047e-01
1.618497526830320332e+00
-2.815018742062358470e-01
-3.563037542884202047e-01
-1.207796571226934956e+00
1.431058400321322033e+00
nan
-2.463863987576074610e+00
-1.423381343614537942e+00
3.411950075240048896e-01
6.763045532967715268e-01
1.431058400321322033e+00
1.039326708321728354e+00
2.874564943179459320e+00
2.572937869729634563e+00
-1.751934216898568542e+00
3.624301104811804564e-01
1.431058400321322033e+00
3.411950075240048896e-01
-2.149704722217093078e+00
-8.527005384952919265e-01
nan
-8.936373058679594195e-01
2.891789309130201602e-01
