-2.750228793928296334e+00
6.049394885743915040e-01
1.291946069514932294e+00
-1.930930556073037430e+00
3.221509253848942489e+00
2.258151774398880374e+00
1.072585081916906713e+00
-1.488506205340840438e+00
-1.606671045136921272e+00
-1.930930556073037430e+00
-1.488506205340840438e+00
2.741035532576713063e+00
-1.384814288095150836e+00
2.698385182489623890e+00
3.224357479282837335e+00
7.996507838163928739e-01
2.698385182489623890e+00
nan
-1.111879989994639217e+00
-2.535229052298451968e+00
3.257403646309842138e-01
1.072585081916906713e+00
nan
-2.089992991843045989e+00
-1.111879989994639217e+00
-2.012104980939133370e+00
3.257403646309842138e-01
-1.657996257972525811e+00
6.049394885743915040e-01
8.086241228088075772e-01
2.984115855727938804e+00
nan
2.741035532576713063e+00
1.345767051794277247e+00
2.698385182489623890e+00
3.257403646309842138e-01
2.437999587750050434e+00
nan
-1.606671045136921272e+00
2.984115855727938804e+00
nan
-2.089992991843045989e+00
2.164817617872679900e+00
-4.417833583832195821e-01
2.258151774398880374e+00
5.264688139390201194e-01
1.651662335532012360e+00
nan
1.072585081916906713e+00
1.651662335532012360e+00
nan
1.345767051794277247e+00
nan
-1.606671045136921272e+00
-1.111879989994639217e+00
-2.012104980939133370e+00
1.291946069514932294e+00
1.618701349894790642e+00
1.651662335532012360e+00
2.258151774398880374e+00
-2.925817521393803133e-01
6.049394885743915040e-01
nan
2.710933885850563829e+00
nan
-1.606671045136921272e+00
1.072585081916906713e+00
-4.417833583832195821e-01
3.257403646309842138e-01
-5.657637220167526237e-01
-1.488506205340840438e+00
1.291946069514932294e+00
2.535345158385062803e-01
-4.417833583832195821e-01
8.086241228088075772e-01
2.437999587750050434e+00
2.174786406891322077e+00
2.741035532576713063e+00
2.164817617872679900e+00
1.128063559933710547e+00
8.086241228088075772e-01
-1.964745403886603015e-02
2.174786406891322077e+00
nan
-1.111879989994639217e+00
8.134071297609901663e-02
-6.404653402529727479e-01
-1.111879989994639217e+00
8.134071297609901663e-02
-6.404653402529727479e-01
-2.750228793928296334e+00
8.134071297609901663e-02
8.086241228088075772e-01
-1.964745403886603015e-02
-4.417833583832195821e-01
2.258151774398880374e+00
1.618701349894790642e+00
6.049394885743915040e-01
3.257403646309842138e-01
nan
nan
nan
2.437999587750050434e+00
nan
nan
7.996507838163928739e-01
1.651662335532012360e+00
nan
-1.964745403886603015e-02
-1.488506205340840438e+00
3.257403646309842138e-01
3.257050153828448646e+00
nan
nan
5.264688139390201194e-01
2.174786406891322077e+00
nan
-1.964745403886603015e-02
-1.488506205340840438e+00
-1.575815820751405028e-01
1.329538032731562236e+00
2.896621672688941995e+00
nan
-9.841204592045387223e-01
1.640744138035398425e+00
1.383527471927968211e+00
7.361804995626997083e-03
1.221865117556756086e+00
nan
7.361804995626997083e-03
1.640744138035398425e+00
4.173217670440116933e-01
3.380557685313938521e-01
2.059243395122845488e+00
nan
3.380557685313938521e-01
8.033658604693014738e-01
2.833055123518041452e+00
3.380557685313938521e-01
-4.528914375754293786e-01
-6.556199113381211419e-02
-2.967384800808441803e+00
2.059243395122845488e+00
2.833055123518041452e+00
-6.537263088723404003e-01
-2.127647992707614844e+00
-2.481295347607842317e+00
-2.636990650476240816e+00
8.033658604693014738e-01
9.006437137501364099e-01
7.361804995626997083e-03
-8.713906946628839911e-01
-1.031767696017769076e+00
-9.841204592045387223e-01
8.033658604693014738e-01
nan
-1.645208573072506342e+00
3.844868399906671286e-01
-5.488839378399368307e-01
1.990626146599527413e+00
8.033658604693014738e-01
-6.556199113381211419e-02
7.361804995626997083e-03
-1.290269715141518336e+00
-1.515089642723885133e+00
7.361804995626997083e-03
3.844868399906671286e-01
2.833055123518041452e+00
-6.537263088723404003e-01
2.896621672688941995e+00
2.833055123518041452e+00
-2.636990650476240816e+00
2.059243395122845488e+00
4.173217670440116933e-01
nan
-2.127647992707614844e+00
2.349733176811917179e+00
-1.645208573072506342e+00
-4.528914375754293786e-01
2.833055123518041452e+00
3.380557685313938521e-01
-1.290269715141518336e+00
-1.515089642723885133e+00
-2.636990650476240816e+00
8.033658604693014738e-01
9.006437137501364099e-01
7.361804995626997083e-03
nan
-5.488839378399368307e-01
-2.306296686940473961e+00
1.221865117556756086e+00
9.006437137501364099e-01
3.380557685313938521e-01
3.844868399906671286e-01
1.866849418634084490e+00
-3.230323453365739894e-01
8.033658604693014738e-01
4.173217670440116933e-01
2.982408224003262109e+00
2.478122415601486939e+00
2.833055123518041452e+00
2.321320110135296932e+00
2.896621672688941995e+00
nan
-3.230323453365739894e-01
nan
4.173217670440116933e-01
2.651714260467497919e+00
3.844868399906671286e-01
2.833055123518041452e+00
6.684499188635948386e-01
-3.401241709678748393e-02
-6.556199113381211419e-02
-3.230323453365739894e-01
-1.290269715141518336e+00
-1.031767696017769076e+00
-3.230323453365739894e-01
-1.708768972228973171e+00
-1.515089642723885133e+00
2.651714260467497919e+00
nan
nan
1.990626146599527413e+00
nan
-2.481295347607842317e+00
nan
-2.965026270273703801e+00
4.173217670440116933e-01
1.329538032731562236e+00
-2.546147249795062351e+00
4.173217670440116933e-01
-1.975902536608275861e+00
3.844868399906671286e-01
-5.488839378399368307e-01
-3.230323453365739894e-01
-4.528914375754293786e-01
9.006437137501364099e-01
nan
nan
-2.964179105785674562e+00
1.124645689413027672e+00
-3.624128096252592357e-01
6.407580811521995656e-01
-6.339626224931209642e-01
2.656208985493102581e-01
nan
1.878172210205153458e+00
-3.624128096252592357e-01
-1.643000857664414616e+00
2.380599176744808698e+00
-4.825354426628081228e-02
-1.643000857664414616e+00
-1.638816555572431666e+00
2.656208985493102581e-01
7.007727603294355845e-02
1.627072655952682911e+00
nan
-1.071802193375358314e+00
-1.387489143285246973e+00
3.091914996606563992e+00
nan
-1.315356559534657244e-01
nan
7.007727603294355845e-02
-2.392343076364557675e+00
2.149722023073016519e+00
-5.011213882561023070e-01
-2.141243522112084907e+00
2.656208985493102581e-01
6.407580811521995656e-01
6.222187228733719877e-01
-4.825354426628081228e-02
2.924517019968814413e+00
1.627072655952682911e+00
2.777755731247582904e+00
nan
-2.392343076364557675e+00
-1.304320960615419800e+00
-5.011213882561023070e-01
3.708913105861895154e-01
8.936546067238770874e-01
-5.011213882561023070e-01
3.134353555571646854e+00
-4.825354426628081228e-02
2.353836214849557518e+00
-1.136389589032776426e+00
5.797801639082860170e-01
6.407580811521995656e-01
2.129499622492336375e+00
-6.762872524408503061e-01
2.924517019968814413e+00
-2.643670488651740147e+00
8.936546067238770874e-01
2.924517019968814413e+00
8.733182771258429788e-01
-9.904465177998287295e-01
-1.643000857664414616e+00
-1.315356559534657244e-01
1.521688314898449246e+00
1.782637550560501882e+00
1.878172210205153458e+00
1.207813872082858619e+00
nan
3.134353555571646854e+00
1.521688314898449246e+00
2.353836214849557518e+00
1.375745243665498219e+00
1.835847580257425005e+00
1.211956745441255645e+00
1.124645689413027672e+00
1.835847580257425005e+00
-1.071802193375358314e+00
-1.638816555572431666e+00
-4.825354426628081228e-02
2.353836214849557518e+00
-1.136389589032776426e+00
-1.932354668789986629e+00
-5.011213882561023070e-01
-6.339626224931209642e-01
1.207813872082858619e+00
-1.071802193375358314e+00
1.878172210205153458e+00
-1.618480225974398223e+00
-5.011213882561023070e-01
3.708913105861895154e-01
-1.618480225974398223e+00
-2.784880327072716710e+00
-2.141243522112084907e+00
-2.874547642323537211e+00
-1.071802193375358314e+00
2.631926589031991615e+00
-4.825354426628081228e-02
-1.643000857664414616e+00
-6.339626224931209642e-01
2.777755731247582904e+00
nan
1.878172210205153458e+00
2.463881288431997607e+00
1.782637550560501882e+00
-2.141243522112084907e+00
-3.624128096252592357e-01
-1.071802193375358314e+00
3.708913105861895154e-01
-9.904465177998287295e-01
7.007727603294355845e-02
-1.315356559534657244e-01
1.521688314898449246e+00
1.211956745441255645e+00
3.708913105861895154e-01
-6.762872524408503061e-01
1.211956745441255645e+00
-1.315356559534657244e-01
-1.618480225974398223e+00
-1.071802193375358314e+00
1.627072655952682911e+00
nan
nan
6.222187228733719877e-01
-1.304320960615419800e+00
-1.643000857664414616e+00
-1.189252653085927092e+00
6.008000676104590099e-01
-2.565934921230566879e+00
-1.189252653085927092e+00
3.112934900308734765e+00
2.392076026177405890e+00
2.160260457178438731e+00
1.103227034150112029e+00
7.841753424130404326e-02
1.741761200090983674e+00
-4.040538654688523579e-01
1.730987912309434495e+00
-3.518743755198383560e-01
-1.911334765087817189e+00
-9.133645431624302091e-01
6.700464495880309457e-02
-4.040538654688523579e-01
1.400593761977239726e+00
-1.607751910173381704e+00
2.610507933769076860e+00
1.730987912309434495e+00
9.043829225248951609e-01
-1.157808244295690736e+00
-2.522764292944654763e-01
nan
-2.413761731627472873e+00
nan
-7.703736326072894158e-01
2.108080967229423397e+00
2.061681875845204015e+00
nan
-1.660235210835346420e+00
-2.565934921230566879e+00
-3.518743755198383560e-01
-1.660235210835346420e+00
-2.522764292944654763e-01
-3.518743755198383560e-01
-2.162662177375001882e+00
2.392076026177405890e+00
nan
1.605654000689769934e+00
4.088116845735054738e-01
1.741761200090983674e+00
9.837310107080110555e-02
-2.235540770898365448e+00
2.997638734744530797e+00
3.112934900308734765e+00
1.069899798441470207e+00
-7.703736326072894158e-01
1.856753554942238704e+00
-1.904846807362596151e+00
4.855039020462537103e-01
8.518996218629317774e-01
1.069899798441470207e+00
-3.518743755198383560e-01
-2.162662177375001882e+00
-1.574452657030400937e+00
1.322882179612345777e+00
3.494726553232738731e-01
-9.133645431624302091e-01
-2.445130187739473993e+00
1.856753554942238704e+00
2.061681875845204015e+00
-7.703736326072894158e-01
3.494726553232738731e-01
-2.896628884766330181e+00
9.043829225248951609e-01
9.837310107080110555e-02
-1.574452657030400937e+00
nan
-6.553812777560352743e-01
1.069899798441470207e+00
4.855039020462537103e-01
-2.413761731627472873e+00
1.069899798441470207e+00
-2.445130187739473993e+00
-1.529543112163795904e-01
7.395056481092687761e-01
1.741761200090983674e+00
-4.040538654688523579e-01
1.069899798441470207e+00
-7.703736326072894158e-01
-9.064808320085080418e-01
-2.565934921230566879e+00
2.579139477657075741e+00
2.610507933769076860e+00
nan
4.855039020462537103e-01
1.856753554942238704e+00
-2.522764292944654763e-01
-2.864009208218111446e+00
-1.408907798548163726e+00
2.722769989713169192e+00
1.741761200090983674e+00
2.108080967229423397e+00
-2.522764292944654763e-01
nan
-6.553812777560352743e-01
nan
-2.445130187739473993e+00
-9.064808320085080418e-01
2.392076026177405890e+00
nan
-1.660235210835346420e+00
4.088116845735054738e-01
-3.518743755198383560e-01
1.354326588402585241e+00
-9.133645431624302091e-01
nan
3.494726553232738731e-01
nan
-2.445130187739473993e+00
1.856753554942238704e+00
4.088116845735054738e-01
4.855039020462537103e-01
-1.911334765087817189e+00
1.069899798441470207e+00
-2.445130187739473993e+00
3.494726553232738731e-01
-9.133645431624302091e-01
6.580008735096054551e-01
5.019286687150694704e-01
2.731804360914026564e+00
-1.668049897507315915e+00
-5.447941782425420598e-01
-2.292465304482523170e+00
8.905004607804114514e-01
2.595374362630300968e+00
2.313305103826578613e+00
-1.668049897507315915e+00
-1.591517025200162694e+00
-1.873586284003881497e+00
3.216551231797332822e+00
nan
2.313305103826578613e+00
-2.133260051710700544e+00
1.548651515672680556e+00
-1.988297288717033595e-01
-3.991984762635558681e-02
-1.591517025200162694e+00
-1.988297288717033595e-01
-2.831180772846661586e+00
2.071775587031999155e+00
1.057047805781847760e+00
-1.668049897507315915e+00
-5.447941782425420598e-01
-2.292465304482523170e+00
8.905004607804114514e-01
-1.591517025200162694e+00
-1.873586284003881497e+00
2.984051644526525049e+00
nan
-2.292465304482523170e+00
-9.703401560331252895e-01
-2.167010688323278700e-02
-6.177087493503377047e-01
2.053631336119757567e+00
5.019286687150694704e-01
-1.988297288717033595e-01
-9.703401560331252895e-01
-1.591517025200162694e+00
1.475926826260482105e+00
-2.831180772846661586e+00
2.071775587031999155e+00
6.385485486943931477e-01
-2.133260051710700544e+00
-2.167010688323278700e-02
2.196695282157516971e-01
3.216551231797332822e+00
3.118498433989619567e+00
1.475926826260482105e+00
-1.435550310236509697e+00
-5.447941782425420598e-01
-2.710964561569978226e+00
-2.598470205914085174e+00
-1.591517025200162694e+00
-6.177087493503377047e-01
-1.900760464439894548e+00
-2.167010688323278700e-02
2.196695282157516971e-01
2.286130923390565339e+00
-2.167010688323278700e-02
-1.873586284003881497e+00
-1.900760464439894548e+00
-2.115115800798455403e+00
2.313305103826578613e+00
-1.202839743303931286e+00
2.071775587031999155e+00
1.894426083347937162e+00
1.588421181916372493e+00
-1.068392953840844095e+00
2.731804360914026564e+00
-2.365970618643276957e+00
1.548651515672680556e+00
2.731804360914026564e+00
-5.051300018297402161e-01
-2.638239872157774002e+00
-6.177087493503377047e-01
-3.991984762635558681e-02
-1.068392953840844095e+00
-2.710964561569978226e+00
1.123211027712990084e+00
5.019286687150694704e-01
-1.455087026916433990e+00
8.905004607804114514e-01
2.071775587031999155e+00
2.196695282157516971e-01
-1.202839743303931286e+00
-5.447941782425420598e-01
-1.036208006437792539e+00
-5.051300018297402161e-01
1.548651515672680556e+00
6.385485486943931477e-01
1.820920769187181154e+00
5.019286687150694704e-01
2.196695282157516971e-01
-1.668049897507315915e+00
2.071775587031999155e+00
1.057047805781847760e+00
-1.900760464439894548e+00
1.025052740074387625e+00
1.894426083347937162e+00
2.286130923390565339e+00
5.019286687150694704e-01
-6.177087493503377047e-01
6.580008735096054551e-01
-1.068392953840844095e+00
-1.988297288717033595e-01
1.588421181916372493e+00
-1.068392953840844095e+00
-1.873586284003881497e+00
1.355710614983796081e+00
-1.068392953840844095e+00
-1.455087026916433990e+00
-3.991984762635558681e-02
1.025052740074387625e+00
-1.988297288717033595e-01
-2.831180772846661586e+00
-5.447941782425420598e-01
nan
3.720631519075663363e-01
2.933838485025208609e+00
8.000429307964207482e-01
8.208621024203925920e-01
nan
-5.082419518408540782e-01
-5.251278597703903372e-01
-1.253052902805250834e+00
-2.078326222277274926e+00
-5.251278597703903372e-01
-1.253052902805250834e+00
-1.554964798798467385e+00
nan
1.538208022415055165e+00
2.108565165553181853e+00
-7.632890925756408151e-02
1.538208022415055165e+00
1.511947163795612781e-02
-5.251278597703903372e-01
-1.951184603602980072e+00
-2.078326222277274926e+00
-2.767901944291429217e+00
-5.555541409928266283e-01
-2.078326222277274926e+00
-1.422318871448346567e+00
-1.951184603602980072e+00
1.585203742074376532e+00
3.063636186941431472e+00
nan
1.323404354275225625e+00
1.269254163585522566e+00
1.425775598049021653e-01
-1.816764186597615849e+00
-7.632890925756408151e-02
nan
5.384808951167614488e-01
2.615244125776305051e+00
nan
-1.554964798798467385e+00
-1.422318871448346567e+00
1.538208022415055165e+00
3.155288012510797824e+00
3.720631519075663363e-01
-1.253052902805250834e+00
1.846765777754036275e+00
-7.632890925756408151e-02
8.400763216173263714e-01
-2.466799161611947788e-01
2.615244125776305051e+00
2.933838485025208609e+00
-5.082419518408540782e-01
-1.870710932613472766e+00
-1.253052902805250834e+00
-2.863487033555231154e+00
1.269254163585522566e+00
1.538208022415055165e+00
2.108565165553181853e+00
-5.251278597703903372e-01
8.400763216173263714e-01
3.155288012510797824e+00
8.208621024203925920e-01
-1.253052902805250834e+00
2.108565165553181853e+00
-9.735199209355163141e-01
8.400763216173263714e-01
1.511947163795612781e-02
1.718053114098348377e+00
nan
-1.293402763118808085e+00
3.063636186941431472e+00
nan
-5.082419518408540782e-01
8.208621024203925920e-01
8.400763216173263714e-01
1.846765777754036275e+00
8.208621024203925920e-01
1.425775598049021653e-01
-1.554964798798467385e+00
-2.319509883126302796e+00
-5.555541409928266283e-01
-2.340125610076423612e+00
nan
-2.648683365415398061e+00
2.370127201232841596e+00
-9.735199209355163141e-01
-5.555541409928266283e-01
2.631926589031992503e+00
nan
-1.253052902805250834e+00
2.766815073176149831e-01
3.063636186941431472e+00
nan
-2.466799161611947788e-01
8.208621024203925920e-01
2.933838485025208609e+00
2.766815073176149831e-01
nan
-1.951184603602980072e+00
-5.082419518408540782e-01
3.720631519075663363e-01
1.425775598049021653e-01
-1.031603375319659621e+00
-9.735199209355163141e-01
-1.951184603602980072e+00
-1.816764186597615849e+00
2.166445175263474798e+00
nan
8.000429307964207482e-01
-9.735199209355163141e-01
2.235706784227473154e+00
1.323404354275225625e+00
8.208621024203925920e-01
2.933838485025208609e+00
5.384808951167614488e-01
1.269254163585522566e+00
8.400763216173263714e-01
1.061842318595571211e+00
3.720631519075663363e-01
-1.253052902805250834e+00
-2.601687645756080247e+00
2.326027177431321480e+00
1.067111535648284093e+00
-4.462283162573408291e-01
-1.442175071616096815e+00
-2.701090713399125320e+00
1.266331958270222824e+00
-8.144261859849142304e-01
-8.172744114188108533e-01
-1.017426980546391579e+00
-8.144261859849142304e-01
4.387930049303276903e-01
1.837530622559268689e+00
-8.144261859849142304e-01
4.387930049303276903e-01
1.266331958270222824e+00
-1.442175071616096815e+00
-1.445023297049992772e+00
-1.588107785665647809e+00
4.416412303642252013e-01
1.067111535648284093e+00
6.956511531509663726e-01
-8.144261859849142304e-01
-1.889558807008544505e-01
1.244524888619156222e-01
-1.861076552669573836e-01
4.387930049303276903e-01
6.956511531509663726e-01
2.326027177431321480e+00
nan
1.837530622559268689e+00
-1.861076552669573836e-01
-1.889558807008544505e-01
-4.462283162573408291e-01
2.326027177431321480e+00
1.694860421279460017e+00
1.266331958270222824e+00
4.416412303642252013e-01
2.323178951997422192e+00
1.244524888619156222e-01
nan
4.387930049303276903e-01
nan
2.326027177431321480e+00
2.950927837628599004e+00
2.408211427678524696e+00
nan
-8.172744114188108533e-01
2.408211427678524696e+00
1.069959761082182492e+00
-1.889558807008544505e-01
2.979410091967581220e+00
nan
-1.445023297049992772e+00
1.837530622559268689e+00
2.953776063062499180e+00
nan
-4.462283162573408291e-01
-2.070493602334053662e+00
-1.445023297049992772e+00
-1.017426980546391579e+00
2.953776063062499180e+00
nan
-2.729987255073949903e+00
1.069959761082182492e+00
1.067111535648284093e+00
6.956511531509663726e-01
1.069959761082182492e+00
nan
-2.159306449954698781e+00
nan
nan
nan
-2.698242487965230918e+00
1.694860421279460017e+00
nan
-8.144261859849142304e-01
-8.172744114188108533e-01
-1.017426980546391579e+00
4.416412303642252013e-01
1.067111535648284093e+00
1.266331958270222824e+00
-2.698242487965230918e+00
-2.073341827767948953e+00
-1.588107785665647809e+00
-8.144261859849142304e-01
-2.073341827767948953e+00
1.266331958270222824e+00
-8.144261859849142304e-01
4.387930049303276903e-01
6.956511531509663726e-01
nan
nan
nan
-2.698242487965230918e+00
1.067111535648284093e+00
nan
-8.144261859849142304e-01
1.067111535648284093e+00
2.979410091967581220e+00
2.326027177431321480e+00
nan
-1.017426980546391579e+00
4.416412303642252013e-01
-1.889558807008544505e-01
-4.462283162573408291e-01
-2.070493602334053662e+00
-8.172744114188108533e-01
-4.462283162573408291e-01
-1.861076552669573836e-01
4.387930049303276903e-01
1.266331958270222824e+00
nan
-2.073341827767948953e+00
1.266331958270222824e+00
1.697708646713359304e+00
nan
-2.729987255073949903e+00
-8.144261859849142304e-01
nan
-2.159306449954698781e+00
9.641810503524745890e-01
-1.709275323417221992e+00
-6.240448017190849406e-01
1.447064808530307278e+00
-4.532712009666135522e-01
-6.240448017190849406e-01
nan
-2.128027756098799017e+00
-9.547387652548482428e-01
-1.451552306121546732e+00
-2.825779693505343193e+00
3.012089731156517569e+00
4.808591036463587542e-01
-2.267527508461284036e+00
2.020307653752783761e+00
nan
1.779737539209631958e+00
1.028825389552618486e+00
-1.934436064299378977e+00
-2.128027756098799017e+00
6.981314260168494101e-01
-2.900641769183327501e+00
-2.965406033664890639e+00
3.012089731156517569e+00
-2.024654531473935037e-03
1.360985106528054711e+00
-1.285132915587049229e+00
-2.900641769183327501e+00
1.221485354165569692e+00
-9.547387652548482428e-01
-4.853466012375982075e-01
1.049809840774460490e-01
-9.547387652548482428e-01
-2.417758011005495256e+00
-5.927709533290985711e-01
-2.276615179787214061e+00
nan
8.028595092810548728e-01
-1.615527065919249994e+00
-2.900641769183327501e+00
-2.686279941142860839e+00
2.020307653752783761e+00
nan
1.221485354165569692e+00
nan
-9.682303594154220150e-01
1.360985106528054711e+00
-1.285132915587049229e+00
2.896592460120379631e+00
1.081985601803084673e+00
1.689913503420582774e+00
-1.451552306121546732e+00
-1.741451084445837516e-01
-1.285132915587049229e+00
9.641810503524745890e-01
2.896241909297752937e+00
1.028825389552618486e+00
4.808591036463587542e-01
1.081985601803084673e+00
-2.933508381833158651e-01
nan
1.919363879369176740e+00
nan
-2.417758011005495256e+00
-1.290649478532707395e+00
2.020307653752783761e+00
9.641810503524745890e-01
-1.848901663576766774e+00
-2.276615179787214061e+00
-2.024654531473935037e-03
-2.128027756098799017e+00
1.028825389552618486e+00
nan
-2.825779693505343193e+00
3.704331214888512136e-02
1.447064808530307278e+00
1.221485354165569692e+00
-2.933508381833158651e-01
-4.853466012375982075e-01
-2.267527508461284036e+00
1.028825389552618486e+00
nan
1.221485354165569692e+00
-2.933508381833158651e-01
2.413270513414264240e+00
-5.927709533290985711e-01
6.981314260168494101e-01
2.896592460120379631e+00
9.423592616435398917e-01
6.981314260168494101e-01
2.413270513414264240e+00
2.446073242369930512e-01
-2.276615179787214061e+00
4.808591036463587542e-01
-1.848901663576766774e+00
-2.933508381833158651e-01
-2.024654531473935037e-03
-1.848901663576766774e+00
-2.933508381833158651e-01
-1.451552306121546732e+00
5.237334167590228517e-01
2.020307653752783761e+00
-4.853466012375982075e-01
6.632331691215078706e-01
-1.615527065919249994e+00
-9.682303594154220150e-01
-2.546653600983313837e+00
-2.933508381833158651e-01
9.641810503524745890e-01
-2.128027756098799017e+00
2.020307653752783761e+00
-4.853466012375982075e-01
3.035868249457300383e+00
2.020307653752783761e+00
1.930386755236431551e+00
-1.011523386010675152e+00
-1.615527065919249994e+00
2.413270513414264240e+00
-1.848901663576766774e+00
-9.547387652548482428e-01
nan
1.200337280318875433e+00
nan
-6.788506553313591318e-01
-7.624460718162704431e-01
2.461493937648433494e-01
1.833284177366919732e+00
2.259606340194109109e-02
-2.037609545051771054e+00
-1.934918071680498786e+00
-1.547488207034482421e+00
nan
-6.788506553313591318e-01
1.592680333838364160e+00
-3.245314113544126577e-01
-5.053212461339651185e-02
-3.697469901175476359e-01
-8.957300756434687372e-01
nan
2.377722469056573029e+00
2.529908332581457753e+00
5.772167610177802999e-01
8.076381986201526253e-01
-2.608290350171027061e+00
5.772167610177802999e-01
1.985379415537083414e+00
-3.245314113544126577e-01
1.205535291735737591e+00
3.162764604274788116e+00
2.529908332581457753e+00
-6.788506553313591318e-01
1.985379415537083414e+00
8.173480580538892148e-01
-6.788506553313591318e-01
-2.724873395772179574e+00
1.388028863173145222e+00
-5.053212461339651185e-02
8.076381986201526253e-01
-2.608290350171027061e+00
-6.788506553313591318e-01
4.152951451006638983e-01
1.959227527462201746e+00
3.089351593716059607e+00
8.076381986201526253e-01
-8.957300756434687372e-01
-5.053212461339651185e-02
4.152951451006638983e-01
1.388028863173145222e+00
-1.934918071680498786e+00
1.592680333838364160e+00
-3.245314113544126577e-01
5.772167610177802999e-01
-1.154789125335756061e+00
2.461493937648433494e-01
5.772167610177802999e-01
8.076381986201526253e-01
1.388028863173145222e+00
nan
-1.939831260553967596e+00
-1.466410880762714974e+00
-5.053212461339651185e-02
2.259606340194109109e-02
-3.245314113544126577e-01
1.205535291735737591e+00
4.152951451006638983e-01
-3.245314113544126577e-01
-5.053212461339651185e-02
2.770421550755299389e+00
2.529908332581457753e+00
1.205535291735737591e+00
-3.697469901175476359e-01
-2.608290350171027061e+00
2.461602708084876578e+00
4.152951451006638983e-01
-8.957300756434687372e-01
1.833284177366919732e+00
8.076381986201526253e-01
2.461493937648433494e-01
3.089351593716059607e+00
3.162764604274788116e+00
1.388028863173145222e+00
5.772167610177802999e-01
1.985379415537083414e+00
2.461493937648433494e-01
-5.053212461339651185e-02
-1.547488207034482421e+00
2.461493937648433494e-01
3.089351593716059607e+00
1.200337280318875433e+00
-3.245314113544126577e-01
1.833284177366919732e+00
1.200337280318875433e+00
1.388028863173145222e+00
-1.934918071680498786e+00
1.592680333838364160e+00
2.461493937648433494e-01
-1.306599540962536166e+00
-1.547488207034482421e+00
1.959227527462201746e+00
5.772167610177802999e-01
4.152951451006638983e-01
2.461493937648433494e-01
3.089351593716059607e+00
1.200337280318875433e+00
8.173480580538892148e-01
-6.788506553313591318e-01
-1.939831260553967596e+00
2.461493937648433494e-01
nan
-3.697469901175476359e-01
nan
nan
-3.697469901175476359e-01
nan
-1.306599540962536166e+00
-1.939831260553967596e+00
8.173480580538892148e-01
1.205535291735737591e+00
nan
2.461493937648433494e-01
-2.745187944822780057e+00
5.211880978395249109e-01
3.040805173542730611e+00
1.687991171703588922e+00
7.259259200054657413e-02
-4.479545134900031478e-01
-2.745187944822780057e+00
2.315570121195437370e+00
9.476759491201574015e-01
-8.981975222760421040e-01
1.642575140100046571e+00
-4.479545134900031478e-01
2.796118408162598268e+00
9.697836036785010272e-01
nan
1.318392035987143718e+00
-1.721789431355364108e+00
nan
nan
-8.245984196774078789e-01
nan
-1.637060708363770933e+00
2.539766151777998804e+00
-4.479545134900031478e-01
-1.637060708363770933e+00
7.259259200054657413e-02
-4.479545134900031478e-01
-2.006324758735051006e+00
1.418379109517481584e+00
3.040805173542730611e+00
-8.981975222760421040e-01
1.193979634261066014e+00
-2.541716676897887162e+00
-1.637060708363770933e+00
1.193979634261066014e+00
1.645174710932570061e+00
3.165717543879046136e+00
nan
nan
-5.285983865595937914e-01
2.967886225831120051e-01
nan
9.491279856158603145e-01
-6.004023890948446684e-01
nan
-1.637060708363770933e+00
-8.245984196774078789e-01
9.476759491201574015e-01
-1.267461572647322621e+00
-1.273193925516385772e+00
nan
-5.285983865595937914e-01
-8.245984196774078789e-01
-1.843584976100151485e+00
9.491279856158603145e-01
-3.760029138384313185e-01
-2.541716676897887162e+00
-1.267461572647322621e+00
-1.946188906611777236e+00
nan
2.796118408162598268e+00
-8.245984196774078789e-01
-4.479545134900031478e-01
-2.745187944822780057e+00
7.453841284220898977e-01
-1.843584976100151485e+00
2.426854357791317529e+00
2.967886225831120051e-01
-4.479545134900031478e-01
5.795288498994151105e-01
2.091170645939022688e+00
2.495442483224215025e-01
-8.981975222760421040e-01
2.988361657616979361e+00
nan
-8.981975222760421040e-01
-3.760029138384313185e-01
1.645174710932570061e+00
-1.637060708363770933e+00
-1.721789431355364108e+00
1.645174710932570061e+00
-1.267461572647322621e+00
9.697836036785010272e-01
-4.479545134900031478e-01
2.057255222074869661e+00
2.091170645939022688e+00
nan
2.102647995281317073e-01
2.539766151777998804e+00
3.040805173542730611e+00
3.165717543879046136e+00
2.315570121195437370e+00
-4.479545134900031478e-01
2.102647995281317073e-01
-1.518068832558663317e-01
2.495442483224215025e-01
-8.981975222760421040e-01
-1.048997894933822783e+00
-2.541716676897887162e+00
3.165717543879046136e+00
1.418379109517481584e+00
-1.146086214287726612e+00
1.687991171703588922e+00
2.967886225831120051e-01
9.476759491201574015e-01
2.102647995281317073e-01
-1.946188906611777236e+00
-1.146086214287726612e+00
nan
-8.245984196774078789e-01
nan
-1.593343361883134968e-01
1.418379109517481584e+00
1.645174710932570061e+00
-1.593343361883134968e-01
2.967886225831120051e-01
nan
-8.981975222760421040e-01
3.212761132873390491e+00
nan
-1.321410313218806865e+00
-2.457305076832247970e-01
-1.908582941130142707e+00
-2.891494583655230155e+00
2.778682679150774604e-01
2.382846863776233448e-02
-1.440251244811099340e-01
2.371313961830300077e+00
9.900341735217108585e-01
2.211101281173521560e+00
nan
-2.874788646014091231e+00
-2.106452448437015068e+00
-2.862300272957775338e+00
-2.391904887836258986e+00
1.033716092435824851e+00
2.778682679150774604e-01
-4.594934780683619380e-01
-2.106452448437015068e+00
-2.457305076832247970e-01
2.922445583289615900e+00
1.426059145955313578e+00
-1.815577426000154704e+00
-4.594934780683619380e-01
2.211101281173521560e+00
8.009923392743867332e-01
-9.423772362461857455e-01
-9.290672596993179155e-01
-2.339176201598456739e+00
-2.391904887836258986e+00
-1.440251244811099340e-01
-2.339176201598456739e+00
1.956239878405667820e+00
-2.499151530135741428e+00
-2.339176201598456739e+00
-4.594934780683619380e-01
1.033716092435824851e+00
nan
nan
-1.440251244811099340e-01
-2.457305076832247970e-01
9.900341735217108585e-01
1.818758227654039938e+00
nan
1.956239878405667820e+00
2.603800362872247920e+00
nan
-4.594934780683619380e-01
2.486739572176164259e-01
-2.862300272957775338e+00
2.382846863776233448e-02
2.603800362872247920e+00
nan
-4.594934780683619380e-01
2.486739572176164259e-01
8.009923392743867332e-01
2.439123636583500510e+00
2.211101281173521560e+00
nan
nan
-5.363681780005986610e-01
-1.292453354640835883e+00
-9.423772362461857455e-01
-1.321410313218806865e+00
nan
1.956239878405667820e+00
-9.290672596993179155e-01
-1.815577426000154704e+00
-9.423772362461857455e-01
1.426059145955313578e+00
1.324591114872688546e+00
9.900341735217108585e-01
6.410170107371055970e-01
-2.457305076832247970e-01
2.382846863776233448e-02
-2.891494583655230155e+00
-1.292453354640835883e+00
1.956239878405667820e+00
1.818758227654039938e+00
nan
nan
6.410170107371055970e-01
2.371313961830300077e+00
2.382846863776233448e-02
2.603800362872247920e+00
2.371313961830300077e+00
2.439123636583500510e+00
1.818758227654039938e+00
8.009923392743867332e-01
5.067122268155950238e-01
-1.440251244811099340e-01
-1.815577426000154704e+00
2.922445583289615900e+00
-9.290672596993179155e-01
2.778682679150774604e-01
2.922445583289615900e+00
-9.290672596993179155e-01
2.371313961830300077e+00
1.472917931699543548e+00
1.818758227654039938e+00
nan
-1.908582941130142707e+00
-1.440251244811099340e-01
-1.292453354640835883e+00
-1.425699182952310462e+00
1.426059145955313578e+00
2.778682679150774604e-01
2.382846863776233448e-02
nan
-2.862300272957775338e+00
nan
-5.363681780005986610e-01
-2.457305076832247970e-01
9.900341735217108585e-01
2.486739572176164259e-01
1.324591114872688546e+00
2.922445583289615900e+00
nan
nan
-4.594934780683619380e-01
1.984746476551778382e+00
nan
-2.003929519045538399e+00
1.286931245246700772e+00
-1.491268120913102235e+00
3.113382177191686306e+00
-1.086992173634540038e-01
-9.203283862089506329e-01
1.485252127310725978e+00
-4.574485982696629982e-01
3.076249756720125017e+00
5.548318189039567194e-01
-1.504329679973608336e+00
-1.491268120913102235e+00
-2.469139673248925249e+00
-2.550894292184894940e+00
-1.776867453057630497e+00
2.415672435717495237e+00
2.403666330354110592e-01
-1.491268120913102235e+00
3.113382177191686306e+00
-2.899960142583759559e+00
2.505310022015973193e+00
-6.082990564353867313e-01
2.333812326950639449e+00
2.219710689871444931e+00
1.020041973107343569e+00
3.031627558255719723e+00
1.648770955167293106e+00
-1.430889022320043225e-01
-1.155263829574740386e+00
-3.493886515047943675e-01
-8.407986437061949481e-01
-1.853079060879817552e+00
2.505310022015973193e+00
5.548318189039567194e-01
2.333812326950639449e+00
2.215510831993570129e-01
-2.003929519045538399e+00
-8.065144486685311698e-01
2.505310022015973193e+00
-1.073509210638769362e+00
-8.065144486685311698e-01
-9.203283862089506329e-01
-2.236429106316346616e+00
nan
2.215510831993570129e-01
2.415672435717495237e+00
-1.853079060879817552e+00
1.363430552607665103e+00
8.962166470057431056e-02
2.333812326950639449e+00
2.219710689871444931e+00
1.020041973107343569e+00
-1.504329679973608336e+00
-2.347807187761782099e+00
-6.082990564353867313e-01
nan
-1.205927718353474010e+00
-8.407986437061949481e-01
-4.574485982696629982e-01
5.068914857589854606e-01
8.962166470057431056e-02
-1.504329679973608336e+00
-2.918746922465933480e+00
-1.306008797909577357e+00
2.333812326950639449e+00
1.077831220463136841e+00
-1.073509210638769362e+00
-1.155263829574740386e+00
-2.633147590321410547e+00
1.950251301852342412e+00
-1.853079060879817552e+00
-3.493886515047943675e-01
-6.082990564353867313e-01
2.682561707856852440e+00
-9.203283862089506329e-01
-2.236429106316346616e+00
1.984746476551778382e+00
1.077831220463136841e+00
-8.407986437061949481e-01
5.891160139416236063e-01
-1.205927718353474010e+00
8.962166470057431056e-02
2.333812326950639449e+00
-1.205927718353474010e+00
1.950251301852342412e+00
2.403666330354110592e-01
2.790650424575601196e+00
-1.430889022320043225e-01
9.381818643404882252e-01
-3.493886515047943675e-01
1.485252127310725978e+00
2.403666330354110592e-01
2.215510831993570129e-01
1.485252127310725978e+00
1.286931245246700772e+00
-3.493886515047943675e-01
-2.469139673248925249e+00
1.635997095645565391e+00
-6.349879836493226293e-01
-2.934349827452307657e+00
-8.065144486685311698e-01
2.505310022015973193e+00
1.252541560378151342e+00
2.403666330354110592e-01
1.934370287311816927e+00
1.950251301852342412e+00
2.333812326950639449e+00
1.077831220463136841e+00
-8.407986437061949481e-01
-1.155263829574740386e+00
-1.205927718353474010e+00
2.182961868784917048e+00
5.891160139416236063e-01
-3.493886515047943675e-01
-2.003929519045538399e+00
5.891160139416236063e-01
5.068914857589854606e-01
-6.082990564353867313e-01
9.514735830320142362e-01
nan
-1.536926037717106563e+00
1.848664594709970022e+00
2.332862918472677460e+00
2.126366574515051955e+00
5.026746325191879805e-01
-2.261951536119122252e-02
3.292088059982223314e-02
-3.945163791587686930e-01
7.627786480362543919e-01
2.649965350113344886e+00
9.514735830320142362e-01
-1.592703785797614735e+00
-2.583648884674721646e+00
-1.291707390836724922e+00
-1.592703785797614735e+00
3.292088059982223314e-02
9.514735830320142362e-01
-2.261951536119122252e-02
-4.902031907594963656e-01
1.848664594709970022e+00
-2.261951536119122252e-02
-1.013801966357793072e+00
-2.188898402514681152e+00
nan
-1.013801966357793072e+00
9.514735830320142362e-01
nan
5.565196561981187173e-01
5.428257135405756273e-02
-2.377389892836585084e+00
1.603242503155734244e+00
2.745855606387926695e+00
nan
-1.013801966357793072e+00
nan
nan
-2.583648884674721646e+00
-8.429084403238946699e-01
-2.377389892836585084e+00
-2.060524813315408377e+00
-8.429084403238946699e-01
-8.073056224001691206e-01
5.565196561981187173e-01
-3.945163791587686930e-01
-1.592703785797614735e+00
-1.013801966357793072e+00
5.026746325191879805e-01
-2.261951536119122252e-02
5.565196561981187173e-01
2.297056655875096443e+00
2.332862918472677460e+00
1.079643727557436872e+00
nan
nan
nan
1.399865644197144210e+00
-8.073056224001691206e-01
2.126366574515051955e+00
-3.945163791587686930e-01
-2.261951536119122252e-02
1.079643727557436872e+00
9.514735830320142362e-01
nan
-1.536926037717106563e+00
5.428257135405756273e-02
3.117549025511648697e+00
nan
nan
-2.261951536119122252e-02
nan
-8.429084403238946699e-01
2.332862918472677460e+00
5.565196561981187173e-01
5.026746325191879805e-01
1.547464755075231846e+00
-1.013801966357793072e+00
nan
-2.377389892836585084e+00
1.079643727557436872e+00
-2.637290463679807573e+00
-8.073056224001691206e-01
2.126366574515051955e+00
5.026746325191879805e-01
-2.261951536119122252e-02
5.565196561981187173e-01
-2.188898402514681152e+00
2.332862918472677460e+00
1.079643727557436872e+00
nan
nan
1.603242503155734244e+00
2.745855606387926695e+00
2.332862918472677460e+00
1.079643727557436872e+00
2.297056655875096443e+00
nan
5.565196561981187173e-01
nan
-2.377389892836585084e+00
5.565196561981187173e-01
1.848664594709970022e+00
-2.261951536119122252e-02
-1.536926037717106563e+00
9.514735830320142362e-01
-2.261951536119122252e-02
3.292088059982223314e-02
5.428257135405756273e-02
nan
-2.583648884674721646e+00
3.194247667553053116e+00
2.332862918472677460e+00
3.292088059982223314e-02
-2.188898402514681152e+00
7.627786480362543919e-01
-4.902031907594963656e-01
-1.291707390836724922e+00
-2.377389892836585084e+00
-1.013801966357793072e+00
7.707062088272684797e-01
-1.206667517167474557e+00
2.308981643680751983e+00
nan
nan
nan
-6.667206873882447482e-02
1.036106567353558550e+00
2.308981643680751983e+00
2.026583743480816491e+00
-3.094765054895227685e-01
1.826097885502928175e+00
-6.667206873882447482e-02
1.389155556756072052e-01
3.765702339128549347e-01
nan
-1.206667517167474557e+00
3.275187348564708945e+00
2.863962021046905004e+00
2.382096529544340147e+00
2.308981643680751983e+00
-9.040503463049134325e-01
1.389155556756072052e-01
1.826097885502928175e+00
1.608084486393361434e+00
nan
-2.522046880739007513e+00
nan
-3.094765054895227685e-01
nan
7.707062088272684797e-01
2.382096529544340147e+00
nan
3.518271883486305818e-01
nan
-2.038724934032882796e+00
1.189205465914723536e+00
1.389155556756072052e-01
-1.063135242649777545e-01
3.282841041525546455e+00
nan
3.765702339128549347e-01
-6.667206873882447482e-02
-7.582754560023525769e-01
-1.555841175855050551e+00
7.707062088272684797e-01
nan
-5.896354709711020270e-01
-2.578806901437099341e+00
1.484905517866388802e+00
8.598921806189707695e-01
2.445462763959449948e+00
2.382096529544340147e+00
2.308981643680751983e+00
nan
-2.103858528845434339e+00
-1.063135242649777545e-01
1.608084486393361434e+00
1.484905517866388802e+00
2.308981643680751983e+00
nan
1.933297579031518776e+00
nan
-1.322929366783555105e+00
-7.582754560023525769e-01
3.765702339128549347e-01
1.189205465914723536e+00
1.484905517866388802e+00
2.792303590386876255e+00
-4.855510892174623727e-01
-7.582754560023525769e-01
-1.072519229148934494e+00
nan
1.036106567353558550e+00
nan
7.707062088272684797e-01
-3.094765054895227685e-01
-1.072519229148934494e+00
nan
-7.582754560023525769e-01
nan
7.707062088272684797e-01
-7.582754560023525769e-01
3.275187348564708945e+00
-1.322929366783555105e+00
1.484905517866388802e+00
-1.063135242649777545e-01
3.282841041525546455e+00
nan
8.598921806189707695e-01
nan
1.389155556756072052e-01
nan
nan
-2.552657479358256154e+00
-1.555841175855050551e+00
3.518271883486305818e-01
-3.094765054895227685e-01
-5.896354709711020270e-01
nan
-2.552657479358256154e+00
-1.063135242649777545e-01
-6.667206873882447482e-02
5.877145061884290200e-01
1.342775938796803015e+00
3.518271883486305818e-01
2.830488590709470120e+00
nan
1.608084486393361434e+00
2.830488590709470120e+00
nan
-9.040503463049134325e-01
-1.655466467680304365e+00
-2.038724934032882796e+00
-1.322929366783555105e+00
-3.094765054895227685e-01
1.342775938796803015e+00
-6.667206873882447482e-02
1.036106567353558550e+00
3.275187348564708945e+00
2.177349809781828238e+00
1.608240859554438185e+00
4.606793687908101731e-01
2.932486852581202008e-01
2.347104045642171233e+00
nan
nan
-1.347211884796471582e+00
2.443943710394710589e+00
2.932486852581202008e-01
-1.716475935167755429e+00
1.452161632990975892e+00
9.212823934326896946e-01
-2.387495629922971041e-01
-1.192190822480894807e+00
-2.062575755746776096e-02
nan
nan
3.119542783315374823e+00
3.085967231729897176e+00
2.113249746858941069e+00
-1.590852439265584284e+00
-6.083486987087458608e-01
7.910735191230053864e-01
-1.276693173906606082e+00
-2.387495629922971041e-01
7.910735191230053864e-01
nan
-2.387495629922971041e-01
nan
9.212823934326896946e-01
nan
-1.522584972813096016e+00
9.212823934326896946e-01
1.305144873789800819e-01
-5.311027086129240793e-01
-1.590852439265584284e+00
2.716703181358612884e+00
nan
-3.347850229164461844e-01
-9.776127490800297082e-01
-8.614968589451255099e-01
-3.347850229164461844e-01
1.305144873789800819e-01
7.910735191230053864e-01
-3.347850229164461844e-01
-1.716475935167755429e+00
-2.183673086681060749e+00
1.863475366966236724e+00
-2.387495629922971041e-01
1.121767482658774906e+00
-9.628187310910152341e-01
-6.083486987087458608e-01
-2.004087450771603329e-01
-1.276693173906606082e+00
2.716703181358612884e+00
4.606793687908101731e-01
2.177349809781828238e+00
-6.083486987087458608e-01
-2.844761200549025482e+00
1.235441658791670339e+00
1.305144873789800819e-01
-8.614968589451255099e-01
-6.486594657320368107e-01
-1.347211884796471582e+00
-1.522584972813096016e+00
-2.846919855614722827e+00
-2.387495629922971041e-01
2.443943710394710589e+00
1.549316101607258300e+00
nan
-8.614968589451255099e-01
-1.590852439265584284e+00
8.693776734667126860e-01
3.105031824262674878e+00
2.805383517956397288e+00
8.693776734667126860e-01
-1.192190822480894807e+00
2.805383517956397288e+00
nan
-1.192190822480894807e+00
2.805383517956397288e+00
1.608240859554438185e+00
4.606793687908101731e-01
2.177349809781828238e+00
3.085967231729897176e+00
nan
9.212823934326896946e-01
1.238976809183154781e+00
1.452161632990975892e+00
-2.532760590255741739e+00
nan
1.299854052550406536e-01
-1.590852439265584284e+00
-1.716475935167755429e+00
-8.614968589451255099e-01
-9.628187310910152341e-01
-2.086075070884203964e+00
-2.514367050216830268e+00
9.212823934326896946e-01
8.693776734667126860e-01
7.910735191230053864e-01
1.235441658791670339e+00
1.238976809183154781e+00
7.910735191230053864e-01
1.549316101607258300e+00
2.347104045642171233e+00
2.443943710394710589e+00
1.235441658791670339e+00
-1.716475935167755429e+00
2.113249746858941069e+00
-2.218886147440153778e+00
1.608240859554438185e+00
-1.192190822480894807e+00
-9.628187310910152341e-01
1.608240859554438185e+00
1.299854052550406536e-01
1.549316101607258300e+00
nan
-2.514367050216830268e+00
nan
-2.794259332036871601e+00
nan
-7.960709554109022257e-01
-1.398628869426717047e+00
1.390100299852343735e+00
1.995189969809402886e+00
2.788262518403746615e+00
nan
-2.540450798927265552e+00
2.090763756591321521e+00
nan
2.693005201114479608e+00
nan
-7.036618635555385026e-01
9.486253575981167252e-01
-7.004971686289809263e-01
-7.036618635555385026e-01
-1.842635567622191495e+00
-7.004971686289809263e-01
nan
-2.191701418021056114e+00
-2.794259332036871601e+00
2.087599061664767941e+00
-2.540450798927265552e+00
-2.794259332036871601e+00
nan
-9.825572410582816829e-02
nan
6.919685990546211585e-01
-7.960709554109022257e-01
2.090763756591321521e+00
2.785730762462503396e+00
-1.842635567622191495e+00
-2.998406816562493304e-03
6.919685990546211585e-01
-1.842635567622191495e+00
1.392632055793592283e+00
nan
2.508101262930395592e-01
6.951332939811671885e-01
nan
1.995189969809402886e+00
6.951332939811671885e-01
1.390100299852343735e+00
2.508101262930395592e-01
6.951332939811671885e-01
nan
-1.842635567622191495e+00
nan
nan
-2.540450798927265552e+00
-7.004971686289809263e-01
-5.530162757803047668e-03
2.508101262930395592e-01
2.090763756591321521e+00
nan
5.995595071992485536e-01
nan
2.087599061664767941e+00
-2.540450798927265552e+00
-7.004971686289809263e-01
-5.530162757803047668e-03
-7.960709554109022257e-01
-2.794259332036871601e+00
-7.036618635555385026e-01
2.508101262930395592e-01
6.951332939811671885e-01
-7.036618635555385026e-01
-1.493886186715979170e+00
2.788262518403746615e+00
nan
-2.540450798927265552e+00
nan
-1.401160625367962709e+00
nan
nan
nan
-9.825572410582816829e-02
-2.794259332036871601e+00
-2.099292326165685729e+00
-4.470051050120376068e-01
2.788262518403746615e+00
6.919685990546211585e-01
2.508101262930395592e-01
2.788262518403746615e+00
nan
-1.144820336317114551e+00
-1.398628869426717047e+00
nan
-4.470051050120376068e-01
-2.096127631239135702e+00
-5.530162757803047668e-03
-7.960709554109022257e-01
-2.794259332036871601e+00
-7.036618635555385026e-01
-1.144820336317114551e+00
-7.004971686289809263e-01
-7.036618635555385026e-01
-9.825572410582816829e-02
nan
-2.099292326165685729e+00
2.344255820208267505e+00
nan
2.087599061664767941e+00
3.042071051513344226e+00
nan
-7.036618635555385026e-01
3.042071051513344226e+00
nan
nan
-1.144820336317114551e+00
-7.004971686289809263e-01
-7.036618635555385026e-01
1.297374738504325276e+00
-2.998406816562493304e-03
1.390100299852343735e+00
-2.191701418021056114e+00
-2.998406816562493304e-03
nan
1.538208022415055165e+00
nan
nan
-1.365485327171258589e-01
-3.321266791781374295e-01
3.115311134099295831e+00
-9.739268102832183693e-01
-2.425888842586028105e+00
-1.371050813638178489e+00
-1.365485327171258589e-01
1.063503783432010241e+00
4.233312097177330813e-01
2.794085557068602288e+00
nan
1.320929110743392254e+00
-2.230184108327948778e+00
-1.030258379975873551e+00
-2.267834935968429999e+00
2.819507243703252009e-01
-2.425888842586028105e+00
nan
1.956707279502510222e+00
1.063503783432010241e+00
2.217713233073644208e+00
2.819507243703252009e-01
1.063503783432010241e+00
-4.734529126125188725e-01
1.119329001936417267e+00
nan
nan
-2.230184108327948778e+00
3.653720826342810035e-01
-1.371050813638178489e+00
2.794085557068602288e+00
2.459134246042165461e+00
nan
1.119329001936417267e+00
-1.030258379975873551e+00
-1.371050813638178489e+00
-9.739268102832183693e-01
1.761002545244435336e+00
3.115311134099295831e+00
2.375586299981147231e+00
2.459134246042165461e+00
nan
2.819507243703252009e-01
-1.727757141788292206e+00
-1.371050813638178489e+00
-9.739268102832183693e-01
-3.321266791781374295e-01
nan
1.956707279502510222e+00
1.063503783432010241e+00
3.115311134099295831e+00
-1.392805830761858044e+00
-3.321266791781374295e-01
-4.734529126125188725e-01
-1.365485327171258589e-01
1.063503783432010241e+00
nan
-2.230184108327948778e+00
-1.030258379975873551e+00
1.320929110743392254e+00
-5.554275531957673095e-01
-2.425888842586028105e+00
-2.267834935968429999e+00
1.956707279502510222e+00
nan
-4.734529126125188725e-01
nan
-1.727757141788292206e+00
nan
-1.365485327171258589e-01
1.063503783432010241e+00
nan
-2.648683365415401614e+00
2.459134246042165461e+00
nan
1.538208022415055165e+00
3.653720826342810035e-01
1.320929110743392254e+00
7.008297448489666515e-01
1.761002545244435336e+00
nan
-2.648683365415401614e+00
-1.030258379975873551e+00
-4.734529126125188725e-01
1.538208022415055165e+00
3.653720826342810035e-01
4.233312097177330813e-01
nan
nan
-4.734529126125188725e-01
-1.392805830761858044e+00
-3.321266791781374295e-01
-1.371050813638178489e+00
7.008297448489666515e-01
3.653720826342810035e-01
2.217713233073644208e+00
-9.739268102832183693e-01
-2.425888842586028105e+00
-1.371050813638178489e+00
-1.365485327171258589e-01
3.653720826342810035e-01
-1.371050813638178489e+00
nan
nan
nan
-1.392805830761858044e+00
-2.425888842586028105e+00
-4.734529126125188725e-01
2.819507243703252009e-01
-3.321266791781374295e-01
2.217713233073644208e+00
1.119329001936417267e+00
-3.321266791781374295e-01
-4.734529126125188725e-01
1.119329001936417267e+00
-1.727757141788292206e+00
-2.267834935968429999e+00
nan
8.768200953435223433e-01
nan
-1.103679302271915352e+00
-2.759314437532079722e+00
1.218392995123053435e+00
-1.103679302271915352e+00
8.768200953435223433e-01
-1.473586929258509315e+00
-4.061805404594966973e-01
2.157319814755545018e-01
3.012775018478965006e+00
-2.499309764882069906e+00
-2.428620473996313311e+00
-5.759890282328576916e-01
nan
-7.760500959281797506e-01
nan
-4.061805404594966973e-01
-7.760500959281797506e-01
nan
-1.103679302271915352e+00
-1.106444246260377851e+00
nan
2.919511603382392018e-01
-1.437138209796147370e+00
1.218392995123053435e+00
-1.103679302271915352e+00
1.207214245675720665e+00
3.207950940973942622e-01
nan
-2.428620473996313311e+00
3.207950940973942622e-01
2.385080384760812411e+00
3.190478587279624190e+00
nan
-4.061805404594966973e-01
8.768200953435223433e-01
-2.370371051588769262e+00
2.919511603382392018e-01
8.768200953435223433e-01
-5.759890282328576916e-01
-1.103679302271915352e+00
-2.098226323664114989e+00
-1.473586929258509315e+00
2.385080384760812411e+00
2.860084436947422315e+00
nan
2.919511603382392018e-01
-1.437138209796147370e+00
-5.759890282328576916e-01
-4.061805404594966973e-01
-1.106444246260377851e+00
nan
9.894499221506576347e-01
2.198996323079458026e+00
3.207950940973942622e-01
3.083212085558541649e+00
2.198996323079458026e+00
1.218392995123053435e+00
nan
-2.759314437532079722e+00
nan
2.385080384760812411e+00
1.868302359543688507e+00
3.207950940973942622e-01
-1.801811003069651251e+00
-2.428620473996313311e+00
-1.473586929258509315e+00
nan
1.868302359543688507e+00
nan
9.894499221506576347e-01
-4.453561323924128956e-01
-2.370371051588769262e+00
-4.061805404594966973e-01
-1.149619820602119091e-01
-5.759890282328576916e-01
3.083212085558541649e+00
2.529390473411656348e+00
3.012775018478965006e+00
-4.061805404594966973e-01
-1.149619820602119091e-01
1.218392995123053435e+00
-1.103679302271915352e+00
-1.437138209796147370e+00
nan
9.894499221506576347e-01
-1.149619820602119091e-01
-1.473586929258509315e+00
9.894499221506576347e-01
1.537908209211490185e+00
3.207950940973942622e-01
-4.061805404594966973e-01
-1.767532360128345470e+00
-2.370371051588769262e+00
nan
1.868302359543688507e+00
nan
9.894499221506576347e-01
1.537908209211490185e+00
-5.759890282328576916e-01
2.919511603382392018e-01
-1.767532360128345470e+00
-1.473586929258509315e+00
-1.103679302271915352e+00
2.157319814755545018e-01
2.115177117453305389e+00
3.083212085558541649e+00
2.157319814755545018e-01
-2.370371051588769262e+00
3.083212085558541649e+00
2.157319814755545018e-01
-2.370371051588769262e+00
2.919511603382392018e-01
2.198996323079458026e+00
2.115177117453305389e+00
2.919511603382392018e-01
-2.098226323664114989e+00
-5.759890282328576916e-01
-6.231881925660314181e-01
nan
-2.058841771013558919e+00
nan
-1.365485327171298557e-01
3.079874770908719750e+00
2.965575854145787726e+00
nan
-9.169623016052561582e-01
2.965575854145787726e+00
nan
nan
2.965575854145787726e+00
nan
-2.058841771013558919e+00
2.744097084596242020e-01
-1.365485327171298557e-01
-9.169623016052561582e-01
2.744097084596242020e-01
6.488496306803228642e-01
3.079874770908719750e+00
2.965575854145787726e+00
3.003620008155717169e+00
1.937995301500411660e+00
nan
6.488496306803228642e-01
2.508676106619667667e+00
2.965575854145787726e+00
nan
7.961158320921084552e-01
nan
nan
nan
-2.417570215921942545e+00
-9.212346397561002043e-01
-9.169623016052561582e-01
-6.231881925660314181e-01
6.488496306803228642e-01
2.249171678030519317e-01
1.171193830789879708e+00
1.433535737719294101e+00
2.249171678030519317e-01
nan
-9.212346397561002043e-01
7.961158320921084552e-01
nan
3.003620008155717169e+00
nan
-1.520786093591687038e+00
6.488496306803228642e-01
1.366796637211359577e+00
nan
-9.212346397561002043e-01
1.366796637211359577e+00
-6.231881925660314181e-01
6.488496306803228642e-01
7.961158320921084552e-01
-6.231881925660314181e-01
nan
-3.457636373161996346e-01
-6.231881925660314181e-01
-9.212346397561002043e-01
-1.487643106724507502e+00
nan
nan
nan
nan
-1.706632803153553146e+00
-9.169623016052561582e-01
-1.520786093591687038e+00
-1.365485327171298557e-01
2.249171678030519317e-01
nan
nan
-9.169623016052561582e-01
2.965575854145787726e+00
nan
3.079874770908719750e+00
-2.417570215921942545e+00
3.003620008155717169e+00
7.961158320921084552e-01
-6.231881925660314181e-01
-9.212346397561002043e-01
2.508676106619667667e+00
2.068791731815531332e+00
nan
-2.058841771013558919e+00
nan
-2.491318910192523717e+00
nan
-6.231881925660314181e-01
3.003620008155717169e+00
nan
-6.231881925660314181e-01
-9.212346397561002043e-01
-2.629522576132815814e+00
-6.231881925660314181e-01
-9.212346397561002043e-01
-2.058841771013558919e+00
2.744097084596242020e-01
2.218933901116739715e+00
1.366796637211359577e+00
nan
-9.212346397561002043e-01
-9.169623016052561582e-01
1.171193830789879708e+00
-1.365485327171298557e-01
1.937995301500411660e+00
nan
-1.365485327171298557e-01
7.961158320921084552e-01
2.744097084596242020e-01
6.488496306803228642e-01
-3.457636373161996346e-01
nan
-9.212346397561002043e-01
-9.169623016052561582e-01
nan
-2.491318910192523717e+00
1.366796637211359577e+00
1.803409457260252591e+00
2.495717674087334359e-01
-9.979784917250289489e-01
nan
-2.361020246863887451e-02
3.188912896105425165e+00
3.199039919870407811e+00
2.495717674087334359e-01
-1.696110192522757965e+00
4.077789946500987028e-01
-2.208075274380181696e+00
-9.979784917250289489e-01
1.105277756462517136e+00
2.495717674087334359e-01
-3.004797299126047427e-01
-2.383481930570210405e+00
-1.115842738424411396e+00
-3.004797299126047427e-01
-9.878514679600560733e-01
-1.388777036524923014e+00
1.793282433495277939e+00
nan
-2.965445005691504932e-01
1.095150732697542484e+00
-9.878514679600560733e-01
1.341804303364506179e+00
-9.979784917250289489e-01
nan
7.956880353866195854e-01
nan
4.077789946500987028e-01
-2.965445005691504932e-01
-2.393608954335181949e+00
-2.903527061476314231e-01
-5.697264704465250240e-01
1.095150732697542484e+00
-9.878514679600560733e-01
-2.208075274380181696e+00
1.793282433495277939e+00
4.077789946500987028e-01
-8.426607685470366427e-01
1.793282433495277939e+00
nan
-1.934893304502809386e+00
nan
4.077789946500987028e-01
1.887920571342391884e+00
-1.696110192522757965e+00
-1.685983168757785755e+00
2.434036839320278478e+00
nan
1.105277756462517136e+00
2.434036839320278478e+00
3.976519708851182777e-01
4.077789946500987028e-01
-2.965445005691504932e-01
-2.393608954335181949e+00
nan
1.887920571342391884e+00
nan
nan
-2.361020246863887451e-02
nan
2.500908219072671468e+00
-1.115842738424411396e+00
3.188912896105425165e+00
1.803409457260252591e+00
-1.115842738424411396e+00
1.793282433495277939e+00
1.803409457260252591e+00
2.706971137420790097e+00
3.976519708851182777e-01
nan
-1.115842738424411396e+00
3.976519708851182777e-01
-2.383481930570210405e+00
-2.965445005691504932e-01
-3.004797299126047427e-01
-9.878514679600560733e-01
-2.361020246863887451e-02
3.976519708851182777e-01
1.803409457260252591e+00
-1.115842738424411396e+00
3.188912896105425165e+00
-2.903527061476314231e-01
-2.208075274380181696e+00
3.976519708851182777e-01
2.500908219072671468e+00
-2.361020246863887451e-02
nan
-9.878514679600560733e-01
1.068622333487133869e+00
-1.696110192522757965e+00
-2.903527061476314231e-01
-2.361020246863887451e-02
-3.004797299126047427e-01
4.077789946500987028e-01
1.341804303364506179e+00
-9.979784917250289489e-01
-1.685983168757785755e+00
1.068622333487133869e+00
-9.979784917250289489e-01
3.199039919870407811e+00
2.706971137420790097e+00
3.188912896105425165e+00
nan
-1.388777036524923014e+00
nan
-9.878514679600560733e-01
1.341804303364506179e+00
-3.004797299126047427e-01
3.199039919870407811e+00
1.614738601465017798e+00
nan
-9.878514679600560733e-01
-8.426607685470366427e-01
1.793282433495277939e+00
-2.383481930570210405e+00
-2.965445005691504932e-01
1.095150732697542484e+00
