-1.072284734735244882e-01
1.341345473672617583e+00
3.185655213458038926e+00
2.206729831666150776e+00
-5.059800342192786182e-01
-2.725250275243781495e+00
3.198212095866310722e+00
9.717463379561701586e-01
-8.782598526970519792e-01
5.541594535980145508e-01
-1.983706406394740052e+00
-5.086607169806036666e-01
2.234654900622450313e-01
-1.244843220307002785e+00
-2.355986224872503865e+00
2.234654900622450313e-01
9.717463379561701586e-01
1.707593755937416358e+00
-1.429104888005891638e+00
-1.614107270678292405e+00
-1.617123038784778144e+00
nan
-1.983706406394740052e+00
-1.393966666093131579e-01
-1.429104888005891638e+00
-1.614107270678292405e+00
-1.617123038784778144e+00
-4.376226238057197016e-01
-2.352970456766016571e+00
5.994665194784127848e-01
nan
-1.983706406394740052e+00
5.994665194784127848e-01
-1.098710737673684656e+00
-1.614107270678292405e+00
-1.617123038784778144e+00
-1.429104888005891638e+00
-1.614107270678292405e+00
-1.247523903068329609e+00
3.198212095866310722e+00
2.449472710131632258e+00
1.707593755937416358e+00
1.876335681333944461e+00
2.080208659760342638e+00
-8.782598526970519792e-01
-4.376226238057197016e-01
2.328831518684459922e-01
9.690656551948610975e-01
8.845536039302097642e-01
9.717463379561701586e-01
9.690656551948610975e-01
-1.098710737673684656e+00
6.021472022397222901e-01
2.816056077741590169e+00
1.545641717798186487e+00
1.710609524043894769e+00
2.446792027370312983e+00
8.845536039302097642e-01
-1.363808985028307497e-01
-1.247523903068329609e+00
-4.376226238057197016e-01
6.021472022397222901e-01
1.707593755937416358e+00
2.537423795201920296e+00
2.449472710131632258e+00
2.446792027370312983e+00
1.545641717798186487e+00
-1.363808985028307497e-01
-1.247523903068329609e+00
-4.376226238057197016e-01
-5.059800342192786182e-01
-5.086607169806036666e-01
1.545641717798186487e+00
9.717463379561701586e-01
5.994665194784127848e-01
-1.759798851541649389e+00
1.341345473672617583e+00
2.302024691071222762e-01
1.545641717798186487e+00
-5.059800342192786182e-01
-2.355986224872503865e+00
nan
-1.983706406394740052e+00
2.302024691071222762e-01
1.545641717798186487e+00
-8.752440845905682387e-01
9.690656551948610975e-01
-7.680167741379149149e-01
9.717463379561701586e-01
2.816056077741590169e+00
2.867817945534115953e+00
1.710609524043894769e+00
5.994665194784127848e-01
2.234654900622450313e-01
2.328831518684459922e-01
2.302024691071222762e-01
2.867817945534115953e+00
1.341345473672617583e+00
-5.086607169806036666e-01
nan
nan
nan
-1.429104888005891638e+00
nan
-1.617123038784778144e+00
-2.090193001873856371e+00
-2.352970456766016571e+00
-1.617123038784778144e+00
1.545641717798186487e+00
6.021472022397222901e-01
2.302024691071222762e-01
-7.680167741379149149e-01
nan
-5.086607169806036666e-01
2.234654900622450313e-01
9.717463379561701586e-01
2.077192891653864226e+00
-1.072284734735244882e-01
-1.244843220307002785e+00
-1.986722174501226679e+00
-7.991797112382248436e-01
-8.353834974440381700e-01
-1.880637200452546232e+00
-3.015434184156244424e+00
2.441314110423272066e+00
3.257820411884831291e+00
-7.991797112382248436e-01
-5.624491993435292159e-01
-1.309956395333299328e+00
-2.276570998068518481e+00
-1.108317795544546902e+00
-1.595296797892922891e+00
1.787008982741414176e+00
1.622263544344880071e+00
1.544742278187470230e+00
2.156608118457862933e+00
1.076147276366986372e+00
1.175224062195430186e-01
1.787008982741414176e+00
-1.608525958878015416e-02
2.401281345036151205e+00
-1.907306947697228194e+00
-2.746666599478206905e+00
1.544742278187470230e+00
2.156608118457862933e+00
-1.608525958878015416e-02
-2.451576935156708270e+00
-1.168443761609502252e+00
-2.473732301377697951e+00
-1.595296797892922891e+00
-5.998143980532777420e-02
-1.381499765421921433e+00
4.031217383640615104e-01
6.788817462823981685e-01
8.029653064896216108e-01
6.884621409236948431e-01
2.895136219200417305e+00
-1.608525958878015416e-02
3.257820411884831291e+00
3.092826105659494118e-01
1.622263544344880071e+00
-1.309956395333299328e+00
2.895136219200417305e+00
2.568490385117288000e-01
-2.166236532597074937e+00
2.895136219200417305e+00
1.895197842445389025e+00
6.884621409236948431e-01
-5.998143980532777420e-02
-1.654434063522440157e+00
2.972221079740312799e+00
-4.295805755217765309e-01
-2.892672294661546850e-01
1.830341610331998492e+00
2.156608118457862933e+00
2.714496080300647041e+00
3.257820411884831291e+00
-1.168443761609502252e+00
-5.624491993435292159e-01
-1.309956395333299328e+00
2.156608118457862933e+00
-2.892672294661546850e-01
-2.737176267301226762e+00
-7.991797112382248436e-01
1.349081574467505096e+00
-1.309956395333299328e+00
nan
-1.654434063522440157e+00
1.175224062195430186e-01
-4.295805755217765309e-01
1.622263544344880071e+00
-1.024357063188770844e+00
3.092826105659494118e-01
-5.624491993435292159e-01
-2.166236532597074937e+00
1.048145796653688233e+00
2.441314110423272066e+00
-1.678179963400903141e-01
6.788817462823981685e-01
-1.108317795544546902e+00
4.031217383640615104e-01
2.156608118457862933e+00
8.029653064896216108e-01
-7.387577310442425826e-01
-1.168443761609502252e+00
2.714496080300647041e+00
nan
-4.295805755217765309e-01
-1.108317795544546902e+00
-2.451576935156708270e+00
3.092826105659494118e-01
2.714496080300647041e+00
4.031217383640615104e-01
1.048145796653688233e+00
-2.892672294661546850e-01
2.115940942476527642e+00
-1.168443761609502252e+00
1.349081574467505096e+00
3.257820411884831291e+00
-5.998143980532777420e-02
nan
-3.022516669860860095e+00
6.788817462823981685e-01
5.300310083891033308e-01
-4.534173284846190199e-01
-2.276570998068518481e+00
-1.381499765421921433e+00
-1.595296797892922891e+00
-4.295805755217765309e-01
-1.927616033399804918e+00
-4.534173284846190199e-01
-4.295805755217765309e-01
-2.473732301377697951e+00
1.259401875627846668e+00
-1.168443761609502252e+00
2.987430378401155107e+00
1.544742278187470230e+00
1.048145796653688233e+00
nan
1.175224062195430186e-01
1.425116809963742792e+00
-1.282596169195543423e+00
-2.911464647892694213e+00
1.817815891662469152e+00
nan
5.776115086326889525e-01
-2.107394784428585854e+00
-2.852443087512482656e+00
2.671057202547911569e+00
1.425116809963742792e+00
1.334448300317981673e+00
2.285456582338207809e-01
6.400746747455343666e-01
1.857572371677309153e+00
1.275110270445101168e+00
-9.300095956908887018e-01
nan
-8.180189539774720409e-01
nan
-2.329319016153154731e+00
-1.202037226723979835e-01
nan
2.381171147275592315e+00
nan
-2.107394784428585854e+00
-2.329319016153154731e+00
1.624176120843969340e+00
2.210158945181950774e+00
nan
-2.562715266986488327e+00
2.602858026880677134e+00
nan
-4.692695730712532765e-01
-1.322352649210377651e+00
-2.852443087512482656e+00
1.624176120843969340e+00
1.817815891662469152e+00
2.877254533603696984e-01
1.275110270445101168e+00
-1.449674604726736149e-01
-1.282596169195543423e+00
2.321991352149043397e+00
2.210158945181950774e+00
8.108495247196794153e-01
2.321991352149043397e+00
-1.449674604726736149e-01
-2.358733222379321148e-01
-1.202037226723979835e-01
1.425116809963742792e+00
8.108495247196794153e-01
-8.180189539774720409e-01
2.477316212260456396e-01
2.381171147275592315e+00
3.019806583454129889e+00
6.400746747455343666e-01
1.857572371677309153e+00
1.624176120843969340e+00
-1.449674604726736149e-01
-2.358733222379321148e-01
-4.692695730712532765e-01
2.995201080400172966e+00
nan
-8.180189539774720409e-01
1.032417728265023538e+00
1.334448300317981673e+00
9.263608895388948383e-01
6.400746747455343666e-01
-2.358733222379321148e-01
3.019806583454129889e+00
1.425116809963742792e+00
2.904295218634920683e+00
-4.692695730712532765e-01
6.400746747455343666e-01
-1.282596169195543423e+00
-2.562715266986488327e+00
1.032417728265023538e+00
-2.358733222379321148e-01
-1.515834185282546098e+00
1.817815891662469152e+00
2.877254533603696984e-01
-1.864900035681414048e+00
-1.449674604726736149e-01
2.904295218634920683e+00
2.285456582338207809e-01
-9.300095956908887018e-01
-2.358733222379321148e-01
2.285456582338207809e-01
-2.107394784428585854e+00
1.334448300317981673e+00
-4.692695730712532765e-01
2.477316212260456396e-01
-2.358733222379321148e-01
-1.167084804376339990e+00
6.400746747455343666e-01
2.381171147275592315e+00
2.321991352149043397e+00
-1.449674604726736149e-01
-1.805720240554852918e+00
-2.213965886080281997e+00
-1.449674604726736149e-01
2.877254533603696984e-01
2.285456582338207809e-01
2.602858026880677134e+00
8.108495247196794153e-01
1.973241971242836623e+00
-5.373105139921623419e-01
-7.594720978362339281e-01
-8.180189539774720409e-01
2.477316212260456396e-01
nan
-2.911464647892694213e+00
-2.500093866127312214e+00
-1.282596169195543423e+00
5.776115086326889525e-01
-9.300095956908887018e-01
nan
nan
1.425116809963742792e+00
nan
2.671057202547911569e+00
-1.112575072573836588e+00
1.499170671245097619e+00
4.716185724002563973e-01
-1.961192293743957427e+00
1.499170671245097619e+00
-9.774708906615159343e-01
1.773062187294019321e+00
7.603074851573716764e-01
2.404029982168169877e+00
-2.131008112856920267e+00
1.499170671245097619e+00
1.921146223990329194e+00
-2.131008112856920267e+00
2.144429906964573362e-02
-9.774708906615159343e-01
-2.131008112856920267e+00
2.238033857332823562e+00
-1.170337430586831928e-02
-1.112575072573836588e+00
2.144429906964573362e-02
9.549405191063811138e-01
2.453356478036101684e-01
2.144429906964573362e-02
-9.774708906615159343e-01
nan
nan
nan
2.282201728369777083e+00
-1.456282073105819252e+00
4.716185724002563973e-01
2.282201728369777083e+00
2.238033857332823562e+00
nan
-1.112575072573836588e+00
2.607632993049272319e+00
2.887351928874278162e+00
-2.979779292158603266e+00
1.868434721616374805e+00
9.549405191063811138e-01
-1.452052752668196778e+00
-3.478197513016447751e-01
4.716185724002563973e-01
-1.112575072573836588e+00
-1.086682937389370718e+00
-1.460792837367640429e+00
-1.452052752668196778e+00
3.910434347860811677e-01
-4.945871324836921268e-01
-9.427592534608737473e-01
-1.456282073105819252e+00
-1.460792837367640429e+00
-2.640147653932680694e+00
3.910434347860811677e-01
-1.460792837367640429e+00
-2.640147653932680694e+00
2.976897043420549505e+00
2.887351928874278162e+00
-1.621714613649597236e+00
-3.478197513016447751e-01
1.437824277284204921e+00
-1.961192293743957427e+00
-2.564409309564822603e+00
-1.170337430586831928e-02
1.942724048275417115e+00
2.607632993049272319e+00
1.921146223990329194e+00
5.848133278979705807e-01
-2.195145259193544973e+00
-1.943676595545481334e+00
-6.032815733665137792e-01
-1.086682937389370718e+00
nan
1.942724048275417115e+00
-2.564409309564822603e+00
-1.943676595545481334e+00
4.149975087850075184e-01
2.144429906964573362e-02
-1.460792837367640429e+00
-6.032815733665137792e-01
-1.456282073105819252e+00
-2.426998542251588731e+00
2.453356478036101684e-01
-2.934008445281270916e+00
-2.426998542251588731e+00
-4.336197123851102120e-01
-2.564409309564822603e+00
9.549405191063811138e-01
-1.621714613649597236e+00
7.603074851573716764e-01
4.716185724002563973e-01
1.263768688086697178e+00
2.976897043420549505e+00
-1.170337430586831928e-02
-2.638038932721533669e-01
2.976897043420549505e+00
2.404029982168169877e+00
2.452017547482740145e+00
nan
nan
1.942724048275417115e+00
-1.825881208822267787e+00
4.716185724002563973e-01
-9.414203229074979973e-02
7.603074851573716764e-01
nan
-1.961192293743957427e+00
3.910434347860811677e-01
-4.945871324836921268e-01
nan
nan
-1.460792837367640429e+00
9.242910079923305489e-01
-2.195145259193544973e+00
1.921146223990329194e+00
1.094106827105293167e+00
2.144429906964573362e-02
-1.943676595545481334e+00
1.263768688086697178e+00
-7.174188870180935318e-01
4.716185724002563973e-01
1.300608669567628883e+00
nan
-2.585817539950312494e+00
-1.839763315979068059e+00
1.810995781426516515e-01
-1.887685839152602574e+00
8.522166084024909161e-01
1.146867094498298822e+00
-1.190187077340166821e+00
-2.288155377144198255e+00
2.596394746088372063e+00
nan
-1.390964365466245578e+00
-2.234633778331386988e+00
-1.887685839152602574e+00
1.300608669567628883e+00
1.810995781426516515e-01
-4.920553765424320325e-01
3.094990692923535125e+00
nan
-1.190187077340166821e+00
1.749407620080460024e+00
1.146867094498298822e+00
2.299205548677858868e+00
3.094990692923535125e+00
6.639833363204750150e-01
-4.920553765424320325e-01
-4.497440327546220473e-02
-3.022223685634730650e-01
9.029421470823897344e-01
-1.390964365466245578e+00
-7.851061267413141920e-01
2.299205548677858868e+00
-4.497440327546220473e-02
-7.851061267413141920e-01
-4.920553765424320325e-01
-4.497440327546220473e-02
-7.851061267413141920e-01
-4.920553765424320325e-01
2.197799681245582004e+00
6.639833363204750150e-01
9.029421470823897344e-01
4.034176578896762067e-01
-3.022223685634730650e-01
-4.920553765424320325e-01
-9.421654149534148814e-01
-7.851061267413141920e-01
1.601073847880124301e+00
1.749407620080460024e+00
6.639833363204750150e-01
1.601073847880124301e+00
-4.937733537882924573e-01
-2.717517536509210796e+00
-4.920553765424320325e-01
-2.288155377144198255e+00
-2.234633778331386988e+00
-1.190187077340166821e+00
-9.421654149534148814e-01
-7.851061267413141920e-01
9.029421470823897344e-01
1.300608669567628883e+00
-3.022223685634730650e-01
-1.887685839152602574e+00
1.749407620080460024e+00
6.639833363204750150e-01
1.601073847880124301e+00
1.300608669567628883e+00
1.630189041204423983e+00
nan
4.034176578896762067e-01
-7.851061267413141920e-01
-1.190187077340166821e+00
-1.390964365466245578e+00
-3.022223685634730650e-01
-1.887685839152602574e+00
-4.937733537882924573e-01
1.630189041204423983e+00
2.054433852699788510e-01
3.094990692923535125e+00
1.146867094498298822e+00
2.054433852699788510e-01
8.522166084024909161e-01
-1.751311831625262494e+00
1.601073847880124301e+00
4.034176578896762067e-01
-1.268428073447421589e+00
-2.585817539950312494e+00
-1.839763315979068059e+00
3.079716692794496335e+00
nan
1.749407620080460024e+00
1.146867094498298822e+00
2.996704310490269751e+00
2.197799681245582004e+00
2.113510987910548256e+00
nan
-4.497440327546220473e-02
2.596394746088372063e+00
2.054433852699788510e-01
2.197799681245582004e+00
3.079716692794496335e+00
nan
2.197799681245582004e+00
1.146867094498298822e+00
1.601073847880124301e+00
-4.497440327546220473e-02
6.639833363204750150e-01
nan
4.034176578896762067e-01
-7.851061267413141920e-01
-1.887685839152602574e+00
-4.937733537882924573e-01
-7.851061267413141920e-01
-4.920553765424320325e-01
2.646191742410704872e+00
1.630189041204423983e+00
2.299205548677858868e+00
nan
2.113510987910548256e+00
nan
-2.802087922469587600e+00
1.216789463941473581e+00
-1.580710431276899808e+00
nan
2.113980475619426702e+00
nan
1.545618655244055173e+00
3.195984522635124669e-01
-1.162211174189438090e+00
-1.835882217585630638e+00
2.113980475619426702e+00
9.310446380301851121e-01
-3.867927545238498688e-01
nan
-2.418088708842987877e+00
1.545618655244055173e+00
1.665181525106603555e+00
1.768802678987466681e+00
5.794129503600986553e-01
-1.026391509927270906e+00
-2.418088708842987877e+00
-3.867927545238498688e-01
1.665181525106603555e+00
2.606180956553555195e+00
1.062734897066223372e+00
3.195984522635124669e-01
-3.248328966233500203e-01
2.028940601950171452e+00
nan
9.310446380301851121e-01
5.794129503600986553e-01
2.562372536784556676e+00
9.404612385529098617e-02
nan
-2.820773533283176704e+00
nan
5.794129503600986553e-01
1.216789463941473581e+00
1.768802678987466681e+00
9.609100365398237642e-02
1.665181525106603555e+00
-7.433321537108117383e-01
-1.835882217585630638e+00
-1.292004982493102361e-01
-2.418088708842987877e+00
9.609100365398237642e-02
3.195984522635124669e-01
9.404612385529098617e-02
1.545618655244055173e+00
-5.775925594144406539e-01
1.768802678987466681e+00
2.511824360128004141e+00
-5.775925594144406539e-01
2.606180956553555195e+00
-1.352998459407798171e+00
2.562372536784556676e+00
9.310446380301851121e-01
-8.696765127016821140e-01
-1.026391509927270906e+00
-1.162211174189438090e+00
2.511824360128004141e+00
3.195984522635124669e-01
-1.999589451755541036e+00
-3.867927545238498688e-01
7.679905134286428847e-01
9.310446380301851121e-01
-2.319204164291755355e+00
-1.292004982493102361e-01
1.349923658508826119e+00
5.794129503600986553e-01
3.010764597949687538e+00
9.310446380301851121e-01
-8.696765127016821140e-01
-1.923582521605224027e+00
1.349923658508826119e+00
5.794129503600986553e-01
-1.026391509927270906e+00
1.768802678987466681e+00
9.609100365398237642e-02
1.216789463941473581e+00
1.768802678987466681e+00
-3.867927545238498688e-01
3.195984522635124669e-01
5.125453809427380492e-01
-1.835882217585630638e+00
-1.923582521605224027e+00
-2.418088708842987877e+00
1.062734897066223372e+00
nan
-2.836967729321628884e+00
nan
-2.820773533283176704e+00
9.404612385529098617e-02
9.609100365398237642e-02
3.195984522635124669e-01
-3.248328966233500203e-01
-2.802087922469587600e+00
-1.026391509927270906e+00
-3.248328966233500203e-01
5.794129503600986553e-01
-1.292004982493102361e-01
-1.162211174189438090e+00
-1.835882217585630638e+00
-2.820773533283176704e+00
9.310446380301851121e-01
5.794129503600986553e-01
nan
9.404612385529098617e-02
1.062734897066223372e+00
2.562372536784556676e+00
nan
1.545618655244055173e+00
1.665181525106603555e+00
1.349923658508826119e+00
-3.867927545238498688e-01
-1.923582521605224027e+00
5.125453809427380492e-01
2.995146306834128413e+00
7.679905134286428847e-01
1.768802678987466681e+00
2.163756605821372414e+00
-3.312888742735231595e-01
-2.757787062259253741e+00
-1.325003081211361122e+00
-2.424924449884340305e+00
-8.739707602789392737e-01
2.861888306619096323e+00
9.245886603800195225e-01
-2.456522295609882001e-01
nan
-2.006045429405706848e+00
-2.757787062259253741e+00
2.163756605821372414e+00
1.343467680858660085e+00
1.010415186788155228e+00
7.062738139879964905e-02
-7.501678947521566165e-01
2.894801133855250175e+00
-2.022501843023785995e+00
-1.587546172318252014e+00
2.894801133855250175e+00
-1.325003081211361122e+00
-1.168667151839611007e+00
-2.757787062259253741e+00
-6.268713804136254453e-01
-7.501678947521566165e-01
-2.129468531541303111e+00
-2.720633543821509459e+00
1.761966937946115142e+00
nan
2.861888306619096323e+00
9.245886603800195225e-01
-2.456522295609882001e-01
nan
-2.843423706971794473e+00
3.826663011569735318e-01
7.687590821965231136e-01
-1.587546172318252014e+00
2.266482603137287999e+00
nan
5.057096399013856214e-01
nan
7.062738139879964905e-02
-3.312888742735231595e-01
-2.129468531541303111e+00
2.861888306619096323e+00
nan
-2.757787062259253741e+00
7.687590821965231136e-01
-1.168667151839611007e+00
3.826663011569735318e-01
nan
-1.587546172318252014e+00
-2.456522295609882001e-01
-6.268713804136254453e-01
9.245886603800195225e-01
2.894801133855250175e+00
-1.325003081211361122e+00
-1.168667151839611007e+00
-2.757787062259253741e+00
2.861888306619096323e+00
1.343467680858660085e+00
1.010415186788155228e+00
2.861888306619096323e+00
9.245886603800195225e-01
-2.456522295609882001e-01
-2.720633543821509459e+00
8.721038281393145297e-02
1.638733717506106746e+00
nan
nan
2.266482603137287999e+00
nan
8.721038281393145297e-02
2.894801133855250175e+00
7.687590821965231136e-01
-7.501678947521566165e-01
-2.757787062259253741e+00
7.687590821965231136e-01
8.721038281393145297e-02
-8.739707602789392737e-01
nan
-2.424924449884340305e+00
2.266482603137287999e+00
-2.022501843023785995e+00
5.057096399013856214e-01
-2.129468531541303111e+00
1.466257844008948208e+00
9.245886603800195225e-01
3.826663011569735318e-01
nan
2.599345215512202767e+00
nan
nan
-1.587546172318252014e+00
-8.739707602789392737e-01
7.062738139879964905e-02
5.057096399013856214e-01
1.638733717506106746e+00
nan
-7.501678947521566165e-01
-2.456522295609882001e-01
-6.268713804136254453e-01
-1.587546172318252014e+00
1.638733717506106746e+00
-6.268713804136254453e-01
-3.312888742735231595e-01
-1.501719645910121193e+00
7.687590821965231136e-01
5.057096399013856214e-01
-2.456522295609882001e-01
2.861888306619096323e+00
nan
-2.757787062259253741e+00
2.861888306619096323e+00
2.599345215512202767e+00
nan
1.466257844008948208e+00
3.018224235990844218e+00
nan
-1.676108526721771241e-01
-1.049333809301416176e+00
-1.250949219930014511e+00
-2.993620128186039064e+00
-2.015539514185381798e+00
8.424964739852205398e-01
-2.365586420011472679e+00
nan
1.889061086196500927e+00
1.402615829035947836e+00
-5.664500511235925906e-01
-2.297830301633956740e+00
2.344523980026099519e+00
8.830776004664806500e-01
2.935942167900455591e+00
1.402615829035947836e+00
nan
-1.250949219930014511e+00
-1.423678269021309672e+00
-2.015539514185381798e+00
-1.250949219930014511e+00
2.658683245385080607e+00
2.332167063528270301e+00
8.424964739852205398e-01
-7.956445608467435093e-01
-5.664500511235925906e-01
8.424964739852205398e-01
-1.423678269021309672e+00
-8.312810441746787404e-02
-1.600015070328882461e+00
7.745821208613703490e-01
3.997556537603559335e-01
-2.043846077187341237e-01
2.972557688200665904e+00
1.365961358644304457e+00
2.238126936595369099e+00
-2.679745685370442665e+00
-1.049333809301416176e+00
1.540311705290281719e+00
-7.956445608467435093e-01
-2.498861460891489195e+00
-1.948764451235088568e+00
nan
nan
2.586876317501587419e+00
-2.051711977195876280e+00
-1.532655756007540893e+00
4.934306235863523682e-01
-7.956445608467435093e-01
-2.015539514185381798e+00
-1.600015070328882461e+00
-2.993620128186039064e+00
1.849283305350428730e+00
1.191245854891414435e+00
4.604228555024003633e-01
-8.312810441746787404e-02
-2.043846077187341237e-01
4.604228555024003633e-01
-1.532655756007540893e+00
1.889061086196500927e+00
nan
-8.312810441746787404e-02
nan
2.972557688200665904e+00
2.332167063528270301e+00
4.934306235863523682e-01
-1.737552711836895192e+00
1.365961358644304457e+00
1.446812426801336038e-01
4.604228555024003633e-01
-1.049333809301416176e+00
-1.948764451235088568e+00
1.465484126868039638e-01
3.997556537603559335e-01
1.191245854891414435e+00
2.344523980026099519e+00
8.830776004664806500e-01
-5.531339886249280191e-01
-2.679745685370442665e+00
3.997556537603559335e-01
-5.531339886249280191e-01
-7.956445608467435093e-01
1.849283305350428730e+00
nan
-1.109519003662328807e+00
-5.664500511235925906e-01
8.424964739852205398e-01
1.088456563676966748e+00
2.815489010234377698e+00
1.446812426801336038e-01
1.465484126868039638e-01
nan
-2.646579682540162626e+00
-2.679745685370442665e+00
1.849283305350428730e+00
1.191245854891414435e+00
-1.423678269021309672e+00
-2.981745219069330322e+00
-1.948764451235088568e+00
-2.051711977195876280e+00
-8.312810441746787404e-02
-1.250949219930014511e+00
1.465484126868039638e-01
-2.498861460891489195e+00
8.424964739852205398e-01
2.344523980026099519e+00
1.365961358644304457e+00
1.446812426801336038e-01
-1.423678269021309672e+00
3.997556537603559335e-01
-1.250949219930014511e+00
1.465484126868039638e-01
3.997556537603559335e-01
8.424964739852205398e-01
2.972557688200665904e+00
nan
-1.600015070328882461e+00
-1.423678269021309672e+00
-8.312810441746787404e-02
2.238126936595369099e+00
nan
nan
nan
2.181021649761940573e-01
1.611200871645098065e+00
-1.112159890809869545e-01
-1.875659998431689957e+00
-1.180692992560509413e+00
-7.395345197989366959e-01
3.009363090196503610e+00
nan
-1.367283405430117726e+00
1.613732627586342172e+00
1.611200871645098065e+00
1.144851427268143151e+00
-1.875659998431689957e+00
9.130691708473746004e-01
2.400918843617296350e+00
2.311864328384078515e+00
nan
-1.367283405430117726e+00
9.162338657739175218e-01
-4.825612917627859488e-01
2.400918843617296350e+00
2.181021649761940573e-01
-4.825612917627859488e-01
-1.367283405430117726e+00
9.162338657739175218e-01
9.130691708473746004e-01
1.144851427268143151e+00
-4.793965968362305929e-01
-4.825612917627859488e-01
-1.112159890809869545e-01
-1.875659998431689957e+00
2.308699633457523159e+00
5.171025416369738892e-01
-1.177528297633966492e+00
-2.575690516185359158e+00
1.144851427268143151e+00
2.181021649761940573e-01
-4.825612917627859488e-01
-1.367283405430117726e+00
-1.177528297633966492e+00
-4.825612917627859488e-01
5.171025416369738892e-01
nan
-4.825612917627859488e-01
2.400918843617296350e+00
-1.177528297633966492e+00
-4.825612917627859488e-01
-7.395345197989366959e-01
9.162338657739175218e-01
9.130691708473746004e-01
-1.112159890809869545e-01
nan
2.155704090349499502e-01
3.029237374335235433e+00
-2.573158760244115051e+00
3.006831334255258614e+00
nan
1.613732627586342172e+00
nan
-1.995032291061298535e+00
-1.875659998431689957e+00
2.155704090349499502e-01
1.773169957986104439e+00
-2.573158760244115051e+00
-1.878191754372934286e+00
-1.367283405430117726e+00
nan
-2.575690516185359158e+00
-2.623350821779248498e+00
9.162338657739175218e-01
2.308699633457523159e+00
3.029237374335235433e+00
-1.177528297633966492e+00
9.130691708473746004e-01
2.400918843617296350e+00
-4.793965968362305929e-01
-1.180692992560509413e+00
-1.995032291061298535e+00
2.181021649761940573e-01
-4.825612917627859488e-01
-7.395345197989366959e-01
3.009363090196503610e+00
3.006831334255258614e+00
2.400918843617296350e+00
9.162338657739175218e-01
2.308699633457523159e+00
2.400918843617296350e+00
nan
-1.878191754372934286e+00
5.171025416369738892e-01
-4.793965968362305929e-01
2.155704090349499502e-01
5.171025416369738892e-01
-2.573158760244115051e+00
-1.180692992560509413e+00
-1.112159890809869545e-01
1.613732627586342172e+00
nan
-1.995032291061298535e+00
nan
-1.878191754372934286e+00
-1.112159890809869545e-01
-1.177528297633966492e+00
-4.825612917627859488e-01
-1.112159890809869545e-01
-1.875659998431689957e+00
nan
nan
nan
2.155704090349499502e-01
nan
2.181021649761940573e-01
2.155704090349499502e-01
5.171025416369738892e-01
1.613732627586342172e+00
nan
nan
-1.747806323398930051e+00
-3.848009884861518515e-01
-6.075667413616492318e-01
-2.532492430437908837e+00
3.040837419738764869e+00
nan
2.177048324512897981e+00
1.898440091160662480e+00
9.622801769552804529e-01
2.177048324512897981e+00
2.469638755449708345e+00
2.009477728151875642e+00
nan
-2.668559927302766255e+00
2.009477728151875642e+00
6.076761104349412967e-01
1.327759286041406472e+00
9.622801769552804529e-01
-1.777220529624981005e-01
nan
nan
-9.624081600014764426e-01
-1.526680457894464160e+00
4.391561055959618542e-01
-2.532492430437908837e+00
3.040837419738764869e+00
1.485878952553572940e+00
-1.777220529624981005e-01
nan
-2.177413659678588687e+00
-9.624081600014764426e-01
-3.848009884861518515e-01
-1.130690812720968053e+00
nan
1.327759286041406472e+00
nan
nan
nan
nan
nan
nan
-1.654289588319270088e+00
nan
-9.559996527752079309e-01
2.009477728151875642e+00
-1.747806323398930051e+00
1.858798166331041557e-01
-8.396796576335674445e-02
-2.532492430437908837e+00
-1.526680457894464160e+00
-2.177413659678588687e+00
-9.624081600014764426e-01
nan
-6.075667413616492318e-01
nan
7.570784809221500211e-01
nan
6.076761104349412967e-01
nan
-1.654289588319270088e+00
nan
-2.097879122183510248e+00
-2.177413659678588687e+00
-9.624081600014764426e-01
-2.668559927302766255e+00
-1.130690812720968053e+00
2.962446487910338266e+00
1.327759286041406472e+00
-8.396796576335674445e-02
1.392362217473919639e+00
1.327759286041406472e+00
4.391561055959618542e-01
nan
-1.526680457894464160e+00
-6.075667413616492318e-01
1.392362217473919639e+00
1.858798166331041557e-01
2.009477728151875642e+00
1.392362217473919639e+00
1.327759286041406472e+00
4.391561055959618542e-01
-9.624081600014764426e-01
1.898440091160662480e+00
-8.396796576335674445e-02
nan
-2.097879122183510248e+00
nan
-9.624081600014764426e-01
1.858798166331041557e-01
-8.396796576335674445e-02
6.076761104349412967e-01
-3.848009884861518515e-01
-2.177413659678588687e+00
2.962446487910338266e+00
nan
2.009477728151875642e+00
-9.624081600014764426e-01
-3.848009884861518515e-01
-1.130690812720968053e+00
-1.777220529624981005e-01
1.858798166331041557e-01
-8.396796576335674445e-02
-1.777220529624981005e-01
1.858798166331041557e-01
-1.130690812720968053e+00
-9.624081600014764426e-01
-2.668559927302766255e+00
-1.654289588319270088e+00
-2.532492430437908837e+00
nan
3.056200575109486284e+00
nan
-9.559996527752079309e-01
9.622801769552804529e-01
2.177048324512897981e+00
3.040837419738764869e+00
3.056200575109486284e+00
nan
3.040837419738764869e+00
nan
2.318035483490852311e+00
-9.928074891517373324e-01
1.266565594143414852e+00
-1.999696260209306908e+00
4.562819739100349992e-01
2.198427471857846704e-01
9.443007539037919784e-01
4.562819739100349992e-01
-8.268800997718268597e-01
5.516016722050656185e-01
-1.959013194035702732e+00
-3.032813241735246024e-01
-1.214654124991098705e+00
-9.928074891517373324e-01
-8.268800997718268597e-01
5.516016722050656185e-01
1.422487678793983523e+00
1.266565594143414852e+00
1.532993348272644329e+00
1.905809625500107796e+00
nan
-1.999696260209306908e+00
1.905809625500107796e+00
-3.032813241735246024e-01
-1.999696260209306908e+00
-2.442335140741810129e+00
7.434415227840864837e-01
-2.588388854578159037e+00
-5.099237309739135249e-01
-8.268800997718268597e-01
-2.332624489235270993e-01
2.872015330384056764e+00
1.790164369741698014e+00
-1.607175192600202696e+00
4.562819739100349992e-01
1.790164369741698014e+00
1.925514415881747876e+00
nan
nan
9.443007539037919784e-01
-1.476129435857861827e+00
-8.268800997718268597e-01
1.592586186855839969e-01
1.905809625500107796e+00
nan
-3.709092216377918305e-02
-1.959013194035702732e+00
7.434415227840864837e-01
-1.999696260209306908e+00
9.396039206161597157e-01
-8.268800997718268597e-01
-3.709092216377918305e-02
-2.442335140741810129e+00
7.434415227840864837e-01
2.121863956731111056e+00
1.905809625500107796e+00
nan
2.121863956731111056e+00
nan
nan
-1.018304584141735525e+00
-9.928074891517373324e-01
-8.268800997718268597e-01
nan
-2.925218898919651256e+00
nan
1.729342889122000404e+00
-2.703997279608971738e-02
2.198427471857846704e-01
2.318035483490852311e+00
9.396039206161597157e-01
1.266565594143414852e+00
-8.221330573819947141e-01
-5.099237309739135249e-01
-8.268800997718268597e-01
-8.221330573819947141e-01
9.396039206161597157e-01
-8.268800997718268597e-01
-1.607175192600202696e+00
1.422487678793983523e+00
nan
1.925514415881747876e+00
1.422487678793983523e+00
-3.032813241735246024e-01
2.318035483490852311e+00
4.562819739100349992e-01
2.198427471857846704e-01
-1.803346719359943728e+00
1.422487678793983523e+00
7.434415227840864837e-01
-8.221330573819947141e-01
-1.959013194035702732e+00
-2.920325793687049476e+00
5.516016722050656185e-01
-1.476129435857861827e+00
1.266565594143414852e+00
2.121863956731111056e+00
-9.928074891517373324e-01
-1.873602946729438168e+00
2.318035483490852311e+00
2.872015330384056764e+00
nan
2.906906091949319926e+00
1.905809625500107796e+00
1.790164369741698014e+00
2.906906091949319926e+00
1.905809625500107796e+00
1.790164369741698014e+00
1.336821821512895969e+00
nan
nan
1.729342889122000404e+00
4.562819739100349992e-01
1.790164369741698014e+00
-3.709092216377918305e-02
-2.925218898919651256e+00
-1.350478875370128673e+00
-4.296119897728836179e-01
nan
nan
-1.893208231799434538e+00
nan
1.922606852417975798e+00
-9.511576695375838497e-01
-6.988455850289660987e-01
1.573541002019120061e+00
-6.371408154503006571e-01
6.471443771618154983e-01
8.757257707140335690e-01
2.974124212189319660e+00
nan
2.620422083723062290e+00
-1.736128599119949545e+00
-2.500466345161362902e-01
8.757257707140335690e-01
-4.800611827708101131e-01
1.983454266490016771e-01
-1.915535154506263105e+00
-1.736128599119949545e+00
1.544335388839783274e+00
5.269763898078272391e-01
1.479725254037624893e-01
-6.988455850289660987e-01
2.620422083723062290e+00
2.189010871335261843e+00
2.889918461682856599e+00
5.269763898078272391e-01
-1.579191377712151123e+00
-1.596036596706917665e+00
-8.686540728023208757e-01
1.404039941752896592e+00
1.544335388839783274e+00
nan
-9.511576695375838497e-01
6.471443771618154983e-01
8.757257707140335690e-01
-2.207225085886723726e+00
1.095536438326953022e+00
5.269763898078272391e-01
-2.521241939974006918e+00
-6.988455850289660987e-01
1.573541002019120061e+00
-2.050145453207233182e+00
-1.596036596706917665e+00
-5.199046918961149899e-01
-2.835258794061290555e+00
nan
1.922606852417975798e+00
9.329434549861224113e-01
-6.988455850289660987e-01
-2.613350385811349597e+00
-1.108237302217074616e+00
nan
-2.613350385811349597e+00
1.560977163160695458e+00
-1.147237646194087857e+00
-1.217719923201189047e+00
6.189266008988392187e-01
1.095536438326953022e+00
nan
3.131061433597118526e+00
nan
-1.711553109899086600e-01
-2.364162307294516374e+00
1.983454266490016771e-01
-5.199046918961149899e-01
2.031931238655771299e+00
1.095536438326953022e+00
8.757257707140335690e-01
1.718056795840186002e+00
-1.147237646194087857e+00
-1.566469304107407590e+00
-6.371408154503006571e-01
1.544335388839783274e+00
-5.199046918961149899e-01
-7.940780368580933057e-01
1.544335388839783274e+00
1.922606852417975798e+00
7.760062335783297627e-01
-2.044835547219747696e+00
-1.217719923201189047e+00
-1.579191377712151123e+00
2.441119511170027234e+00
1.224791621112901741e+00
-2.207225085886723726e+00
-2.044835547219747696e+00
-8.686540728023208757e-01
7.760062335783297627e-01
2.441119511170027234e+00
1.573541002019120061e+00
-1.265174523624867486e+00
-1.596036596706917665e+00
-1.217719923201189047e+00
-1.736128599119949545e+00
6.471443771618154983e-01
1.922606852417975798e+00
-9.107107275728054674e-03
1.095536438326953022e+00
5.269763898078272391e-01
2.031931238655771299e+00
-2.500466345161362902e-01
-1.217719923201189047e+00
6.189266008988392187e-01
-1.147237646194087857e+00
-2.962099766717555926e+00
2.974124212189319660e+00
2.441119511170027234e+00
8.757257707140335690e-01
-2.050145453207233182e+00
-2.493227608384869676e+00
-1.566469304107407590e+00
1.246960309073411377e+00
-2.500466345161362902e-01
8.757257707140335690e-01
2.031931238655771299e+00
6.471443771618154983e-01
8.757257707140335690e-01
-2.835258794061290555e+00
-2.493227608384869676e+00
-5.199046918961149899e-01
2.367495212357288992e-01
-9.135709152771398500e-01
nan
-2.178545646710008832e+00
1.468527694163160202e+00
-8.798096224184273062e-01
-2.461342369421033460e-01
-2.639790870080656049e-01
-9.512351537946450719e-02
-1.212339941826051870e+00
-2.213147430495825851e+00
-1.665207785815878916e+00
-1.212339941826051870e+00
-4.804442199843350636e-01
-9.512351537946450719e-02
-7.290179951199360353e-01
3.858091706012776179e-01
nan
1.203393414647969895e+00
1.901654389455964544e+00
-8.798096224184273062e-01
2.367495212357288992e-01
2.334781084748768887e+00
-9.512351537946450719e-02
-1.695223700003884337e+00
-4.751395403179570209e-02
3.045045025493365198e+00
2.367495212357288992e-01
1.691476082847391815e-01
1.474960755056950124e+00
-1.212339941826051870e+00
1.691476082847391815e-01
-1.665207785815878916e+00
1.686277172825801696e+00
1.901654389455964544e+00
2.260358918454401955e+00
nan
-1.346697610569947967e+00
6.895625916594987359e-01
7.200714679418447339e-01
1.901654389455964544e+00
-8.798096224184273062e-01
-2.461342369421033460e-01
3.201034475334385565e+00
nan
-1.212339941826051870e+00
1.468527694163160202e+00
-1.665207785815878916e+00
2.367495212357288992e-01
1.691476082847391815e-01
1.474960755056950124e+00
1.203393414647969895e+00
-1.996485868179291190e+00
-1.665207785815878916e+00
nan
2.334781084748768887e+00
nan
-2.178545646710008832e+00
2.551442647065308211e+00
6.895625916594987359e-01
7.200714679418447339e-01
-1.563359172886482851e+00
-1.665207785815878916e+00
-1.212339941826051870e+00
1.468527694163160202e+00
3.045045025493365198e+00
-2.661429404887841077e+00
-2.429612563472095754e+00
6.895625916594987359e-01
nan
-9.135709152771398500e-01
nan
-1.695223700003884337e+00
-4.751395403179570209e-02
-2.449893892854869915e+00
1.203393414647969895e+00
-1.346697610569947967e+00
-8.798096224184273062e-01
2.367495212357288992e-01
-1.130232477593678286e+00
nan
2.652482877709749776e+00
1.691476082847391815e-01
-2.449893892854869915e+00
1.203393414647969895e+00
6.022743035775435239e-01
3.045045025493365198e+00
-1.695223700003884337e+00
8.189358658940819602e-01
3.045045025493365198e+00
1.686277172825801696e+00
2.984569342358112554e+00
nan
2.367495212357288992e-01
2.767907780041573229e+00
1.474960755056950124e+00
nan
-2.646077696448365213e+00
2.260358918454401955e+00
-2.461342369421033460e-01
1.901654389455964544e+00
nan
1.686277172825801696e+00
6.022743035775435239e-01
3.045045025493365198e+00
-2.661429404887841077e+00
-1.563359172886482851e+00
1.474960755056950124e+00
7.200714679418447339e-01
2.984569342358112554e+00
nan
-1.212339941826051870e+00
-4.804442199843350636e-01
6.895625916594987359e-01
-2.178545646710008832e+00
-4.751395403179570209e-02
-2.449893892854869915e+00
1.686277172825801696e+00
1.035400998870355860e+00
-2.449893892854869915e+00
-1.870636045235798628e+00
-6.521889398260558579e-01
2.835264034462799732e+00
nan
nan
nan
-1.478292991716302573e+00
-1.848443622063335789e+00
2.016661687447300899e-01
-2.263335126934525654e+00
5.440657424112131935e-01
6.068492062767085748e-01
9.179127872011560996e-02
3.235774407227648641e+00
2.835264034462799732e+00
8.768334139383244796e-01
2.039519724990368932e+00
6.068492062767085748e-01
3.231959819592965300e+00
8.429937831879610322e-01
-2.026932415920963848e+00
-6.932508564980937038e-01
-9.511169806028147988e-01
-2.432115453452942333e+00
9.179127872011560996e-02
2.451377016344649107e-01
2.835264034462799732e+00
2.446917684374756430e+00
nan
1.619714921866857171e+00
-2.655678180454007720e+00
-1.848443622063335789e+00
-2.837298490984920818e+00
-2.655678180454007720e+00
-3.529896394841802731e-01
-8.113833033250212878e-01
4.841343322395976756e-01
2.039519724990368932e+00
-1.216566340856999551e+00
nan
-1.848443622063335789e+00
-2.229432056447147925e+00
9.179127872011560996e-02
2.039519724990368932e+00
1.214531884334878686e+00
-3.005517747993668998e-01
1.740320424648481801e+00
8.093488468028997573e-01
9.179127872011560996e-02
-1.848443622063335789e+00
8.093488468028997573e-01
9.179127872011560996e-02
2.637647066109003458e+00
-8.113833033250212878e-01
8.768334139383244796e-01
5.440657424112131935e-01
-1.013882943851205365e+00
1.269532495637050840e+00
-3.529896394841802731e-01
4.041658092709212724e-01
-1.085593910017589758e+00
1.441392383871734406e+00
1.012032243808694165e+00
2.446917684374756430e+00
1.142193083529847275e+00
1.822398318872651135e+00
-1.478292991716302573e+00
2.936575106885761510e+00
3.037947431468593695e+00
2.839616766073469467e+00
8.429937831879610322e-01
8.093488468028997573e-01
nan
-9.511169806028147988e-01
6.068492062767085748e-01
-6.932508564980937038e-01
-2.147642922405222254e+00
-1.824249018915169440e+00
-1.478292991716302573e+00
nan
-1.013882943851205365e+00
9.179127872011560996e-02
-2.147642922405222254e+00
-2.229432056447147925e+00
4.841343322395976756e-01
1.142193083529847275e+00
-2.035168687872483950e-01
-2.263335126934525654e+00
-6.521889398260558579e-01
-1.216566340856999551e+00
1.269532495637050840e+00
2.039519724990368932e+00
6.068492062767085748e-01
1.269532495637050840e+00
2.451377016344649107e-01
-1.824249018915169440e+00
1.269532495637050840e+00
-6.521889398260558579e-01
2.024897959398835656e+00
2.054574630855260597e+00
1.740320424648481801e+00
-1.017228261064317962e-03
2.839616766073469467e+00
1.441392383871734406e+00
2.024897959398835656e+00
9.179127872011560996e-02
8.429937831879610322e-01
-6.088836627988367667e-01
4.841343322395976756e-01
-3.529896394841802731e-01
-2.229432056447147925e+00
4.841343322395976756e-01
2.637647066109003458e+00
1.822398318872651135e+00
-3.005517747993668998e-01
-6.521889398260558579e-01
-2.026932415920963848e+00
1.269532495637050840e+00
8.429937831879610322e-01
2.430080996930821247e+00
2.223290102145584424e+00
-4.594177401694667928e-01
1.722075270419749504e+00
1.915001117406265330e-01
-1.005534008147360936e+00
-7.355717713691722892e-01
2.223290102145584424e+00
nan
-2.919789171503853531e+00
2.592721695189454056e+00
-1.864834420689578387e-01
6.298427344639812020e-01
-2.025256989195140633e+00
-2.644130483857879632e+00
-7.355717713691722892e-01
nan
nan
-1.827556635548084785e+00
-1.840457421336916699e+00
2.817032195920983195e+00
1.175959002441865575e+00
1.669058941243497518e+00
9.057490938868109076e-01
6.298427344639812020e-01
1.114995323013996842e+00
-1.864834420689578387e-01
-7.355717713691722892e-01
-1.840457421336916699e+00
-2.370948513980504657e+00
-4.623898014917973143e-01
1.915001117406265330e-01
3.596328259089265345e-01
2.268191538397634321e+00
2.223290102145584424e+00
-1.864834420689578387e-01
1.995009568520259347e+00
-5.473630743470985216e-01
-4.594177401694667928e-01
1.449140972319240550e+00
-2.948752200468504281e+00
2.271163599719964399e+00
6.298427344639812020e-01
6.700543882402598683e-03
-2.370948513980504657e+00
1.995009568520259347e+00
-2.209889014380779226e+00
1.451865361864704607e+00
-4.623898014917973143e-01
-1.840457421336916699e+00
1.725047331742070700e+00
-1.554622337447565839e+00
-7.321626422053224559e-01
1.725047331742070700e+00
6.298427344639812020e-01
-1.471025828293054172e+00
2.817032195920983195e+00
1.995009568520259347e+00
-2.579320607424641754e+00
-2.917064781958389030e+00
2.814307806375518251e+00
9.303632978283520316e-01
-2.370948513980504657e+00
-4.623898014917973143e-01
-7.321626422053224559e-01
3.596328259089265345e-01
-1.281440367570190864e+00
-1.655657853478692543e+00
3.596328259089265345e-01
-2.373672903525969158e+00
6.700543882402598683e-03
-1.864834420689578387e-01
1.449140972319240550e+00
5.609317047844895043e-01
-1.864834420689578387e-01
6.298427344639812020e-01
-2.025256989195140633e+00
2.544097897820473353e+00
-4.623898014917973143e-01
-2.763952632610286564e+00
1.178931063764185883e+00
1.449140972319240550e+00
-1.286226260434830015e+00
-1.824832246002620284e+00
-1.892078316144223393e-01
2.408089670003808802e+00
1.178931063764185883e+00
6.298427344639812020e-01
2.962153288233316584e+00
1.725047331742070700e+00
6.298427344639812020e-01
1.853858509101721896e+00
nan
1.175959002441865575e+00
2.592721695189454056e+00
1.451865361864704607e+00
3.569084363634620338e-01
1.484426916057859369e+00
3.090214165798358170e+00
1.449140972319240550e+00
-1.471025828293054172e+00
-1.864834420689578387e-01
-1.554622337447565839e+00
1.299794890872221220e+00
-1.278715978024726141e+00
-2.919789171503853531e+00
5.609317047844895043e-01
-1.824832246002620284e+00
-2.646854873403344133e+00
2.592721695189454056e+00
1.451865361864704607e+00
3.569084363634620338e-01
-1.101594235249184983e+00
1.451865361864704607e+00
6.298427344639812020e-01
-3.627310491614599286e-01
2.544097897820473353e+00
-1.892078316144223393e-01
1.114995323013996842e+00
3.596328259089265345e-01
6.298427344639812020e-01
nan
1.928157240443006071e+00
nan
nan
-1.453343632386680184e+00
3.006931271989774057e+00
1.532779731365098375e+00
1.444835293736889792e+00
-6.292032608858311171e-01
nan
nan
-2.942861752821932519e+00
nan
-2.902871283976752981e+00
2.015149194586039361e+00
-2.235422517682310595e+00
-2.419549337270628264e+00
-6.292032608858311171e-01
nan
-4.254169324890977322e-03
6.929729668501098949e-01
2.767123150159660483e-01
1.928157240443006071e+00
-1.290291374753796072e+00
nan
-9.704598742088479391e-01
3.188485298213361574e-02
-3.516062157019961276e-01
nan
-1.290291374753796072e+00
2.160528616996280515e+00
9.619515355590575467e-01
-1.620685525085997059e+00
-3.516062157019961276e-01
-9.704598742088479391e-01
-2.612467602489731533e+00
nan
-2.419549337270628264e+00
3.188485298213361574e-02
2.767123150159660483e-01
1.444835293736889792e+00
6.929729668501098949e-01
-3.516062157019961276e-01
-1.453343632386680184e+00
3.188485298213361574e-02
-9.793551013331778243e-01
4.790677773812253015e-01
-2.985092973500615976e-01
nan
nan
nan
2.767123150159660483e-01
-4.254169324890977322e-03
1.354061080718075072e+00
2.788277502627462656e+00
nan
2.345543344918235018e+00
9.044612006471477450e-01
nan
-6.292032608858311171e-01
2.767123150159660483e-01
-4.871379275027232225e-01
-2.281773638953962013e+00
-2.235422517682310595e+00
-1.936665579092796019e+00
-2.612467602489731533e+00
-9.793551013331778243e-01
-2.902871283976752981e+00
-2.281773638953962013e+00
-9.793551013331778243e-01
-9.704598742088479391e-01
-2.281773638953962013e+00
2.160528616996280515e+00
2.894362945326963032e+00
1.023666930385867868e+00
nan
nan
nan
-2.235422517682310595e+00
2.411479187149130343e+00
2.676237308454004538e+00
-2.863741048400272771e+00
-1.453343632386680184e+00
2.015149194586039361e+00
-9.793551013331778243e-01
1.928157240443006071e+00
1.684755044253844591e+00
9.044612006471477450e-01
2.411479187149130343e+00
1.684755044253844591e+00
-3.516062157019961276e-01
-4.254169324890977322e-03
2.676237308454004538e+00
-9.793551013331778243e-01
-4.871379275027232225e-01
-1.290291374753796072e+00
-9.793551013331778243e-01
1.444835293736889792e+00
1.354061080718075072e+00
nan
-1.453343632386680184e+00
3.625788165179031353e-01
nan
-4.254169324890977322e-03
1.354061080718075072e+00
9.044612006471477450e-01
1.444835293736889792e+00
3.188485298213361574e-02
-2.235422517682310595e+00
2.894362945326963032e+00
nan
-1.607673632051128676e+00
9.619515355590575467e-01
-1.620685525085997059e+00
1.532779731365098375e+00
9.619515355590575467e-01
-1.290291374753796072e+00
2.160528616996280515e+00
nan
-9.598972244215948635e-01
nan
3.106835693934335563e+00
nan
2.169724316254289409e+00
nan
-1.625332629741305990e+00
nan
-1.778187394693835799e+00
-8.406465227023276476e-01
-5.222556081272800022e-01
-1.080055693896113667e+00
3.084920181567962327e+00
nan
-1.080055693896113667e+00
3.084920181567962327e+00
-5.222556081272800022e-01
-1.080055693896113667e+00
-1.625332629741305990e+00
3.753422928983818352e-01
3.155747687140442181e-01
-5.524835930488780633e-02
3.753422928983818352e-01
3.155747687140442181e-01
7.294377477340905358e-01
3.753422928983818352e-01
-3.825569320836903486e-01
3.084920181567962327e+00
nan
nan
-5.524835930488780633e-02
-1.419039730457526183e+00
1.711205231324190112e+00
-5.524835930488780633e-02
3.066508438584552021e+00
3.106835693934335563e+00
nan
3.753422928983818352e-01
3.155747687140442181e-01
-5.524835930488780633e-02
-5.222556081272800022e-01
3.155747687140442181e-01
-5.524835930488780633e-02
-1.419039730457526183e+00
3.155747687140442181e-01
1.514835911131543700e+00
-2.316637631483188464e+00
-1.080055693896113667e+00
-8.406465227023276476e-01
nan
1.711205231324190112e+00
nan
nan
-2.475686156506259117e+00
-2.410730793138759154e+00
3.753422928983818352e-01
3.155747687140442181e-01
-8.406465227023276476e-01
nan
1.013073530526455546e+00
nan
1.272126415228644003e+00
2.408703993136613430e+00
7.294377477340905358e-01
nan
-1.778187394693835799e+00
-8.406465227023276476e-01
nan
1.013073530526455546e+00
nan
nan
-1.080055693896113667e+00
nan
3.753422928983818352e-01
nan
-1.625332629741305990e+00
3.066508438584552021e+00
nan
nan
-5.222556081272800022e-01
3.155747687140442181e-01
7.294377477340905358e-01
nan
-1.080055693896113667e+00
1.514835911131543700e+00
-2.316637631483188464e+00
-1.080055693896113667e+00
-8.406465227023276476e-01
-2.316637631483188464e+00
-1.080055693896113667e+00
-1.625332629741305990e+00
nan
nan
-1.625332629741305990e+00
-1.419039730457526183e+00
-1.080055693896113667e+00
3.084920181567962327e+00
nan
-3.825569320836903486e-01
7.294377477340905358e-01
1.272126415228644003e+00
2.408703993136613430e+00
nan
3.753422928983818352e-01
3.106835693934335563e+00
2.299522018170508719e+00
nan
nan
nan
nan
-3.825569320836903486e-01
2.299522018170508719e+00
-1.419039730457526183e+00
1.013073530526455546e+00
3.084920181567962327e+00
-2.316637631483188464e+00
-1.080055693896113667e+00
-1.625332629741305990e+00
2.169724316254289409e+00
1.013073530526455546e+00
-5.524835930488780633e-02
nan
1.287396733101134227e+00
nan
6.447030410756253715e-01
1.287396733101134227e+00
-9.339259056624964472e-01
nan
9.177975973846925761e-01
-9.339259056624964472e-01
1.430101204473065213e+00
-9.291928251620475976e-01
-1.492397986235198815e-01
-1.399830659633529706e-01
2.395523969560142685e+00
2.990928742249309824e+00
nan
1.287396733101134227e+00
nan
2.214787311512043555e+00
9.177975973846925761e-01
1.420844471812894749e+00
1.430101204473065213e+00
1.789344112969608602e-01
-1.492397986235198815e-01
-1.710067336399770932e+00
-2.037655146966220965e+00
6.361583647739181835e-01
-9.253812293608065787e-01
-1.298791960878495910e+00
2.205530578851872203e+00
1.430101204473065213e+00
nan
-1.719324069059948279e+00
-2.495465499797224318e+00
1.656660783472417631e+00
6.361583647739181835e-01
-1.399830659633529706e-01
-1.298791960878495910e+00
-1.492397986235198815e-01
6.447030410756253715e-01
2.025924833843701034e+00
-2.504010176098924845e+00
nan
-2.776518333053946019e+00
-1.719324069059948279e+00
2.214787311512043555e+00
1.789344112969608602e-01
-2.504010176098924845e+00
2.214787311512043555e+00
-1.903296390743225430e-01
2.990928742249309824e+00
-9.253812293608065787e-01
-1.298791960878495910e+00
nan
-9.253812293608065787e-01
-2.776518333053946019e+00
-9.339259056624964472e-01
3.000185474909497163e+00
2.765123105276590554e+00
2.205530578851872203e+00
nan
-1.668056011249772874e+00
-2.504010176098924845e+00
-1.399830659633529706e-01
-1.668056011249772874e+00
-9.339259056624964472e-01
nan
5.485335470134087288e-01
-1.719324069059948279e+00
nan
-1.668056011249772874e+00
nan
1.430101204473065213e+00
1.789344112969608602e-01
-9.339259056624964472e-01
6.447030410756253715e-01
5.485335470134087288e-01
1.420844471812894749e+00
-1.710067336399770932e+00
-2.037655146966220965e+00
-9.339259056624964472e-01
-1.710067336399770932e+00
-2.776518333053946019e+00
1.420844471812894749e+00
-1.399830659633529706e-01
-1.903296390743225430e-01
-1.719324069059948279e+00
nan
-2.037655146966220965e+00
nan
-2.495465499797224318e+00
9.177975973846925761e-01
-9.339259056624964472e-01
-1.399830659633529706e-01
-1.668056011249772874e+00
-1.492397986235198815e-01
2.214787311512043555e+00
1.287396733101134227e+00
2.205530578851872203e+00
6.447030410756253715e-01
-1.298791960878495910e+00
6.361583647739181835e-01
2.214787311512043555e+00
-5.599287747907641943e-01
2.205530578851872203e+00
nan
-9.291928251620475976e-01
6.361583647739181835e-01
-1.710067336399770932e+00
2.025924833843701034e+00
2.205530578851872203e+00
-1.710067336399770932e+00
2.025924833843701034e+00
2.205530578851872203e+00
1.430101204473065213e+00
-1.903296390743225430e-01
-2.504010176098924845e+00
-1.710067336399770932e+00
1.656660783472417631e+00
-1.719324069059948279e+00
2.911076707763240012e+00
nan
-1.952245615654293998e+00
-6.776873389485671417e-01
nan
-2.882665924061063034e+00
-2.472069362304486262e+00
5.005828341203719667e-01
-1.254324894518332956e+00
2.190967833816768184e-01
nan
-3.239045861115634750e-01
-6.776873389485671417e-01
5.005828341203719667e-01
2.932355513650355849e+00
2.190967833816768184e-01
-7.554845822287723500e-01
2.467356339108739416e+00
-6.776873389485671417e-01
-1.383803112946722980e+00
6.065157222952053395e-01
2.013478806737596383e+00
1.756650250469504737e+00
3.738051553626271506e-01
nan
-1.277356965975902092e-01
-1.254324894518332956e+00
nan
2.384399136100686878e+00
1.413055680918189339e-01
nan
nan
1.071725876498587748e+00
-1.575285239974226759e+00
-7.554845822287723500e-01
1.769435617972778818e+00
-6.776873389485671417e-01
-1.277356965975902092e-01
-9.140499884075570236e-02
-1.575285239974226759e+00
-1.383803112946722980e+00
-7.891147403149503248e-01
1.116694684407336435e+00
3.012717666818637507e+00
2.467356339108739416e+00
nan
nan
nan
-2.472069362304486262e+00
-7.554845822287723500e-01
3.738051553626271506e-01
nan
-1.383803112946722980e+00
1.304225463769396409e+00
2.911076707763240012e+00
3.012717666818637507e+00
1.304225463769396409e+00
nan
2.384399136100686878e+00
6.065157222952053395e-01
1.116694684407336435e+00
5.005828341203719667e-01
1.304225463769396409e+00
nan
nan
nan
2.190967833816768184e-01
5.005828341203719667e-01
2.699855926379548077e+00
2.190967833816768184e-01
5.005828341203719667e-01
-1.952245615654293998e+00
nan
nan
-5.566151530441421080e-01
-1.575285239974226759e+00
-7.554845822287723500e-01
-2.184745202925101992e+00
2.190967833816768184e-01
-7.554845822287723500e-01
-1.254324894518332956e+00
-1.575285239974226759e+00
2.384399136100686878e+00
1.413055680918189339e-01
2.013478806737596383e+00
2.384399136100686878e+00
-7.891147403149503248e-01
nan
nan
1.769435617972778818e+00
-2.472069362304486262e+00
1.128331719751542561e+00
2.234645772176165668e+00
-2.472069362304486262e+00
-2.639870529295866852e+00
-7.891147403149503248e-01
2.911076707763240012e+00
1.128331719751542561e+00
-2.184745202925101992e+00
nan
-2.011551998577904676e+00
-2.882665924061063034e+00
2.190967833816768184e-01
1.128331719751542561e+00
-1.719535048721715365e+00
-6.776873389485671417e-01
-1.383803112946722980e+00
2.699855926379548077e+00
-2.472069362304486262e+00
-7.554845822287723500e-01
6.065157222952053395e-01
nan
2.384399136100686878e+00
3.738051553626271506e-01
2.190967833816768184e-01
1.128331719751542561e+00
6.065157222952053395e-01
-2.472069362304486262e+00
2.384399136100686878e+00
1.413055680918189339e-01
4.152174489729549833e-01
-1.520660345045543593e+00
6.697674248939251562e-01
-4.823804520527046336e-01
nan
-2.679365921979259380e+00
-2.276762475408608211e+00
-7.356182098273351677e-01
-2.260866664891804323e+00
1.312001571303214487e+00
-1.128317291526054644e+00
1.926024722938648903e+00
nan
4.942392539087991921e-02
-1.672310892809845129e-01
2.209599472328858116e+00
-1.520660345045543593e+00
2.512681678064705437e-01
1.312001571303214487e+00
8.344660606090879007e-01
-5.861101097596188580e-01
4.152174489729549833e-01
3.189592466263719839e+00
6.697674248939251562e-01
nan
1.619508195827302988e+00
-1.672310892809845129e-01
nan
-1.520660345045543593e+00
nan
-4.823804520527046336e-01
2.404550331045511857e+00
1.926024722938648903e+00
4.152174489729549833e-01
-1.520660345045543593e+00
2.512681678064705437e-01
-1.379978353078348263e+00
-1.520660345045543593e+00
-5.861101097596188580e-01
-4.823804520527046336e-01
-3.429191281286088078e-01
2.763403000504752516e+00
nan
-2.698045533783240746e+00
-1.423488387325715365e+00
1.312001571303214487e+00
-7.356182098273351677e-01
1.926024722938648903e+00
-4.823804520527046336e-01
8.344660606090879007e-01
2.512681678064705437e-01
-2.276762475408608211e+00
8.344660606090879007e-01
-2.679365921979259380e+00
nan
-2.305702480263751575e+00
3.182282020983378867e+00
nan
-7.356182098273351677e-01
-1.672310892809845129e-01
nan
nan
nan
-1.379978353078348263e+00
-1.520660345045543593e+00
2.344903743417290354e+00
3.106383594659118064e+00
4.421230070895991737e-01
-1.672310892809845129e-01
-2.276762475408608211e+00
-2.305702480263751575e+00
-2.679365921979259380e+00
nan
2.012207277526022242e+00
nan
nan
8.344660606090879007e-01
-1.841987644413170200e+00
1.312001571303214487e+00
2.796893384565000584e+00
nan
-4.823804520527046336e-01
-1.520660345045543593e+00
-1.004609366847073471e+00
2.209599472328858116e+00
-3.429191281286088078e-01
-1.672310892809845129e-01
nan
-1.128317291526054644e+00
2.344903743417290354e+00
4.152174489729549833e-01
-3.429191281286088078e-01
-2.679365921979259380e+00
-4.823804520527046336e-01
1.619508195827302988e+00
1.926024722938648903e+00
4.152174489729549833e-01
-3.429191281286088078e-01
-2.679365921979259380e+00
3.106383594659118064e+00
1.227165142307814261e+00
-5.861101097596188580e-01
-4.823804520527046336e-01
-7.356182098273351677e-01
-2.679365921979259380e+00
nan
-7.356182098273351677e-01
-1.004609366847073471e+00
nan
-1.913003398565032320e+00
6.697674248939251562e-01
nan
4.942392539087991921e-02
6.697674248939251562e-01
-2.276762475408608211e+00
4.942392539087991921e-02
2.344903743417290354e+00
nan
-3.429191281286088078e-01
6.697674248939251562e-01
