-2.260144711556311137e-01
3.088683199583108774e-02
-2.312362177844438094e-01
-2.260144711556311137e-01
3.088683199583108774e-02
2.918878535748752334e-01
-2.260144711556311137e-01
3.088683199583108774e-02
-2.312362177844438094e-01
-2.260144711556311137e-01
3.088683199583108774e-02
-2.312362177844438094e-01
2.975843044426706996e-01
3.088683199583108774e-02
2.918878535748752334e-01
-2.260144711556311137e-01
3.088683199583108774e-02
-2.312362177844438094e-01
-2.260144711556311137e-01
3.088683199583108774e-02
-2.312362177844438094e-01
-2.260144711556311137e-01
3.088683199583108774e-02
-2.312362177844438094e-01
-2.260144711556311137e-01
3.088683199583108774e-02
-2.312362177844438094e-01
2.975843044426706996e-01
3.088683199583108774e-02
2.918878535748752334e-01
2.975843044426706996e-01
3.088683199583108774e-02
2.918878535748752334e-01
-2.260144711556311137e-01
3.088683199583108774e-02
2.918878535748752334e-01
-2.260144711556311137e-01
3.088683199583108774e-02
-2.312362177844438094e-01
-2.260144711556311137e-01
3.088683199583108774e-02
2.918878535748752334e-01
-2.260144711556311137e-01
3.088683199583108774e-02
-2.312362177844438094e-01
-2.260144711556311137e-01
3.088683199583108774e-02
-2.312362177844438094e-01
-2.260144711556311137e-01
3.088683199583108774e-02
-2.312362177844438094e-01
2.975843044426706996e-01
3.088683199583108774e-02
2.918878535748752334e-01
2.975843044426706996e-01
3.088683199583108774e-02
2.918878535748752334e-01
2.975843044426706996e-01
3.088683199583108774e-02
2.918878535748752334e-01
-2.260144711556311137e-01
3.088683199583108774e-02
-2.312362177844438094e-01
-2.260144711556311137e-01
3.088683199583108774e-02
-2.312362177844438094e-01
-2.260144711556311137e-01
3.088683199583108774e-02
-2.312362177844438094e-01
2.975843044426706996e-01
3.088683199583108774e-02
2.918878535748752334e-01
-2.260144711556311137e-01
3.088683199583108774e-02
-2.312362177844438094e-01
-2.260144711556311137e-01
3.088683199583108774e-02
-2.312362177844438094e-01
2.975843044426706996e-01
3.088683199583108774e-02
2.918878535748752334e-01
-2.260144711556311137e-01
3.088683199583108774e-02
2.918878535748752334e-01
-2.260144711556311137e-01
3.088683199583108774e-02
-2.312362177844438094e-01
2.975843044426706996e-01
3.088683199583108774e-02
2.918878535748752334e-01
2.975843044426706996e-01
3.088683199583108774e-02
2.918878535748752334e-01
-2.260144711556311137e-01
3.088683199583108774e-02
-2.312362177844438094e-01
-2.260144711556311137e-01
3.088683199583108774e-02
-2.312362177844438094e-01
-2.260144711556311137e-01
3.088683199583108774e-02
-2.312362177844438094e-01
-2.260144711556311137e-01
-5.397939731234204785e-01
-2.312362177844438094e-01
-2.260144711556311137e-01
3.088683199583108774e-02
-2.312362177844438094e-01
-2.260144711556311137e-01
3.088683199583108774e-02
-2.312362177844438094e-01
2.975843044426706996e-01
3.088683199583108774e-02
2.918878535748752334e-01
-2.260144711556311137e-01
3.088683199583108774e-02
-2.312362177844438094e-01
-2.260144711556311137e-01
3.088683199583108774e-02
-2.312362177844438094e-01
3.559729258375843308e-01
1.635278273538567362e-01
3.502764749697884206e-01
-3.672615586113847641e-02
1.635278273538567362e-01
3.502764749697884206e-01
-3.672615586113847641e-02
1.635278273538567362e-01
-4.206657854970075050e-02
-3.672615586113847641e-02
1.635278273538567362e-01
-4.206657854970075050e-02
-3.672615586113847641e-02
1.635278273538567362e-01
3.502764749697884206e-01
-3.672615586113847641e-02
1.635278273538567362e-01
3.502764749697884206e-01
-3.672615586113847641e-02
1.635278273538567362e-01
-4.206657854970075050e-02
-3.672615586113847641e-02
1.635278273538567362e-01
-4.206657854970075050e-02
-3.672615586113847641e-02
1.635278273538567362e-01
3.502764749697884206e-01
3.559729258375843308e-01
1.635278273538567362e-01
3.502764749697884206e-01
-3.672615586113847641e-02
-2.549714297335943236e-01
-4.206657854970075050e-02
-3.672615586113847641e-02
1.635278273538567362e-01
3.502764749697884206e-01
-3.672615586113847641e-02
-2.549714297335943236e-01
-4.206657854970075050e-02
-3.672615586113847641e-02
1.635278273538567362e-01
3.502764749697884206e-01
-3.672615586113847641e-02
1.635278273538567362e-01
3.502764749697884206e-01
-3.672615586113847641e-02
1.635278273538567362e-01
-4.206657854970075050e-02
-3.672615586113847641e-02
1.635278273538567362e-01
-4.206657854970075050e-02
3.559729258375843308e-01
1.635278273538567362e-01
3.502764749697884206e-01
-4.290692093806272034e-01
-2.549714297335943236e-01
-4.206657854970075050e-02
-3.672615586113847641e-02
1.635278273538567362e-01
-4.206657854970075050e-02
-3.672615586113847641e-02
1.635278273538567362e-01
-4.206657854970075050e-02
-3.672615586113847641e-02
1.635278273538567362e-01
-4.206657854970075050e-02
-3.672615586113847641e-02
1.635278273538567362e-01
3.502764749697884206e-01
-3.672615586113847641e-02
1.635278273538567362e-01
-4.206657854970075050e-02
-3.672615586113847641e-02
1.635278273538567362e-01
-4.206657854970075050e-02
-3.672615586113847641e-02
-2.549714297335943236e-01
-4.206657854970075050e-02
-3.672615586113847641e-02
1.635278273538567362e-01
-4.206657854970075050e-02
3.559729258375843308e-01
1.635278273538567362e-01
3.502764749697884206e-01
-3.672615586113847641e-02
1.635278273538567362e-01
3.502764749697884206e-01
-3.672615586113847641e-02
-2.549714297335943236e-01
-4.206657854970075050e-02
-3.672615586113847641e-02
1.635278273538567362e-01
-4.206657854970075050e-02
-3.672615586113847641e-02
1.635278273538567362e-01
-4.206657854970075050e-02
-3.672615586113847641e-02
1.635278273538567362e-01
-4.206657854970075050e-02
-3.672615586113847641e-02
1.635278273538567362e-01
3.502764749697884206e-01
-3.672615586113847641e-02
1.635278273538567362e-01
-4.206657854970075050e-02
-3.672615586113847641e-02
1.635278273538567362e-01
-4.206657854970075050e-02
-3.672615586113847641e-02
1.635278273538567362e-01
3.502764749697884206e-01
3.559729258375843308e-01
1.635278273538567362e-01
3.502764749697884206e-01
-3.672615586113847641e-02
1.635278273538567362e-01
3.502764749697884206e-01
-3.672615586113847641e-02
1.635278273538567362e-01
3.502764749697884206e-01
1.275045571041757420e-01
-1.116837809820956373e-01
-1.143129121518473568e-01
1.275045571041757420e-01
-1.116837809820956373e-01
-1.143129121518473568e-01
1.275045571041757420e-01
-1.116837809820956373e-01
-1.143129121518473568e-01
1.275045571041757420e-01
-1.116837809820956373e-01
3.685708460259853325e-01
5.758966182693017188e-01
3.716381657240246383e-01
3.685708460259853325e-01
-3.212943934086545106e-01
-1.116837809820956373e-01
-1.143129121518473568e-01
1.275045571041757420e-01
-1.116837809820956373e-01
-1.143129121518473568e-01
-3.212943934086545106e-01
-1.116837809820956373e-01
-1.143129121518473568e-01
1.275045571041757420e-01
-1.116837809820956373e-01
-1.143129121518473568e-01
1.275045571041757420e-01
3.716381657240246383e-01
3.685708460259853325e-01
1.275045571041757420e-01
-1.116837809820956373e-01
3.685708460259853325e-01
1.275045571041757420e-01
-1.116837809820956373e-01
-1.143129121518473568e-01
1.275045571041757420e-01
-1.116837809820956373e-01
-1.143129121518473568e-01
1.275045571041757420e-01
-1.116837809820956373e-01
-1.143129121518473568e-01
1.275045571041757420e-01
3.716381657240246383e-01
3.685708460259853325e-01
1.275045571041757420e-01
3.716381657240246383e-01
3.685708460259853325e-01
1.275045571041757420e-01
-1.116837809820956373e-01
3.685708460259853325e-01
1.275045571041757420e-01
-1.116837809820956373e-01
-1.143129121518473568e-01
-3.212943934086545106e-01
-1.116837809820956373e-01
-1.143129121518473568e-01
1.275045571041757420e-01
-1.116837809820956373e-01
-1.143129121518473568e-01
1.275045571041757420e-01
-1.116837809820956373e-01
3.685708460259853325e-01
1.275045571041757420e-01
-1.116837809820956373e-01
-1.143129121518473568e-01
-3.212943934086545106e-01
-1.116837809820956373e-01
-1.143129121518473568e-01
1.275045571041757420e-01
-1.116837809820956373e-01
-1.143129121518473568e-01
1.275045571041757420e-01
-1.116837809820956373e-01
-1.143129121518473568e-01
1.275045571041757420e-01
-1.116837809820956373e-01
3.685708460259853325e-01
1.275045571041757420e-01
-1.116837809820956373e-01
3.685708460259853325e-01
-3.212943934086545106e-01
-1.116837809820956373e-01
-1.143129121518473568e-01
1.275045571041757420e-01
-1.116837809820956373e-01
3.685708460259853325e-01
1.275045571041757420e-01
-1.116837809820956373e-01
3.685708460259853325e-01
1.275045571041757420e-01
-1.116837809820956373e-01
-1.143129121518473568e-01
1.275045571041757420e-01
-1.116837809820956373e-01
3.685708460259853325e-01
1.275045571041757420e-01
-1.116837809820956373e-01
3.685708460259853325e-01
1.275045571041757420e-01
3.716381657240246383e-01
3.685708460259853325e-01
-3.212943934086545106e-01
-1.116837809820956373e-01
-1.143129121518473568e-01
1.275045571041757420e-01
-1.116837809820956373e-01
3.685708460259853325e-01
1.275045571041757420e-01
-1.116837809820956373e-01
3.685708460259853325e-01
1.275045571041757420e-01
-1.116837809820956373e-01
-1.143129121518473568e-01
1.275045571041757420e-01
-1.116837809820956373e-01
-1.143129121518473568e-01
1.275045571041757420e-01
-1.116837809820956373e-01
3.685708460259853325e-01
-1.217621171328140406e-01
1.124496512392845204e-01
-1.274585680006135036e-01
-1.217621171328140406e-01
-3.359424099258458973e-01
-1.274585680006135036e-01
-1.217621171328140406e-01
1.124496512392845204e-01
-1.274585680006135036e-01
3.615598295733062351e-01
1.124496512392845204e-01
3.554251901772187416e-01
-1.217621171328140406e-01
1.124496512392845204e-01
-1.274585680006135036e-01
3.615598295733062351e-01
5.612486017521107762e-01
3.554251901772187416e-01
-1.217621171328140406e-01
1.124496512392845204e-01
-1.274585680006135036e-01
-1.217621171328140406e-01
1.124496512392845204e-01
-1.274585680006135036e-01
-1.217621171328140406e-01
1.124496512392845204e-01
-1.274585680006135036e-01
3.615598295733062351e-01
1.124496512392845204e-01
3.554251901772187416e-01
-1.217621171328140406e-01
1.124496512392845204e-01
-1.274585680006135036e-01
3.615598295733062351e-01
5.612486017521107762e-01
3.554251901772187416e-01
3.615598295733062351e-01
1.124496512392845204e-01
3.554251901772187416e-01
-1.217621171328140406e-01
1.124496512392845204e-01
-1.274585680006135036e-01
-1.217621171328140406e-01
1.124496512392845204e-01
-1.274585680006135036e-01
-1.217621171328140406e-01
-3.359424099258458973e-01
-1.274585680006135036e-01
-1.217621171328140406e-01
1.124496512392845204e-01
-1.274585680006135036e-01
-1.217621171328140406e-01
-3.359424099258458973e-01
-1.274585680006135036e-01
-1.217621171328140406e-01
1.124496512392845204e-01
-1.274585680006135036e-01
-1.217621171328140406e-01
1.124496512392845204e-01
-1.274585680006135036e-01
3.615598295733062351e-01
1.124496512392845204e-01
3.554251901772187416e-01
3.615598295733062351e-01
1.124496512392845204e-01
3.554251901772187416e-01
-1.217621171328140406e-01
1.124496512392845204e-01
-1.274585680006135036e-01
3.615598295733062351e-01
1.124496512392845204e-01
3.554251901772187416e-01
3.615598295733062351e-01
1.124496512392845204e-01
3.554251901772187416e-01
3.615598295733062351e-01
1.124496512392845204e-01
3.554251901772187416e-01
3.615598295733062351e-01
1.124496512392845204e-01
3.554251901772187416e-01
3.615598295733062351e-01
5.612486017521107762e-01
3.554251901772187416e-01
-1.217621171328140406e-01
-3.359424099258458973e-01
-1.274585680006135036e-01
-1.217621171328140406e-01
1.124496512392845204e-01
-1.274585680006135036e-01
-1.217621171328140406e-01
-3.359424099258458973e-01
-1.274585680006135036e-01
3.615598295733062351e-01
1.124496512392845204e-01
3.554251901772187416e-01
-1.217621171328140406e-01
1.124496512392845204e-01
-1.274585680006135036e-01
-1.217621171328140406e-01
1.124496512392845204e-01
-1.274585680006135036e-01
3.615598295733062351e-01
1.124496512392845204e-01
3.554251901772187416e-01
-1.217621171328140406e-01
1.124496512392845204e-01
-1.274585680006135036e-01
-1.217621171328140406e-01
-3.359424099258458973e-01
-1.274585680006135036e-01
-1.217621171328140406e-01
1.124496512392845204e-01
-1.274585680006135036e-01
-1.217621171328140406e-01
-3.359424099258458973e-01
-1.274585680006135036e-01
3.615598295733062351e-01
1.124496512392845204e-01
3.554251901772187416e-01
8.145425681156526210e-02
7.843848870508995930e-02
7.575780594376757549e-02
8.145425681156526210e-02
7.843848870508995930e-02
7.575780594376757549e-02
4.507183071828491094e-01
4.480376244215316106e-01
7.575780594376757549e-02
4.507183071828491094e-01
7.843848870508995930e-02
7.575780594376757549e-02
8.145425681156526210e-02
7.843848870508995930e-02
7.575780594376757549e-02
4.507183071828491094e-01
4.480376244215316106e-01
7.575780594376757549e-02
8.145425681156526210e-02
7.843848870508995930e-02
7.575780594376757549e-02
4.507183071828491094e-01
4.480376244215316106e-01
4.450218563150509787e-01
8.145425681156526210e-02
7.843848870508995930e-02
7.575780594376757549e-02
4.507183071828491094e-01
4.480376244215316106e-01
4.450218563150509787e-01
8.145425681156526210e-02
7.843848870508995930e-02
7.575780594376757549e-02
8.145425681156526210e-02
7.843848870508995930e-02
7.575780594376757549e-02
8.145425681156526210e-02
7.843848870508995930e-02
7.575780594376757549e-02
8.145425681156526210e-02
7.843848870508995930e-02
7.575780594376757549e-02
8.145425681156526210e-02
7.843848870508995930e-02
7.575780594376757549e-02
4.507183071828491094e-01
7.843848870508995930e-02
7.575780594376757549e-02
4.507183071828491094e-01
4.480376244215316106e-01
7.575780594376757549e-02
4.507183071828491094e-01
7.843848870508995930e-02
7.575780594376757549e-02
8.145425681156526210e-02
7.843848870508995930e-02
7.575780594376757549e-02
4.507183071828491094e-01
4.480376244215316106e-01
4.450218563150509787e-01
4.507183071828491094e-01
4.480376244215316106e-01
7.575780594376757549e-02
4.507183071828491094e-01
7.843848870508995930e-02
7.575780594376757549e-02
4.507183071828491094e-01
4.480376244215316106e-01
4.450218563150509787e-01
4.507183071828491094e-01
4.480376244215316106e-01
7.575780594376757549e-02
4.507183071828491094e-01
4.480376244215316106e-01
7.575780594376757549e-02
8.145425681156526210e-02
7.843848870508995930e-02
7.575780594376757549e-02
4.507183071828491094e-01
7.843848870508995930e-02
7.575780594376757549e-02
4.507183071828491094e-01
7.843848870508995930e-02
7.575780594376757549e-02
4.507183071828491094e-01
4.480376244215316106e-01
4.450218563150509787e-01
4.507183071828491094e-01
7.843848870508995930e-02
7.575780594376757549e-02
4.507183071828491094e-01
4.480376244215316106e-01
4.450218563150509787e-01
4.507183071828491094e-01
4.480376244215316106e-01
4.450218563150509787e-01
4.507183071828491094e-01
4.480376244215316106e-01
7.575780594376757549e-02
4.507183071828491094e-01
7.843848870508995930e-02
7.575780594376757549e-02
4.507183071828491094e-01
4.480376244215316106e-01
4.450218563150509787e-01
8.145425681156526210e-02
7.843848870508995930e-02
7.575780594376757549e-02
4.507183071828491094e-01
7.843848870508995930e-02
7.575780594376757549e-02
4.507183071828491094e-01
4.480376244215316106e-01
7.575780594376757549e-02
8.145425681156526210e-02
7.843848870508995930e-02
7.575780594376757549e-02
4.507183071828491094e-01
4.480376244215316106e-01
4.450218563150509787e-01
-4.705097305901828619e-02
-4.989919849291979403e-02
-5.274742392681819325e-02
3.452920804604668881e-01
3.424438550265684889e-01
3.395956295926705337e-01
-4.705097305901828619e-02
-4.989919849291979403e-02
-5.274742392681819325e-02
-4.705097305901828619e-02
-4.989919849291979403e-02
-5.274742392681819325e-02
-4.705097305901828619e-02
-4.989919849291979403e-02
-5.274742392681819325e-02
-4.705097305901828619e-02
-4.989919849291979403e-02
-5.274742392681819325e-02
-4.705097305901828619e-02
-4.989919849291979403e-02
-5.274742392681819325e-02
-4.705097305901828619e-02
-4.989919849291979403e-02
-5.274742392681819325e-02
-4.705097305901828619e-02
-4.989919849291979403e-02
-5.274742392681819325e-02
-4.705097305901828619e-02
-4.989919849291979403e-02
-5.274742392681819325e-02
-4.705097305901828619e-02
-4.989919849291979403e-02
-5.274742392681819325e-02
-4.705097305901828619e-02
-4.989919849291979403e-02
-5.274742392681819325e-02
3.452920804604668881e-01
3.424438550265684889e-01
-5.274742392681819325e-02
-4.705097305901828619e-02
-4.989919849291979403e-02
-5.274742392681819325e-02
-4.705097305901828619e-02
-4.989919849291979403e-02
-5.274742392681819325e-02
3.452920804604668881e-01
-4.989919849291979403e-02
-5.274742392681819325e-02
3.452920804604668881e-01
3.424438550265684889e-01
-5.274742392681819325e-02
-4.705097305901828619e-02
-4.989919849291979403e-02
-5.274742392681819325e-02
-4.705097305901828619e-02
-4.989919849291979403e-02
-5.274742392681819325e-02
-4.705097305901828619e-02
-4.989919849291979403e-02
-5.274742392681819325e-02
3.452920804604668881e-01
3.424438550265684889e-01
3.395956295926705337e-01
3.452920804604668881e-01
3.424438550265684889e-01
3.395956295926705337e-01
-4.705097305901828619e-02
-4.989919849291979403e-02
-5.274742392681819325e-02
-4.705097305901828619e-02
-4.989919849291979403e-02
-5.274742392681819325e-02
-4.705097305901828619e-02
-4.989919849291979403e-02
-5.274742392681819325e-02
-4.705097305901828619e-02
-4.989919849291979403e-02
-5.274742392681819325e-02
-4.705097305901828619e-02
-4.989919849291979403e-02
-5.274742392681819325e-02
-4.705097305901828619e-02
-4.989919849291979403e-02
-4.454465056255445532e-01
-4.705097305901828619e-02
-4.989919849291979403e-02
-5.274742392681819325e-02
-4.705097305901828619e-02
-4.989919849291979403e-02
-5.274742392681819325e-02
-4.705097305901828619e-02
-4.989919849291979403e-02
-5.274742392681819325e-02
-4.705097305901828619e-02
-4.989919849291979403e-02
-5.274742392681819325e-02
-4.705097305901828619e-02
-4.989919849291979403e-02
-5.274742392681819325e-02
3.452920804604668881e-01
3.424438550265684889e-01
3.395956295926705337e-01
-4.705097305901828619e-02
-4.989919849291979403e-02
-5.274742392681819325e-02
-4.705097305901828619e-02
-4.989919849291979403e-02
-5.274742392681819325e-02
3.452920804604668881e-01
3.424438550265684889e-01
-5.274742392681819325e-02
3.452920804604668881e-01
3.424438550265684889e-01
3.395956295926705337e-01
-4.705097305901828619e-02
-4.989919849291979403e-02
-5.274742392681819325e-02
-4.705097305901828619e-02
-4.989919849291979403e-02
-5.274742392681819325e-02
1.025646335569274648e-01
2.986523889803813780e-01
9.686818268912977814e-02
-2.670345021595172952e-01
-9.369066453910779302e-02
-2.723958676821474079e-01
-2.670345021595172952e-01
-9.369066453910779302e-02
-2.723958676821474079e-01
1.025646335569274648e-01
2.986523889803813780e-01
9.686818268912977814e-02
1.025646335569274648e-01
-9.369066453910779302e-02
9.686818268912977814e-02
1.025646335569274648e-01
2.986523889803813780e-01
9.686818268912977814e-02
1.025646335569274648e-01
2.986523889803813780e-01
9.686818268912977814e-02
1.025646335569274648e-01
2.986523889803813780e-01
9.686818268912977814e-02
1.025646335569274648e-01
2.986523889803813780e-01
9.686818268912977814e-02
1.025646335569274648e-01
2.986523889803813780e-01
9.686818268912977814e-02
1.025646335569274648e-01
2.986523889803813780e-01
9.686818268912977814e-02
4.718286839282113121e-01
2.986523889803813780e-01
4.664673184055780908e-01
1.025646335569274648e-01
-9.369066453910779302e-02
9.686818268912977814e-02
1.025646335569274648e-01
2.986523889803813780e-01
9.686818268912977814e-02
1.025646335569274648e-01
-9.369066453910779302e-02
9.686818268912977814e-02
1.025646335569274648e-01
-9.369066453910779302e-02
9.686818268912977814e-02
1.025646335569274648e-01
2.986523889803813780e-01
9.686818268912977814e-02
1.025646335569274648e-01
2.986523889803813780e-01
9.686818268912977814e-02
1.025646335569274648e-01
2.986523889803813780e-01
9.686818268912977814e-02
1.025646335569274648e-01
2.986523889803813780e-01
9.686818268912977814e-02
1.025646335569274648e-01
-9.369066453910779302e-02
9.686818268912977814e-02
1.025646335569274648e-01
-9.369066453910779302e-02
9.686818268912977814e-02
1.025646335569274648e-01
-9.369066453910779302e-02
9.686818268912977814e-02
1.025646335569274648e-01
-9.369066453910779302e-02
9.686818268912977814e-02
1.025646335569274648e-01
2.986523889803813780e-01
9.686818268912977814e-02
1.025646335569274648e-01
2.986523889803813780e-01
9.686818268912977814e-02
1.025646335569274648e-01
2.986523889803813780e-01
9.686818268912977814e-02
4.718286839282113121e-01
2.986523889803813780e-01
4.664673184055780908e-01
1.025646335569274648e-01
-9.369066453910779302e-02
9.686818268912977814e-02
1.025646335569274648e-01
2.986523889803813780e-01
9.686818268912977814e-02
1.025646335569274648e-01
2.986523889803813780e-01
9.686818268912977814e-02
1.025646335569274648e-01
2.986523889803813780e-01
9.686818268912977814e-02
1.025646335569274648e-01
2.986523889803813780e-01
9.686818268912977814e-02
1.025646335569274648e-01
2.986523889803813780e-01
9.686818268912977814e-02
1.025646335569274648e-01
-9.369066453910779302e-02
9.686818268912977814e-02
1.025646335569274648e-01
-9.369066453910779302e-02
9.686818268912977814e-02
1.025646335569274648e-01
-9.369066453910779302e-02
9.686818268912977814e-02
1.025646335569274648e-01
2.986523889803813780e-01
9.686818268912977814e-02
1.025646335569274648e-01
-9.369066453910779302e-02
9.686818268912977814e-02
1.025646335569274648e-01
2.986523889803813780e-01
9.686818268912977814e-02
-5.647202641729798245e-02
-5.910115758705147826e-02
-3.332976291657971935e-01
-5.647202641729798245e-02
-5.910115758705147826e-02
-3.332976291657971935e-01
-5.647202641729798245e-02
-5.910115758705147826e-02
1.898264421935165203e-01
-5.647202641729798245e-02
-5.910115758705147826e-02
1.898264421935165203e-01
-5.647202641729798245e-02
-5.910115758705147826e-02
-3.332976291657971935e-01
4.268499202888227373e-01
-5.910115758705147826e-02
1.898264421935165203e-01
-5.647202641729798245e-02
-5.910115758705147826e-02
1.898264421935165203e-01
-5.647202641729798245e-02
-5.910115758705147826e-02
-3.332976291657971935e-01
4.268499202888227373e-01
4.237826005907767701e-01
1.898264421935165203e-01
-5.647202641729798245e-02
-5.910115758705147826e-02
1.898264421935165203e-01
-5.647202641729798245e-02
-5.910115758705147826e-02
-3.332976291657971935e-01
-5.647202641729798245e-02
-5.910115758705147826e-02
1.898264421935165203e-01
-5.647202641729798245e-02
-5.910115758705147826e-02
1.898264421935165203e-01
-5.647202641729798245e-02
-5.910115758705147826e-02
1.898264421935165203e-01
4.268499202888227373e-01
-5.910115758705147826e-02
1.898264421935165203e-01
4.268499202888227373e-01
4.237826005907767701e-01
1.898264421935165203e-01
-5.647202641729798245e-02
-5.910115758705147826e-02
1.898264421935165203e-01
-5.647202641729798245e-02
-5.910115758705147826e-02
-3.332976291657971935e-01
-5.647202641729798245e-02
-5.910115758705147826e-02
1.898264421935165203e-01
-5.647202641729798245e-02
-5.910115758705147826e-02
1.898264421935165203e-01
4.268499202888227373e-01
-5.910115758705147826e-02
1.898264421935165203e-01
-5.647202641729798245e-02
-5.910115758705147826e-02
-3.332976291657971935e-01
4.268499202888227373e-01
4.237826005907767701e-01
7.134252177918178894e-01
-5.647202641729798245e-02
-5.910115758705147826e-02
1.898264421935165203e-01
-5.647202641729798245e-02
-5.424231042931717539e-01
-3.332976291657971935e-01
-5.647202641729798245e-02
-5.910115758705147826e-02
1.898264421935165203e-01
-5.647202641729798245e-02
-5.910115758705147826e-02
-3.332976291657971935e-01
-5.647202641729798245e-02
-5.910115758705147826e-02
1.898264421935165203e-01
-5.647202641729798245e-02
-5.910115758705147826e-02
1.898264421935165203e-01
-5.647202641729798245e-02
-5.910115758705147826e-02
1.898264421935165203e-01
-5.647202641729798245e-02
-5.910115758705147826e-02
1.898264421935165203e-01
-5.647202641729798245e-02
-5.910115758705147826e-02
1.898264421935165203e-01
-5.647202641729798245e-02
-5.910115758705147826e-02
1.898264421935165203e-01
4.268499202888227373e-01
-5.910115758705147826e-02
1.898264421935165203e-01
-5.647202641729798245e-02
-5.910115758705147826e-02
-3.332976291657971935e-01
4.268499202888227373e-01
4.237826005907767701e-01
1.898264421935165203e-01
-5.647202641729798245e-02
-5.910115758705147826e-02
1.898264421935165203e-01
4.268499202888227373e-01
-5.910115758705147826e-02
1.898264421935165203e-01
-5.647202641729798245e-02
-5.424231042931717539e-01
-3.332976291657971935e-01
-5.647202641729798245e-02
-5.910115758705147826e-02
1.898264421935165203e-01
-7.517019454054554295e-01
-7.545501708393556051e-01
-7.573983962732531161e-01
-7.517019454054554295e-01
-7.545501708393556051e-01
-7.573983962732531161e-01
-1.239530597742737328e-01
-1.268012852081734643e-01
-1.296495106420705312e-01
-1.239530597742737328e-01
-1.268012852081734643e-01
-1.296495106420705312e-01
-7.517019454054554295e-01
-7.545501708393556051e-01
-7.573983962732531161e-01
-7.517019454054554295e-01
-7.545501708393556051e-01
-7.573983962732531161e-01
-7.517019454054554295e-01
-7.545501708393556051e-01
-7.573983962732531161e-01
-7.517019454054554295e-01
-7.545501708393556051e-01
-7.573983962732531161e-01
-1.239530597742737328e-01
-1.268012852081734643e-01
-1.296495106420705312e-01
-1.239530597742737328e-01
-1.268012852081734643e-01
-1.296495106420705312e-01
-1.239530597742737328e-01
-1.268012852081734643e-01
-1.296495106420705312e-01
-7.517019454054554295e-01
-7.545501708393556051e-01
-7.573983962732531161e-01
-1.239530597742737328e-01
-1.268012852081734643e-01
-1.296495106420705312e-01
-1.239530597742737328e-01
-1.268012852081734643e-01
-1.296495106420705312e-01
-1.239530597742737328e-01
-1.268012852081734643e-01
-1.296495106420705312e-01
-7.517019454054554295e-01
-1.268012852081734643e-01
-1.296495106420705312e-01
-1.239530597742737328e-01
-1.268012852081734643e-01
-1.296495106420705312e-01
-1.239530597742737328e-01
-1.268012852081734643e-01
-1.296495106420705312e-01
-1.239530597742737328e-01
-1.268012852081734643e-01
-1.296495106420705312e-01
-7.517019454054554295e-01
-7.545501708393556051e-01
-7.573983962732531161e-01
-7.517019454054554295e-01
-7.545501708393556051e-01
-7.573983962732531161e-01
-7.517019454054554295e-01
-1.268012852081734643e-01
-1.296495106420705312e-01
-1.239530597742737328e-01
-1.268012852081734643e-01
-1.296495106420705312e-01
-7.517019454054554295e-01
-7.545501708393556051e-01
-7.573983962732531161e-01
-1.239530597742737328e-01
-1.268012852081734643e-01
-1.296495106420705312e-01
-1.239530597742737328e-01
-1.268012852081734643e-01
-1.296495106420705312e-01
-7.517019454054554295e-01
-7.545501708393556051e-01
-7.573983962732531161e-01
-1.239530597742737328e-01
-1.268012852081734643e-01
-1.296495106420705312e-01
-7.517019454054554295e-01
-1.268012852081734643e-01
-1.296495106420705312e-01
-1.239530597742737328e-01
-1.268012852081734643e-01
-1.296495106420705312e-01
-7.517019454054554295e-01
-7.545501708393556051e-01
-1.296495106420705312e-01
-1.239530597742737328e-01
-1.268012852081734643e-01
-1.296495106420705312e-01
-7.517019454054554295e-01
-7.545501708393556051e-01
-7.573983962732531161e-01
-7.517019454054554295e-01
-7.545501708393556051e-01
-7.573983962732531161e-01
-1.239530597742737328e-01
-1.268012852081734643e-01
-1.296495106420705312e-01
-7.517019454054554295e-01
-7.545501708393556051e-01
-7.573983962732531161e-01
-7.517019454054554295e-01
-7.545501708393556051e-01
-7.573983962732531161e-01
-1.239530597742737328e-01
-1.268012852081734643e-01
-1.296495106420705312e-01
-1.239530597742737328e-01
-1.268012852081734643e-01
-1.296495106420705312e-01
-1.239530597742737328e-01
-1.268012852081734643e-01
-1.296495106420705312e-01
-7.137043637923135009e-02
-7.443775607727731725e-02
-7.706688724702681625e-02
-7.137043637923135009e-02
-7.443775607727731725e-02
-7.706688724702681625e-02
4.115133217986013392e-01
4.088841906288473993e-01
4.058168709308014321e-01
-7.137043637923135009e-02
-7.443775607727731725e-02
-7.706688724702681625e-02
-7.137043637923135009e-02
-7.443775607727731725e-02
-7.706688724702681625e-02
-7.137043637923135009e-02
-7.443775607727731725e-02
-7.706688724702681625e-02
-7.137043637923135009e-02
-7.443775607727731725e-02
-7.706688724702681625e-02
4.115133217986013392e-01
4.088841906288473993e-01
4.058168709308014321e-01
-7.137043637923135009e-02
-7.443775607727731725e-02
-7.706688724702681625e-02
-7.137043637923135009e-02
-7.443775607727731725e-02
-7.706688724702681625e-02
-5.546923830853516257e-01
-5.573215142551051215e-01
-5.603888339531510887e-01
4.115133217986013392e-01
4.088841906288473993e-01
4.058168709308014321e-01
-7.137043637923135009e-02
-7.443775607727731725e-02
-7.706688724702681625e-02
-7.137043637923135009e-02
-7.443775607727731725e-02
-7.706688724702681625e-02
-7.137043637923135009e-02
-7.443775607727731725e-02
-7.706688724702681625e-02
-7.137043637923135009e-02
-7.443775607727731725e-02
-7.706688724702681625e-02
4.115133217986013392e-01
-7.443775607727731725e-02
-7.706688724702681625e-02
4.115133217986013392e-01
4.088841906288473993e-01
4.058168709308014321e-01
-7.137043637923135009e-02
-7.443775607727731725e-02
-7.706688724702681625e-02
-7.137043637923135009e-02
-7.443775607727731725e-02
-7.706688724702681625e-02
4.115133217986013392e-01
4.088841906288473993e-01
4.058168709308014321e-01
-7.137043637923135009e-02
-7.443775607727731725e-02
-7.706688724702681625e-02
-7.137043637923135009e-02
-7.443775607727731725e-02
-7.706688724702681625e-02
-7.137043637923135009e-02
-7.443775607727731725e-02
-7.706688724702681625e-02
-7.137043637923135009e-02
-7.443775607727731725e-02
-7.706688724702681625e-02
-7.137043637923135009e-02
-7.443775607727731725e-02
-7.706688724702681625e-02
-7.137043637923135009e-02
-7.443775607727731725e-02
-7.706688724702681625e-02
4.115133217986013392e-01
4.088841906288473993e-01
4.058168709308014321e-01
-7.137043637923135009e-02
-7.443775607727731725e-02
-7.706688724702681625e-02
4.115133217986013392e-01
4.088841906288473993e-01
-7.706688724702681625e-02
-7.137043637923135009e-02
-7.443775607727731725e-02
-7.706688724702681625e-02
-7.137043637923135009e-02
-7.443775607727731725e-02
-7.706688724702681625e-02
-7.137043637923135009e-02
-7.443775607727731725e-02
-7.706688724702681625e-02
4.115133217986013392e-01
4.088841906288473993e-01
4.058168709308014321e-01
-7.137043637923135009e-02
-7.443775607727731725e-02
-7.706688724702681625e-02
4.115133217986013392e-01
4.088841906288473993e-01
-7.706688724702681625e-02
-7.137043637923135009e-02
-7.443775607727731725e-02
-7.706688724702681625e-02
-7.137043637923135009e-02
-7.443775607727731725e-02
-7.706688724702681625e-02
4.115133217986013392e-01
4.088841906288473993e-01
-7.706688724702681625e-02
-7.137043637923135009e-02
-7.443775607727731725e-02
-7.706688724702681625e-02
-2.426291195200360740e-01
-2.454773449539335850e-01
9.654606034047219509e-03
-2.426291195200360740e-01
-2.454773449539335850e-01
9.654606034047219509e-03
-2.426291195200360740e-01
-2.454773449539335850e-01
9.654606034047219509e-03
-2.426291195200360740e-01
-2.454773449539335850e-01
9.654606034047219509e-03
-2.426291195200360740e-01
-2.454773449539335850e-01
9.654606034047219509e-03
-2.426291195200360740e-01
-2.454773449539335850e-01
9.654606034047219509e-03
-2.426291195200360740e-01
-2.454773449539335850e-01
-5.615440582550093040e-01
-2.426291195200360740e-01
-2.454773449539335850e-01
9.654606034047219509e-03
-2.426291195200360740e-01
-2.454773449539335850e-01
9.654606034047219509e-03
-2.426291195200360740e-01
-2.454773449539335850e-01
9.654606034047219509e-03
-2.426291195200360740e-01
-2.454773449539335850e-01
9.654606034047219509e-03
-2.426291195200360740e-01
-2.454773449539335850e-01
9.654606034047219509e-03
-2.426291195200360740e-01
-2.454773449539335850e-01
-5.615440582550093040e-01
-2.426291195200360740e-01
-2.454773449539335850e-01
9.654606034047219509e-03
-2.426291195200360740e-01
-2.454773449539335850e-01
9.654606034047219509e-03
-2.426291195200360740e-01
-2.454773449539335850e-01
9.654606034047219509e-03
2.804949518392820806e-01
-2.454773449539335850e-01
9.654606034047219509e-03
-2.426291195200360740e-01
-2.454773449539335850e-01
-5.615440582550093040e-01
-2.426291195200360740e-01
-2.454773449539335850e-01
9.654606034047219509e-03
-2.426291195200360740e-01
-2.454773449539335850e-01
-5.615440582550093040e-01
-2.426291195200360740e-01
-2.454773449539335850e-01
9.654606034047219509e-03
2.804949518392820806e-01
-2.454773449539335850e-01
9.654606034047219509e-03
-2.426291195200360740e-01
-2.454773449539335850e-01
9.654606034047219509e-03
-2.426291195200360740e-01
-2.454773449539335850e-01
-5.615440582550093040e-01
2.804949518392820806e-01
-2.454773449539335850e-01
9.654606034047219509e-03
2.804949518392820806e-01
-2.454773449539335850e-01
9.654606034047219509e-03
-2.426291195200360740e-01
-2.454773449539335850e-01
9.654606034047219509e-03
2.804949518392820806e-01
-2.454773449539335850e-01
9.654606034047219509e-03
-2.426291195200360740e-01
-2.454773449539335850e-01
9.654606034047219509e-03
-2.426291195200360740e-01
-2.454773449539335850e-01
9.654606034047219509e-03
-2.426291195200360740e-01
-7.690761205522309574e-01
-5.615440582550093040e-01
-2.426291195200360740e-01
-2.454773449539335850e-01
9.654606034047219509e-03
2.804949518392820806e-01
2.776467264053805728e-01
5.803354111532987858e-01
2.804949518392820806e-01
2.776467264053805728e-01
9.654606034047219509e-03
2.804949518392820806e-01
-2.454773449539335850e-01
9.654606034047219509e-03
2.804949518392820806e-01
-2.454773449539335850e-01
9.654606034047219509e-03
-2.426291195200360740e-01
-2.454773449539335850e-01
9.654606034047219509e-03
-2.426291195200360740e-01
-2.454773449539335850e-01
-5.615440582550093040e-01
-2.426291195200360740e-01
-2.454773449539335850e-01
9.654606034047219509e-03
-2.426291195200360740e-01
-2.454773449539335850e-01
9.654606034047219509e-03
8.111917146640168497e-02
7.852987561740309985e-02
7.542272059860621880e-02
8.111917146640168497e-02
7.852987561740309985e-02
7.542272059860621880e-02
8.111917146640168497e-02
7.852987561740309985e-02
7.542272059860621880e-02
8.111917146640168497e-02
7.852987561740309985e-02
7.542272059860621880e-02
8.111917146640168497e-02
7.852987561740309985e-02
7.542272059860621880e-02
-4.895616336528503254e-01
-4.926687886716480946e-01
-4.952580845206502325e-01
8.111917146640168497e-02
7.852987561740309985e-02
6.466213848876569692e-01
8.111917146640168497e-02
7.852987561740309985e-02
7.542272059860621880e-02
-4.895616336528503254e-01
-4.926687886716480946e-01
-4.952580845206502325e-01
8.111917146640168497e-02
7.852987561740309985e-02
7.542272059860621880e-02
8.111917146640168497e-02
7.852987561740309985e-02
7.542272059860621880e-02
-4.895616336528503254e-01
-4.926687886716480946e-01
-4.952580845206502325e-01
-4.895616336528503254e-01
-4.926687886716480946e-01
7.542272059860621880e-02
8.111917146640168497e-02
7.852987561740309985e-02
7.542272059860621880e-02
8.111917146640168497e-02
7.852987561740309985e-02
7.542272059860621880e-02
8.111917146640168497e-02
7.852987561740309985e-02
6.466213848876569692e-01
8.111917146640168497e-02
7.852987561740309985e-02
7.542272059860621880e-02
-4.895616336528503254e-01
7.852987561740309985e-02
7.542272059860621880e-02
-4.895616336528503254e-01
7.852987561740309985e-02
7.542272059860621880e-02
8.111917146640168497e-02
7.852987561740309985e-02
7.542272059860621880e-02
8.111917146640168497e-02
7.852987561740309985e-02
7.542272059860621880e-02
8.111917146640168497e-02
7.852987561740309985e-02
7.542272059860621880e-02
-4.895616336528503254e-01
7.852987561740309985e-02
7.542272059860621880e-02
8.111917146640168497e-02
7.852987561740309985e-02
7.542272059860621880e-02
8.111917146640168497e-02
7.852987561740309985e-02
6.466213848876569692e-01
8.111917146640168497e-02
7.852987561740309985e-02
7.542272059860621880e-02
8.111917146640168497e-02
7.852987561740309985e-02
7.542272059860621880e-02
8.111917146640168497e-02
7.852987561740309985e-02
7.542272059860621880e-02
8.111917146640168497e-02
7.852987561740309985e-02
7.542272059860621880e-02
8.111917146640168497e-02
7.852987561740309985e-02
7.542272059860621880e-02
-4.895616336528503254e-01
-4.926687886716480946e-01
-4.952580845206502325e-01
8.111917146640168497e-02
7.852987561740309985e-02
7.542272059860621880e-02
8.111917146640168497e-02
7.852987561740309985e-02
7.542272059860621880e-02
8.111917146640168497e-02
7.852987561740309985e-02
7.542272059860621880e-02
8.111917146640168497e-02
7.852987561740309985e-02
7.542272059860621880e-02
8.111917146640168497e-02
7.852987561740309985e-02
7.542272059860621880e-02
-4.895616336528503254e-01
7.852987561740309985e-02
7.542272059860621880e-02
8.111917146640168497e-02
7.852987561740309985e-02
7.542272059860621880e-02
8.111917146640168497e-02
7.852987561740309985e-02
7.542272059860621880e-02
8.111917146640168497e-02
7.852987561740309985e-02
7.542272059860621880e-02
-2.248502869164603624e-02
1.787183630013173818e-01
-2.818147955943883787e-02
-2.248502869164603624e-02
1.787183630013173818e-01
-2.818147955943883787e-02
-2.248502869164603624e-02
1.787183630013173818e-01
-2.818147955943883787e-02
-2.248502869164603624e-02
-2.401606574773205161e-01
-2.818147955943883787e-02
-2.248502869164603624e-02
1.787183630013173818e-01
-2.818147955943883787e-02
3.698580248278391380e-01
1.787183630013173818e-01
-2.818147955943883787e-02
-2.248502869164603624e-02
1.787183630013173818e-01
-2.818147955943883787e-02
-2.248502869164603624e-02
1.787183630013173818e-01
-2.818147955943883787e-02
3.698580248278391380e-01
1.787183630013173818e-01
3.645176021392804167e-01
-2.248502869164603624e-02
1.787183630013173818e-01
-2.818147955943883787e-02
-2.248502869164603624e-02
1.787183630013173818e-01
-2.818147955943883787e-02
-2.248502869164603624e-02
-2.401606574773205161e-01
-2.818147955943883787e-02
-2.248502869164603624e-02
1.787183630013173818e-01
-2.818147955943883787e-02
-2.248502869164603624e-02
-2.401606574773205161e-01
-2.818147955943883787e-02
3.698580248278391380e-01
1.787183630013173818e-01
-2.818147955943883787e-02
-2.248502869164603624e-02
1.787183630013173818e-01
-2.818147955943883787e-02
3.698580248278391380e-01
1.787183630013173818e-01
3.645176021392804167e-01
-2.248502869164603624e-02
-2.401606574773205161e-01
-2.818147955943883787e-02
3.698580248278391380e-01
1.787183630013173818e-01
3.645176021392804167e-01
-2.248502869164603624e-02
1.787183630013173818e-01
-2.818147955943883787e-02
-2.248502869164603624e-02
-2.401606574773205161e-01
-2.818147955943883787e-02
-4.151841103903723962e-01
-2.401606574773205161e-01
-4.205245330789275648e-01
-2.248502869164603624e-02
1.787183630013173818e-01
-2.818147955943883787e-02
-2.248502869164603624e-02
1.787183630013173818e-01
-2.818147955943883787e-02
-2.248502869164603624e-02
1.787183630013173818e-01
-2.818147955943883787e-02
3.698580248278391380e-01
1.787183630013173818e-01
3.645176021392804167e-01
-2.248502869164603624e-02
1.787183630013173818e-01
-2.818147955943883787e-02
-2.248502869164603624e-02
1.787183630013173818e-01
-2.818147955943883787e-02
-2.248502869164603624e-02
1.787183630013173818e-01
-2.818147955943883787e-02
-2.248502869164603624e-02
-2.401606574773205161e-01
-2.818147955943883787e-02
3.698580248278391380e-01
1.787183630013173818e-01
3.645176021392804167e-01
-2.248502869164603624e-02
-2.401606574773205161e-01
-2.818147955943883787e-02
-2.248502869164603624e-02
1.787183630013173818e-01
-2.818147955943883787e-02
-2.248502869164603624e-02
-2.401606574773205161e-01
-2.818147955943883787e-02
3.698580248278391380e-01
1.787183630013173818e-01
-2.818147955943883787e-02
-2.248502869164603624e-02
-2.401606574773205161e-01
-2.818147955943883787e-02
-2.248502869164603624e-02
1.787183630013173818e-01
-2.818147955943883787e-02
-2.248502869164603624e-02
1.787183630013173818e-01
-2.818147955943883787e-02
3.698580248278391380e-01
1.787183630013173818e-01
3.645176021392804167e-01
-2.248502869164603624e-02
1.787183630013173818e-01
-2.818147955943883787e-02
4.449913017342543853e-02
4.165090473952393069e-02
2.493543537619964390e-01
4.449913017342543853e-02
4.904498552523541832e-01
2.493543537619964390e-01
4.932980806862512502e-01
4.904498552523541832e-01
2.493543537619964390e-01
4.449913017342543853e-02
4.165090473952393069e-02
2.493543537619964390e-01
4.449913017342543853e-02
4.904498552523541832e-01
2.493543537619964390e-01
4.449913017342543853e-02
4.165090473952393069e-02
2.493543537619964390e-01
4.449913017342543853e-02
4.165090473952393069e-02
-1.695246667166450116e-01
4.449913017342543853e-02
4.904498552523541832e-01
2.493543537619964390e-01
4.449913017342543853e-02
4.165090473952393069e-02
2.493543537619964390e-01
4.932980806862512502e-01
4.904498552523541832e-01
2.493543537619964390e-01
-4.038929309917045352e-01
4.165090473952393069e-02
-1.695246667166450116e-01
4.449913017342543853e-02
4.165090473952393069e-02
2.493543537619964390e-01
4.449913017342543853e-02
4.904498552523541832e-01
2.493543537619964390e-01
4.449913017342543853e-02
4.904498552523541832e-01
2.493543537619964390e-01
4.449913017342543853e-02
4.165090473952393069e-02
2.493543537619964390e-01
-4.038929309917045352e-01
4.165090473952393069e-02
-1.695246667166450116e-01
4.449913017342543853e-02
4.165090473952393069e-02
2.493543537619964390e-01
4.449913017342543853e-02
4.904498552523541832e-01
2.493543537619964390e-01
-4.038929309917045352e-01
4.165090473952393069e-02
-1.695246667166450116e-01
4.449913017342543853e-02
4.165090473952393069e-02
2.493543537619964390e-01
4.449913017342543853e-02
4.904498552523541832e-01
2.493543537619964390e-01
4.449913017342543853e-02
4.165090473952393069e-02
2.493543537619964390e-01
-4.038929309917045352e-01
4.165090473952393069e-02
-1.695246667166450116e-01
4.449913017342543853e-02
4.165090473952393069e-02
2.493543537619964390e-01
4.449913017342543853e-02
4.165090473952393069e-02
2.493543537619964390e-01
4.449913017342543853e-02
4.165090473952393069e-02
2.493543537619964390e-01
4.449913017342543853e-02
4.165090473952393069e-02
2.493543537619964390e-01
4.449913017342543853e-02
4.165090473952393069e-02
2.493543537619964390e-01
-4.038929309917045352e-01
4.165090473952393069e-02
-1.695246667166450116e-01
4.449913017342543853e-02
4.165090473952393069e-02
2.493543537619964390e-01
4.449913017342543853e-02
4.165090473952393069e-02
2.493543537619964390e-01
4.449913017342543853e-02
4.165090473952393069e-02
2.493543537619964390e-01
4.449913017342543853e-02
4.165090473952393069e-02
2.493543537619964390e-01
4.449913017342543853e-02
4.904498552523541832e-01
2.493543537619964390e-01
4.449913017342543853e-02
4.165090473952393069e-02
-1.695246667166450116e-01
4.449913017342543853e-02
4.165090473952393069e-02
2.493543537619964390e-01
-4.038929309917045352e-01
-4.067411564256024903e-01
-1.695246667166450116e-01
4.449913017342543853e-02
4.165090473952393069e-02
2.493543537619964390e-01
4.449913017342543853e-02
4.165090473952393069e-02
2.493543537619964390e-01
4.449913017342543853e-02
4.165090473952393069e-02
2.493543537619964390e-01
-7.448662043640972286e-01
-7.477144297979956278e-01
-7.505626552318958034e-01
-1.165476736461350526e-01
-1.193958990800338960e-01
-1.222441245139336274e-01
-1.165476736461350526e-01
-1.193958990800338960e-01
-1.222441245139336274e-01
-1.165476736461350526e-01
-1.193958990800338960e-01
-1.222441245139336274e-01
-1.165476736461350526e-01
-1.193958990800338960e-01
-1.222441245139336274e-01
-1.165476736461350526e-01
-1.193958990800338960e-01
-1.222441245139336274e-01
-1.165476736461350526e-01
-1.193958990800338960e-01
-1.222441245139336274e-01
-1.165476736461350526e-01
-1.193958990800338960e-01
-1.222441245139336274e-01
-1.165476736461350526e-01
-1.193958990800338960e-01
-1.222441245139336274e-01
-1.165476736461350526e-01
-1.193958990800338960e-01
-1.222441245139336274e-01
-1.165476736461350526e-01
-1.193958990800338960e-01
-1.222441245139336274e-01
-1.165476736461350526e-01
-1.193958990800338960e-01
-1.222441245139336274e-01
-1.165476736461350526e-01
-1.193958990800338960e-01
-1.222441245139336274e-01
-7.448662043640972286e-01
-7.477144297979956278e-01
-7.505626552318958034e-01
-1.165476736461350526e-01
-1.193958990800338960e-01
-1.222441245139336274e-01
-1.165476736461350526e-01
-1.193958990800338960e-01
-1.222441245139336274e-01
-1.165476736461350526e-01
-1.193958990800338960e-01
-1.222441245139336274e-01
-1.165476736461350526e-01
-1.193958990800338960e-01
-1.222441245139336274e-01
-1.165476736461350526e-01
-1.193958990800338960e-01
-1.222441245139336274e-01
-7.448662043640972286e-01
-7.477144297979956278e-01
-7.505626552318958034e-01
-7.448662043640972286e-01
-7.477144297979956278e-01
-7.505626552318958034e-01
-1.165476736461350526e-01
-1.193958990800338960e-01
-1.222441245139336274e-01
-1.165476736461350526e-01
-1.193958990800338960e-01
-1.222441245139336274e-01
-1.165476736461350526e-01
-1.193958990800338960e-01
-1.222441245139336274e-01
-1.165476736461350526e-01
-1.193958990800338960e-01
-1.222441245139336274e-01
-7.448662043640972286e-01
-7.477144297979956278e-01
-7.505626552318958034e-01
-1.165476736461350526e-01
-1.193958990800338960e-01
-1.222441245139336274e-01
-1.165476736461350526e-01
-1.193958990800338960e-01
-1.222441245139336274e-01
-1.165476736461350526e-01
-1.193958990800338960e-01
-1.222441245139336274e-01
-1.165476736461350526e-01
-1.193958990800338960e-01
-1.222441245139336274e-01
-1.165476736461350526e-01
-1.193958990800338960e-01
-1.222441245139336274e-01
-1.165476736461350526e-01
-1.193958990800338960e-01
-1.222441245139336274e-01
-1.165476736461350526e-01
-1.193958990800338960e-01
-1.222441245139336274e-01
-1.165476736461350526e-01
-1.193958990800338960e-01
-1.222441245139336274e-01
-7.448662043640972286e-01
-7.477144297979956278e-01
-7.505626552318958034e-01
-1.165476736461350526e-01
-1.193958990800338960e-01
-1.222441245139336274e-01
-7.448662043640972286e-01
-7.477144297979956278e-01
-7.505626552318958034e-01
-1.165476736461350526e-01
-1.193958990800338960e-01
-1.222441245139336274e-01
-1.165476736461350526e-01
-1.193958990800338960e-01
-1.222441245139336274e-01
-7.448662043640972286e-01
-7.477144297979956278e-01
-7.505626552318958034e-01
-5.009545353884425900e-01
-5.040616904072425797e-01
6.402981886301173375e-02
-5.009545353884425900e-01
-5.040616904072425797e-01
-5.066509862562393884e-01
6.972626973080897628e-02
6.378177790010655102e-01
6.352284831520624842e-01
6.972626973080897628e-02
6.713697388181394388e-02
6.402981886301173375e-02
-5.009545353884425900e-01
6.713697388181394388e-02
6.402981886301173375e-02
6.972626973080897628e-02
6.713697388181394388e-02
6.402981886301173375e-02
6.972626973080897628e-02
6.713697388181394388e-02
6.402981886301173375e-02
6.972626973080897628e-02
6.713697388181394388e-02
6.402981886301173375e-02
6.972626973080897628e-02
6.713697388181394388e-02
6.402981886301173375e-02
6.972626973080897628e-02
6.713697388181394388e-02
6.402981886301173375e-02
6.972626973080897628e-02
6.713697388181394388e-02
6.402981886301173375e-02
6.972626973080897628e-02
6.713697388181394388e-02
6.402981886301173375e-02
6.972626973080897628e-02
6.378177790010655102e-01
6.352284831520624842e-01
6.972626973080897628e-02
6.713697388181394388e-02
6.352284831520624842e-01
6.972626973080897628e-02
6.713697388181394388e-02
6.402981886301173375e-02
-5.009545353884425900e-01
6.713697388181394388e-02
6.402981886301173375e-02
6.972626973080897628e-02
6.713697388181394388e-02
6.402981886301173375e-02
6.972626973080897628e-02
6.713697388181394388e-02
6.402981886301173375e-02
6.972626973080897628e-02
6.713697388181394388e-02
6.402981886301173375e-02
6.972626973080897628e-02
6.713697388181394388e-02
6.402981886301173375e-02
6.972626973080897628e-02
6.713697388181394388e-02
6.402981886301173375e-02
6.972626973080897628e-02
6.713697388181394388e-02
6.352284831520624842e-01
6.972626973080897628e-02
6.713697388181394388e-02
6.402981886301173375e-02
6.972626973080897628e-02
6.713697388181394388e-02
6.402981886301173375e-02
6.972626973080897628e-02
6.713697388181394388e-02
6.402981886301173375e-02
-5.009545353884425900e-01
6.713697388181394388e-02
6.402981886301173375e-02
6.972626973080897628e-02
6.713697388181394388e-02
6.402981886301173375e-02
6.972626973080897628e-02
6.713697388181394388e-02
6.402981886301173375e-02
6.972626973080897628e-02
6.713697388181394388e-02
6.402981886301173375e-02
6.972626973080897628e-02
6.713697388181394388e-02
6.402981886301173375e-02
6.972626973080897628e-02
6.713697388181394388e-02
6.352284831520624842e-01
6.972626973080897628e-02
6.378177790010655102e-01
6.352284831520624842e-01
6.972626973080897628e-02
6.713697388181394388e-02
6.402981886301173375e-02
6.972626973080897628e-02
6.713697388181394388e-02
6.402981886301173375e-02
6.972626973080897628e-02
6.713697388181394388e-02
6.402981886301173375e-02
6.972626973080897628e-02
6.713697388181394388e-02
6.402981886301173375e-02
-5.009545353884425900e-01
6.713697388181394388e-02
6.402981886301173375e-02
6.972626973080897628e-02
6.713697388181394388e-02
6.402981886301173375e-02
6.972626973080897628e-02
6.713697388181394388e-02
6.402981886301173375e-02
6.972626973080897628e-02
6.713697388181394388e-02
6.402981886301173375e-02
5.010289782925494428e-01
2.592282019328400189e-01
4.653357691191706280e-02
5.223002777971919031e-02
-1.596508185457978790e-01
4.653357691191706280e-02
5.010289782925494428e-01
2.592282019328400189e-01
4.949256380770470365e-01
5.223002777971919031e-02
2.592282019328400189e-01
4.653357691191706280e-02
5.010289782925494428e-01
2.592282019328400189e-01
4.949256380770470365e-01
5.223002777971919031e-02
2.592282019328400189e-01
4.653357691191706280e-02
5.010289782925494428e-01
2.592282019328400189e-01
4.653357691191706280e-02
5.223002777971919031e-02
2.592282019328400189e-01
4.653357691191706280e-02
5.223002777971919031e-02
-1.596508185457978790e-01
-4.022653736009047520e-01
5.223002777971919031e-02
-1.596508185457978790e-01
4.653357691191706280e-02
5.010289782925494428e-01
2.592282019328400189e-01
4.653357691191706280e-02
5.223002777971919031e-02
-1.596508185457978790e-01
4.653357691191706280e-02
5.223002777971919031e-02
2.592282019328400189e-01
4.653357691191706280e-02
5.223002777971919031e-02
-1.596508185457978790e-01
4.653357691191706280e-02
5.223002777971919031e-02
2.592282019328400189e-01
4.653357691191706280e-02
5.223002777971919031e-02
-1.596508185457978790e-01
4.653357691191706280e-02
5.010289782925494428e-01
2.592282019328400189e-01
4.653357691191706280e-02
5.223002777971919031e-02
2.592282019328400189e-01
4.653357691191706280e-02
5.010289782925494428e-01
2.592282019328400189e-01
4.653357691191706280e-02
5.223002777971919031e-02
-1.596508185457978790e-01
4.653357691191706280e-02
5.010289782925494428e-01
2.592282019328400189e-01
4.653357691191706280e-02
5.223002777971919031e-02
2.592282019328400189e-01
4.653357691191706280e-02
5.223002777971919031e-02
2.592282019328400189e-01
4.653357691191706280e-02
5.223002777971919031e-02
2.592282019328400189e-01
4.653357691191706280e-02
5.223002777971919031e-02
2.592282019328400189e-01
4.653357691191706280e-02
5.223002777971919031e-02
2.592282019328400189e-01
4.653357691191706280e-02
5.223002777971919031e-02
2.592282019328400189e-01
4.653357691191706280e-02
5.223002777971919031e-02
-1.596508185457978790e-01
4.653357691191706280e-02
5.010289782925494428e-01
2.592282019328400189e-01
4.653357691191706280e-02
5.010289782925494428e-01
2.592282019328400189e-01
4.653357691191706280e-02
5.223002777971919031e-02
2.592282019328400189e-01
4.653357691191706280e-02
5.223002777971919031e-02
2.592282019328400189e-01
4.653357691191706280e-02
5.223002777971919031e-02
2.592282019328400189e-01
4.653357691191706280e-02
5.223002777971919031e-02
-1.596508185457978790e-01
4.653357691191706280e-02
5.223002777971919031e-02
-1.596508185457978790e-01
4.653357691191706280e-02
5.223002777971919031e-02
2.592282019328400189e-01
4.653357691191706280e-02
5.223002777971919031e-02
2.592282019328400189e-01
4.653357691191706280e-02
5.010289782925494428e-01
2.592282019328400189e-01
4.653357691191706280e-02
5.223002777971919031e-02
2.592282019328400189e-01
4.653357691191706280e-02
5.223002777971919031e-02
-1.596508185457978790e-01
4.653357691191706280e-02
-8.806541930715861000e-02
-9.091364474105745330e-02
2.387209788087689688e-01
-8.806541930715861000e-02
-7.186625303722338209e-01
-4.587777830036499083e-01
-8.806541930715861000e-02
-9.091364474105745330e-02
2.387209788087689688e-01
-8.806541930715861000e-02
-9.091364474105745330e-02
2.387209788087689688e-01
-8.806541930715861000e-02
-9.091364474105745330e-02
-4.587777830036499083e-01
-8.806541930715861000e-02
-7.186625303722338209e-01
-4.587777830036499083e-01
-8.806541930715861000e-02
-9.091364474105745330e-02
2.387209788087689688e-01
-8.806541930715861000e-02
-7.186625303722338209e-01
-4.587777830036499083e-01
-8.806541930715861000e-02
-9.091364474105745330e-02
2.387209788087689688e-01
-8.806541930715861000e-02
-9.091364474105745330e-02
-4.587777830036499083e-01
-8.806541930715861000e-02
-9.091364474105745330e-02
2.387209788087689688e-01
-8.806541930715861000e-02
-7.186625303722338209e-01
-4.587777830036499083e-01
-8.806541930715861000e-02
-9.091364474105745330e-02
-4.587777830036499083e-01
-8.806541930715861000e-02
-9.091364474105745330e-02
2.387209788087689688e-01
-8.806541930715861000e-02
-9.091364474105745330e-02
2.387209788087689688e-01
-8.806541930715861000e-02
-9.091364474105745330e-02
2.387209788087689688e-01
-8.806541930715861000e-02
-9.091364474105745330e-02
2.387209788087689688e-01
-8.806541930715861000e-02
-9.091364474105745330e-02
2.387209788087689688e-01
-8.806541930715861000e-02
-9.091364474105745330e-02
2.387209788087689688e-01
-8.806541930715861000e-02
-9.091364474105745330e-02
2.387209788087689688e-01
-8.806541930715861000e-02
-9.091364474105745330e-02
-4.587777830036499083e-01
-8.806541930715861000e-02
-9.091364474105745330e-02
-4.587777830036499083e-01
-8.806541930715861000e-02
-9.091364474105745330e-02
-4.587777830036499083e-01
-8.806541930715861000e-02
-9.091364474105745330e-02
2.387209788087689688e-01
-8.806541930715861000e-02
-9.091364474105745330e-02
-4.587777830036499083e-01
-8.806541930715861000e-02
-9.091364474105745330e-02
2.387209788087689688e-01
5.402531114108035659e-01
5.374048859769042785e-01
2.387209788087689688e-01
-7.158143049383354217e-01
-7.186625303722338209e-01
-4.587777830036499083e-01
-8.806541930715861000e-02
-9.091364474105745330e-02
2.387209788087689688e-01
-8.806541930715861000e-02
-9.091364474105745330e-02
-4.587777830036499083e-01
-8.806541930715861000e-02
-9.091364474105745330e-02
-4.587777830036499083e-01
-8.806541930715861000e-02
-7.186625303722338209e-01
-4.587777830036499083e-01
-8.806541930715861000e-02
-9.091364474105745330e-02
2.387209788087689688e-01
-8.806541930715861000e-02
-9.091364474105745330e-02
-4.587777830036499083e-01
-8.806541930715861000e-02
-9.091364474105745330e-02
-4.587777830036499083e-01
-8.806541930715861000e-02
-9.091364474105745330e-02
2.387209788087689688e-01
-8.806541930715861000e-02
-9.091364474105745330e-02
-4.587777830036499083e-01
5.402531114108035659e-01
-9.091364474105745330e-02
2.387209788087689688e-01
-8.806541930715861000e-02
-9.091364474105745330e-02
-4.587777830036499083e-01
5.402531114108035659e-01
-9.091364474105745330e-02
2.387209788087689688e-01
2.436579028941969760e-01
4.782431748213626932e-01
2.379614520264046185e-01
-1.752211175844449187e-01
2.985111365623227542e-02
-1.805378050610504381e-01
2.436579028941969760e-01
4.782431748213626932e-01
2.379614520264046185e-01
2.436579028941969760e-01
2.985111365623227542e-02
2.379614520264046185e-01
-1.752211175844449187e-01
2.985111365623227542e-02
2.379614520264046185e-01
2.436579028941969760e-01
4.782431748213626932e-01
2.379614520264046185e-01
2.436579028941969760e-01
2.985111365623227542e-02
2.379614520264046185e-01
2.436579028941969760e-01
2.985111365623227542e-02
2.379614520264046185e-01
2.436579028941969760e-01
4.782431748213626932e-01
2.379614520264046185e-01
-1.752211175844449187e-01
2.985111365623227542e-02
-1.805378050610504381e-01
2.436579028941969760e-01
4.782431748213626932e-01
2.379614520264046185e-01
-1.752211175844449187e-01
2.985111365623227542e-02
-1.805378050610504381e-01
2.436579028941969760e-01
2.985111365623227542e-02
2.379614520264046185e-01
2.436579028941969760e-01
2.985111365623227542e-02
2.379614520264046185e-01
2.436579028941969760e-01
2.985111365623227542e-02
2.379614520264046185e-01
-1.752211175844449187e-01
2.985111365623227542e-02
2.379614520264046185e-01
2.436579028941969760e-01
2.985111365623227542e-02
2.379614520264046185e-01
2.436579028941969760e-01
4.782431748213626932e-01
2.379614520264046185e-01
2.436579028941969760e-01
2.985111365623227542e-02
2.379614520264046185e-01
-1.752211175844449187e-01
2.985111365623227542e-02
-1.805378050610504381e-01
2.436579028941969760e-01
2.985111365623227542e-02
2.379614520264046185e-01
-1.752211175844449187e-01
2.985111365623227542e-02
2.379614520264046185e-01
2.436579028941969760e-01
4.782431748213626932e-01
2.379614520264046185e-01
-1.752211175844449187e-01
2.985111365623227542e-02
2.379614520264046185e-01
2.436579028941969760e-01
4.782431748213626932e-01
2.379614520264046185e-01
-1.752211175844449187e-01
2.985111365623227542e-02
-1.805378050610504381e-01
-1.752211175844449187e-01
2.985111365623227542e-02
-1.805378050610504381e-01
-1.752211175844449187e-01
2.985111365623227542e-02
-1.805378050610504381e-01
2.436579028941969760e-01
2.985111365623227542e-02
2.379614520264046185e-01
2.436579028941969760e-01
4.782431748213626932e-01
2.379614520264046185e-01
2.436579028941969760e-01
2.985111365623227542e-02
2.379614520264046185e-01
2.436579028941969760e-01
4.782431748213626932e-01
2.379614520264046185e-01
2.436579028941969760e-01
4.782431748213626932e-01
2.379614520264046185e-01
-1.752211175844449187e-01
2.985111365623227542e-02
-1.805378050610504381e-01
2.436579028941969760e-01
4.782431748213626932e-01
2.379614520264046185e-01
-1.752211175844449187e-01
2.985111365623227542e-02
2.379614520264046185e-01
-1.752211175844449187e-01
2.985111365623227542e-02
2.379614520264046185e-01
-1.752211175844449187e-01
2.985111365623227542e-02
-1.805378050610504381e-01
2.436579028941969760e-01
2.985111365623227542e-02
2.379614520264046185e-01
-1.752211175844449187e-01
2.985111365623227542e-02
2.379614520264046185e-01
-1.250923499478346912e-01
-1.279405753817335345e-01
-1.307888008156332660e-01
-1.250923499478346912e-01
-1.279405753817335345e-01
-1.307888008156332660e-01
5.032261807701274847e-01
5.003779553362286414e-01
4.975297299023289099e-01
-1.250923499478346912e-01
-1.279405753817335345e-01
-1.307888008156332660e-01
-1.250923499478346912e-01
-1.279405753817335345e-01
-1.307888008156332660e-01
-7.528412355790115029e-01
-1.279405753817335345e-01
-1.307888008156332660e-01
-7.528412355790115029e-01
-7.556894610129099021e-01
-7.585376864468096336e-01
-1.250923499478346912e-01
-1.279405753817335345e-01
-1.307888008156332660e-01
-1.250923499478346912e-01
-1.279405753817335345e-01
-1.307888008156332660e-01
-1.250923499478346912e-01
-1.279405753817335345e-01
-1.307888008156332660e-01
-1.250923499478346912e-01
-1.279405753817335345e-01
-1.307888008156332660e-01
-1.250923499478346912e-01
-1.279405753817335345e-01
-1.307888008156332660e-01
-7.528412355790115029e-01
-7.556894610129099021e-01
-7.585376864468096336e-01
-7.528412355790115029e-01
-7.556894610129099021e-01
-7.585376864468096336e-01
-1.250923499478346912e-01
-1.279405753817335345e-01
-1.307888008156332660e-01
-1.250923499478346912e-01
-1.279405753817335345e-01
-1.307888008156332660e-01
-1.250923499478346912e-01
-1.279405753817335345e-01
-1.307888008156332660e-01
-7.528412355790115029e-01
-7.556894610129099021e-01
-7.585376864468096336e-01
-7.528412355790115029e-01
-1.279405753817335345e-01
-1.307888008156332660e-01
-1.250923499478346912e-01
-1.279405753817335345e-01
-1.307888008156332660e-01
-1.250923499478346912e-01
-1.279405753817335345e-01
-1.307888008156332660e-01
-1.250923499478346912e-01
-1.279405753817335345e-01
-1.307888008156332660e-01
-1.250923499478346912e-01
-1.279405753817335345e-01
-1.307888008156332660e-01
-1.250923499478346912e-01
-1.279405753817335345e-01
-1.307888008156332660e-01
-1.250923499478346912e-01
-1.279405753817335345e-01
-1.307888008156332660e-01
-1.250923499478346912e-01
-1.279405753817335345e-01
-1.307888008156332660e-01
-1.250923499478346912e-01
-1.279405753817335345e-01
-1.307888008156332660e-01
-1.250923499478346912e-01
-1.279405753817335345e-01
-1.307888008156332660e-01
-1.250923499478346912e-01
-1.279405753817335345e-01
4.975297299023289099e-01
-7.528412355790115029e-01
-1.279405753817335345e-01
-1.307888008156332660e-01
-1.250923499478346912e-01
-1.279405753817335345e-01
-1.307888008156332660e-01
-7.528412355790115029e-01
-7.556894610129099021e-01
-7.585376864468096336e-01
-7.528412355790115029e-01
-7.556894610129099021e-01
-1.307888008156332660e-01
-1.250923499478346912e-01
5.003779553362286414e-01
4.975297299023289099e-01
-1.250923499478346912e-01
-1.279405753817335345e-01
-1.307888008156332660e-01
-1.250923499478346912e-01
-1.279405753817335345e-01
-1.307888008156332660e-01
-1.250923499478346912e-01
-1.279405753817335345e-01
4.975297299023289099e-01
-7.528412355790115029e-01
-7.556894610129099021e-01
-7.585376864468096336e-01
-1.250923499478346912e-01
-1.279405753817335345e-01
-1.307888008156332660e-01
-1.250923499478346912e-01
-1.279405753817335345e-01
-1.307888008156332660e-01
