2.335034702682925456e-03
-2.585365220839070943e-01
-3.361416165112096621e-03
2.335034702682925456e-03
-2.585365220839070943e-01
-3.361416165112096621e-03
2.335034702682925456e-03
-2.585365220839070943e-01
-3.361416165112096621e-03
2.335034702682925456e-03
-2.585365220839070943e-01
-3.361416165112096621e-03
2.335034702682925456e-03
2.645875492754115044e-01
-3.361416165112096621e-03
-5.683457704165735258e-01
-2.585365220839070943e-01
-3.361416165112096621e-03
2.335034702682925456e-03
-2.585365220839070943e-01
-3.361416165112096621e-03
-5.683457704165735258e-01
-2.585365220839070943e-01
-5.745600804541588502e-01
2.335034702682925456e-03
-2.585365220839070943e-01
-3.361416165112096621e-03
2.335034702682925456e-03
2.645875492754115044e-01
-3.361416165112096621e-03
2.335034702682925456e-03
2.645875492754115044e-01
-3.361416165112096621e-03
2.335034702682925456e-03
-2.585365220839070943e-01
-3.361416165112096621e-03
2.335034702682925456e-03
-2.585365220839070943e-01
-3.361416165112096621e-03
2.335034702682925456e-03
-2.585365220839070943e-01
-3.361416165112096621e-03
-5.683457704165735258e-01
-2.585365220839070943e-01
-3.361416165112096621e-03
2.335034702682925456e-03
-2.585365220839070943e-01
-3.361416165112096621e-03
2.335034702682925456e-03
-2.585365220839070943e-01
-3.361416165112096621e-03
2.335034702682925456e-03
2.645875492754115044e-01
-3.361416165112096621e-03
2.335034702682925456e-03
-2.585365220839070943e-01
-3.361416165112096621e-03
2.335034702682925456e-03
2.645875492754115044e-01
-3.361416165112096621e-03
2.335034702682925456e-03
-2.585365220839070943e-01
-3.361416165112096621e-03
2.335034702682925456e-03
-2.585365220839070943e-01
-3.361416165112096621e-03
-5.683457704165735258e-01
-2.585365220839070943e-01
-3.361416165112096621e-03
2.335034702682925456e-03
-2.585365220839070943e-01
-3.361416165112096621e-03
2.335034702682925456e-03
-2.585365220839070943e-01
-3.361416165112096621e-03
-5.683457704165735258e-01
-2.585365220839070943e-01
-5.745600804541588502e-01
2.335034702682925456e-03
2.645875492754115044e-01
-3.361416165112096621e-03
2.335034702682925456e-03
-2.585365220839070943e-01
-3.361416165112096621e-03
2.335034702682925456e-03
-2.585365220839070943e-01
-3.361416165112096621e-03
2.335034702682925456e-03
2.645875492754115044e-01
-3.361416165112096621e-03
2.335034702682925456e-03
-2.585365220839070943e-01
-3.361416165112096621e-03
-5.683457704165735258e-01
-2.585365220839070943e-01
-5.745600804541588502e-01
-5.683457704165735258e-01
-2.585365220839070943e-01
-3.361416165112096621e-03
2.335034702682925456e-03
-2.585365220839070943e-01
-3.361416165112096621e-03
-5.683457704165735258e-01
-2.585365220839070943e-01
-5.745600804541588502e-01
-5.683457704165735258e-01
-2.585365220839070943e-01
-3.361416165112096621e-03
2.335034702682925456e-03
-2.585365220839070943e-01
-3.361416165112096621e-03
2.335034702682925456e-03
-2.585365220839070943e-01
-3.361416165112096621e-03
2.335034702682925456e-03
-2.585365220839070943e-01
-3.361416165112096621e-03
2.335034702682925456e-03
-2.585365220839070943e-01
-3.361416165112096621e-03
3.257057200444766210e-01
3.228574946105799981e-01
1.291069594696545586e-01
3.257057200444766210e-01
-6.984158708814636185e-02
1.291069594696545586e-01
-6.699336165424973899e-02
-6.984158708814636185e-02
1.291069594696545586e-01
-6.699336165424973899e-02
-6.984158708814636185e-02
1.291069594696545586e-01
-6.699336165424973899e-02
-6.984158708814636185e-02
1.291069594696545586e-01
3.257057200444766210e-01
-6.984158708814636185e-02
1.291069594696545586e-01
-6.699336165424973899e-02
-6.984158708814636185e-02
1.291069594696545586e-01
-6.699336165424973899e-02
-6.984158708814636185e-02
1.291069594696545586e-01
-6.699336165424973899e-02
-6.984158708814636185e-02
1.291069594696545586e-01
3.257057200444766210e-01
3.228574946105799981e-01
1.291069594696545586e-01
-6.699336165424973899e-02
-6.984158708814636185e-02
1.291069594696545586e-01
3.257057200444766210e-01
-6.984158708814636185e-02
1.291069594696545586e-01
-6.699336165424973899e-02
-6.984158708814636185e-02
-2.893922976178071593e-01
-6.699336165424973899e-02
-6.984158708814636185e-02
1.291069594696545586e-01
3.257057200444766210e-01
-6.984158708814636185e-02
1.291069594696545586e-01
-6.699336165424973899e-02
-6.984158708814636185e-02
1.291069594696545586e-01
-6.699336165424973899e-02
-6.984158708814636185e-02
1.291069594696545586e-01
3.257057200444766210e-01
3.228574946105799981e-01
1.291069594696545586e-01
-6.699336165424973899e-02
-4.625406687868731659e-01
-2.893922976178071593e-01
-6.699336165424973899e-02
-6.984158708814636185e-02
1.291069594696545586e-01
-6.699336165424973899e-02
-6.984158708814636185e-02
1.291069594696545586e-01
-6.699336165424973899e-02
-6.984158708814636185e-02
1.291069594696545586e-01
3.257057200444766210e-01
-6.984158708814636185e-02
1.291069594696545586e-01
-6.699336165424973899e-02
-6.984158708814636185e-02
1.291069594696545586e-01
-6.699336165424973899e-02
-6.984158708814636185e-02
1.291069594696545586e-01
-6.699336165424973899e-02
-6.984158708814636185e-02
-2.893922976178071593e-01
-6.699336165424973899e-02
-6.984158708814636185e-02
1.291069594696545586e-01
3.257057200444766210e-01
3.228574946105799981e-01
1.291069594696545586e-01
3.257057200444766210e-01
-6.984158708814636185e-02
1.291069594696545586e-01
-6.699336165424973899e-02
-6.984158708814636185e-02
-2.893922976178071593e-01
-6.699336165424973899e-02
-6.984158708814636185e-02
1.291069594696545586e-01
-6.699336165424973899e-02
-6.984158708814636185e-02
1.291069594696545586e-01
-6.699336165424973899e-02
-6.984158708814636185e-02
1.291069594696545586e-01
3.257057200444766210e-01
-6.984158708814636185e-02
1.291069594696545586e-01
-6.699336165424973899e-02
-6.984158708814636185e-02
1.291069594696545586e-01
-6.699336165424973899e-02
-6.984158708814636185e-02
1.291069594696545586e-01
3.257057200444766210e-01
-6.984158708814636185e-02
1.291069594696545586e-01
3.257057200444766210e-01
3.228574946105799981e-01
1.291069594696545586e-01
3.257057200444766210e-01
-6.984158708814636185e-02
1.291069594696545586e-01
3.257057200444766210e-01
-6.984158708814636185e-02
1.291069594696545586e-01
9.769510182722962455e-02
-1.427452034827307870e-01
3.375094235253346397e-01
9.769510182722962455e-02
-1.427452034827307870e-01
-1.453743346524882796e-01
9.769510182722962455e-02
-1.427452034827307870e-01
3.375094235253346397e-01
9.769510182722962455e-02
3.401385546951014582e-01
3.375094235253346397e-01
5.460871629923600423e-01
3.401385546951014582e-01
8.208313702314584681e-01
-3.511038486856006280e-01
-1.427452034827307870e-01
-1.453743346524882796e-01
9.769510182722962455e-02
-1.427452034827307870e-01
3.375094235253346397e-01
9.769510182722962455e-02
-1.427452034827307870e-01
-1.453743346524882796e-01
9.769510182722962455e-02
-1.427452034827307870e-01
-1.453743346524882796e-01
9.769510182722962455e-02
3.401385546951014582e-01
3.375094235253346397e-01
9.769510182722962455e-02
-1.427452034827307870e-01
3.375094235253346397e-01
9.769510182722962455e-02
-1.427452034827307870e-01
-1.453743346524882796e-01
9.769510182722962455e-02
-1.427452034827307870e-01
-1.453743346524882796e-01
9.769510182722962455e-02
-1.427452034827307870e-01
3.375094235253346397e-01
9.769510182722962455e-02
3.401385546951014582e-01
3.375094235253346397e-01
9.769510182722962455e-02
3.401385546951014582e-01
3.375094235253346397e-01
9.769510182722962455e-02
-1.427452034827307870e-01
3.375094235253346397e-01
9.769510182722962455e-02
-1.427452034827307870e-01
-1.453743346524882796e-01
9.769510182722962455e-02
-1.427452034827307870e-01
-1.453743346524882796e-01
9.769510182722962455e-02
-1.427452034827307870e-01
-1.453743346524882796e-01
9.769510182722962455e-02
-1.427452034827307870e-01
3.375094235253346397e-01
9.769510182722962455e-02
-1.427452034827307870e-01
3.375094235253346397e-01
-3.511038486856006280e-01
-1.427452034827307870e-01
-1.453743346524882796e-01
9.769510182722962455e-02
-1.427452034827307870e-01
-1.453743346524882796e-01
9.769510182722962455e-02
-1.427452034827307870e-01
-1.453743346524882796e-01
9.769510182722962455e-02
-1.427452034827307870e-01
3.375094235253346397e-01
9.769510182722962455e-02
3.401385546951014582e-01
3.375094235253346397e-01
-3.511038486856006280e-01
-1.427452034827307870e-01
-1.453743346524882796e-01
9.769510182722962455e-02
-1.427452034827307870e-01
3.375094235253346397e-01
9.769510182722962455e-02
-1.427452034827307870e-01
3.375094235253346397e-01
9.769510182722962455e-02
-1.427452034827307870e-01
3.375094235253346397e-01
9.769510182722962455e-02
-1.427452034827307870e-01
3.375094235253346397e-01
9.769510182722962455e-02
3.401385546951014582e-01
3.375094235253346397e-01
9.769510182722962455e-02
3.401385546951014582e-01
3.375094235253346397e-01
9.769510182722962455e-02
-1.427452034827307870e-01
-1.453743346524882796e-01
9.769510182722962455e-02
-1.427452034827307870e-01
3.375094235253346397e-01
9.769510182722962455e-02
-1.427452034827307870e-01
3.375094235253346397e-01
9.769510182722962455e-02
-1.427452034827307870e-01
-1.453743346524882796e-01
9.769510182722962455e-02
-1.427452034827307870e-01
3.375094235253346397e-01
9.769510182722962455e-02
-1.427452034827307870e-01
3.375094235253346397e-01
-1.528235396334536311e-01
8.264019596233396214e-02
-1.589581790295326869e-01
-1.528235396334536311e-01
-3.661587545504958463e-01
-1.589581790295326869e-01
-1.528235396334536311e-01
8.264019596233396214e-02
-1.589581790295326869e-01
3.300602185443786141e-01
8.264019596233396214e-02
3.243637676765755984e-01
-1.528235396334536311e-01
8.264019596233396214e-02
-1.589581790295326869e-01
3.300602185443786141e-01
5.310322571274639358e-01
3.243637676765755984e-01
-1.528235396334536311e-01
8.264019596233396214e-02
-1.589581790295326869e-01
-1.528235396334536311e-01
8.264019596233396214e-02
-1.589581790295326869e-01
-1.528235396334536311e-01
8.264019596233396214e-02
-1.589581790295326869e-01
3.300602185443786141e-01
8.264019596233396214e-02
3.243637676765755984e-01
-1.528235396334536311e-01
8.264019596233396214e-02
-1.589581790295326869e-01
3.300602185443786141e-01
5.310322571274639358e-01
3.243637676765755984e-01
3.300602185443786141e-01
8.264019596233396214e-02
3.243637676765755984e-01
-1.528235396334536311e-01
8.264019596233396214e-02
-1.589581790295326869e-01
-1.528235396334536311e-01
8.264019596233396214e-02
-1.589581790295326869e-01
-1.528235396334536311e-01
-3.661587545504958463e-01
-1.589581790295326869e-01
-1.528235396334536311e-01
8.264019596233396214e-02
-1.589581790295326869e-01
-1.528235396334536311e-01
-3.661587545504958463e-01
-1.589581790295326869e-01
-1.528235396334536311e-01
8.264019596233396214e-02
-1.589581790295326869e-01
-1.528235396334536311e-01
8.264019596233396214e-02
-1.589581790295326869e-01
3.300602185443786141e-01
8.264019596233396214e-02
3.243637676765755984e-01
3.300602185443786141e-01
8.264019596233396214e-02
3.243637676765755984e-01
-1.528235396334536311e-01
8.264019596233396214e-02
-1.589581790295326869e-01
3.300602185443786141e-01
8.264019596233396214e-02
3.243637676765755984e-01
3.300602185443786141e-01
8.264019596233396214e-02
-1.589581790295326869e-01
3.300602185443786141e-01
8.264019596233396214e-02
3.243637676765755984e-01
3.300602185443786141e-01
8.264019596233396214e-02
3.243637676765755984e-01
3.300602185443786141e-01
5.310322571274639358e-01
3.243637676765755984e-01
-1.528235396334536311e-01
-3.661587545504958463e-01
-1.589581790295326869e-01
-1.528235396334536311e-01
8.264019596233396214e-02
-1.589581790295326869e-01
-1.528235396334536311e-01
-3.661587545504958463e-01
-1.589581790295326869e-01
3.300602185443786141e-01
8.264019596233396214e-02
3.243637676765755984e-01
-1.528235396334536311e-01
8.264019596233396214e-02
-1.589581790295326869e-01
-1.528235396334536311e-01
8.264019596233396214e-02
-1.589581790295326869e-01
3.300602185443786141e-01
8.264019596233396214e-02
3.243637676765755984e-01
-1.528235396334536311e-01
8.264019596233396214e-02
-1.589581790295326869e-01
-1.528235396334536311e-01
-3.661587545504958463e-01
-1.589581790295326869e-01
-1.528235396334536311e-01
8.264019596233396214e-02
-1.589581790295326869e-01
-1.528235396334536311e-01
-3.661587545504958463e-01
-1.589581790295326869e-01
3.300602185443786141e-01
8.264019596233396214e-02
3.243637676765755984e-01
-1.449635329072127554e-01
4.815034007791041404e-02
4.513457197142800581e-02
-1.449635329072127554e-01
4.815034007791041404e-02
4.513457197142800581e-02
2.477355487915131604e-01
4.174143904491876000e-01
4.513457197142800581e-02
2.477355487915131604e-01
4.174143904491876000e-01
4.513457197142800581e-02
-1.449635329072127554e-01
4.815034007791041404e-02
4.513457197142800581e-02
2.477355487915131604e-01
4.174143904491876000e-01
4.147337076878625517e-01
-1.449635329072127554e-01
4.815034007791041404e-02
4.513457197142800581e-02
2.477355487915131604e-01
4.174143904491876000e-01
4.147337076878625517e-01
-1.449635329072127554e-01
4.815034007791041404e-02
4.513457197142800581e-02
2.477355487915131604e-01
4.174143904491876000e-01
4.147337076878625517e-01
-1.449635329072127554e-01
4.815034007791041404e-02
4.513457197142800581e-02
2.477355487915131604e-01
4.815034007791041404e-02
4.513457197142800581e-02
-1.449635329072127554e-01
4.815034007791041404e-02
4.513457197142800581e-02
-1.449635329072127554e-01
4.815034007791041404e-02
4.513457197142800581e-02
-1.449635329072127554e-01
4.815034007791041404e-02
4.513457197142800581e-02
2.477355487915131604e-01
4.815034007791041404e-02
4.513457197142800581e-02
2.477355487915131604e-01
4.174143904491876000e-01
4.513457197142800581e-02
2.477355487915131604e-01
4.174143904491876000e-01
4.513457197142800581e-02
2.477355487915131604e-01
4.815034007791041404e-02
4.513457197142800581e-02
2.477355487915131604e-01
4.174143904491876000e-01
4.147337076878625517e-01
2.477355487915131604e-01
4.174143904491876000e-01
4.513457197142800581e-02
2.477355487915131604e-01
4.815034007791041404e-02
4.513457197142800581e-02
2.477355487915131604e-01
4.174143904491876000e-01
4.147337076878625517e-01
2.477355487915131604e-01
4.174143904491876000e-01
4.513457197142800581e-02
2.477355487915131604e-01
4.174143904491876000e-01
4.147337076878625517e-01
2.477355487915131604e-01
4.815034007791041404e-02
4.513457197142800581e-02
2.477355487915131604e-01
4.174143904491876000e-01
4.513457197142800581e-02
2.477355487915131604e-01
4.174143904491876000e-01
4.513457197142800581e-02
2.477355487915131604e-01
4.174143904491876000e-01
4.147337076878625517e-01
2.477355487915131604e-01
4.174143904491876000e-01
4.513457197142800581e-02
2.477355487915131604e-01
4.174143904491876000e-01
4.147337076878625517e-01
2.477355487915131604e-01
4.174143904491876000e-01
4.147337076878625517e-01
2.477355487915131604e-01
4.174143904491876000e-01
4.513457197142800581e-02
2.477355487915131604e-01
4.174143904491876000e-01
4.513457197142800581e-02
2.477355487915131604e-01
4.174143904491876000e-01
4.147337076878625517e-01
-1.449635329072127554e-01
4.815034007791041404e-02
4.513457197142800581e-02
2.477355487915131604e-01
4.815034007791041404e-02
4.513457197142800581e-02
2.477355487915131604e-01
4.174143904491876000e-01
4.513457197142800581e-02
-1.449635329072127554e-01
4.815034007791041404e-02
4.513457197142800581e-02
2.477355487915131604e-01
4.174143904491876000e-01
4.147337076878625517e-01
3.146688464881215452e-01
3.121766492334558940e-01
-8.337065789916353609e-02
3.146688464881215452e-01
3.121766492334558940e-01
3.093284237995623798e-01
3.146688464881215452e-01
3.121766492334558940e-01
-8.337065789916353609e-02
-7.767420703136718174e-02
-8.052243246525714326e-02
-8.337065789916353609e-02
-7.767420703136718174e-02
-8.052243246525714326e-02
-8.337065789916353609e-02
-7.767420703136718174e-02
-8.052243246525714326e-02
-8.337065789916353609e-02
3.146688464881215452e-01
-8.052243246525714326e-02
-8.337065789916353609e-02
-7.767420703136718174e-02
-8.052243246525714326e-02
-8.337065789916353609e-02
-7.767420703136718174e-02
-8.052243246525714326e-02
-8.337065789916353609e-02
-7.767420703136718174e-02
-8.052243246525714326e-02
-8.337065789916353609e-02
3.146688464881215452e-01
-8.052243246525714326e-02
-8.337065789916353609e-02
-7.767420703136718174e-02
-8.052243246525714326e-02
-8.337065789916353609e-02
3.146688464881215452e-01
3.121766492334558940e-01
3.093284237995623798e-01
-7.767420703136718174e-02
-8.052243246525714326e-02
-8.337065789916353609e-02
-7.767420703136718174e-02
-8.052243246525714326e-02
-8.337065789916353609e-02
3.146688464881215452e-01
3.121766492334558940e-01
3.093284237995623798e-01
3.146688464881215452e-01
3.121766492334558940e-01
3.093284237995623798e-01
-7.767420703136718174e-02
-8.052243246525714326e-02
-8.337065789916353609e-02
3.146688464881215452e-01
-8.052243246525714326e-02
-8.337065789916353609e-02
-7.767420703136718174e-02
-8.052243246525714326e-02
-8.337065789916353609e-02
3.146688464881215452e-01
3.121766492334558940e-01
3.093284237995623798e-01
3.146688464881215452e-01
3.121766492334558940e-01
3.093284237995623798e-01
3.146688464881215452e-01
-8.052243246525714326e-02
-8.337065789916353609e-02
-7.767420703136718174e-02
-8.052243246525714326e-02
-8.337065789916353609e-02
-7.767420703136718174e-02
-8.052243246525714326e-02
-8.337065789916353609e-02
-7.767420703136718174e-02
-8.052243246525714326e-02
-8.337065789916353609e-02
3.146688464881215452e-01
-8.052243246525714326e-02
-8.337065789916353609e-02
-7.767420703136718174e-02
-8.052243246525714326e-02
-8.337065789916353609e-02
-7.767420703136718174e-02
-8.052243246525714326e-02
-8.337065789916353609e-02
-7.767420703136718174e-02
-8.052243246525714326e-02
-8.337065789916353609e-02
-7.767420703136718174e-02
-8.052243246525714326e-02
-8.337065789916353609e-02
3.146688464881215452e-01
-8.052243246525714326e-02
-8.337065789916353609e-02
-7.767420703136718174e-02
-8.052243246525714326e-02
-8.337065789916353609e-02
3.146688464881215452e-01
3.121766492334558940e-01
3.093284237995623798e-01
-7.767420703136718174e-02
-8.052243246525714326e-02
-8.337065789916353609e-02
-7.767420703136718174e-02
-8.052243246525714326e-02
-8.337065789916353609e-02
3.146688464881215452e-01
3.121766492334558940e-01
3.093284237995623798e-01
3.146688464881215452e-01
3.121766492334558940e-01
3.093284237995623798e-01
-7.767420703136718174e-02
-8.052243246525714326e-02
-8.337065789916353609e-02
3.146688464881215452e-01
-8.052243246525714326e-02
-8.337065789916353609e-02
7.227648492975502492e-02
2.676731268287979582e-01
6.658003406194845653e-02
-2.969875654415354838e-01
-1.250259548699279577e-01
-3.026840163093287295e-01
-2.969875654415354838e-01
-1.250259548699279577e-01
-3.026840163093287295e-01
7.227648492975502492e-02
2.676731268287979582e-01
6.658003406194845653e-02
7.227648492975502492e-02
-1.250259548699279577e-01
6.658003406194845653e-02
7.227648492975502492e-02
2.676731268287979582e-01
6.658003406194845653e-02
7.227648492975502492e-02
2.676731268287979582e-01
6.658003406194845653e-02
7.227648492975502492e-02
2.676731268287979582e-01
6.658003406194845653e-02
7.227648492975502492e-02
2.676731268287979582e-01
6.658003406194845653e-02
7.227648492975502492e-02
2.676731268287979582e-01
6.658003406194845653e-02
7.227648492975502492e-02
2.676731268287979582e-01
6.658003406194845653e-02
4.418756206462033376e-01
2.676731268287979582e-01
4.361791697783972133e-01
7.227648492975502492e-02
-1.250259548699279577e-01
6.658003406194845653e-02
7.227648492975502492e-02
2.676731268287979582e-01
6.658003406194845653e-02
7.227648492975502492e-02
-1.250259548699279577e-01
6.658003406194845653e-02
7.227648492975502492e-02
-1.250259548699279577e-01
6.658003406194845653e-02
7.227648492975502492e-02
2.676731268287979582e-01
6.658003406194845653e-02
7.227648492975502492e-02
2.676731268287979582e-01
6.658003406194845653e-02
7.227648492975502492e-02
2.676731268287979582e-01
6.658003406194845653e-02
7.227648492975502492e-02
2.676731268287979582e-01
6.658003406194845653e-02
7.227648492975502492e-02
-1.250259548699279577e-01
6.658003406194845653e-02
7.227648492975502492e-02
-1.250259548699279577e-01
6.658003406194845653e-02
7.227648492975502492e-02
-1.250259548699279577e-01
6.658003406194845653e-02
7.227648492975502492e-02
-1.250259548699279577e-01
6.658003406194845653e-02
7.227648492975502492e-02
2.676731268287979582e-01
6.658003406194845653e-02
7.227648492975502492e-02
2.676731268287979582e-01
6.658003406194845653e-02
7.227648492975502492e-02
2.676731268287979582e-01
6.658003406194845653e-02
4.418756206462033376e-01
2.676731268287979582e-01
4.361791697783972133e-01
7.227648492975502492e-02
-1.250259548699279577e-01
6.658003406194845653e-02
7.227648492975502492e-02
2.676731268287979582e-01
6.658003406194845653e-02
7.227648492975502492e-02
2.676731268287979582e-01
6.658003406194845653e-02
7.227648492975502492e-02
2.676731268287979582e-01
6.658003406194845653e-02
7.227648492975502492e-02
2.676731268287979582e-01
6.658003406194845653e-02
7.227648492975502492e-02
2.676731268287979582e-01
6.658003406194845653e-02
7.227648492975502492e-02
-1.250259548699279577e-01
6.658003406194845653e-02
7.227648492975502492e-02
2.676731268287979582e-01
6.658003406194845653e-02
7.227648492975502492e-02
-1.250259548699279577e-01
6.658003406194845653e-02
7.227648492975502492e-02
2.676731268287979582e-01
6.658003406194845653e-02
7.227648492975502492e-02
-1.250259548699279577e-01
6.658003406194845653e-02
7.227648492975502492e-02
2.676731268287979582e-01
6.658003406194845653e-02
-3.591738207483126111e-01
-8.928620303110657019e-02
-9.235352272915253735e-02
-3.591738207483126111e-01
-8.928620303110657019e-02
-9.235352272915253735e-02
-3.591738207483126111e-01
-8.928620303110657019e-02
-9.235352272915253735e-02
1.644249548499892022e-01
-8.928620303110657019e-02
-9.235352272915253735e-02
-3.591738207483126111e-01
-8.928620303110657019e-02
-9.235352272915253735e-02
1.644249548499892022e-01
3.935975551467256750e-01
-9.235352272915253735e-02
-3.591738207483126111e-01
-8.928620303110657019e-02
-9.235352272915253735e-02
-3.591738207483126111e-01
-8.928620303110657019e-02
-9.235352272915253735e-02
1.644249548499892022e-01
3.935975551467256750e-01
3.909684239769721792e-01
1.644249548499892022e-01
-8.928620303110657019e-02
-9.235352272915253735e-02
-3.591738207483126111e-01
-8.928620303110657019e-02
-9.235352272915253735e-02
1.644249548499892022e-01
3.935975551467256750e-01
-9.235352272915253735e-02
1.644249548499892022e-01
-8.928620303110657019e-02
-9.235352272915253735e-02
1.644249548499892022e-01
-8.928620303110657019e-02
-9.235352272915253735e-02
1.644249548499892022e-01
3.935975551467256750e-01
-9.235352272915253735e-02
1.644249548499892022e-01
3.935975551467256750e-01
3.909684239769721792e-01
1.644249548499892022e-01
-8.928620303110657019e-02
-9.235352272915253735e-02
-3.591738207483126111e-01
-8.928620303110657019e-02
-9.235352272915253735e-02
1.644249548499892022e-01
-8.928620303110657019e-02
-9.235352272915253735e-02
1.644249548499892022e-01
-8.928620303110657019e-02
-9.235352272915253735e-02
1.644249548499892022e-01
3.935975551467256750e-01
-9.235352272915253735e-02
-3.591738207483126111e-01
-8.928620303110657019e-02
-9.235352272915253735e-02
1.644249548499892022e-01
3.935975551467256750e-01
3.909684239769721792e-01
1.644249548499892022e-01
-8.928620303110657019e-02
-9.235352272915253735e-02
-3.591738207483126111e-01
-8.928620303110657019e-02
-5.756754694352683721e-01
1.644249548499892022e-01
-8.928620303110657019e-02
-9.235352272915253735e-02
-3.591738207483126111e-01
-8.928620303110657019e-02
-9.235352272915253735e-02
-3.591738207483126111e-01
-8.928620303110657019e-02
-9.235352272915253735e-02
-3.591738207483126111e-01
-8.928620303110657019e-02
-9.235352272915253735e-02
1.644249548499892022e-01
-8.928620303110657019e-02
-9.235352272915253735e-02
1.644249548499892022e-01
-8.928620303110657019e-02
-9.235352272915253735e-02
-3.591738207483126111e-01
-8.928620303110657019e-02
-9.235352272915253735e-02
1.644249548499892022e-01
-8.928620303110657019e-02
-9.235352272915253735e-02
1.644249548499892022e-01
3.935975551467256750e-01
-9.235352272915253735e-02
-3.591738207483126111e-01
-8.928620303110657019e-02
-9.235352272915253735e-02
1.644249548499892022e-01
3.935975551467256750e-01
3.909684239769721792e-01
-3.591738207483126111e-01
-8.928620303110657019e-02
-9.235352272915253735e-02
1.644249548499892022e-01
3.935975551467256750e-01
-9.235352272915253735e-02
-3.591738207483126111e-01
-8.928620303110657019e-02
-5.756754694352683721e-01
1.644249548499892022e-01
-8.928620303110657019e-02
-9.235352272915253735e-02
-7.823251793778056573e-01
-7.851734048117013920e-01
-7.880216302455944621e-01
-7.823251793778056573e-01
-7.851734048117013920e-01
-1.602727446144123213e-01
-1.545762937466239606e-01
-1.574245191805183630e-01
-1.602727446144123213e-01
-1.545762937466239606e-01
-1.574245191805183630e-01
-1.602727446144123213e-01
-1.545762937466239606e-01
-1.574245191805183630e-01
-1.602727446144123213e-01
-1.545762937466239606e-01
-1.574245191805183630e-01
-1.602727446144123213e-01
-7.823251793778056573e-01
-7.851734048117013920e-01
-7.880216302455944621e-01
-1.545762937466239606e-01
-1.574245191805183630e-01
-1.602727446144123213e-01
-1.545762937466239606e-01
-1.574245191805183630e-01
-1.602727446144123213e-01
-1.545762937466239606e-01
-1.574245191805183630e-01
-1.602727446144123213e-01
-1.545762937466239606e-01
-1.574245191805183630e-01
-1.602727446144123213e-01
-1.545762937466239606e-01
-1.574245191805183630e-01
-1.602727446144123213e-01
-1.545762937466239606e-01
-1.574245191805183630e-01
-1.602727446144123213e-01
-1.545762937466239606e-01
-1.574245191805183630e-01
-1.602727446144123213e-01
-1.545762937466239606e-01
-1.574245191805183630e-01
-1.602727446144123213e-01
-1.545762937466239606e-01
-1.574245191805183630e-01
-1.602727446144123213e-01
-1.545762937466239606e-01
-1.574245191805183630e-01
-1.602727446144123213e-01
-1.545762937466239606e-01
-1.574245191805183630e-01
-1.602727446144123213e-01
-1.545762937466239606e-01
-1.574245191805183630e-01
-1.602727446144123213e-01
-7.823251793778056573e-01
-7.851734048117013920e-01
-7.880216302455944621e-01
-7.823251793778056573e-01
-7.851734048117013920e-01
-7.880216302455944621e-01
-1.545762937466239606e-01
-1.574245191805183630e-01
-1.602727446144123213e-01
-1.545762937466239606e-01
-1.574245191805183630e-01
-1.602727446144123213e-01
-1.545762937466239606e-01
-1.574245191805183630e-01
-1.602727446144123213e-01
-1.545762937466239606e-01
-1.574245191805183630e-01
-1.602727446144123213e-01
-1.545762937466239606e-01
-1.574245191805183630e-01
-1.602727446144123213e-01
-7.823251793778056573e-01
-7.851734048117013920e-01
-7.880216302455944621e-01
-1.545762937466239606e-01
-1.574245191805183630e-01
-1.602727446144123213e-01
-1.545762937466239606e-01
-1.574245191805183630e-01
-1.602727446144123213e-01
-1.545762937466239606e-01
-1.574245191805183630e-01
-1.602727446144123213e-01
-1.545762937466239606e-01
-1.574245191805183630e-01
-1.602727446144123213e-01
-1.545762937466239606e-01
-1.574245191805183630e-01
-1.602727446144123213e-01
-7.823251793778056573e-01
-7.851734048117013920e-01
-7.880216302455944621e-01
-1.545762937466239606e-01
-1.574245191805183630e-01
-1.602727446144123213e-01
-1.545762937466239606e-01
-1.574245191805183630e-01
-1.602727446144123213e-01
-7.823251793778056573e-01
-7.851734048117013920e-01
-7.880216302455944621e-01
-1.545762937466239606e-01
-1.574245191805183630e-01
-1.602727446144123213e-01
-1.545762937466239606e-01
-1.574245191805183630e-01
-1.602727446144123213e-01
-1.545762937466239606e-01
-1.574245191805183630e-01
-1.602727446144123213e-01
-1.545762937466239606e-01
-1.574245191805183630e-01
-1.602727446144123213e-01
-3.757884691127140186e-01
-1.050609900496199955e-01
-1.076901212193694946e-01
-3.757884691127140186e-01
-1.050609900496199955e-01
-1.076901212193694946e-01
1.478103064855775806e-01
3.782609566564958392e-01
3.756318254867472284e-01
-3.757884691127140186e-01
-1.050609900496199955e-01
-1.076901212193694946e-01
1.478103064855775806e-01
3.782609566564958392e-01
3.756318254867472284e-01
1.478103064855775806e-01
3.782609566564958392e-01
3.756318254867472284e-01
-3.757884691127140186e-01
-1.050609900496199955e-01
-1.076901212193694946e-01
1.478103064855775806e-01
3.782609566564958392e-01
3.756318254867472284e-01
1.478103064855775806e-01
3.782609566564958392e-01
3.756318254867472284e-01
-3.757884691127140186e-01
-1.050609900496199955e-01
-1.076901212193694946e-01
-3.757884691127140186e-01
-5.879447482274526848e-01
-5.905738793972026279e-01
1.478103064855775806e-01
3.782609566564958392e-01
3.756318254867472284e-01
-3.757884691127140186e-01
-1.050609900496199955e-01
-1.076901212193694946e-01
1.478103064855775806e-01
3.782609566564958392e-01
3.756318254867472284e-01
-3.757884691127140186e-01
-1.050609900496199955e-01
-1.076901212193694946e-01
1.478103064855775806e-01
-1.050609900496199955e-01
-1.076901212193694946e-01
1.478103064855775806e-01
3.782609566564958392e-01
3.756318254867472284e-01
1.478103064855775806e-01
3.782609566564958392e-01
3.756318254867472284e-01
1.478103064855775806e-01
3.782609566564958392e-01
-1.076901212193694946e-01
1.478103064855775806e-01
3.782609566564958392e-01
3.756318254867472284e-01
1.478103064855775806e-01
3.782609566564958392e-01
3.756318254867472284e-01
1.478103064855775806e-01
3.782609566564958392e-01
3.756318254867472284e-01
1.478103064855775806e-01
3.782609566564958392e-01
3.756318254867472284e-01
1.478103064855775806e-01
-1.050609900496199955e-01
-1.076901212193694946e-01
1.478103064855775806e-01
3.782609566564958392e-01
3.756318254867472284e-01
1.478103064855775806e-01
3.782609566564958392e-01
3.756318254867472284e-01
1.478103064855775806e-01
-1.050609900496199955e-01
-1.076901212193694946e-01
1.478103064855775806e-01
3.782609566564958392e-01
3.756318254867472284e-01
1.478103064855775806e-01
3.782609566564958392e-01
3.756318254867472284e-01
1.478103064855775806e-01
3.782609566564958392e-01
3.756318254867472284e-01
1.478103064855775806e-01
3.782609566564958392e-01
3.756318254867472284e-01
1.478103064855775806e-01
3.782609566564958392e-01
3.756318254867472284e-01
-3.757884691127140186e-01
-1.050609900496199955e-01
-1.076901212193694946e-01
1.478103064855775806e-01
3.782609566564958392e-01
3.756318254867472284e-01
1.478103064855775806e-01
3.782609566564958392e-01
-1.076901212193694946e-01
1.478103064855775806e-01
3.782609566564958392e-01
3.756318254867472284e-01
1.478103064855775806e-01
-1.050609900496199955e-01
-1.076901212193694946e-01
-3.757884691127140186e-01
-1.050609900496199955e-01
-1.076901212193694946e-01
1.478103064855775806e-01
3.782609566564958392e-01
3.756318254867472284e-01
1.478103064855775806e-01
3.782609566564958392e-01
3.756318254867472284e-01
-1.630789541010591037e-02
2.474981966720219972e-01
-2.784741001211967770e-01
-1.630789541010591037e-02
-2.756258746872970455e-01
-2.784741001211967770e-01
-1.630789541010591037e-02
2.474981966720219972e-01
-2.784741001211967770e-01
-1.630789541010591037e-02
2.474981966720219972e-01
2.446499712381218217e-01
-1.630789541010591037e-02
2.474981966720219972e-01
-2.784741001211967770e-01
-1.630789541010591037e-02
2.474981966720219972e-01
-2.784741001211967770e-01
-5.869887005293521476e-01
-2.756258746872970455e-01
-2.784741001211967770e-01
-1.630789541010591037e-02
2.474981966720219972e-01
-2.784741001211967770e-01
-1.630789541010591037e-02
2.474981966720219972e-01
-2.784741001211967770e-01
-1.630789541010591037e-02
-2.756258746872970455e-01
-2.784741001211967770e-01
-1.630789541010591037e-02
2.474981966720219972e-01
-2.784741001211967770e-01
-1.630789541010591037e-02
-2.756258746872970455e-01
-2.784741001211967770e-01
-5.869887005293521476e-01
-2.756258746872970455e-01
-2.784741001211967770e-01
-1.630789541010591037e-02
2.474981966720219972e-01
-2.784741001211967770e-01
-1.630789541010591037e-02
2.474981966720219972e-01
-2.784741001211967770e-01
-1.630789541010591037e-02
2.474981966720219972e-01
-2.784741001211967770e-01
-1.630789541010591037e-02
2.474981966720219972e-01
2.446499712381218217e-01
-5.869887005293521476e-01
-2.756258746872970455e-01
-2.784741001211967770e-01
-1.630789541010591037e-02
2.474981966720219972e-01
-2.784741001211967770e-01
-5.869887005293521476e-01
-2.756258746872970455e-01
-2.784741001211967770e-01
-1.630789541010591037e-02
2.474981966720219972e-01
-2.784741001211967770e-01
-1.630789541010591037e-02
2.474981966720219972e-01
2.446499712381218217e-01
-1.630789541010591037e-02
-2.756258746872970455e-01
-2.784741001211967770e-01
-5.869887005293521476e-01
-2.756258746872970455e-01
-2.784741001211967770e-01
-1.630789541010591037e-02
2.474981966720219972e-01
2.446499712381218217e-01
-1.630789541010591037e-02
2.474981966720219972e-01
2.446499712381218217e-01
-1.630789541010591037e-02
2.474981966720219972e-01
-2.784741001211967770e-01
-1.630789541010591037e-02
2.474981966720219972e-01
2.446499712381218217e-01
-1.630789541010591037e-02
2.474981966720219972e-01
-2.784741001211967770e-01
-1.630789541010591037e-02
-2.756258746872970455e-01
-2.784741001211967770e-01
-5.869887005293521476e-01
-2.756258746872970455e-01
-2.784741001211967770e-01
-1.630789541010591037e-02
2.474981966720219972e-01
-2.784741001211967770e-01
5.548907688789501691e-01
2.474981966720219972e-01
2.446499712381218217e-01
-1.630789541010591037e-02
2.474981966720219972e-01
2.446499712381218217e-01
-1.630789541010591037e-02
2.474981966720219972e-01
2.446499712381218217e-01
-1.630789541010591037e-02
2.474981966720219972e-01
2.446499712381218217e-01
-1.630789541010591037e-02
2.474981966720219972e-01
-2.784741001211967770e-01
-5.869887005293521476e-01
-2.756258746872970455e-01
-2.784741001211967770e-01
-1.630789541010591037e-02
-2.756258746872970455e-01
-2.784741001211967770e-01
-1.630789541010591037e-02
-2.756258746872970455e-01
-2.784741001211967770e-01
5.049593749405989485e-02
4.790664164505509248e-02
-2.172372532923820820e-01
5.049593749405989485e-02
4.790664164505509248e-02
-2.172372532923820820e-01
5.049593749405989485e-02
4.790664164505509248e-02
-2.172372532923820820e-01
5.049593749405989485e-02
4.790664164505509248e-02
-2.172372532923820820e-01
6.216946017831057603e-01
6.185874467643119878e-01
3.063615223059192871e-01
-5.201848676251961123e-01
-5.232920226439921052e-01
-7.403613246516997926e-01
6.216946017831057603e-01
6.185874467643119878e-01
3.063615223059192871e-01
5.049593749405989485e-02
4.790664164505509248e-02
-2.172372532923820820e-01
-5.201848676251961123e-01
-5.232920226439921052e-01
-7.403613246516997926e-01
5.049593749405989485e-02
4.790664164505509248e-02
-2.172372532923820820e-01
5.049593749405989485e-02
4.790664164505509248e-02
-2.172372532923820820e-01
-5.201848676251961123e-01
-5.232920226439921052e-01
-2.172372532923820820e-01
5.049593749405989485e-02
4.790664164505509248e-02
-2.172372532923820820e-01
5.049593749405989485e-02
6.185874467643119878e-01
3.063615223059192871e-01
5.049593749405989485e-02
4.790664164505509248e-02
-2.172372532923820820e-01
6.216946017831057603e-01
6.185874467643119878e-01
3.063615223059192871e-01
5.049593749405989485e-02
4.790664164505509248e-02
-2.172372532923820820e-01
5.049593749405989485e-02
4.790664164505509248e-02
-2.172372532923820820e-01
5.049593749405989485e-02
4.790664164505509248e-02
-2.172372532923820820e-01
5.049593749405989485e-02
4.790664164505509248e-02
-2.172372532923820820e-01
5.049593749405989485e-02
4.790664164505509248e-02
-2.172372532923820820e-01
6.216946017831057603e-01
6.185874467643119878e-01
3.063615223059192871e-01
5.049593749405989485e-02
4.790664164505509248e-02
-2.172372532923820820e-01
5.049593749405989485e-02
4.790664164505509248e-02
-2.172372532923820820e-01
6.216946017831057603e-01
6.185874467643119878e-01
3.063615223059192871e-01
5.049593749405989485e-02
4.790664164505509248e-02
3.063615223059192871e-01
5.049593749405989485e-02
4.790664164505509248e-02
-2.172372532923820820e-01
5.049593749405989485e-02
4.790664164505509248e-02
-2.172372532923820820e-01
5.049593749405989485e-02
4.790664164505509248e-02
-2.172372532923820820e-01
5.049593749405989485e-02
4.790664164505509248e-02
-2.172372532923820820e-01
5.049593749405989485e-02
4.790664164505509248e-02
-2.172372532923820820e-01
5.049593749405989485e-02
4.790664164505509248e-02
-2.172372532923820820e-01
5.049593749405989485e-02
4.790664164505509248e-02
3.063615223059192871e-01
6.216946017831057603e-01
6.185874467643119878e-01
3.063615223059192871e-01
5.049593749405989485e-02
4.790664164505509248e-02
-2.172372532923820820e-01
5.049593749405989485e-02
4.790664164505509248e-02
-2.172372532923820820e-01
5.049593749405989485e-02
4.790664164505509248e-02
-2.172372532923820820e-01
5.049593749405989485e-02
4.790664164505509248e-02
3.063615223059192871e-01
5.049593749405989485e-02
4.790664164505509248e-02
-2.172372532923820820e-01
5.049593749405989485e-02
4.790664164505509248e-02
-2.172372532923820820e-01
1.503737093760886268e-01
-5.524443173942339413e-02
1.442974951170983289e-01
1.503737093760886268e-01
3.370986217800719942e-01
1.442974951170983289e-01
1.503737093760886268e-01
3.370986217800719942e-01
1.442974951170983289e-01
1.503737093760886268e-01
-5.524443173942339413e-02
1.442974951170983289e-01
1.503737093760886268e-01
-5.524443173942339413e-02
1.442974951170983289e-01
1.503737093760886268e-01
3.370986217800719942e-01
1.442974951170983289e-01
1.503737093760886268e-01
3.370986217800719942e-01
1.442974951170983289e-01
1.503737093760886268e-01
-5.524443173942339413e-02
1.442974951170983289e-01
5.688729664635436833e-01
3.370986217800719942e-01
1.442974951170983289e-01
1.503737093760886268e-01
-5.524443173942339413e-02
1.442974951170983289e-01
1.503737093760886268e-01
-5.524443173942339413e-02
1.442974951170983289e-01
1.503737093760886268e-01
-5.524443173942339413e-02
1.442974951170983289e-01
1.503737093760886268e-01
-5.524443173942339413e-02
1.442974951170983289e-01
1.503737093760886268e-01
-5.524443173942339413e-02
1.442974951170983289e-01
1.503737093760886268e-01
3.370986217800719942e-01
1.442974951170983289e-01
1.503737093760886268e-01
3.370986217800719942e-01
1.442974951170983289e-01
5.688729664635436833e-01
3.370986217800719942e-01
1.442974951170983289e-01
1.503737093760886268e-01
-5.524443173942339413e-02
1.442974951170983289e-01
5.688729664635436833e-01
3.370986217800719942e-01
5.631765155957406677e-01
1.503737093760886268e-01
3.370986217800719942e-01
1.442974951170983289e-01
1.503737093760886268e-01
-5.524443173942339413e-02
1.442974951170983289e-01
-2.681255477113659857e-01
-5.524443173942339413e-02
-2.742017619703496223e-01
1.503737093760886268e-01
-5.524443173942339413e-02
1.442974951170983289e-01
1.503737093760886268e-01
-5.524443173942339413e-02
1.442974951170983289e-01
1.503737093760886268e-01
-5.524443173942339413e-02
1.442974951170983289e-01
5.688729664635436833e-01
3.370986217800719942e-01
5.631765155957406677e-01
1.503737093760886268e-01
-5.524443173942339413e-02
1.442974951170983289e-01
1.503737093760886268e-01
-5.524443173942339413e-02
1.442974951170983289e-01
1.503737093760886268e-01
3.370986217800719942e-01
1.442974951170983289e-01
1.503737093760886268e-01
-5.524443173942339413e-02
1.442974951170983289e-01
5.688729664635436833e-01
3.370986217800719942e-01
5.631765155957406677e-01
1.503737093760886268e-01
-5.524443173942339413e-02
1.442974951170983289e-01
1.503737093760886268e-01
3.370986217800719942e-01
1.442974951170983289e-01
1.503737093760886268e-01
-5.524443173942339413e-02
1.442974951170983289e-01
1.503737093760886268e-01
3.370986217800719942e-01
1.442974951170983289e-01
1.503737093760886268e-01
-5.524443173942339413e-02
1.442974951170983289e-01
1.503737093760886268e-01
-5.524443173942339413e-02
1.442974951170983289e-01
1.503737093760886268e-01
3.370986217800719942e-01
1.442974951170983289e-01
5.688729664635436833e-01
3.370986217800719942e-01
5.631765155957406677e-01
1.503737093760886268e-01
3.370986217800719942e-01
1.442974951170983289e-01
-1.940716864300071620e-01
1.062078141948186172e-02
-1.993883739066237837e-01
2.248073340486271832e-01
4.590128425846042859e-01
2.191108831808379342e-01
2.248073340486271832e-01
4.590128425846042859e-01
2.191108831808379342e-01
2.248073340486271832e-01
1.062078141948186172e-02
-1.993883739066237837e-01
2.248073340486271832e-01
4.590128425846042859e-01
2.191108831808379342e-01
2.248073340486271832e-01
1.062078141948186172e-02
2.191108831808379342e-01
-1.940716864300071620e-01
1.062078141948186172e-02
-1.993883739066237837e-01
2.248073340486271832e-01
1.062078141948186172e-02
2.191108831808379342e-01
-1.940716864300071620e-01
1.062078141948186172e-02
-1.993883739066237837e-01
2.248073340486271832e-01
4.590128425846042859e-01
2.191108831808379342e-01
-1.940716864300071620e-01
1.062078141948186172e-02
-1.993883739066237837e-01
2.248073340486271832e-01
1.062078141948186172e-02
-1.993883739066237837e-01
2.248073340486271832e-01
1.062078141948186172e-02
2.191108831808379342e-01
2.248073340486271832e-01
1.062078141948186172e-02
2.191108831808379342e-01
-1.940716864300071620e-01
1.062078141948186172e-02
-1.993883739066237837e-01
-1.940716864300071620e-01
1.062078141948186172e-02
-1.993883739066237837e-01
2.248073340486271832e-01
1.062078141948186172e-02
2.191108831808379342e-01
2.248073340486271832e-01
1.062078141948186172e-02
2.191108831808379342e-01
-1.940716864300071620e-01
-4.381781690933483908e-01
-1.993883739066237837e-01
-1.940716864300071620e-01
1.062078141948186172e-02
-1.993883739066237837e-01
2.248073340486271832e-01
1.062078141948186172e-02
2.191108831808379342e-01
2.248073340486271832e-01
1.062078141948186172e-02
2.191108831808379342e-01
-1.940716864300071620e-01
-4.381781690933483908e-01
-1.993883739066237837e-01
2.248073340486271832e-01
1.062078141948186172e-02
2.191108831808379342e-01
-1.940716864300071620e-01
1.062078141948186172e-02
-1.993883739066237837e-01
2.248073340486271832e-01
1.062078141948186172e-02
2.191108831808379342e-01
-1.940716864300071620e-01
1.062078141948186172e-02
-1.993883739066237837e-01
-1.940716864300071620e-01
1.062078141948186172e-02
-1.993883739066237837e-01
-1.940716864300071620e-01
-4.381781690933483908e-01
-1.993883739066237837e-01
-1.940716864300071620e-01
1.062078141948186172e-02
-1.993883739066237837e-01
-1.940716864300071620e-01
1.062078141948186172e-02
-1.993883739066237837e-01
2.248073340486271832e-01
1.062078141948186172e-02
2.191108831808379342e-01
2.248073340486271832e-01
1.062078141948186172e-02
2.191108831808379342e-01
2.248073340486271832e-01
1.062078141948186172e-02
2.191108831808379342e-01
-1.940716864300071620e-01
1.062078141948186172e-02
-1.993883739066237837e-01
-1.940716864300071620e-01
1.062078141948186172e-02
-1.993883739066237837e-01
-1.940716864300071620e-01
-4.381781690933483908e-01
-6.182673943852501353e-01
2.248073340486271832e-01
1.062078141948186172e-02
2.191108831808379342e-01
2.248073340486271832e-01
1.062078141948186172e-02
-1.993883739066237837e-01
-1.940716864300071620e-01
1.062078141948186172e-02
-1.993883739066237837e-01
-7.754894383364461241e-01
-7.783376637703458556e-01
-7.811858892042460312e-01
-1.471709076184843923e-01
-1.500191330523841238e-01
-1.528673584862838553e-01
-1.471709076184843923e-01
-1.500191330523841238e-01
-1.528673584862838553e-01
-1.471709076184843923e-01
-1.500191330523841238e-01
-1.528673584862838553e-01
-1.471709076184843923e-01
-1.500191330523841238e-01
-1.528673584862838553e-01
-1.471709076184843923e-01
-1.500191330523841238e-01
-1.528673584862838553e-01
-1.471709076184843923e-01
-1.500191330523841238e-01
-1.528673584862838553e-01
-1.471709076184843923e-01
-1.500191330523841238e-01
-1.528673584862838553e-01
-1.471709076184843923e-01
-1.500191330523841238e-01
-1.528673584862838553e-01
-1.471709076184843923e-01
-7.783376637703458556e-01
-7.811858892042460312e-01
-1.471709076184843923e-01
-1.500191330523841238e-01
-1.528673584862838553e-01
-1.471709076184843923e-01
-1.500191330523841238e-01
-1.528673584862838553e-01
-1.471709076184843923e-01
-1.500191330523841238e-01
-1.528673584862838553e-01
-7.754894383364461241e-01
-7.783376637703458556e-01
-7.811858892042460312e-01
-1.471709076184843923e-01
-1.500191330523841238e-01
-1.528673584862838553e-01
-1.471709076184843923e-01
-1.500191330523841238e-01
-1.528673584862838553e-01
-1.471709076184843923e-01
-1.500191330523841238e-01
-1.528673584862838553e-01
-1.471709076184843923e-01
-1.500191330523841238e-01
-1.528673584862838553e-01
-1.471709076184843923e-01
-1.500191330523841238e-01
-1.528673584862838553e-01
-7.754894383364461241e-01
-7.783376637703458556e-01
-7.811858892042460312e-01
-7.754894383364461241e-01
-7.783376637703458556e-01
-7.811858892042460312e-01
-1.471709076184843923e-01
-1.500191330523841238e-01
-1.528673584862838553e-01
-1.471709076184843923e-01
-1.500191330523841238e-01
-1.528673584862838553e-01
-1.471709076184843923e-01
-1.500191330523841238e-01
-1.528673584862838553e-01
-1.471709076184843923e-01
-1.500191330523841238e-01
-1.528673584862838553e-01
-7.754894383364461241e-01
-7.783376637703458556e-01
-7.811858892042460312e-01
-1.471709076184843923e-01
-1.500191330523841238e-01
-1.528673584862838553e-01
-1.471709076184843923e-01
-1.500191330523841238e-01
-1.528673584862838553e-01
-1.471709076184843923e-01
-1.500191330523841238e-01
-1.528673584862838553e-01
-1.471709076184843923e-01
-1.500191330523841238e-01
-1.528673584862838553e-01
-1.471709076184843923e-01
-1.500191330523841238e-01
-1.528673584862838553e-01
-1.471709076184843923e-01
-1.500191330523841238e-01
-1.528673584862838553e-01
-1.471709076184843923e-01
-1.500191330523841238e-01
-1.528673584862838553e-01
-1.471709076184843923e-01
-1.500191330523841238e-01
-1.528673584862838553e-01
-7.754894383364461241e-01
-7.783376637703458556e-01
-7.811858892042460312e-01
-1.471709076184843923e-01
-1.500191330523841238e-01
-1.528673584862838553e-01
-7.754894383364461241e-01
-7.783376637703458556e-01
-7.811858892042460312e-01
-1.471709076184843923e-01
-1.500191330523841238e-01
-1.528673584862838553e-01
-1.471709076184843923e-01
-1.500191330523841238e-01
-1.528673584862838553e-01
-7.754894383364461241e-01
-7.783376637703458556e-01
-7.811858892042460312e-01
-5.320956285305955547e-01
3.599588073966586421e-02
-2.276807465500105820e-01
-5.320956285305955547e-01
-5.346849243795914752e-01
-2.276807465500105820e-01
6.097838408777165320e-01
6.071945450287126178e-01
2.954433248093080167e-01
3.910303575846052482e-02
3.599588073966586421e-02
-2.276807465500105820e-01
3.910303575846052482e-02
3.599588073966586421e-02
-2.276807465500105820e-01
3.910303575846052482e-02
3.599588073966586421e-02
-2.276807465500105820e-01
3.910303575846052482e-02
3.599588073966586421e-02
2.954433248093080167e-01
3.910303575846052482e-02
3.599588073966586421e-02
-2.276807465500105820e-01
3.910303575846052482e-02
3.599588073966586421e-02
-2.276807465500105820e-01
3.910303575846052482e-02
3.599588073966586421e-02
-2.276807465500105820e-01
3.910303575846052482e-02
3.599588073966586421e-02
-2.276807465500105820e-01
3.910303575846052482e-02
3.599588073966586421e-02
2.954433248093080167e-01
3.910303575846052482e-02
6.071945450287126178e-01
2.954433248093080167e-01
3.910303575846052482e-02
6.071945450287126178e-01
2.954433248093080167e-01
3.910303575846052482e-02
3.599588073966586421e-02
-2.276807465500105820e-01
3.910303575846052482e-02
3.599588073966586421e-02
-2.276807465500105820e-01
3.910303575846052482e-02
3.599588073966586421e-02
-2.276807465500105820e-01
3.910303575846052482e-02
3.599588073966586421e-02
-2.276807465500105820e-01
3.910303575846052482e-02
3.599588073966586421e-02
-2.276807465500105820e-01
3.910303575846052482e-02
3.599588073966586421e-02
2.954433248093080167e-01
3.910303575846052482e-02
3.599588073966586421e-02
-2.276807465500105820e-01
3.910303575846052482e-02
3.599588073966586421e-02
2.954433248093080167e-01
3.910303575846052482e-02
3.599588073966586421e-02
-2.276807465500105820e-01
3.910303575846052482e-02
3.599588073966586421e-02
-2.276807465500105820e-01
3.910303575846052482e-02
3.599588073966586421e-02
-2.276807465500105820e-01
-5.320956285305955547e-01
3.599588073966586421e-02
-2.276807465500105820e-01
3.910303575846052482e-02
3.599588073966586421e-02
-2.276807465500105820e-01
3.910303575846052482e-02
3.599588073966586421e-02
-2.276807465500105820e-01
3.910303575846052482e-02
3.599588073966586421e-02
-2.276807465500105820e-01
3.910303575846052482e-02
3.599588073966586421e-02
-2.276807465500105820e-01
3.910303575846052482e-02
6.071945450287126178e-01
2.954433248093080167e-01
3.910303575846052482e-02
6.071945450287126178e-01
2.954433248093080167e-01
3.910303575846052482e-02
3.599588073966586421e-02
-2.276807465500105820e-01
3.910303575846052482e-02
3.599588073966586421e-02
-2.276807465500105820e-01
3.910303575846052482e-02
3.599588073966586421e-02
-2.276807465500105820e-01
3.910303575846052482e-02
3.599588073966586421e-02
-2.276807465500105820e-01
3.910303575846052482e-02
3.599588073966586421e-02
-2.276807465500105820e-01
3.910303575846052482e-02
3.599588073966586421e-02
-2.276807465500105820e-01
3.910303575846052482e-02
3.599588073966586421e-02
-2.276807465500105820e-01
3.910303575846052482e-02
3.599588073966586421e-02
2.954433248093080167e-01
4.699988549724989362e-01
2.293644947428630232e-01
1.509656424417737952e-02
2.119990445966912773e-02
-1.895145257357642166e-01
1.509656424417737952e-02
4.699988549724989362e-01
2.293644947428630232e-01
4.638955147570071880e-01
2.119990445966912773e-02
2.293644947428630232e-01
1.509656424417737952e-02
4.699988549724989362e-01
2.293644947428630232e-01
4.638955147570071880e-01
2.119990445966912773e-02
2.293644947428630232e-01
1.509656424417737952e-02
4.699988549724989362e-01
2.293644947428630232e-01
1.509656424417737952e-02
2.119990445966912773e-02
2.293644947428630232e-01
1.509656424417737952e-02
2.119990445966912773e-02
-1.895145257357642166e-01
-4.332954969209446006e-01
2.119990445966912773e-02
-1.895145257357642166e-01
1.509656424417737952e-02
4.699988549724989362e-01
2.293644947428630232e-01
1.509656424417737952e-02
2.119990445966912773e-02
-1.895145257357642166e-01
1.509656424417737952e-02
2.119990445966912773e-02
2.293644947428630232e-01
1.509656424417737952e-02
2.119990445966912773e-02
-1.895145257357642166e-01
1.509656424417737952e-02
2.119990445966912773e-02
2.293644947428630232e-01
1.509656424417737952e-02
2.119990445966912773e-02
-1.895145257357642166e-01
1.509656424417737952e-02
4.699988549724989362e-01
2.293644947428630232e-01
1.509656424417737952e-02
2.119990445966912773e-02
2.293644947428630232e-01
1.509656424417737952e-02
4.699988549724989362e-01
2.293644947428630232e-01
1.509656424417737952e-02
2.119990445966912773e-02
-1.895145257357642166e-01
1.509656424417737952e-02
4.699988549724989362e-01
2.293644947428630232e-01
1.509656424417737952e-02
2.119990445966912773e-02
2.293644947428630232e-01
1.509656424417737952e-02
2.119990445966912773e-02
2.293644947428630232e-01
1.509656424417737952e-02
2.119990445966912773e-02
2.293644947428630232e-01
1.509656424417737952e-02
2.119990445966912773e-02
2.293644947428630232e-01
1.509656424417737952e-02
2.119990445966912773e-02
2.293644947428630232e-01
1.509656424417737952e-02
2.119990445966912773e-02
2.293644947428630232e-01
1.509656424417737952e-02
2.119990445966912773e-02
-1.895145257357642166e-01
1.509656424417737952e-02
4.699988549724989362e-01
2.293644947428630232e-01
1.509656424417737952e-02
4.699988549724989362e-01
2.293644947428630232e-01
1.509656424417737952e-02
2.119990445966912773e-02
2.293644947428630232e-01
1.509656424417737952e-02
2.119990445966912773e-02
2.293644947428630232e-01
1.509656424417737952e-02
2.119990445966912773e-02
2.293644947428630232e-01
1.509656424417737952e-02
2.119990445966912773e-02
2.293644947428630232e-01
1.509656424417737952e-02
2.119990445966912773e-02
-1.895145257357642166e-01
1.509656424417737952e-02
2.119990445966912773e-02
2.293644947428630232e-01
1.509656424417737952e-02
2.119990445966912773e-02
2.293644947428630232e-01
1.509656424417737952e-02
4.699988549724989362e-01
2.293644947428630232e-01
1.509656424417737952e-02
2.119990445966912773e-02
2.293644947428630232e-01
1.509656424417737952e-02
2.119990445966912773e-02
-1.895145257357642166e-01
1.509656424417737952e-02
2.131612567189078433e-01
-1.209672336266280901e-01
-1.238154590605220484e-01
-4.849704440788280557e-01
-1.209672336266280901e-01
-7.515643446916944193e-01
2.131612567189078433e-01
-1.209672336266280901e-01
-1.238154590605220484e-01
-4.849704440788280557e-01
-1.209672336266280901e-01
-1.238154590605220484e-01
-4.849704440788280557e-01
-1.209672336266280901e-01
-1.238154590605220484e-01
-4.849704440788280557e-01
-1.209672336266280901e-01
-7.515643446916944193e-01
-4.849704440788280557e-01
-1.209672336266280901e-01
-1.238154590605220484e-01
-4.849704440788280557e-01
-1.209672336266280901e-01
-7.515643446916944193e-01
2.131612567189078433e-01
-1.209672336266280901e-01
-1.238154590605220484e-01
-4.849704440788280557e-01
-1.209672336266280901e-01
-1.238154590605220484e-01
2.131612567189078433e-01
-1.209672336266280901e-01
-1.238154590605220484e-01
-4.849704440788280557e-01
-1.209672336266280901e-01
-7.515643446916944193e-01
-4.849704440788280557e-01
-1.209672336266280901e-01
-1.238154590605220484e-01
-4.849704440788280557e-01
-1.209672336266280901e-01
-1.238154590605220484e-01
2.131612567189078433e-01
-1.209672336266280901e-01
-1.238154590605220484e-01
2.131612567189078433e-01
-1.209672336266280901e-01
-1.238154590605220484e-01
2.131612567189078433e-01
-1.209672336266280901e-01
-1.238154590605220484e-01
2.131612567189078433e-01
-1.209672336266280901e-01
-1.238154590605220484e-01
2.131612567189078433e-01
-1.209672336266280901e-01
-1.238154590605220484e-01
-4.849704440788280557e-01
-1.209672336266280901e-01
-1.238154590605220484e-01
-4.849704440788280557e-01
-1.209672336266280901e-01
-1.238154590605220484e-01
-4.849704440788280557e-01
-1.209672336266280901e-01
-1.238154590605220484e-01
-4.849704440788280557e-01
-1.209672336266280901e-01
-1.238154590605220484e-01
-4.849704440788280557e-01
-1.209672336266280901e-01
-1.238154590605220484e-01
-4.849704440788280557e-01
-1.209672336266280901e-01
-1.238154590605220484e-01
-4.849704440788280557e-01
-1.209672336266280901e-01
-1.238154590605220484e-01
2.131612567189078433e-01
5.073512970913340858e-01
5.045030716574410157e-01
-4.849704440788280557e-01
-7.487161192577986846e-01
-7.515643446916944193e-01
2.131612567189078433e-01
-1.209672336266280901e-01
-1.238154590605220484e-01
-4.849704440788280557e-01
-1.209672336266280901e-01
-1.238154590605220484e-01
-4.849704440788280557e-01
-1.209672336266280901e-01
-1.238154590605220484e-01
-4.849704440788280557e-01
-1.209672336266280901e-01
-7.515643446916944193e-01
2.131612567189078433e-01
-1.209672336266280901e-01
-1.238154590605220484e-01
-4.849704440788280557e-01
-1.209672336266280901e-01
-1.238154590605220484e-01
-4.849704440788280557e-01
-1.209672336266280901e-01
-1.238154590605220484e-01
2.131612567189078433e-01
-1.209672336266280901e-01
-1.238154590605220484e-01
-4.849704440788280557e-01
-1.209672336266280901e-01
-1.238154590605220484e-01
2.131612567189078433e-01
5.073512970913340858e-01
-1.238154590605220484e-01
-4.849704440788280557e-01
-1.209672336266280901e-01
-1.238154590605220484e-01
2.131612567189078433e-01
5.073512970913340858e-01
-1.238154590605220484e-01
4.500612769352128062e-01
2.107560885747283841e-01
4.439579367197161730e-01
1.262326422382553659e-03
-2.081229319038979675e-01
-4.841013793113635444e-03
1.262326422382553659e-03
2.107560885747283841e-01
4.439579367197161730e-01
1.262326422382553659e-03
2.107560885747283841e-01
-4.841013793113635444e-03
1.262326422382553659e-03
-2.081229319038979675e-01
-4.841013793113635444e-03
1.262326422382553659e-03
2.107560885747283841e-01
4.439579367197161730e-01
1.262326422382553659e-03
2.107560885747283841e-01
-4.841013793113635444e-03
1.262326422382553659e-03
2.107560885747283841e-01
-4.841013793113635444e-03
1.262326422382553659e-03
2.107560885747283841e-01
4.439579367197161730e-01
1.262326422382553659e-03
-2.081229319038979675e-01
-4.841013793113635444e-03
4.500612769352128062e-01
2.107560885747283841e-01
4.439579367197161730e-01
1.262326422382553659e-03
-2.081229319038979675e-01
-4.841013793113635444e-03
1.262326422382553659e-03
2.107560885747283841e-01
-4.841013793113635444e-03
1.262326422382553659e-03
2.107560885747283841e-01
-4.841013793113635444e-03
1.262326422382553659e-03
2.107560885747283841e-01
-4.841013793113635444e-03
1.262326422382553659e-03
-2.081229319038979675e-01
-4.841013793113635444e-03
1.262326422382553659e-03
2.107560885747283841e-01
-4.841013793113635444e-03
1.262326422382553659e-03
2.107560885747283841e-01
4.439579367197161730e-01
1.262326422382553659e-03
2.107560885747283841e-01
-4.841013793113635444e-03
1.262326422382553659e-03
-2.081229319038979675e-01
-4.841013793113635444e-03
1.262326422382553659e-03
2.107560885747283841e-01
-4.841013793113635444e-03
1.262326422382553659e-03
-2.081229319038979675e-01
-4.841013793113635444e-03
4.500612769352128062e-01
2.107560885747283841e-01
4.439579367197161730e-01
1.262326422382553659e-03
-2.081229319038979675e-01
-4.841013793113635444e-03
4.500612769352128062e-01
2.107560885747283841e-01
4.439579367197161730e-01
1.262326422382553659e-03
-2.081229319038979675e-01
-4.841013793113635444e-03
1.262326422382553659e-03
-2.081229319038979675e-01
-4.841013793113635444e-03
1.262326422382553659e-03
-2.081229319038979675e-01
-4.841013793113635444e-03
1.262326422382553659e-03
2.107560885747283841e-01
-4.841013793113635444e-03
4.500612769352128062e-01
2.107560885747283841e-01
4.439579367197161730e-01
1.262326422382553659e-03
2.107560885747283841e-01
-4.841013793113635444e-03
4.500612769352128062e-01
2.107560885747283841e-01
4.439579367197161730e-01
1.262326422382553659e-03
2.107560885747283841e-01
4.439579367197161730e-01
1.262326422382553659e-03
-2.081229319038979675e-01
-4.841013793113635444e-03
4.500612769352128062e-01
2.107560885747283841e-01
4.439579367197161730e-01
1.262326422382553659e-03
2.107560885747283841e-01
-4.841013793113635444e-03
1.262326422382553659e-03
-2.081229319038979675e-01
-4.841013793113635444e-03
1.262326422382553659e-03
-2.081229319038979675e-01
-4.841013793113635444e-03
1.262326422382553659e-03
2.107560885747283841e-01
-4.841013793113635444e-03
1.262326422382553659e-03
-2.081229319038979675e-01
-4.841013793113635444e-03
-1.557155839201724845e-01
-1.585638093540726601e-01
-1.614120347879723916e-01
-1.557155839201724845e-01
-1.585638093540726601e-01
-1.614120347879723916e-01
4.726029467977781451e-01
4.697547213638784136e-01
4.669064959299782380e-01
-1.557155839201724845e-01
4.697547213638784136e-01
4.669064959299782380e-01
-1.557155839201724845e-01
-1.585638093540726601e-01
-1.614120347879723916e-01
-1.557155839201724845e-01
-1.585638093540726601e-01
-1.614120347879723916e-01
-7.834644695513546253e-01
-1.585638093540726601e-01
-1.614120347879723916e-01
-1.557155839201724845e-01
-1.585638093540726601e-01
-1.614120347879723916e-01
-1.557155839201724845e-01
-1.585638093540726601e-01
-1.614120347879723916e-01
-1.557155839201724845e-01
-1.585638093540726601e-01
-1.614120347879723916e-01
-1.557155839201724845e-01
-1.585638093540726601e-01
-1.614120347879723916e-01
-1.557155839201724845e-01
-1.585638093540726601e-01
-1.614120347879723916e-01
-7.834644695513546253e-01
-1.585638093540726601e-01
-1.614120347879723916e-01
-7.834644695513546253e-01
-1.585638093540726601e-01
-1.614120347879723916e-01
-1.557155839201724845e-01
-1.585638093540726601e-01
-1.614120347879723916e-01
-1.557155839201724845e-01
-1.585638093540726601e-01
-1.614120347879723916e-01
-1.557155839201724845e-01
-1.585638093540726601e-01
-1.614120347879723916e-01
-1.557155839201724845e-01
-1.585638093540726601e-01
-1.614120347879723916e-01
-1.557155839201724845e-01
-1.585638093540726601e-01
-1.614120347879723916e-01
-1.557155839201724845e-01
-1.585638093540726601e-01
4.669064959299782380e-01
-1.557155839201724845e-01
-1.585638093540726601e-01
4.669064959299782380e-01
-1.557155839201724845e-01
-1.585638093540726601e-01
4.669064959299782380e-01
-1.557155839201724845e-01
-1.585638093540726601e-01
-1.614120347879723916e-01
-1.557155839201724845e-01
-1.585638093540726601e-01
-1.614120347879723916e-01
-1.557155839201724845e-01
-1.585638093540726601e-01
-1.614120347879723916e-01
4.726029467977781451e-01
4.697547213638784136e-01
4.669064959299782380e-01
4.726029467977781451e-01
4.697547213638784136e-01
4.669064959299782380e-01
-1.557155839201724845e-01
-1.585638093540726601e-01
-1.614120347879723916e-01
4.726029467977781451e-01
4.697547213638784136e-01
4.669064959299782380e-01
-1.557155839201724845e-01
-1.585638093540726601e-01
-1.614120347879723916e-01
-1.557155839201724845e-01
4.697547213638784136e-01
4.669064959299782380e-01
-1.557155839201724845e-01
-1.585638093540726601e-01
-1.614120347879723916e-01
-1.557155839201724845e-01
-1.585638093540726601e-01
-1.614120347879723916e-01
4.726029467977781451e-01
4.697547213638784136e-01
4.669064959299782380e-01
-1.557155839201724845e-01
-1.585638093540726601e-01
-1.614120347879723916e-01
-1.557155839201724845e-01
-1.585638093540726601e-01
-1.614120347879723916e-01
4.726029467977781451e-01
4.697547213638784136e-01
4.669064959299782380e-01
-1.557155839201724845e-01
-1.585638093540726601e-01
-1.614120347879723916e-01
-1.557155839201724845e-01
-1.585638093540726601e-01
-1.614120347879723916e-01
-1.557155839201724845e-01
-1.585638093540726601e-01
-1.614120347879723916e-01
