2.841440898680405169e-01
-2.418282069251724842e-01
1.559095539608845726e-02
2.841440898680405169e-01
-2.418282069251724842e-01
1.559095539608845726e-02
2.841440898680405169e-01
-2.418282069251724842e-01
1.559095539608845726e-02
2.841440898680405169e-01
-2.418282069251724842e-01
1.559095539608845726e-02
2.841440898680405169e-01
2.812958644341438941e-01
1.559095539608845726e-02
-2.389799814912745290e-01
-2.418282069251724842e-01
-5.556077088929654018e-01
-2.389799814912745290e-01
-2.418282069251724842e-01
1.559095539608845726e-02
-2.389799814912745290e-01
-2.418282069251724842e-01
-5.556077088929654018e-01
2.841440898680405169e-01
-2.418282069251724842e-01
1.559095539608845726e-02
2.841440898680405169e-01
2.812958644341438941e-01
1.559095539608845726e-02
2.841440898680405169e-01
-2.418282069251724842e-01
1.559095539608845726e-02
2.841440898680405169e-01
-2.418282069251724842e-01
1.559095539608845726e-02
2.841440898680405169e-01
-2.418282069251724842e-01
1.559095539608845726e-02
2.841440898680405169e-01
-2.418282069251724842e-01
1.559095539608845726e-02
-2.389799814912745290e-01
-2.418282069251724842e-01
1.559095539608845726e-02
-2.389799814912745290e-01
-2.418282069251724842e-01
1.559095539608845726e-02
2.841440898680405169e-01
-2.418282069251724842e-01
1.559095539608845726e-02
2.841440898680405169e-01
2.812958644341438941e-01
1.559095539608845726e-02
2.841440898680405169e-01
-2.418282069251724842e-01
1.559095539608845726e-02
2.841440898680405169e-01
2.812958644341438941e-01
1.559095539608845726e-02
2.841440898680405169e-01
-2.418282069251724842e-01
1.559095539608845726e-02
-2.389799814912745290e-01
-2.418282069251724842e-01
1.559095539608845726e-02
-2.389799814912745290e-01
-2.418282069251724842e-01
1.559095539608845726e-02
2.841440898680405169e-01
-2.418282069251724842e-01
1.559095539608845726e-02
2.841440898680405169e-01
-2.418282069251724842e-01
1.559095539608845726e-02
-2.389799814912745290e-01
-2.418282069251724842e-01
-5.556077088929654018e-01
2.841440898680405169e-01
2.812958644341438941e-01
1.559095539608845726e-02
2.841440898680405169e-01
-2.418282069251724842e-01
1.559095539608845726e-02
2.841440898680405169e-01
-2.418282069251724842e-01
1.559095539608845726e-02
2.841440898680405169e-01
2.812958644341438941e-01
1.559095539608845726e-02
2.841440898680405169e-01
-2.418282069251724842e-01
1.559095539608845726e-02
-2.389799814912745290e-01
-2.418282069251724842e-01
-5.556077088929654018e-01
-2.389799814912745290e-01
-2.418282069251724842e-01
1.559095539608845726e-02
2.841440898680405169e-01
-2.418282069251724842e-01
1.559095539608845726e-02
-2.389799814912745290e-01
-2.418282069251724842e-01
-5.556077088929654018e-01
-2.389799814912745290e-01
-2.418282069251724842e-01
1.559095539608845726e-02
-2.389799814912745290e-01
-2.418282069251724842e-01
1.559095539608845726e-02
2.841440898680405169e-01
-2.418282069251724842e-01
1.559095539608845726e-02
2.841440898680405169e-01
-2.418282069251724842e-01
1.559095539608845726e-02
-2.389799814912745290e-01
-2.418282069251724842e-01
1.559095539608845726e-02
1.541700692344827317e-01
3.401591900680398517e-01
3.373109646341436729e-01
1.541700692344827317e-01
3.401591900680398517e-01
3.373109646341436729e-01
1.541700692344827317e-01
3.401591900680398517e-01
-5.538811706458268702e-02
1.541700692344827317e-01
-5.253989163068295554e-02
-5.538811706458268702e-02
1.541700692344827317e-01
3.401591900680398517e-01
-5.538811706458268702e-02
1.541700692344827317e-01
3.401591900680398517e-01
3.373109646341436729e-01
1.541700692344827317e-01
-5.253989163068295554e-02
-5.538811706458268702e-02
1.541700692344827317e-01
-5.253989163068295554e-02
-5.538811706458268702e-02
1.541700692344827317e-01
3.401591900680398517e-01
-5.538811706458268702e-02
5.726693263219355678e-01
3.401591900680398517e-01
3.373109646341436729e-01
1.541700692344827317e-01
-5.253989163068295554e-02
-5.538811706458268702e-02
1.541700692344827317e-01
3.401591900680398517e-01
3.373109646341436729e-01
-2.647089512441556103e-01
-5.253989163068295554e-02
-5.538811706458268702e-02
1.541700692344827317e-01
3.401591900680398517e-01
-5.538811706458268702e-02
1.541700692344827317e-01
3.401591900680398517e-01
3.373109646341436729e-01
1.541700692344827317e-01
3.401591900680398517e-01
-5.538811706458268702e-02
1.541700692344827317e-01
3.401591900680398517e-01
-5.538811706458268702e-02
5.726693263219355678e-01
3.401591900680398517e-01
3.373109646341436729e-01
-2.647089512441556103e-01
-5.253989163068295554e-02
-5.538811706458268702e-02
1.541700692344827317e-01
-5.253989163068295554e-02
-5.538811706458268702e-02
1.541700692344827317e-01
-5.253989163068295554e-02
-5.538811706458268702e-02
1.541700692344827317e-01
-5.253989163068295554e-02
-5.538811706458268702e-02
1.541700692344827317e-01
3.401591900680398517e-01
3.373109646341436729e-01
1.541700692344827317e-01
-5.253989163068295554e-02
-5.538811706458268702e-02
1.541700692344827317e-01
-5.253989163068295554e-02
-5.538811706458268702e-02
1.541700692344827317e-01
-5.253989163068295554e-02
-5.538811706458268702e-02
1.541700692344827317e-01
3.401591900680398517e-01
-5.538811706458268702e-02
1.541700692344827317e-01
3.401591900680398517e-01
3.373109646341436729e-01
1.541700692344827317e-01
3.401591900680398517e-01
3.373109646341436729e-01
1.541700692344827317e-01
-5.253989163068295554e-02
-5.538811706458268702e-02
1.541700692344827317e-01
3.401591900680398517e-01
-5.538811706458268702e-02
1.541700692344827317e-01
-5.253989163068295554e-02
-5.538811706458268702e-02
1.541700692344827317e-01
-5.253989163068295554e-02
-5.538811706458268702e-02
1.541700692344827317e-01
3.401591900680398517e-01
3.373109646341436729e-01
1.541700692344827317e-01
-5.253989163068295554e-02
-5.538811706458268702e-02
1.541700692344827317e-01
-5.253989163068295554e-02
-5.538811706458268702e-02
1.541700692344827317e-01
3.401591900680398517e-01
3.373109646341436729e-01
1.541700692344827317e-01
3.401591900680398517e-01
3.373109646341436729e-01
1.541700692344827317e-01
3.401591900680398517e-01
3.373109646341436729e-01
1.541700692344827317e-01
3.401591900680398517e-01
3.373109646341436729e-01
1.137252680731277721e-01
-1.244301970535963697e-01
-1.270593282233489774e-01
-3.346667930920004252e-01
-1.244301970535963697e-01
-1.270593282233489774e-01
1.137252680731277721e-01
-1.244301970535963697e-01
-1.270593282233489774e-01
1.137252680731277721e-01
-1.244301970535963697e-01
3.558244299544792710e-01
5.625242185859549160e-01
3.588917496525243500e-01
3.558244299544792710e-01
-3.346667930920004252e-01
-1.244301970535963697e-01
-1.270593282233489774e-01
1.137252680731277721e-01
-1.244301970535963697e-01
-1.270593282233489774e-01
-3.346667930920004252e-01
-1.244301970535963697e-01
-1.270593282233489774e-01
-3.346667930920004252e-01
-1.244301970535963697e-01
-1.270593282233489774e-01
1.137252680731277721e-01
3.588917496525243500e-01
3.558244299544792710e-01
1.137252680731277721e-01
-1.244301970535963697e-01
-1.270593282233489774e-01
-3.346667930920004252e-01
-1.244301970535963697e-01
-1.270593282233489774e-01
1.137252680731277721e-01
-1.244301970535963697e-01
-1.270593282233489774e-01
1.137252680731277721e-01
-1.244301970535963697e-01
-1.270593282233489774e-01
1.137252680731277721e-01
-1.244301970535963697e-01
3.558244299544792710e-01
1.137252680731277721e-01
3.588917496525243500e-01
3.558244299544792710e-01
1.137252680731277721e-01
-1.244301970535963697e-01
-1.270593282233489774e-01
1.137252680731277721e-01
-1.244301970535963697e-01
-1.270593282233489774e-01
-3.346667930920004252e-01
-1.244301970535963697e-01
-1.270593282233489774e-01
-3.346667930920004252e-01
-1.244301970535963697e-01
-1.270593282233489774e-01
1.137252680731277721e-01
-1.244301970535963697e-01
-1.270593282233489774e-01
1.137252680731277721e-01
-1.244301970535963697e-01
-1.270593282233489774e-01
-3.346667930920004252e-01
-1.244301970535963697e-01
-1.270593282233489774e-01
-3.346667930920004252e-01
-1.244301970535963697e-01
-1.270593282233489774e-01
-3.346667930920004252e-01
-1.244301970535963697e-01
-1.270593282233489774e-01
1.137252680731277721e-01
-1.244301970535963697e-01
-1.270593282233489774e-01
1.137252680731277721e-01
-1.244301970535963697e-01
3.558244299544792710e-01
-3.346667930920004252e-01
-1.244301970535963697e-01
-1.270593282233489774e-01
1.137252680731277721e-01
-1.244301970535963697e-01
3.558244299544792710e-01
1.137252680731277721e-01
-1.244301970535963697e-01
-1.270593282233489774e-01
1.137252680731277721e-01
-1.244301970535963697e-01
-1.270593282233489774e-01
1.137252680731277721e-01
-1.244301970535963697e-01
3.558244299544792710e-01
1.137252680731277721e-01
-1.244301970535963697e-01
3.558244299544792710e-01
1.137252680731277721e-01
-1.244301970535963697e-01
3.558244299544792710e-01
-3.346667930920004252e-01
-1.244301970535963697e-01
-1.270593282233489774e-01
1.137252680731277721e-01
-1.244301970535963697e-01
3.558244299544792710e-01
1.137252680731277721e-01
-1.244301970535963697e-01
-1.270593282233489774e-01
-3.346667930920004252e-01
-1.244301970535963697e-01
-1.270593282233489774e-01
1.137252680731277721e-01
-1.244301970535963697e-01
-1.270593282233489774e-01
1.137252680731277721e-01
-1.244301970535963697e-01
-1.270593282233489774e-01
1.019254769898356727e-01
-1.371376643740669365e-01
9.663591546973915314e-02
-3.468734735229914712e-01
-1.371376643740669365e-01
-3.521630350430906553e-01
1.019254769898356727e-01
-1.371376643740669365e-01
9.663591546973915314e-02
1.019254769898356727e-01
3.457460938037630882e-01
9.663591546973915314e-02
1.019254769898356727e-01
-1.371376643740669365e-01
9.663591546973915314e-02
5.507244275026637048e-01
3.457460938037630882e-01
5.450279766348655741e-01
1.019254769898356727e-01
-1.371376643740669365e-01
9.663591546973915314e-02
1.019254769898356727e-01
-1.371376643740669365e-01
9.663591546973915314e-02
1.019254769898356727e-01
-1.371376643740669365e-01
9.663591546973915314e-02
1.019254769898356727e-01
3.457460938037630882e-01
9.663591546973915314e-02
1.019254769898356727e-01
-1.371376643740669365e-01
9.663591546973915314e-02
5.507244275026637048e-01
3.457460938037630882e-01
5.450279766348655741e-01
1.019254769898356727e-01
3.457460938037630882e-01
9.663591546973915314e-02
1.019254769898356727e-01
-1.371376643740669365e-01
9.663591546973915314e-02
1.019254769898356727e-01
-1.371376643740669365e-01
9.663591546973915314e-02
-3.468734735229914712e-01
-1.371376643740669365e-01
-3.521630350430906553e-01
1.019254769898356727e-01
-1.371376643740669365e-01
9.663591546973915314e-02
1.019254769898356727e-01
-1.371376643740669365e-01
-3.521630350430906553e-01
1.019254769898356727e-01
-1.371376643740669365e-01
9.663591546973915314e-02
1.019254769898356727e-01
-1.371376643740669365e-01
9.663591546973915314e-02
1.019254769898356727e-01
3.457460938037630882e-01
9.663591546973915314e-02
1.019254769898356727e-01
3.457460938037630882e-01
9.663591546973915314e-02
1.019254769898356727e-01
-1.371376643740669365e-01
9.663591546973915314e-02
1.019254769898356727e-01
3.457460938037630882e-01
9.663591546973915314e-02
1.019254769898356727e-01
3.457460938037630882e-01
9.663591546973915314e-02
1.019254769898356727e-01
3.457460938037630882e-01
9.663591546973915314e-02
1.019254769898356727e-01
3.457460938037630882e-01
9.663591546973915314e-02
5.507244275026637048e-01
3.457460938037630882e-01
5.450279766348655741e-01
-3.468734735229914712e-01
-1.371376643740669365e-01
-3.521630350430906553e-01
1.019254769898356727e-01
-1.371376643740669365e-01
9.663591546973915314e-02
-3.468734735229914712e-01
-1.371376643740669365e-01
-3.521630350430906553e-01
1.019254769898356727e-01
3.457460938037630882e-01
9.663591546973915314e-02
1.019254769898356727e-01
-1.371376643740669365e-01
9.663591546973915314e-02
1.019254769898356727e-01
-1.371376643740669365e-01
9.663591546973915314e-02
1.019254769898356727e-01
3.457460938037630882e-01
9.663591546973915314e-02
1.019254769898356727e-01
-1.371376643740669365e-01
9.663591546973915314e-02
-3.468734735229914712e-01
-1.371376643740669365e-01
-3.521630350430906553e-01
1.019254769898356727e-01
-1.371376643740669365e-01
9.663591546973915314e-02
-3.468734735229914712e-01
-1.371376643740669365e-01
-3.521630350430906553e-01
1.019254769898356727e-01
3.457460938037630882e-01
9.663591546973915314e-02
6.832120380333828180e-02
-3.042937000195893305e-01
-1.319341756005996125e-01
6.832120380333828180e-02
-3.042937000195893305e-01
-1.319341756005996125e-01
6.832120380333828180e-02
6.530543569685720584e-02
2.607649060981267475e-01
6.832120380333828180e-02
6.530543569685720584e-02
2.607649060981267475e-01
6.832120380333828180e-02
6.530543569685720584e-02
-1.319341756005996125e-01
6.832120380333828180e-02
6.530543569685720584e-02
2.607649060981267475e-01
6.832120380333828180e-02
-3.042937000195893305e-01
-1.319341756005996125e-01
6.832120380333828180e-02
6.530543569685720584e-02
2.607649060981267475e-01
6.832120380333828180e-02
6.530543569685720584e-02
2.607649060981267475e-01
6.832120380333828180e-02
6.530543569685720584e-02
2.607649060981267475e-01
6.832120380333828180e-02
6.530543569685720584e-02
2.607649060981267475e-01
6.832120380333828180e-02
6.530543569685720584e-02
2.607649060981267475e-01
6.832120380333828180e-02
6.530543569685720584e-02
-1.319341756005996125e-01
6.832120380333828180e-02
6.530543569685720584e-02
2.607649060981267475e-01
6.832120380333828180e-02
6.530543569685720584e-02
2.607649060981267475e-01
6.832120380333828180e-02
6.530543569685720584e-02
2.607649060981267475e-01
6.832120380333828180e-02
6.530543569685720584e-02
2.607649060981267475e-01
6.832120380333828180e-02
6.530543569685720584e-02
2.607649060981267475e-01
6.832120380333828180e-02
6.530543569685720584e-02
2.607649060981267475e-01
6.832120380333828180e-02
6.530543569685720584e-02
2.607649060981267475e-01
6.832120380333828180e-02
6.530543569685720584e-02
2.607649060981267475e-01
6.832120380333828180e-02
6.530543569685720584e-02
2.607649060981267475e-01
4.375852541746203528e-01
6.530543569685720584e-02
2.607649060981267475e-01
6.832120380333828180e-02
6.530543569685720584e-02
2.607649060981267475e-01
6.832120380333828180e-02
6.530543569685720584e-02
2.607649060981267475e-01
6.832120380333828180e-02
6.530543569685720584e-02
2.607649060981267475e-01
6.832120380333828180e-02
6.530543569685720584e-02
2.607649060981267475e-01
6.832120380333828180e-02
6.530543569685720584e-02
2.607649060981267475e-01
4.375852541746203528e-01
6.530543569685720584e-02
2.607649060981267475e-01
6.832120380333828180e-02
6.530543569685720584e-02
2.607649060981267475e-01
6.832120380333828180e-02
6.530543569685720584e-02
2.607649060981267475e-01
6.832120380333828180e-02
6.530543569685720584e-02
2.607649060981267475e-01
6.832120380333828180e-02
6.530543569685720584e-02
2.607649060981267475e-01
6.832120380333828180e-02
6.530543569685720584e-02
2.607649060981267475e-01
6.832120380333828180e-02
6.530543569685720584e-02
2.607649060981267475e-01
6.832120380333828180e-02
6.530543569685720584e-02
2.607649060981267475e-01
6.832120380333828180e-02
6.530543569685720584e-02
2.607649060981267475e-01
6.832120380333828180e-02
6.530543569685720584e-02
2.607649060981267475e-01
-3.012779319131086986e-01
-3.042937000195893305e-01
-1.319341756005996125e-01
4.375852541746203528e-01
6.530543569685720584e-02
2.607649060981267475e-01
3.323265701248199200e-01
3.294783446909224089e-01
3.266301192570248979e-01
3.323265701248199200e-01
3.294783446909224089e-01
3.266301192570248979e-01
3.323265701248199200e-01
3.294783446909224089e-01
3.266301192570248979e-01
3.323265701248199200e-01
-6.286470882856454168e-02
-6.571293426246382907e-02
-6.037251157390377543e-02
-6.286470882856454168e-02
-6.571293426246382907e-02
-6.037251157390377543e-02
-6.286470882856454168e-02
-6.571293426246382907e-02
3.323265701248199200e-01
3.294783446909224089e-01
3.266301192570248979e-01
3.323265701248199200e-01
-6.286470882856454168e-02
-6.571293426246382907e-02
3.323265701248199200e-01
-6.286470882856454168e-02
-6.571293426246382907e-02
3.323265701248199200e-01
3.294783446909224089e-01
-6.571293426246382907e-02
3.323265701248199200e-01
3.294783446909224089e-01
3.266301192570248979e-01
-6.037251157390377543e-02
-6.286470882856454168e-02
-6.571293426246382907e-02
3.323265701248199200e-01
3.294783446909224089e-01
3.266301192570248979e-01
3.323265701248199200e-01
-6.286470882856454168e-02
-6.571293426246382907e-02
-6.037251157390377543e-02
-6.286470882856454168e-02
-6.571293426246382907e-02
3.323265701248199200e-01
3.294783446909224089e-01
3.266301192570248979e-01
3.323265701248199200e-01
3.294783446909224089e-01
3.266301192570248979e-01
-6.037251157390377543e-02
-6.286470882856454168e-02
-6.571293426246382907e-02
3.323265701248199200e-01
3.294783446909224089e-01
3.266301192570248979e-01
3.323265701248199200e-01
3.294783446909224089e-01
-6.571293426246382907e-02
3.323265701248199200e-01
3.294783446909224089e-01
3.266301192570248979e-01
3.323265701248199200e-01
3.294783446909224089e-01
3.266301192570248979e-01
3.323265701248199200e-01
3.294783446909224089e-01
3.266301192570248979e-01
3.323265701248199200e-01
-6.286470882856454168e-02
-6.571293426246382907e-02
3.323265701248199200e-01
-6.286470882856454168e-02
-6.571293426246382907e-02
-6.037251157390377543e-02
-6.286470882856454168e-02
-6.571293426246382907e-02
3.323265701248199200e-01
3.294783446909224089e-01
3.266301192570248979e-01
-6.037251157390377543e-02
-6.286470882856454168e-02
-6.571293426246382907e-02
-6.037251157390377543e-02
-6.286470882856454168e-02
-6.571293426246382907e-02
3.323265701248199200e-01
-6.286470882856454168e-02
-6.571293426246382907e-02
3.323265701248199200e-01
3.294783446909224089e-01
-6.571293426246382907e-02
3.323265701248199200e-01
3.294783446909224089e-01
3.266301192570248979e-01
3.323265701248199200e-01
-6.286470882856454168e-02
-6.571293426246382907e-02
3.323265701248199200e-01
3.294783446909224089e-01
3.266301192570248979e-01
3.323265701248199200e-01
-6.286470882856454168e-02
-6.571293426246382907e-02
3.323265701248199200e-01
-6.286470882856454168e-02
-6.571293426246382907e-02
3.323265701248199200e-01
3.294783446909224089e-01
3.266301192570248979e-01
3.323265701248199200e-01
3.294783446909224089e-01
3.266301192570248979e-01
3.323265701248199200e-01
3.294783446909224089e-01
-6.571293426246382907e-02
3.323265701248199200e-01
3.294783446909224089e-01
3.266301192570248979e-01
2.888911322578722185e-01
8.641581244221940850e-02
2.831946813900740878e-01
-1.034519212616151762e-01
-2.828482379290608861e-01
-1.095044003086487194e-01
-1.034519212616151762e-01
-2.828482379290608861e-01
-1.095044003086487194e-01
2.888911322578722185e-01
8.641581244221940850e-02
2.831946813900740878e-01
-1.034519212616151762e-01
8.641581244221940850e-02
-1.095044003086487194e-01
2.888911322578722185e-01
8.641581244221940850e-02
2.831946813900740878e-01
2.888911322578722185e-01
8.641581244221940850e-02
2.831946813900740878e-01
2.888911322578722185e-01
8.641581244221940850e-02
2.831946813900740878e-01
2.888911322578722185e-01
8.641581244221940850e-02
2.831946813900740878e-01
2.888911322578722185e-01
8.641581244221940850e-02
2.831946813900740878e-01
2.888911322578722185e-01
8.641581244221940850e-02
2.831946813900740878e-01
2.888911322578722185e-01
4.560149481586677211e-01
2.831946813900740878e-01
-1.034519212616151762e-01
8.641581244221940850e-02
-1.095044003086487194e-01
2.888911322578722185e-01
8.641581244221940850e-02
2.831946813900740878e-01
-1.034519212616151762e-01
8.641581244221940850e-02
-1.095044003086487194e-01
-1.034519212616151762e-01
8.641581244221940850e-02
-1.095044003086487194e-01
2.888911322578722185e-01
8.641581244221940850e-02
2.831946813900740878e-01
2.888911322578722185e-01
8.641581244221940850e-02
2.831946813900740878e-01
2.888911322578722185e-01
8.641581244221940850e-02
2.831946813900740878e-01
2.888911322578722185e-01
8.641581244221940850e-02
2.831946813900740878e-01
-1.034519212616151762e-01
8.641581244221940850e-02
-1.095044003086487194e-01
-1.034519212616151762e-01
8.641581244221940850e-02
-1.095044003086487194e-01
-1.034519212616151762e-01
8.641581244221940850e-02
-1.095044003086487194e-01
-1.034519212616151762e-01
8.641581244221940850e-02
-1.095044003086487194e-01
2.888911322578722185e-01
8.641581244221940850e-02
2.831946813900740878e-01
2.888911322578722185e-01
8.641581244221940850e-02
2.831946813900740878e-01
2.888911322578722185e-01
8.641581244221940850e-02
2.831946813900740878e-01
2.888911322578722185e-01
4.560149481586677211e-01
2.831946813900740878e-01
-1.034519212616151762e-01
8.641581244221940850e-02
-1.095044003086487194e-01
2.888911322578722185e-01
8.641581244221940850e-02
2.831946813900740878e-01
2.888911322578722185e-01
8.641581244221940850e-02
2.831946813900740878e-01
2.888911322578722185e-01
8.641581244221940850e-02
2.831946813900740878e-01
2.888911322578722185e-01
8.641581244221940850e-02
2.831946813900740878e-01
2.888911322578722185e-01
8.641581244221940850e-02
2.831946813900740878e-01
-1.034519212616151762e-01
8.641581244221940850e-02
-1.095044003086487194e-01
-1.034519212616151762e-01
8.641581244221940850e-02
-1.095044003086487194e-01
-1.034519212616151762e-01
8.641581244221940850e-02
-1.095044003086487194e-01
2.888911322578722185e-01
8.641581244221940850e-02
2.831946813900740878e-01
-1.034519212616151762e-01
8.641581244221940850e-02
-1.095044003086487194e-01
2.888911322578722185e-01
8.641581244221940850e-02
2.831946813900740878e-01
-6.965663101709207439e-02
-7.228576218684334975e-02
-3.462631395014428293e-01
-6.965663101709207439e-02
-7.228576218684334975e-02
-3.462631395014428293e-01
-6.965663101709207439e-02
-7.228576218684334975e-02
-3.462631395014428293e-01
-6.965663101709207439e-02
-7.228576218684334975e-02
1.773356360968567635e-01
-6.965663101709207439e-02
-5.556077088929658458e-01
-3.462631395014428293e-01
4.136653156890304217e-01
-7.228576218684334975e-02
1.773356360968567635e-01
-6.965663101709207439e-02
-7.228576218684334975e-02
-3.462631395014428293e-01
-6.965663101709207439e-02
-7.228576218684334975e-02
-3.462631395014428293e-01
4.136653156890304217e-01
-7.228576218684334975e-02
1.773356360968567635e-01
-6.965663101709207439e-02
-7.228576218684334975e-02
1.773356360968567635e-01
-6.965663101709207439e-02
-7.228576218684334975e-02
-3.462631395014428293e-01
-6.965663101709207439e-02
-7.228576218684334975e-02
1.773356360968567635e-01
-6.965663101709207439e-02
-7.228576218684334975e-02
1.773356360968567635e-01
-6.965663101709207439e-02
-7.228576218684334975e-02
1.773356360968567635e-01
-6.965663101709207439e-02
-7.228576218684334975e-02
1.773356360968567635e-01
4.136653156890304217e-01
-7.228576218684334975e-02
1.773356360968567635e-01
-6.965663101709207439e-02
-7.228576218684334975e-02
1.773356360968567635e-01
-6.965663101709207439e-02
-7.228576218684334975e-02
-3.462631395014428293e-01
-6.965663101709207439e-02
-7.228576218684334975e-02
1.773356360968567635e-01
-6.965663101709207439e-02
-7.228576218684334975e-02
1.773356360968567635e-01
-6.965663101709207439e-02
-7.228576218684334975e-02
1.773356360968567635e-01
-6.965663101709207439e-02
-5.556077088929658458e-01
-3.462631395014428293e-01
4.136653156890304217e-01
4.105979959909848986e-01
1.773356360968567635e-01
-6.965663101709207439e-02
-7.228576218684334975e-02
1.773356360968567635e-01
-6.965663101709207439e-02
-5.556077088929658458e-01
-3.462631395014428293e-01
-6.965663101709207439e-02
-7.228576218684334975e-02
1.773356360968567635e-01
-6.965663101709207439e-02
-7.228576218684334975e-02
-3.462631395014428293e-01
-6.965663101709207439e-02
-7.228576218684334975e-02
-3.462631395014428293e-01
-6.965663101709207439e-02
-7.228576218684334975e-02
-3.462631395014428293e-01
-6.965663101709207439e-02
-7.228576218684334975e-02
1.773356360968567635e-01
-6.965663101709207439e-02
-7.228576218684334975e-02
1.773356360968567635e-01
-6.965663101709207439e-02
-7.228576218684334975e-02
-3.462631395014428293e-01
-6.965663101709207439e-02
-7.228576218684334975e-02
1.773356360968567635e-01
-6.965663101709207439e-02
-7.228576218684334975e-02
1.773356360968567635e-01
-6.965663101709207439e-02
-5.556077088929658458e-01
-3.462631395014428293e-01
4.136653156890304217e-01
-7.228576218684334975e-02
1.773356360968567635e-01
-6.965663101709207439e-02
-7.228576218684334975e-02
-3.462631395014428293e-01
4.136653156890304217e-01
-7.228576218684334975e-02
1.773356360968567635e-01
-5.525403891949212110e-01
-5.556077088929658458e-01
-3.462631395014428293e-01
-6.965663101709207439e-02
-7.228576218684334975e-02
1.773356360968567635e-01
-1.363489250231406658e-01
-4.090535638396550766e-01
-7.703639066088951992e-01
-1.363489250231406658e-01
-4.090535638396550766e-01
-7.703639066088951992e-01
4.913999606080374782e-01
1.616272412795987101e-01
-1.426150209777157229e-01
4.913999606080374782e-01
1.616272412795987101e-01
-1.426150209777157229e-01
-1.363489250231406658e-01
-4.090535638396550766e-01
-7.703639066088951992e-01
-1.363489250231406658e-01
-4.090535638396550766e-01
-7.703639066088951992e-01
-1.363489250231406658e-01
-4.090535638396550766e-01
-7.703639066088951992e-01
-1.363489250231406658e-01
-4.090535638396550766e-01
-7.703639066088951992e-01
4.913999606080374782e-01
1.616272412795987101e-01
-1.426150209777157229e-01
4.913999606080374782e-01
1.616272412795987101e-01
-1.426150209777157229e-01
4.913999606080374782e-01
1.616272412795987101e-01
-1.426150209777157229e-01
-1.363489250231406658e-01
-4.090535638396550766e-01
-7.703639066088951992e-01
-1.363489250231406658e-01
-4.090535638396550766e-01
-7.703639066088951992e-01
4.913999606080374782e-01
1.616272412795987101e-01
-1.426150209777157229e-01
-1.363489250231406658e-01
-4.090535638396550766e-01
-7.703639066088951992e-01
-1.363489250231406658e-01
-4.090535638396550766e-01
-7.703639066088951992e-01
4.913999606080374782e-01
1.616272412795987101e-01
-1.426150209777157229e-01
4.913999606080374782e-01
1.616272412795987101e-01
-1.426150209777157229e-01
-1.363489250231406658e-01
-4.090535638396550766e-01
-1.426150209777157229e-01
-1.363489250231406658e-01
-4.090535638396550766e-01
-7.703639066088951992e-01
-1.363489250231406658e-01
-4.090535638396550766e-01
-7.703639066088951992e-01
-1.363489250231406658e-01
-4.090535638396550766e-01
-7.703639066088951992e-01
4.913999606080374782e-01
1.616272412795987101e-01
-1.426150209777157229e-01
-1.363489250231406658e-01
-4.090535638396550766e-01
-7.703639066088951992e-01
4.913999606080374782e-01
1.616272412795987101e-01
-1.426150209777157229e-01
4.913999606080374782e-01
1.616272412795987101e-01
-1.426150209777157229e-01
-1.363489250231406658e-01
-4.090535638396550766e-01
-7.703639066088951992e-01
4.913999606080374782e-01
1.616272412795987101e-01
-1.426150209777157229e-01
-1.363489250231406658e-01
-4.090535638396550766e-01
-7.703639066088951992e-01
4.913999606080374782e-01
1.616272412795987101e-01
-1.426150209777157229e-01
-1.363489250231406658e-01
-4.090535638396550766e-01
-7.703639066088951992e-01
-1.363489250231406658e-01
-4.090535638396550766e-01
-1.426150209777157229e-01
-1.363489250231406658e-01
-4.090535638396550766e-01
-7.703639066088951992e-01
-1.363489250231406658e-01
-4.090535638396550766e-01
-7.703639066088951992e-01
4.913999606080374782e-01
1.616272412795987101e-01
-1.426150209777157229e-01
-1.363489250231406658e-01
-4.090535638396550766e-01
-7.703639066088951992e-01
-1.363489250231406658e-01
-4.090535638396550766e-01
-7.703639066088951992e-01
4.913999606080374782e-01
1.616272412795987101e-01
-1.426150209777157229e-01
4.913999606080374782e-01
1.616272412795987101e-01
-1.426150209777157229e-01
4.913999606080374782e-01
1.616272412795987101e-01
-1.426150209777157229e-01
-8.455504097902188931e-02
-8.718417214877272059e-02
-9.025149184681824366e-02
-8.455504097902188931e-02
-8.718417214877272059e-02
-9.025149184681824366e-02
3.987669057271001627e-01
3.956995860290550837e-01
3.930704548593042524e-01
-8.455504097902188931e-02
-8.718417214877272059e-02
-9.025149184681824366e-02
3.987669057271001627e-01
3.956995860290550837e-01
3.930704548593042524e-01
3.987669057271001627e-01
3.956995860290550837e-01
3.930704548593042524e-01
-8.455504097902188931e-02
-8.718417214877272059e-02
-9.025149184681824366e-02
3.987669057271001627e-01
3.956995860290550837e-01
3.930704548593042524e-01
3.987669057271001627e-01
3.956995860290550837e-01
-9.025149184681824366e-02
-8.455504097902188931e-02
-8.718417214877272059e-02
-9.025149184681824366e-02
-5.674387991568514700e-01
-5.705061188548952167e-01
-5.735734385529407398e-01
3.987669057271001627e-01
3.956995860290550837e-01
3.930704548593042524e-01
-8.455504097902188931e-02
-8.718417214877272059e-02
-9.025149184681824366e-02
3.987669057271001627e-01
3.956995860290550837e-01
-9.025149184681824366e-02
-8.455504097902188931e-02
-8.718417214877272059e-02
-9.025149184681824366e-02
3.987669057271001627e-01
-8.718417214877272059e-02
-9.025149184681824366e-02
3.987669057271001627e-01
3.956995860290550837e-01
3.930704548593042524e-01
3.987669057271001627e-01
3.956995860290550837e-01
3.930704548593042524e-01
3.987669057271001627e-01
-8.718417214877272059e-02
-9.025149184681824366e-02
3.987669057271001627e-01
3.956995860290550837e-01
-9.025149184681824366e-02
3.987669057271001627e-01
3.956995860290550837e-01
3.930704548593042524e-01
3.987669057271001627e-01
3.956995860290550837e-01
3.930704548593042524e-01
3.987669057271001627e-01
3.956995860290550837e-01
-9.025149184681824366e-02
3.987669057271001627e-01
-8.718417214877272059e-02
-9.025149184681824366e-02
3.987669057271001627e-01
3.956995860290550837e-01
-9.025149184681824366e-02
3.987669057271001627e-01
3.956995860290550837e-01
3.930704548593042524e-01
3.987669057271001627e-01
-8.718417214877272059e-02
-9.025149184681824366e-02
3.987669057271001627e-01
3.956995860290550837e-01
3.930704548593042524e-01
3.987669057271001627e-01
3.956995860290550837e-01
3.930704548593042524e-01
3.987669057271001627e-01
3.956995860290550837e-01
3.930704548593042524e-01
3.987669057271001627e-01
3.956995860290550837e-01
3.930704548593042524e-01
3.987669057271001627e-01
3.956995860290550837e-01
-9.025149184681824366e-02
-8.455504097902188931e-02
-8.718417214877272059e-02
-9.025149184681824366e-02
3.987669057271001627e-01
3.956995860290550837e-01
3.930704548593042524e-01
3.987669057271001627e-01
-8.718417214877272059e-02
-9.025149184681824366e-02
3.987669057271001627e-01
3.956995860290550837e-01
3.930704548593042524e-01
-8.455504097902188931e-02
-8.718417214877272059e-02
-9.025149184681824366e-02
-8.455504097902188931e-02
-8.718417214877272059e-02
-9.025149184681824366e-02
3.987669057271001627e-01
3.956995860290550837e-01
3.930704548593042524e-01
3.987669057271001627e-01
3.956995860290550837e-01
3.930704548593042524e-01
3.162335320894715807e-03
2.646812160697349370e-01
2.618329906358392023e-01
3.162335320894715807e-03
2.646812160697349370e-01
-2.612910807234771760e-01
3.162335320894715807e-03
2.646812160697349370e-01
2.618329906358392023e-01
3.162335320894715807e-03
2.646812160697349370e-01
2.618329906358392023e-01
3.162335320894715807e-03
2.646812160697349370e-01
2.618329906358392023e-01
3.162335320894715807e-03
2.646812160697349370e-01
2.618329906358392023e-01
3.162335320894715807e-03
-2.589175595285642117e-01
-2.612910807234771760e-01
3.162335320894715807e-03
2.646812160697349370e-01
2.618329906358392023e-01
3.162335320894715807e-03
2.646812160697349370e-01
-2.612910807234771760e-01
3.162335320894715807e-03
2.646812160697349370e-01
-2.612910807234771760e-01
3.162335320894715807e-03
2.646812160697349370e-01
2.618329906358392023e-01
3.162335320894715807e-03
2.646812160697349370e-01
-2.612910807234771760e-01
3.162335320894715807e-03
-2.589175595285642117e-01
-2.612910807234771760e-01
3.162335320894715807e-03
2.646812160697349370e-01
2.618329906358392023e-01
3.162335320894715807e-03
2.646812160697349370e-01
2.618329906358392023e-01
3.162335320894715807e-03
2.646812160697349370e-01
2.618329906358392023e-01
3.162335320894715807e-03
2.646812160697349370e-01
2.618329906358392023e-01
3.162335320894715807e-03
-2.589175595285642117e-01
-2.612910807234771760e-01
3.162335320894715807e-03
2.646812160697349370e-01
2.618329906358392023e-01
3.162335320894715807e-03
-2.589175595285642117e-01
-2.612910807234771760e-01
3.162335320894715807e-03
2.646812160697349370e-01
-2.612910807234771760e-01
3.162335320894715807e-03
2.646812160697349370e-01
2.618329906358392023e-01
3.162335320894715807e-03
2.646812160697349370e-01
-2.612910807234771760e-01
3.162335320894715807e-03
-2.589175595285642117e-01
-2.612910807234771760e-01
3.162335320894715807e-03
2.646812160697349370e-01
2.618329906358392023e-01
3.162335320894715807e-03
2.646812160697349370e-01
2.618329906358392023e-01
3.162335320894715807e-03
2.646812160697349370e-01
2.618329906358392023e-01
3.162335320894715807e-03
2.646812160697349370e-01
2.618329906358392023e-01
3.162335320894715807e-03
2.646812160697349370e-01
2.618329906358392023e-01
3.162335320894715807e-03
2.646812160697349370e-01
-2.612910807234771760e-01
-5.675184697983590709e-01
-2.589175595285642117e-01
-2.612910807234771760e-01
3.162335320894715807e-03
2.646812160697349370e-01
-2.612910807234771760e-01
5.738431404401485025e-01
7.882799916680345298e-01
2.618329906358392023e-01
5.738431404401485025e-01
2.646812160697349370e-01
2.618329906358392023e-01
3.162335320894715807e-03
2.646812160697349370e-01
2.618329906358392023e-01
3.162335320894715807e-03
2.646812160697349370e-01
2.618329906358392023e-01
3.162335320894715807e-03
2.646812160697349370e-01
2.618329906358392023e-01
3.162335320894715807e-03
-2.589175595285642117e-01
-2.612910807234771760e-01
3.162335320894715807e-03
2.646812160697349370e-01
-2.612910807234771760e-01
3.162335320894715807e-03
2.646812160697349370e-01
-2.612910807234771760e-01
6.841259071565541916e-02
6.530543569685676175e-02
6.219828067805810434e-02
6.841259071565541916e-02
6.530543569685676175e-02
6.219828067805810434e-02
-5.027860735733971076e-01
-5.053753694223943604e-01
-5.084825244411956824e-01
6.841259071565541916e-02
6.530543569685676175e-02
6.219828067805810434e-02
6.841259071565541916e-02
6.530543569685676175e-02
6.219828067805810434e-02
-5.027860735733971076e-01
-5.053753694223943604e-01
-5.084825244411956824e-01
6.841259071565541916e-02
6.530543569685676175e-02
6.219828067805810434e-02
-5.027860735733971076e-01
-5.053753694223943604e-01
6.219828067805810434e-02
-5.027860735733971076e-01
-5.053753694223943604e-01
-5.084825244411956824e-01
-5.027860735733971076e-01
6.530543569685676175e-02
6.219828067805810434e-02
6.841259071565541916e-02
6.530543569685676175e-02
6.219828067805810434e-02
-5.027860735733971076e-01
-5.053753694223943604e-01
-5.084825244411956824e-01
-5.027860735733971076e-01
-5.053753694223943604e-01
-5.084825244411956824e-01
6.841259071565541916e-02
6.530543569685676175e-02
6.219828067805810434e-02
6.841259071565541916e-02
6.530543569685676175e-02
6.219828067805810434e-02
6.841259071565541916e-02
6.530543569685676175e-02
6.219828067805810434e-02
-5.027860735733971076e-01
6.530543569685676175e-02
6.219828067805810434e-02
-5.027860735733971076e-01
-5.053753694223943604e-01
-5.084825244411956824e-01
-5.027860735733971076e-01
-5.053753694223943604e-01
-5.084825244411956824e-01
6.841259071565541916e-02
6.530543569685676175e-02
6.219828067805810434e-02
-5.027860735733971076e-01
-5.053753694223943604e-01
6.219828067805810434e-02
6.841259071565541916e-02
6.530543569685676175e-02
6.219828067805810434e-02
-5.027860735733971076e-01
-5.053753694223943604e-01
-5.084825244411956824e-01
-5.027860735733971076e-01
-5.053753694223943604e-01
6.219828067805810434e-02
6.841259071565541916e-02
6.530543569685676175e-02
6.219828067805810434e-02
6.841259071565541916e-02
6.530543569685676175e-02
6.219828067805810434e-02
-5.027860735733971076e-01
6.530543569685676175e-02
6.219828067805810434e-02
-5.027860735733971076e-01
-5.053753694223943604e-01
6.219828067805810434e-02
-5.027860735733971076e-01
6.530543569685676175e-02
6.219828067805810434e-02
6.841259071565541916e-02
6.530543569685676175e-02
6.219828067805810434e-02
-5.027860735733971076e-01
-5.053753694223943604e-01
-5.084825244411956824e-01
6.841259071565541916e-02
6.530543569685676175e-02
6.219828067805810434e-02
6.841259071565541916e-02
6.530543569685676175e-02
6.219828067805810434e-02
6.841259071565541916e-02
6.530543569685676175e-02
6.219828067805810434e-02
6.841259071565541916e-02
6.530543569685676175e-02
6.219828067805810434e-02
-5.027860735733971076e-01
-5.053753694223943604e-01
6.219828067805810434e-02
-5.027860735733971076e-01
-5.053753694223943604e-01
-5.084825244411956824e-01
6.841259071565541916e-02
6.530543569685676175e-02
6.219828067805810434e-02
6.841259071565541916e-02
6.530543569685676175e-02
6.219828067805810434e-02
-5.027860735733971076e-01
-5.053753694223943604e-01
-5.084825244411956824e-01
1.689808414907547629e-01
-3.865479264043081287e-02
1.629046272317724586e-01
1.689808414907547629e-01
3.536882608790561378e-01
1.629046272317724586e-01
1.689808414907547629e-01
-3.865479264043081287e-02
1.629046272317724586e-01
-2.498981789878849114e-01
-3.865479264043081287e-02
-2.555946298556825980e-01
1.689808414907547629e-01
-3.865479264043081287e-02
1.629046272317724586e-01
1.689808414907547629e-01
3.536882608790561378e-01
1.629046272317724586e-01
1.689808414907547629e-01
-3.865479264043081287e-02
1.629046272317724586e-01
1.689808414907547629e-01
-3.865479264043081287e-02
1.629046272317724586e-01
1.689808414907547629e-01
3.536882608790561378e-01
1.629046272317724586e-01
1.689808414907547629e-01
-3.865479264043081287e-02
1.629046272317724586e-01
1.689808414907547629e-01
-3.865479264043081287e-02
1.629046272317724586e-01
-2.498981789878849114e-01
-3.865479264043081287e-02
-2.555946298556825980e-01
1.689808414907547629e-01
-3.865479264043081287e-02
1.629046272317724586e-01
-2.498981789878849114e-01
-3.865479264043081287e-02
-2.555946298556825980e-01
1.689808414907547629e-01
3.536882608790561378e-01
1.629046272317724586e-01
1.689808414907547629e-01
-3.865479264043081287e-02
1.629046272317724586e-01
1.689808414907547629e-01
3.536882608790561378e-01
1.629046272317724586e-01
-2.498981789878849114e-01
-3.865479264043081287e-02
-2.555946298556825980e-01
5.874800985782075990e-01
3.536882608790561378e-01
1.629046272317724586e-01
1.689808414907547629e-01
-3.865479264043081287e-02
1.629046272317724586e-01
1.689808414907547629e-01
-3.865479264043081287e-02
-2.555946298556825980e-01
-2.498981789878849114e-01
-3.865479264043081287e-02
-2.555946298556825980e-01
1.689808414907547629e-01
-3.865479264043081287e-02
1.629046272317724586e-01
1.689808414907547629e-01
-3.865479264043081287e-02
1.629046272317724586e-01
1.689808414907547629e-01
-3.865479264043081287e-02
1.629046272317724586e-01
1.689808414907547629e-01
3.536882608790561378e-01
1.629046272317724586e-01
1.689808414907547629e-01
-3.865479264043081287e-02
1.629046272317724586e-01
1.689808414907547629e-01
-3.865479264043081287e-02
1.629046272317724586e-01
1.689808414907547629e-01
-3.865479264043081287e-02
1.629046272317724586e-01
-2.498981789878849114e-01
-3.865479264043081287e-02
-2.555946298556825980e-01
1.689808414907547629e-01
3.536882608790561378e-01
1.629046272317724586e-01
1.689808414907547629e-01
-3.865479264043081287e-02
-2.555946298556825980e-01
1.689808414907547629e-01
-3.865479264043081287e-02
1.629046272317724586e-01
1.689808414907547629e-01
-3.865479264043081287e-02
1.629046272317724586e-01
1.689808414907547629e-01
3.536882608790561378e-01
1.629046272317724586e-01
1.689808414907547629e-01
-3.865479264043081287e-02
1.629046272317724586e-01
1.689808414907547629e-01
-3.865479264043081287e-02
1.629046272317724586e-01
1.689808414907547629e-01
-3.865479264043081287e-02
1.629046272317724586e-01
1.689808414907547629e-01
3.536882608790561378e-01
1.629046272317724586e-01
1.689808414907547629e-01
-3.865479264043081287e-02
1.629046272317724586e-01
-1.773633712712756605e-01
2.909228375157946189e-02
-1.826800587478834004e-01
2.415156492073640138e-01
4.774843449167072151e-01
2.358191983395681035e-01
2.415156492073640138e-01
4.774843449167072151e-01
2.358191983395681035e-01
2.415156492073640138e-01
2.909228375157946189e-02
-1.826800587478834004e-01
2.415156492073640138e-01
4.774843449167072151e-01
2.358191983395681035e-01
2.415156492073640138e-01
2.909228375157946189e-02
2.358191983395681035e-01
-1.773633712712756605e-01
2.909228375157946189e-02
-1.826800587478834004e-01
2.415156492073640138e-01
2.909228375157946189e-02
2.358191983395681035e-01
-1.773633712712756605e-01
2.909228375157946189e-02
-1.826800587478834004e-01
2.415156492073640138e-01
4.774843449167072151e-01
2.358191983395681035e-01
-1.773633712712756605e-01
2.909228375157946189e-02
-1.826800587478834004e-01
2.415156492073640138e-01
2.909228375157946189e-02
-1.826800587478834004e-01
2.415156492073640138e-01
2.909228375157946189e-02
2.358191983395681035e-01
2.415156492073640138e-01
2.909228375157946189e-02
2.358191983395681035e-01
-1.773633712712756605e-01
2.909228375157946189e-02
-1.826800587478834004e-01
-1.773633712712756605e-01
2.909228375157946189e-02
-1.826800587478834004e-01
2.415156492073640138e-01
2.909228375157946189e-02
-1.826800587478834004e-01
2.415156492073640138e-01
2.909228375157946189e-02
2.358191983395681035e-01
-1.773633712712756605e-01
-4.197066667612485702e-01
-1.826800587478834004e-01
-1.773633712712756605e-01
2.909228375157946189e-02
-1.826800587478834004e-01
2.415156492073640138e-01
2.909228375157946189e-02
2.358191983395681035e-01
2.415156492073640138e-01
2.909228375157946189e-02
-1.826800587478834004e-01
-1.773633712712756605e-01
-4.197066667612485702e-01
-1.826800587478834004e-01
2.415156492073640138e-01
2.909228375157946189e-02
2.358191983395681035e-01
-1.773633712712756605e-01
2.909228375157946189e-02
-1.826800587478834004e-01
2.415156492073640138e-01
2.909228375157946189e-02
2.358191983395681035e-01
-1.773633712712756605e-01
2.909228375157946189e-02
-1.826800587478834004e-01
-1.773633712712756605e-01
2.909228375157946189e-02
-1.826800587478834004e-01
-1.773633712712756605e-01
-4.197066667612485702e-01
-1.826800587478834004e-01
-1.773633712712756605e-01
2.909228375157946189e-02
-1.826800587478834004e-01
-1.773633712712756605e-01
2.909228375157946189e-02
-1.826800587478834004e-01
2.415156492073640138e-01
2.909228375157946189e-02
2.358191983395681035e-01
2.415156492073640138e-01
2.909228375157946189e-02
-1.826800587478834004e-01
2.415156492073640138e-01
2.909228375157946189e-02
2.358191983395681035e-01
-1.773633712712756605e-01
2.909228375157946189e-02
-1.826800587478834004e-01
-1.773633712712756605e-01
2.909228375157946189e-02
-1.826800587478834004e-01
-1.773633712712756605e-01
-4.197066667612485702e-01
-6.015590792265248510e-01
2.415156492073640138e-01
2.909228375157946189e-02
2.358191983395681035e-01
2.415156492073640138e-01
2.909228375157946189e-02
-1.826800587478834004e-01
-1.773633712712756605e-01
2.909228375157946189e-02
-1.826800587478834004e-01
-7.578317146997433085e-01
-7.606799401336434840e-01
-7.635281655675409951e-01
-1.300828290685642763e-01
-1.329310545024640078e-01
-1.357792799363615188e-01
-1.300828290685642763e-01
-1.329310545024640078e-01
-1.357792799363615188e-01
-1.300828290685642763e-01
-1.329310545024640078e-01
-1.357792799363615188e-01
-1.300828290685642763e-01
-1.329310545024640078e-01
-1.357792799363615188e-01
-1.300828290685642763e-01
-1.329310545024640078e-01
-1.357792799363615188e-01
-1.300828290685642763e-01
-1.329310545024640078e-01
-1.357792799363615188e-01
-1.300828290685642763e-01
-1.329310545024640078e-01
-1.357792799363615188e-01
-1.300828290685642763e-01
-1.329310545024640078e-01
-1.357792799363615188e-01
-1.300828290685642763e-01
-1.329310545024640078e-01
-1.357792799363615188e-01
-1.300828290685642763e-01
-1.329310545024640078e-01
-1.357792799363615188e-01
-1.300828290685642763e-01
-1.329310545024640078e-01
-1.357792799363615188e-01
-1.300828290685642763e-01
-1.329310545024640078e-01
-1.357792799363615188e-01
-7.578317146997433085e-01
-7.606799401336434840e-01
-7.635281655675409951e-01
-1.300828290685642763e-01
-1.329310545024640078e-01
-1.357792799363615188e-01
-1.300828290685642763e-01
-1.329310545024640078e-01
-1.357792799363615188e-01
-1.300828290685642763e-01
-1.329310545024640078e-01
-1.357792799363615188e-01
-1.300828290685642763e-01
-1.329310545024640078e-01
-1.357792799363615188e-01
-1.300828290685642763e-01
-1.329310545024640078e-01
-1.357792799363615188e-01
-1.300828290685642763e-01
-1.329310545024640078e-01
-7.635281655675409951e-01
-7.578317146997433085e-01
-7.606799401336434840e-01
-7.635281655675409951e-01
-1.300828290685642763e-01
-1.329310545024640078e-01
-1.357792799363615188e-01
-1.300828290685642763e-01
-1.329310545024640078e-01
-1.357792799363615188e-01
-1.300828290685642763e-01
-1.329310545024640078e-01
-1.357792799363615188e-01
-1.300828290685642763e-01
-1.329310545024640078e-01
-1.357792799363615188e-01
-7.578317146997433085e-01
-7.606799401336434840e-01
-7.635281655675409951e-01
-1.300828290685642763e-01
-1.329310545024640078e-01
-1.357792799363615188e-01
-1.300828290685642763e-01
-1.329310545024640078e-01
-1.357792799363615188e-01
-1.300828290685642763e-01
-1.329310545024640078e-01
-1.357792799363615188e-01
-1.300828290685642763e-01
-1.329310545024640078e-01
-1.357792799363615188e-01
-1.300828290685642763e-01
-1.329310545024640078e-01
-1.357792799363615188e-01
-1.300828290685642763e-01
-1.329310545024640078e-01
-1.357792799363615188e-01
-1.300828290685642763e-01
-1.329310545024640078e-01
-1.357792799363615188e-01
-1.300828290685642763e-01
-1.329310545024640078e-01
-1.357792799363615188e-01
-7.578317146997433085e-01
-7.606799401336434840e-01
-7.635281655675409951e-01
-1.300828290685642763e-01
-1.329310545024640078e-01
-1.357792799363615188e-01
-7.578317146997433085e-01
-7.606799401336434840e-01
-7.635281655675409951e-01
-1.300828290685642763e-01
-1.329310545024640078e-01
-1.357792799363615188e-01
-1.300828290685642763e-01
-1.329310545024640078e-01
-1.357792799363615188e-01
-7.578317146997433085e-01
-7.606799401336434840e-01
-7.635281655675409951e-01
5.701968898006226638e-02
-2.090736144353426695e-01
-5.198754261767861706e-01
5.701968898006226638e-02
-2.090736144353426695e-01
-5.198754261767861706e-01
6.282183532691156813e-01
3.140504569239737087e-01
5.132323811226768839e-02
5.701968898006226638e-02
-2.090736144353426695e-01
5.132323811226768839e-02
5.701968898006226638e-02
-2.090736144353426695e-01
-5.198754261767861706e-01
5.701968898006226638e-02
-2.090736144353426695e-01
-5.198754261767861706e-01
5.701968898006226638e-02
3.140504569239737087e-01
5.132323811226768839e-02
5.701968898006226638e-02
-2.090736144353426695e-01
5.132323811226768839e-02
5.701968898006226638e-02
3.140504569239737087e-01
5.132323811226768839e-02
5.701968898006226638e-02
-2.090736144353426695e-01
-5.198754261767861706e-01
5.701968898006226638e-02
-2.090736144353426695e-01
5.132323811226768839e-02
6.282183532691156813e-01
3.140504569239737087e-01
5.132323811226768839e-02
6.282183532691156813e-01
3.140504569239737087e-01
5.132323811226768839e-02
6.282183532691156813e-01
3.140504569239737087e-01
5.132323811226768839e-02
5.701968898006226638e-02
-2.090736144353426695e-01
-5.198754261767861706e-01
5.701968898006226638e-02
-2.090736144353426695e-01
-5.198754261767861706e-01
5.701968898006226638e-02
-2.090736144353426695e-01
5.132323811226768839e-02
5.701968898006226638e-02
-2.090736144353426695e-01
-5.198754261767861706e-01
5.701968898006226638e-02
-2.090736144353426695e-01
-5.198754261767861706e-01
5.701968898006226638e-02
3.140504569239737087e-01
5.132323811226768839e-02
5.701968898006226638e-02
-2.090736144353426695e-01
-5.198754261767861706e-01
6.282183532691156813e-01
3.140504569239737087e-01
5.132323811226768839e-02
5.701968898006226638e-02
-2.090736144353426695e-01
-5.198754261767861706e-01
5.701968898006226638e-02
-2.090736144353426695e-01
5.132323811226768839e-02
5.701968898006226638e-02
-2.090736144353426695e-01
-5.198754261767861706e-01
5.701968898006226638e-02
-2.090736144353426695e-01
-5.198754261767861706e-01
5.701968898006226638e-02
-2.090736144353426695e-01
-5.198754261767861706e-01
5.701968898006226638e-02
-2.090736144353426695e-01
5.132323811226768839e-02
5.701968898006226638e-02
-2.090736144353426695e-01
-5.198754261767861706e-01
5.701968898006226638e-02
-2.090736144353426695e-01
5.132323811226768839e-02
6.282183532691156813e-01
3.140504569239737087e-01
5.132323811226768839e-02
6.282183532691156813e-01
3.140504569239737087e-01
5.132323811226768839e-02
5.701968898006226638e-02
3.140504569239737087e-01
5.132323811226768839e-02
5.701968898006226638e-02
-2.090736144353426695e-01
5.132323811226768839e-02
5.701968898006226638e-02
-2.090736144353426695e-01
-5.198754261767861706e-01
5.701968898006226638e-02
-2.090736144353426695e-01
-5.198754261767861706e-01
5.701968898006226638e-02
-2.090736144353426695e-01
-5.198754261767861706e-01
5.701968898006226638e-02
-2.090736144353426695e-01
5.132323811226768839e-02
5.701968898006226638e-02
3.140504569239737087e-01
5.132323811226768839e-02
5.701968898006226638e-02
3.140504569239737087e-01
5.132323811226768839e-02
4.880634679569006984e-01
2.456930465104139039e-01
3.356806657627853241e-02
3.967140679177250107e-02
-1.731859739682257704e-01
3.356806657627853241e-02
4.880634679569006984e-01
2.456930465104139039e-01
4.823670170891047881e-01
3.967140679177250107e-02
2.456930465104139039e-01
3.356806657627853241e-02
4.880634679569006984e-01
2.456930465104139039e-01
4.823670170891047881e-01
3.967140679177250107e-02
2.456930465104139039e-01
3.356806657627853241e-02
4.880634679569006984e-01
2.456930465104139039e-01
3.356806657627853241e-02
3.967140679177250107e-02
2.456930465104139039e-01
3.356806657627853241e-02
3.967140679177250107e-02
-1.731859739682257704e-01
-4.148239945888518854e-01
3.967140679177250107e-02
-1.731859739682257704e-01
3.356806657627853241e-02
4.880634679569006984e-01
2.456930465104139039e-01
3.356806657627853241e-02
3.967140679177250107e-02
-1.731859739682257704e-01
3.356806657627853241e-02
3.967140679177250107e-02
2.456930465104139039e-01
3.356806657627853241e-02
3.967140679177250107e-02
-1.731859739682257704e-01
3.356806657627853241e-02
3.967140679177250107e-02
2.456930465104139039e-01
3.356806657627853241e-02
3.967140679177250107e-02
-1.731859739682257704e-01
3.356806657627853241e-02
4.880634679569006984e-01
2.456930465104139039e-01
3.356806657627853241e-02
3.967140679177250107e-02
2.456930465104139039e-01
3.356806657627853241e-02
4.880634679569006984e-01
2.456930465104139039e-01
3.356806657627853241e-02
3.967140679177250107e-02
-1.731859739682257704e-01
3.356806657627853241e-02
4.880634679569006984e-01
2.456930465104139039e-01
3.356806657627853241e-02
3.967140679177250107e-02
2.456930465104139039e-01
3.356806657627853241e-02
3.967140679177250107e-02
2.456930465104139039e-01
3.356806657627853241e-02
3.967140679177250107e-02
2.456930465104139039e-01
3.356806657627853241e-02
3.967140679177250107e-02
2.456930465104139039e-01
3.356806657627853241e-02
3.967140679177250107e-02
2.456930465104139039e-01
3.356806657627853241e-02
3.967140679177250107e-02
2.456930465104139039e-01
3.356806657627853241e-02
3.967140679177250107e-02
-1.731859739682257704e-01
3.356806657627853241e-02
4.880634679569006984e-01
2.456930465104139039e-01
3.356806657627853241e-02
4.880634679569006984e-01
2.456930465104139039e-01
3.356806657627853241e-02
3.967140679177250107e-02
2.456930465104139039e-01
3.356806657627853241e-02
3.967140679177250107e-02
2.456930465104139039e-01
3.356806657627853241e-02
3.967140679177250107e-02
2.456930465104139039e-01
3.356806657627853241e-02
3.967140679177250107e-02
-1.731859739682257704e-01
3.356806657627853241e-02
3.967140679177250107e-02
-1.731859739682257704e-01
3.356806657627853241e-02
3.967140679177250107e-02
2.456930465104139039e-01
3.356806657627853241e-02
3.967140679177250107e-02
2.456930465104139039e-01
3.356806657627853241e-02
4.880634679569006984e-01
2.456930465104139039e-01
3.356806657627853241e-02
3.967140679177250107e-02
2.456930465104139039e-01
3.356806657627853241e-02
3.967140679177250107e-02
-1.731859739682257704e-01
3.356806657627853241e-02
-1.010309296428024695e-01
-1.038791550766995364e-01
2.267048769510928707e-01
-1.010309296428024695e-01
-7.321976857946586037e-01
-4.714268238466394756e-01
-1.010309296428024695e-01
-1.038791550766995364e-01
2.267048769510928707e-01
-1.010309296428024695e-01
-1.038791550766995364e-01
-4.714268238466394756e-01
-1.010309296428024695e-01
-1.038791550766995364e-01
-4.714268238466394756e-01
-1.010309296428024695e-01
-7.321976857946586037e-01
-4.714268238466394756e-01
-1.010309296428024695e-01
-1.038791550766995364e-01
-4.714268238466394756e-01
-1.010309296428024695e-01
-7.321976857946586037e-01
-4.714268238466394756e-01
-1.010309296428024695e-01
-1.038791550766995364e-01
2.267048769510928707e-01
-1.010309296428024695e-01
-1.038791550766995364e-01
-4.714268238466394756e-01
-1.010309296428024695e-01
-1.038791550766995364e-01
2.267048769510928707e-01
-1.010309296428024695e-01
-7.321976857946586037e-01
-4.714268238466394756e-01
-1.010309296428024695e-01
-7.321976857946586037e-01
-4.714268238466394756e-01
-1.010309296428024695e-01
-1.038791550766995364e-01
-4.714268238466394756e-01
-1.010309296428024695e-01
-1.038791550766995364e-01
2.267048769510928707e-01
-1.010309296428024695e-01
-1.038791550766995364e-01
2.267048769510928707e-01
-1.010309296428024695e-01
-1.038791550766995364e-01
2.267048769510928707e-01
-1.010309296428024695e-01
-1.038791550766995364e-01
2.267048769510928707e-01
-1.010309296428024695e-01
-1.038791550766995364e-01
2.267048769510928707e-01
-1.010309296428024695e-01
-1.038791550766995364e-01
2.267048769510928707e-01
-1.010309296428024695e-01
-1.038791550766995364e-01
-4.714268238466394756e-01
-1.010309296428024695e-01
-7.321976857946586037e-01
-4.714268238466394756e-01
-1.010309296428024695e-01
-1.038791550766995364e-01
-4.714268238466394756e-01
-1.010309296428024695e-01
-1.038791550766995364e-01
-4.714268238466394756e-01
-1.010309296428024695e-01
-7.321976857946586037e-01
-4.714268238466394756e-01
-1.010309296428024695e-01
-1.038791550766995364e-01
-4.714268238466394756e-01
5.267179559883770068e-01
5.238697305544772753e-01
2.267048769510928707e-01
-7.293494603607602045e-01
-7.321976857946586037e-01
-4.714268238466394756e-01
-1.010309296428024695e-01
-1.038791550766995364e-01
2.267048769510928707e-01
-1.010309296428024695e-01
-1.038791550766995364e-01
-4.714268238466394756e-01
-1.010309296428024695e-01
-1.038791550766995364e-01
-4.714268238466394756e-01
-1.010309296428024695e-01
-7.321976857946586037e-01
-4.714268238466394756e-01
-1.010309296428024695e-01
-1.038791550766995364e-01
2.267048769510928707e-01
-1.010309296428024695e-01
-1.038791550766995364e-01
-4.714268238466394756e-01
-1.010309296428024695e-01
-1.038791550766995364e-01
-4.714268238466394756e-01
-1.010309296428024695e-01
-1.038791550766995364e-01
2.267048769510928707e-01
-1.010309296428024695e-01
-1.038791550766995364e-01
-4.714268238466394756e-01
-1.010309296428024695e-01
-1.038791550766995364e-01
2.267048769510928707e-01
-1.010309296428024695e-01
-1.038791550766995364e-01
-4.714268238466394756e-01
5.267179559883770068e-01
-1.038791550766995364e-01
2.267048769510928707e-01
2.305025108629572550e-01
2.274644037334652147e-01
4.628363283995149402e-01
2.305025108629572550e-01
-1.910348533539858451e-01
1.403737788668868447e-02
2.305025108629572550e-01
2.274644037334652147e-01
1.403737788668868447e-02
2.305025108629572550e-01
-1.910348533539858451e-01
1.403737788668868447e-02
2.305025108629572550e-01
-1.910348533539858451e-01
1.403737788668868447e-02
2.305025108629572550e-01
2.274644037334652147e-01
1.403737788668868447e-02
2.305025108629572550e-01
-1.910348533539858451e-01
1.403737788668868447e-02
2.305025108629572550e-01
-1.910348533539858451e-01
1.403737788668868447e-02
2.305025108629572550e-01
2.274644037334652147e-01
1.403737788668868447e-02
-1.883765096156824193e-01
-1.910348533539858451e-01
1.403737788668868447e-02
2.305025108629572550e-01
2.274644037334652147e-01
4.628363283995149402e-01
-1.883765096156824193e-01
-1.910348533539858451e-01
1.403737788668868447e-02
2.305025108629572550e-01
2.274644037334652147e-01
1.403737788668868447e-02
2.305025108629572550e-01
-1.910348533539858451e-01
1.403737788668868447e-02
2.305025108629572550e-01
2.274644037334652147e-01
1.403737788668868447e-02
2.305025108629572550e-01
-1.910348533539858451e-01
1.403737788668868447e-02
2.305025108629572550e-01
-1.910348533539858451e-01
1.403737788668868447e-02
2.305025108629572550e-01
2.274644037334652147e-01
1.403737788668868447e-02
2.305025108629572550e-01
2.274644037334652147e-01
1.403737788668868447e-02
-1.883765096156824193e-01
-1.910348533539858451e-01
1.403737788668868447e-02
2.305025108629572550e-01
-1.910348533539858451e-01
1.403737788668868447e-02
2.305025108629572550e-01
-1.910348533539858451e-01
1.403737788668868447e-02
2.305025108629572550e-01
2.274644037334652147e-01
4.628363283995149402e-01
2.305025108629572550e-01
-1.910348533539858451e-01
1.403737788668868447e-02
2.305025108629572550e-01
2.274644037334652147e-01
4.628363283995149402e-01
2.305025108629572550e-01
-1.910348533539858451e-01
1.403737788668868447e-02
-1.883765096156824193e-01
-1.910348533539858451e-01
1.403737788668868447e-02
2.305025108629572550e-01
-1.910348533539858451e-01
1.403737788668868447e-02
2.305025108629572550e-01
2.274644037334652147e-01
1.403737788668868447e-02
2.305025108629572550e-01
2.274644037334652147e-01
4.628363283995149402e-01
2.305025108629572550e-01
2.274644037334652147e-01
1.403737788668868447e-02
2.305025108629572550e-01
2.274644037334652147e-01
1.403737788668868447e-02
2.305025108629572550e-01
2.274644037334652147e-01
1.403737788668868447e-02
2.305025108629572550e-01
-1.910348533539858451e-01
1.403737788668868447e-02
6.490017679504100911e-01
2.274644037334652147e-01
4.628363283995149402e-01
2.305025108629572550e-01
-1.910348533539858451e-01
1.403737788668868447e-02
2.305025108629572550e-01
-1.910348533539858451e-01
1.403737788668868447e-02
-1.883765096156824193e-01
-1.910348533539858451e-01
1.403737788668868447e-02
2.305025108629572550e-01
2.274644037334652147e-01
1.403737788668868447e-02
2.305025108629572550e-01
-1.910348533539858451e-01
1.403737788668868447e-02
-4.074999863302561920e-01
-7.686549713485573143e-01
-1.437543111512757932e-01
1.631808187889975947e-01
-1.409060857173778381e-01
-1.437543111512757932e-01
7.343794830780501215e-01
4.874124450005812292e-01
4.845642195666837182e-01
1.631808187889975947e-01
-1.409060857173778381e-01
-1.437543111512757932e-01
-4.074999863302561920e-01
-1.409060857173778381e-01
-1.437543111512757932e-01
-4.074999863302561920e-01
-7.686549713485573143e-01
-7.715031967824552694e-01
-4.074999863302561920e-01
-7.686549713485573143e-01
-7.715031967824552694e-01
1.631808187889975947e-01
-1.409060857173778381e-01
-1.437543111512757932e-01
-4.074999863302561920e-01
-1.409060857173778381e-01
-1.437543111512757932e-01
1.631808187889975947e-01
-1.409060857173778381e-01
-1.437543111512757932e-01
-4.074999863302561920e-01
-7.686549713485573143e-01
-1.437543111512757932e-01
-4.074999863302561920e-01
-7.686549713485573143e-01
-7.715031967824552694e-01
-4.074999863302561920e-01
-7.686549713485573143e-01
-7.715031967824552694e-01
-4.074999863302561920e-01
-7.686549713485573143e-01
-7.715031967824552694e-01
1.631808187889975947e-01
-1.409060857173778381e-01
-1.437543111512757932e-01
1.631808187889975947e-01
-1.409060857173778381e-01
-1.437543111512757932e-01
1.631808187889975947e-01
-1.409060857173778381e-01
-1.437543111512757932e-01
-4.074999863302561920e-01
-7.686549713485573143e-01
-7.715031967824552694e-01
-4.074999863302561920e-01
-7.686549713485573143e-01
-7.715031967824552694e-01
1.631808187889975947e-01
-1.409060857173778381e-01
-1.437543111512757932e-01
1.631808187889975947e-01
-1.409060857173778381e-01
-1.437543111512757932e-01
1.631808187889975947e-01
-1.409060857173778381e-01
-1.437543111512757932e-01
-4.074999863302561920e-01
-1.409060857173778381e-01
-1.437543111512757932e-01
-4.074999863302561920e-01
-7.686549713485573143e-01
-7.715031967824552694e-01
-4.074999863302561920e-01
-1.409060857173778381e-01
-1.437543111512757932e-01
1.631808187889975947e-01
-1.409060857173778381e-01
-1.437543111512757932e-01
1.631808187889975947e-01
-1.409060857173778381e-01
-1.437543111512757932e-01
1.631808187889975947e-01
-1.409060857173778381e-01
-1.437543111512757932e-01
1.631808187889975947e-01
-1.409060857173778381e-01
-1.437543111512757932e-01
-4.074999863302561920e-01
-7.686549713485573143e-01
-7.715031967824552694e-01
1.631808187889975947e-01
-1.409060857173778381e-01
-1.437543111512757932e-01
-4.074999863302561920e-01
-7.686549713485573143e-01
-7.715031967824552694e-01
-4.074999863302561920e-01
-7.686549713485573143e-01
-7.715031967824552694e-01
1.631808187889975947e-01
-1.409060857173778381e-01
-1.437543111512757932e-01
-4.074999863302561920e-01
-7.686549713485573143e-01
-7.715031967824552694e-01
-4.074999863302561920e-01
-7.686549713485573143e-01
-7.715031967824552694e-01
1.631808187889975947e-01
-1.409060857173778381e-01
-1.437543111512757932e-01
-4.074999863302561920e-01
-7.686549713485573143e-01
-7.715031967824552694e-01
-4.074999863302561920e-01
-1.409060857173778381e-01
-1.437543111512757932e-01
-4.074999863302561920e-01
-7.686549713485573143e-01
-7.715031967824552694e-01
