6.116041270010976305e+00
6.113412138841225030e+00
6.346278042447854872e+00
6.599363216717097025e+00
nan
6.346278042447854872e+00
6.599363216717097025e+00
6.596295897019053278e+00
6.794670103612984846e+00
8.531774626485002955e+00
5.630090192135104310e+00
3.654705007413987516e+00
7.565568921601050434e+00
9.012029253493080816e+00
5.897479091935024620e+00
nan
8.528707306786960984e+00
nan
4.183629860243071263e+00
3.697678782367197492e+00
6.346278042447854872e+00
6.599363216717097025e+00
6.596295897019053278e+00
6.794670103612984846e+00
6.599363216717097025e+00
6.596295897019053278e+00
6.346278042447854872e+00
5.633157511833143616e+00
5.630090192135104310e+00
5.449087030769894646e+00
5.149835565127023784e+00
5.630090192135104310e+00
5.449087030769894646e+00
5.149835565127023784e+00
5.147206433957271621e+00
5.000288080257073275e+00
4.666951806949196424e+00
4.181000729073318212e+00
3.654705007413987516e+00
5.633157511833143616e+00
6.113412138841225030e+00
5.897479091935024620e+00
4.666951806949196424e+00
9.012029253493080816e+00
6.794670103612984846e+00
5.633157511833143616e+00
5.630090192135104310e+00
5.449087030769894646e+00
7.082246974894928826e+00
7.079617843725178439e+00
7.243469054125805329e+00
8.531774626485002955e+00
6.113412138841225030e+00
4.551896019091943302e+00
6.599363216717097025e+00
6.596295897019053278e+00
6.794670103612984846e+00
6.116041270010976305e+00
6.113412138841225030e+00
6.346278042447854872e+00
6.116041270010976305e+00
6.113412138841225030e+00
6.346278042447854872e+00
5.633157511833143616e+00
7.562501601903006687e+00
9.037851077481716899e+00
7.565568921601050434e+00
7.079617843725178439e+00
7.243469054125805329e+00
3.217424155359118743e+00
4.663884487251150901e+00
3.205906056901161705e+00
6.599363216717097025e+00
6.596295897019053278e+00
6.794670103612984846e+00
6.599363216717097025e+00
5.147206433957271621e+00
7.691861115290935302e+00
4.183629860243071263e+00
8.045823548609131848e+00
5.897479091935024620e+00
4.666951806949196424e+00
7.562501601903006687e+00
8.140660065803766443e+00
6.116041270010976305e+00
6.113412138841225030e+00
5.897479091935024620e+00
nan
nan
nan
6.599363216717097025e+00
6.596295897019053278e+00
6.794670103612984846e+00
7.082246974894928826e+00
7.079617843725178439e+00
7.243469054125805329e+00
5.633157511833143616e+00
5.630090192135104310e+00
5.449087030769894646e+00
nan
7.079617843725178439e+00
9.037851077481716899e+00
6.599363216717097025e+00
6.596295897019053278e+00
6.794670103612984846e+00
7.565568921601050434e+00
5.630090192135104310e+00
8.589052126968887535e+00
5.149835565127023784e+00
5.147206433957271621e+00
5.000288080257073275e+00
3.217424155359118743e+00
5.630090192135104310e+00
4.103097068579117490e+00
6.116041270010976305e+00
6.113412138841225030e+00
5.897479091935024620e+00
nan
6.113412138841225030e+00
7.691861115290935302e+00
5.888730970959478839e+00
5.673909044964307036e+00
5.883034520091687369e+00
4.842008124001864644e+00
4.224819581902525378e+00
5.883034520091687369e+00
8.505775440473007265e+00
nan
6.929757367049303340e+00
4.842008124001864644e+00
6.640114749848260445e+00
4.836311673134070510e+00
nan
5.191025286786478787e+00
6.929757367049303340e+00
5.365606899600166457e+00
9.055848106322288871e+00
6.929757367049303340e+00
9.028899511832324976e+00
6.157230991670427755e+00
7.452881438408621051e+00
6.935453817917094810e+00
7.123436696554381165e+00
6.929757367049303340e+00
6.412329746557780652e+00
6.640114749848260445e+00
6.929757367049303340e+00
6.412329746557780652e+00
6.640114749848260445e+00
6.406158591451005080e+00
6.935453817917094810e+00
7.123436696554381165e+00
7.452881438408621051e+00
4.842008124001864644e+00
3.741497635196400218e+00
5.883034520091687369e+00
5.888730970959478839e+00
5.673909044964307036e+00
5.359435744493389109e+00
9.028899511832324976e+00
6.157230991670427755e+00
6.406158591451005080e+00
5.888730970959478839e+00
6.157230991670427755e+00
5.883034520091687369e+00
9.028899511832324976e+00
6.640114749848260445e+00
4.836311673134070510e+00
4.318884052642550486e+00
nan
9.023203060964535283e+00
6.935453817917094810e+00
7.606320454732214742e+00
7.976480214006913982e+00
7.982176664874709004e+00
nan
5.883034520091687369e+00
5.888730970959478839e+00
4.224819581902525378e+00
5.359435744493389109e+00
6.412329746557780652e+00
6.157230991670427755e+00
6.406158591451005080e+00
6.412329746557780652e+00
6.640114749848260445e+00
6.929757367049303340e+00
5.888730970959478839e+00
5.191025286786478787e+00
5.359435744493389109e+00
5.365606899600166457e+00
5.191025286786478787e+00
4.836311673134070510e+00
6.412329746557780652e+00
6.640114749848260445e+00
6.406158591451005080e+00
6.412329746557780652e+00
6.157230991670427755e+00
6.406158591451005080e+00
5.888730970959478839e+00
6.157230991670427755e+00
6.406158591451005080e+00
7.982176664874709004e+00
5.673909044964307036e+00
4.312712897535773138e+00
5.365606899600166457e+00
9.055848106322288871e+00
6.929757367049303340e+00
7.982176664874709004e+00
9.055848106322288871e+00
nan
7.459052593515391294e+00
8.572526159616163710e+00
nan
5.888730970959478839e+00
6.157230991670427755e+00
5.883034520091687369e+00
6.412329746557780652e+00
6.157230991670427755e+00
6.406158591451005080e+00
4.842008124001864644e+00
3.258613877018571969e+00
9.023203060964535283e+00
5.888730970959478839e+00
5.673909044964307036e+00
5.883034520091687369e+00
6.935453817917094810e+00
7.123436696554381165e+00
6.929757367049303340e+00
6.935453817917094810e+00
7.606320454732214742e+00
7.976480214006913982e+00
6.412329746557780652e+00
6.157230991670427755e+00
6.406158591451005080e+00
6.412329746557780652e+00
6.640114749848260445e+00
6.406158591451005080e+00
4.842008124001864644e+00
6.640114749848260445e+00
4.312712897535773138e+00
5.179632385050881638e+00
5.593532749203308896e+00
4.577936937344727397e+00
9.044455204586693498e+00
7.387914772559222243e+00
3.680745925666767171e+00
6.629160036640959319e+00
5.593532749203308896e+00
3.680745925666767171e+00
6.145838089934835047e+00
8.883097495573244018e+00
7.717902033543724727e+00
6.145838089934835047e+00
5.593532749203308896e+00
3.231946975153944468e+00
6.145838089934835047e+00
8.584169454796496623e+00
6.820711021865763612e+00
7.595365741524908287e+00
6.789787431440581500e+00
6.820711021865763612e+00
6.629160036640959319e+00
5.892460789980062508e+00
4.577936937344727397e+00
5.662954331757006798e+00
7.986042113677855880e+00
5.475127949022681406e+00
6.145838089934835047e+00
8.584169454796496623e+00
6.820711021865763612e+00
5.662954331757006798e+00
8.284970154454610380e+00
5.923520010187811380e+00
6.145838089934835047e+00
5.593532749203308896e+00
9.063891995734508100e+00
8.561571446408860808e+00
7.986042113677855880e+00
nan
5.662954331757006798e+00
4.696206107742787239e+00
6.372318960700641632e+00
7.112043794818787568e+00
6.490588131098699698e+00
5.923520010187811380e+00
5.179632385050881638e+00
3.499951425505512415e+00
5.475127949022681406e+00
7.595365741524908287e+00
9.182296795915130261e+00
nan
9.044455204586693498e+00
7.686842813335974967e+00
7.269509972378594753e+00
5.179632385050881638e+00
8.284970154454610380e+00
5.026328998509858259e+00
7.595365741524908287e+00
9.182296795915130261e+00
nan
7.595365741524908287e+00
6.490588131098699698e+00
6.372318960700641632e+00
5.179632385050881638e+00
7.686842813335974967e+00
5.026328998509858259e+00
8.561571446408860808e+00
7.686842813335974967e+00
4.129137986831897145e+00
6.145838089934835047e+00
5.593532749203308896e+00
3.231946975153944468e+00
6.629160036640959319e+00
nan
6.820711021865763612e+00
4.696748626873054278e+00
4.098078766624150049e+00
3.680745925666767171e+00
4.696748626873054278e+00
5.294333448861424429e+00
4.577936937344727397e+00
3.730542921989101313e+00
3.201023384728761911e+00
6.372318960700641632e+00
7.112043794818787568e+00
6.490588131098699698e+00
5.923520010187811380e+00
7.112043794818787568e+00
6.191660090321946086e+00
5.475127949022681406e+00
7.112043794818787568e+00
6.191660090321946086e+00
5.026328998509858259e+00
5.662954331757006798e+00
3.499951425505512415e+00
7.717902033543724727e+00
6.629160036640959319e+00
5.892460789980062508e+00
4.129137986831897145e+00
3.730542921989101313e+00
5.593532749203308896e+00
3.680745925666767171e+00
7.595365741524908287e+00
6.789787431440581500e+00
7.717902033543724727e+00
9.044455204586693498e+00
6.789787431440581500e+00
8.166700984056546986e+00
7.112043794818787568e+00
6.191660090321946086e+00
5.475127949022681406e+00
6.629160036640959319e+00
6.191660090321946086e+00
5.026328998509858259e+00
5.662954331757006798e+00
6.490588131098699698e+00
3.231946975153944468e+00
8.078249499702740977e+00
6.789787431440581500e+00
7.717902033543724727e+00
4.040986606386122837e+00
5.463395972830671354e+00
5.101196638486609203e+00
6.257576164649307771e+00
5.986520044189989953e+00
6.243076107894912852e+00
5.888312114278026144e+00
7.033242891147600595e+00
7.384955577303220053e+00
5.518712978561578275e+00
4.939797197232374870e+00
6.814274772183969375e+00
6.627175300365752086e+00
6.510118819788287325e+00
6.814274772183969375e+00
6.996439350737036378e+00
6.510118819788287325e+00
6.814274772183969375e+00
3.302123420298395562e+00
5.463395972830671354e+00
5.672395302775661285e+00
8.104901672541210189e+00
7.556841666745901520e+00
nan
4.779849792473849668e+00
5.463395972830671354e+00
5.101196638486609203e+00
3.302123420298395562e+00
8.603564513703517491e+00
5.672395302775661285e+00
6.996439350737036378e+00
6.510118819788287325e+00
6.814274772183969375e+00
6.627175300365752086e+00
6.510118819788287325e+00
6.814274772183969375e+00
4.040986606386122837e+00
5.463395972830671354e+00
5.101196638486609203e+00
7.735302536824764985e+00
8.079965738105215678e+00
nan
6.996439350737036378e+00
5.463395972830671354e+00
5.101196638486609203e+00
7.366038486453481582e+00
5.986520044189989953e+00
5.672395302775661285e+00
8.104901672541210189e+00
5.986520044189989953e+00
5.672395302775661285e+00
8.843764858628938796e+00
6.510118819788287325e+00
6.243076107894912852e+00
6.627175300365752086e+00
7.033242891147600595e+00
7.956154241592276577e+00
6.257576164649307771e+00
5.986520044189989953e+00
6.243076107894912852e+00
8.104901672541210189e+00
8.603564513703517491e+00
nan
7.735302536824764985e+00
8.079965738105215678e+00
nan
6.257576164649307771e+00
3.369950278915446074e+00
5.101196638486609203e+00
6.996439350737036378e+00
6.510118819788287325e+00
6.814274772183969375e+00
6.627175300365752086e+00
7.033242891147600595e+00
7.384955577303220053e+00
6.257576164649307771e+00
5.986520044189989953e+00
6.243076107894912852e+00
5.518712978561578275e+00
5.463395972830671354e+00
6.243076107894912852e+00
8.104901672541210189e+00
8.603564513703517491e+00
nan
6.257576164649307771e+00
4.416673125873057160e+00
3.388636363959045106e+00
6.996439350737036378e+00
9.126688585062829873e+00
nan
4.410585742102568929e+00
5.986520044189989953e+00
5.672395302775661285e+00
7.366038486453481582e+00
7.556841666745901520e+00
8.526835046711529031e+00
6.627175300365752086e+00
6.510118819788287325e+00
6.814274772183969375e+00
5.888312114278026144e+00
5.986520044189989953e+00
6.243076107894912852e+00
6.627175300365752086e+00
6.510118819788287325e+00
6.814274772183969375e+00
3.302123420298395562e+00
4.939797197232374870e+00
4.530515833367353196e+00
8.474165722912490040e+00
7.033242891147600595e+00
9.098033711000580226e+00
6.627175300365752086e+00
7.033242891147600595e+00
7.956154241592276577e+00
7.366038486453481582e+00
5.986520044189989953e+00
5.672395302775661285e+00
3.302123420298395562e+00
6.510118819788287325e+00
4.530515833367353196e+00
5.767206685779820319e+00
nan
3.626254052255597493e+00
7.860652379695052261e+00
7.749666528620815953e+00
7.973960629969232272e+00
nan
nan
7.973960629969232272e+00
6.290805461378122132e+00
6.493788993967269718e+00
6.524871166907451503e+00
7.337528308335738103e+00
7.331167271533361784e+00
7.491076871791399583e+00
4.720483838822207900e+00
7.749666528620815953e+00
6.041549220201330783e+00
4.197359767462890190e+00
8.587044806186904466e+00
6.524871166907451503e+00
6.813929532737436290e+00
6.912288251054723887e+00
7.007754925085283304e+00
3.673760991864592373e+00
8.587044806186904466e+00
5.558665462023498094e+00
7.337528308335738103e+00
7.331167271533361784e+00
7.491076871791399583e+00
5.767206685779820319e+00
5.237531695922539754e+00
5.075343515317378262e+00
5.767206685779820319e+00
5.656410716401181205e+00
5.558665462023498094e+00
4.720483838822207900e+00
7.749666528620815953e+00
6.041549220201330783e+00
5.244082614420506161e+00
4.819032438835088250e+00
8.940166334853188346e+00
3.150636920505273775e+00
8.587044806186904466e+00
nan
3.673760991864592373e+00
6.912288251054723887e+00
5.558665462023498094e+00
5.767206685779820319e+00
5.656410716401181205e+00
5.558665462023498094e+00
5.767206685779820319e+00
3.144275883702903673e+00
5.075343515317378262e+00
4.720483838822207900e+00
3.562775140790358286e+00
4.592459757139545573e+00
5.244082614420506161e+00
5.237531695922539754e+00
4.109137810433425742e+00
5.767206685779820319e+00
5.656410716401181205e+00
5.558665462023498094e+00
5.767206685779820319e+00
5.656410716401181205e+00
6.041549220201330783e+00
5.244082614420506161e+00
5.237531695922539754e+00
4.592459757139545573e+00
5.244082614420506161e+00
5.237531695922539754e+00
5.075343515317378262e+00
5.244082614420506161e+00
5.237531695922539754e+00
5.075343515317378262e+00
nan
3.981654161268996184e+00
7.007754925085283304e+00
6.813929532737436290e+00
6.493788993967269718e+00
6.524871166907451503e+00
7.860652379695052261e+00
7.749666528620815953e+00
7.973960629969232272e+00
4.197359767462890190e+00
8.168545549099453851e+00
6.524871166907451503e+00
6.813929532737436290e+00
6.912288251054723887e+00
7.007754925085283304e+00
nan
5.656410716401181205e+00
8.457282576675357433e+00
nan
5.237531695922539754e+00
7.491076871791399583e+00
6.813929532737436290e+00
6.912288251054723887e+00
7.007754925085283304e+00
4.720483838822207900e+00
nan
7.973960629969232272e+00
7.860652379695052261e+00
5.237531695922539754e+00
6.041549220201330783e+00
6.290805461378122132e+00
6.074909973488631820e+00
6.041549220201330783e+00
6.813929532737436290e+00
6.493788993967269718e+00
6.524871166907451503e+00
5.767206685779820319e+00
6.074909973488631820e+00
6.041549220201330783e+00
6.813929532737436290e+00
6.912288251054723887e+00
7.007754925085283304e+00
7.337528308335738103e+00
7.331167271533361784e+00
7.491076871791399583e+00
7.827167472991401809e+00
7.567126925257202430e+00
7.195211977488613186e+00
4.928550358339544246e+00
3.380235537426745207e+00
5.101576401877796485e+00
7.344283714813569119e+00
7.218377544350989439e+00
7.195211977488613186e+00
4.928550358339544246e+00
3.729301387825606717e+00
5.520455422356437936e+00
nan
7.567126925257202430e+00
6.357833699922525561e+00
6.378078009929617487e+00
6.520562313045916270e+00
6.776332957009980618e+00
nan
3.729301387825606717e+00
7.195211977488613186e+00
7.827167472991401809e+00
7.567126925257202430e+00
7.195211977488613186e+00
4.928550358339544246e+00
6.869311693952128373e+00
5.101576401877796485e+00
nan
7.916192775656069713e+00
7.613711234576067355e+00
6.378078009929617487e+00
5.124931850435761049e+00
3.845698867224253803e+00
6.860961768107449288e+00
5.473681231341974041e+00
5.520455422356437936e+00
nan
6.520562313045916270e+00
7.613711234576067355e+00
4.928550358339544246e+00
4.427116619130686992e+00
6.357833699922525561e+00
nan
5.822747081740835995e+00
7.613711234576067355e+00
nan
7.567126925257202430e+00
8.032590255054708805e+00
5.411872305045664078e+00
4.078050768731819709e+00
5.938954679443884999e+00
8.310489419697518088e+00
5.473681231341974041e+00
5.938954679443884999e+00
7.344283714813569119e+00
6.171496462647048098e+00
5.938954679443884999e+00
8.310489419697518088e+00
8.264942156562277376e+00
7.613711234576067355e+00
5.894756063223496767e+00
5.473681231341974041e+00
4.683077144790342317e+00
7.344283714813569119e+00
7.218377544350989439e+00
6.776332957009980618e+00
6.860961768107449288e+00
6.869311693952128373e+00
6.776332957009980618e+00
5.411872305045664078e+00
4.078050768731819709e+00
5.938954679443884999e+00
6.378078009929617487e+00
6.171496462647048098e+00
5.938954679443884999e+00
6.378078009929617487e+00
5.473681231341974041e+00
5.520455422356437936e+00
5.894756063223496767e+00
6.520562313045916270e+00
8.032590255054708805e+00
4.928550358339544246e+00
5.822747081740835995e+00
6.357833699922525561e+00
nan
8.264942156562277376e+00
nan
nan
7.567126925257202430e+00
8.032590255054708805e+00
8.310489419697518088e+00
5.473681231341974041e+00
5.938954679443884999e+00
5.894756063223496767e+00
8.614008006961144659e+00
6.357833699922525561e+00
8.793373177875350777e+00
6.869311693952128373e+00
6.357833699922525561e+00
7.344283714813569119e+00
6.869311693952128373e+00
6.776332957009980618e+00
4.445666600161715998e+00
5.473681231341974041e+00
6.357833699922525561e+00
nan
4.078050768731819709e+00
7.613711234576067355e+00
5.894756063223496767e+00
6.171496462647048098e+00
6.776332957009980618e+00
8.310489419697518088e+00
5.822747081740835995e+00
8.032590255054708805e+00
6.378078009929617487e+00
5.473681231341974041e+00
5.520455422356437936e+00
7.827167472991401809e+00
7.218377544350989439e+00
7.195211977488613186e+00
6.831881983957160287e+00
6.828774828938358965e+00
7.195781622575395886e+00
5.118803850259797450e+00
5.116214554410799309e+00
5.311395675508299163e+00
5.690002514548853085e+00
5.686895359530049987e+00
5.939714206226262228e+00
7.402562789076410965e+00
6.258094023819106511e+00
4.683646789877122352e+00
7.402562789076410965e+00
7.970654298346666167e+00
nan
4.548123045140545884e+00
3.974335085002490775e+00
3.427579373527982920e+00
nan
4.545015890121742785e+00
7.195781622575395886e+00
5.118803850259797450e+00
8.541852962635717361e+00
nan
8.544442258484718167e+00
nan
nan
4.548123045140545884e+00
3.974335085002490775e+00
4.055328259159160176e+00
5.118803850259797450e+00
4.545015890121742785e+00
4.055328259159160176e+00
8.544442258484718167e+00
nan
3.427579373527982920e+00
5.118803850259797450e+00
5.686895359530049987e+00
5.311395675508299163e+00
9.115640922773769361e+00
nan
5.939714206226262228e+00
6.260683319668103763e+00
5.686895359530049987e+00
5.311395675508299163e+00
5.690002514548853085e+00
5.686895359530049987e+00
5.939714206226262228e+00
nan
6.258094023819106511e+00
nan
6.260683319668103763e+00
6.828774828938358965e+00
6.567463091857439039e+00
6.260683319668103763e+00
6.828774828938358965e+00
7.195781622575395886e+00
6.260683319668103763e+00
6.258094023819106511e+00
6.567463091857439039e+00
6.260683319668103763e+00
6.258094023819106511e+00
6.567463091857439039e+00
6.831881983957160287e+00
7.399973493227410160e+00
8.451849038924535762e+00
5.118803850259797450e+00
5.686895359530049987e+00
5.939714206226262228e+00
8.544442258484718167e+00
7.399973493227410160e+00
6.567463091857439039e+00
7.973761453365462160e+00
9.112533767754975145e+00
nan
5.118803850259797450e+00
5.116214554410799309e+00
5.311395675508299163e+00
5.118803850259797450e+00
5.116214554410799309e+00
5.311395675508299163e+00
7.402562789076410965e+00
7.970654298346666167e+00
8.451849038924535762e+00
6.831881983957160287e+00
nan
7.195781622575395886e+00
6.831881983957160287e+00
nan
6.567463091857439039e+00
5.118803850259797450e+00
5.116214554410799309e+00
5.311395675508299163e+00
7.973761453365462160e+00
9.112533767754975145e+00
nan
7.973761453365462160e+00
5.686895359530049987e+00
4.055328259159160176e+00
8.544442258484718167e+00
6.828774828938358965e+00
5.939714206226262228e+00
3.976924380851495133e+00
7.399973493227410160e+00
nan
nan
4.545015890121742785e+00
7.195781622575395886e+00
7.973761453365462160e+00
9.112533767754975145e+00
nan
5.690002514548853085e+00
3.403136420713439136e+00
9.079597924555718791e+00
6.831881983957160287e+00
6.828774828938358965e+00
7.195781622575395886e+00
nan
3.974335085002490775e+00
6.567463091857439039e+00
5.979969125692021770e+00
5.799011869791685925e+00
5.796163644357791078e+00
7.654725680824206790e+00
6.976753086708621154e+00
6.973904861274725420e+00
8.073224937911657406e+00
8.154138275446321416e+00
7.758946996492934289e+00
6.398468382779473274e+00
6.584054005009898347e+00
6.973904861274725420e+00
7.654725680824206790e+00
7.369096140228110769e+00
7.366247914794215035e+00
6.817347403258114724e+00
6.191710951490408732e+00
6.188862726056511221e+00
3.467834292993748679e+00
6.584054005009898347e+00
6.973904861274725420e+00
7.654725680824206790e+00
7.369096140228110769e+00
7.366247914794215035e+00
nan
6.976753086708621154e+00
7.366247914794215035e+00
5.561090105213384760e+00
5.799011869791685925e+00
5.796163644357791078e+00
7.654725680824206790e+00
7.761795221926833577e+00
7.366247914794215035e+00
5.561090105213384760e+00
5.799011869791685925e+00
5.796163644357791078e+00
5.561090105213384760e+00
5.406668816272199862e+00
5.403820590838302351e+00
4.723711827647291805e+00
3.836584545835775906e+00
5.796163644357791078e+00
5.142590848125929703e+00
5.013969734573473502e+00
4.618778455620094370e+00
7.235846660345565340e+00
6.584054005009898347e+00
6.581205779575999060e+00
5.561090105213384760e+00
5.406668816272199862e+00
5.403820590838302351e+00
5.561090105213384760e+00
5.799011869791685925e+00
5.796163644357791078e+00
4.305212570559837637e+00
6.584054005009898347e+00
6.973904861274725420e+00
5.979969125692021770e+00
5.799011869791685925e+00
6.188862726056511221e+00
6.398468382779473274e+00
6.191710951490408732e+00
6.581205779575999060e+00
6.398468382779473274e+00
6.191710951490408732e+00
6.188862726056511221e+00
3.467834292993748679e+00
4.621626681053987440e+00
5.403820590838302351e+00
4.723711827647291805e+00
6.584054005009898347e+00
6.973904861274725420e+00
6.817347403258114724e+00
6.976753086708621154e+00
7.366247914794215035e+00
7.654725680824206790e+00
nan
3.441037238703159584e+00
5.979969125692021770e+00
6.584054005009898347e+00
6.973904861274725420e+00
7.654725680824206790e+00
6.976753086708621154e+00
6.973904861274725420e+00
6.398468382779473274e+00
6.191710951490408732e+00
6.581205779575999060e+00
4.723711827647291805e+00
4.228927599355261080e+00
3.441037238703159584e+00
6.817347403258114724e+00
6.191710951490408732e+00
6.581205779575999060e+00
6.398468382779473274e+00
6.191710951490408732e+00
6.188862726056511221e+00
6.398468382779473274e+00
4.621626681053987440e+00
5.796163644357791078e+00
7.654725680824206790e+00
6.584054005009898347e+00
6.581205779575999060e+00
6.817347403258114724e+00
6.976753086708621154e+00
6.973904861274725420e+00
5.142590848125929703e+00
5.406668816272199862e+00
5.403820590838302351e+00
5.561090105213384760e+00
5.406668816272199862e+00
5.403820590838302351e+00
5.979969125692021770e+00
5.799011869791685925e+00
5.796163644357791078e+00
5.561090105213384760e+00
5.406668816272199862e+00
5.403820590838302351e+00
7.654725680824206790e+00
8.939180410664530285e+00
5.796163644357791078e+00
6.189218754235747966e+00
5.400972365404403064e+00
5.844267007241406020e+00
4.619134483799324897e+00
5.400972365404403064e+00
5.844267007241406020e+00
7.759303024672171034e+00
7.756454799238271747e+00
7.239897469851554135e+00
4.619134483799324897e+00
4.616286258365431827e+00
4.448636544631251688e+00
6.973904861274725420e+00
4.616286258365431827e+00
9.333026694274133561e+00
nan
6.186370528801848678e+00
7.239897469851554135e+00
6.189218754235747966e+00
6.186370528801848678e+00
5.844267007241406020e+00
nan
6.186370528801848678e+00
9.333026694274133561e+00
nan
5.400972365404403064e+00
6.541765769053824897e+00
6.189218754235747966e+00
6.186370528801848678e+00
6.541765769053824897e+00
8.543989131711141383e+00
6.971056635840826132e+00
5.146135306443669677e+00
6.973904861274725420e+00
nan
4.448636544631251688e+00
6.189218754235747966e+00
4.616286258365431827e+00
4.448636544631251688e+00
6.189218754235747966e+00
5.400972365404403064e+00
5.146135306443669677e+00
3.833736320401878839e+00
6.971056635840826132e+00
7.937396231663978341e+00
7.759303024672171034e+00
7.756454799238271747e+00
7.239897469851554135e+00
6.973904861274725420e+00
nan
9.333026694274133561e+00
6.189218754235747966e+00
nan
3.750504843833515789e+00
5.403820590838302351e+00
8.541140906277249201e+00
nan
nan
5.400972365404403064e+00
6.541765769053824897e+00
6.973904861274725420e+00
4.616286258365431827e+00
3.750504843833515789e+00
6.973904861274725420e+00
6.186370528801848678e+00
5.844267007241406020e+00
nan
3.830888094967979107e+00
6.541765769053824897e+00
nan
5.400972365404403064e+00
6.541765769053824897e+00
6.973904861274725420e+00
4.616286258365431827e+00
5.844267007241406020e+00
9.329387295108594103e+00
nan
5.844267007241406020e+00
6.189218754235747966e+00
5.400972365404403064e+00
4.448636544631251688e+00
6.973904861274725420e+00
8.541140906277249201e+00
9.333026694274133561e+00
nan
3.830888094967979107e+00
7.937396231663978341e+00
6.189218754235747966e+00
9.326539069674694815e+00
nan
4.619134483799324897e+00
5.400972365404403064e+00
5.844267007241406020e+00
3.833736320401878839e+00
6.971056635840826132e+00
5.146135306443669677e+00
6.189218754235747966e+00
6.971056635840826132e+00
6.541765769053824897e+00
4.619134483799324897e+00
7.756454799238271747e+00
9.333026694274133561e+00
nan
6.186370528801848678e+00
7.239897469851554135e+00
5.403820590838302351e+00
6.186370528801848678e+00
5.844267007241406020e+00
6.189218754235747966e+00
3.830888094967979107e+00
8.635527932461709355e+00
5.403820590838302351e+00
4.616286258365431827e+00
3.750504843833515789e+00
7.759303024672171034e+00
nan
7.937396231663978341e+00
6.973904861274725420e+00
6.186370528801848678e+00
5.844267007241406020e+00
5.571723480166603792e+00
7.563690970765513555e+00
5.564887739125246924e+00
6.200042010884565968e+00
8.012489921278339366e+00
6.193206269843203771e+00
9.339925729214019867e+00
nan
8.705341102541483522e+00
7.456109427233698739e+00
5.769308947409602872e+00
4.308820322776107936e+00
8.083858312864881768e+00
4.872117935731647087e+00
5.564887739125246924e+00
4.943974594535426093e+00
4.872117935731647087e+00
4.308820322776107936e+00
3.687907178186287549e+00
4.872117935731647087e+00
4.937138853494064783e+00
7.456109427233698739e+00
7.115298909600384469e+00
7.449273686192343646e+00
6.200042010884565968e+00
5.320916886244477340e+00
5.564887739125246924e+00
6.827790896515741892e+00
6.218107897922428684e+00
6.820955155474386800e+00
4.943974594535426093e+00
5.320916886244477340e+00
4.308820322776107936e+00
4.315656063817463917e+00
4.872117935731647087e+00
nan
5.571723480166603792e+00
7.563690970765513555e+00
5.564887739125246924e+00
9.339925729214019867e+00
8.012489921278339366e+00
6.820955155474386800e+00
8.083858312864881768e+00
8.012489921278339366e+00
8.077022571823521346e+00
9.339925729214019867e+00
6.218107897922428684e+00
3.681071437144930680e+00
3.687907178186287549e+00
3.974926924053691746e+00
7.449273686192343646e+00
6.200042010884565968e+00
5.769308947409602872e+00
6.820955155474386800e+00
nan
4.872117935731647087e+00
nan
nan
4.872117935731647087e+00
nan
5.571723480166603792e+00
7.563690970765513555e+00
5.564887739125246924e+00
6.827790896515741892e+00
8.909680932956295152e+00
7.449273686192343646e+00
5.571723480166603792e+00
8.460881982443465787e+00
6.193206269843203771e+00
4.943974594535426093e+00
6.666499959087558658e+00
8.705341102541483522e+00
5.571723480166603792e+00
4.423725874566521554e+00
6.193206269843203771e+00
8.712176843582838615e+00
7.563690970765513555e+00
6.820955155474386800e+00
6.827790896515741892e+00
7.115298909600384469e+00
8.077022571823521346e+00
nan
4.423725874566521554e+00
9.333089988172661222e+00
6.827790896515741892e+00
3.526534862888565769e+00
9.333089988172661222e+00
5.571723480166603792e+00
3.974926924053691746e+00
5.564887739125246924e+00
nan
6.666499959087558658e+00
nan
nan
4.872117935731647087e+00
nan
5.571723480166603792e+00
4.423725874566521554e+00
6.193206269843203771e+00
4.315656063817463917e+00
7.563690970765513555e+00
8.705341102541483522e+00
6.200042010884565968e+00
6.218107897922428684e+00
5.564887739125246924e+00
7.456109427233698739e+00
8.012489921278339366e+00
8.077022571823521346e+00
6.200042010884565968e+00
8.460881982443465787e+00
6.820955155474386800e+00
6.827790896515741892e+00
6.218107897922428684e+00
6.820955155474386800e+00
5.571723480166603792e+00
3.974926924053691746e+00
5.564887739125246924e+00
6.827790896515741892e+00
8.460881982443465787e+00
6.820955155474386800e+00
5.451528366856094543e+00
4.096031989905418946e+00
6.106145512413714727e+00
6.707595783205233531e+00
9.234230672657902872e+00
7.152868359371328921e+00
5.451528366856094543e+00
5.808592264432983043e+00
5.583021441054400569e+00
9.219730615903513282e+00
6.950471733841286692e+00
5.583021441054400569e+00
5.451528366856094543e+00
6.379790928722034238e+00
4.536298594096785486e+00
5.451528366856094543e+00
5.808592264432983043e+00
5.583021441054400569e+00
7.963663199554373406e+00
4.666712795024674953e+00
5.059422665456104085e+00
6.707595783205233531e+00
6.950471733841286692e+00
6.629744288012015652e+00
6.707595783205233531e+00
5.237911459313727036e+00
4.012699818498488114e+00
4.195460950506954667e+00
3.524833325616367308e+00
6.106145512413714727e+00
nan
7.521670398130343216e+00
9.246314053286559087e+00
4.195460950506954667e+00
4.096031989905418946e+00
6.629744288012015652e+00
6.079277252487276684e+00
8.092351203249593894e+00
5.583021441054400569e+00
6.707595783205233531e+00
6.950471733841286692e+00
6.629744288012015652e+00
6.707595783205233531e+00
6.950471733841286692e+00
7.152868359371328921e+00
3.567142419788997820e+00
5.808592264432983043e+00
7.152868359371328921e+00
6.707595783205233531e+00
9.234230672657902872e+00
6.629744288012015652e+00
4.823209836138137696e+00
8.092351203249593894e+00
8.723189981927241377e+00
6.707595783205233531e+00
5.237911459313727036e+00
4.012699818498488114e+00
7.335344668836411230e+00
7.521670398130343216e+00
7.152868359371328921e+00
6.079277252487276684e+00
6.379790928722034238e+00
6.629744288012015652e+00
5.451528366856094543e+00
5.808592264432983043e+00
5.583021441054400569e+00
7.963663199554373406e+00
6.950471733841286692e+00
6.629744288012015652e+00
6.079277252487276684e+00
4.666712795024674953e+00
6.629744288012015652e+00
7.963663199554373406e+00
8.092351203249593894e+00
7.676467134969630735e+00
6.079277252487276684e+00
6.379790928722034238e+00
6.629744288012015652e+00
5.451528366856094543e+00
5.808592264432983043e+00
5.583021441054400569e+00
7.963663199554373406e+00
8.092351203249593894e+00
7.676467134969630735e+00
4.823209836138137696e+00
4.666712795024674953e+00
4.536298594096785486e+00
6.079277252487276684e+00
5.808592264432983043e+00
6.106145512413714727e+00
5.451528366856094543e+00
5.808592264432983043e+00
5.583021441054400569e+00
4.195460950506954667e+00
4.096031989905418946e+00
6.629744288012015652e+00
6.079277252487276684e+00
6.379790928722034238e+00
6.629744288012015652e+00
7.335344668836411230e+00
5.808592264432983043e+00
9.246314053286559087e+00
3.567142419788997820e+00
3.524833325616367308e+00
6.106145512413714727e+00
4.195460950506954667e+00
5.808592264432983043e+00
3.489575747139170403e+00
6.079277252487276684e+00
5.808592264432983043e+00
6.106145512413714727e+00
9.219730615903513282e+00
5.808592264432983043e+00
6.629744288012015652e+00
6.079277252487276684e+00
6.379790928722034238e+00
6.629744288012015652e+00
8.591412085185551106e+00
9.234230672657902872e+00
nan
6.506321185876423385e+00
6.914858957087370861e+00
8.490584904825555057e+00
5.808189485078690595e+00
8.363948420149151630e+00
6.920500634389131989e+00
7.203819947688842262e+00
5.465331305497297620e+00
4.565018200555262418e+00
4.412559022468538927e+00
5.465331305497297620e+00
6.135102470991679269e+00
5.808189485078690595e+00
8.363948420149151630e+00
7.705186741428102337e+00
4.412559022468538927e+00
4.982447547319464931e+00
3.780332093516284520e+00
nan
9.330154125033104151e+00
nan
6.506321185876423385e+00
4.982447547319464931e+00
9.275271011864525406e+00
5.110690723266268165e+00
4.016241842435512410e+00
5.350416363952708032e+00
7.203819947688842262e+00
7.397742715265199109e+00
nan
5.808189485078690595e+00
8.363948420149151630e+00
7.705186741428102337e+00
6.506321185876423385e+00
6.914858957087370861e+00
8.490584904825555057e+00
7.901951648486576829e+00
5.948653252203417452e+00
5.350416363952708032e+00
5.110690723266268165e+00
7.397742715265199109e+00
5.350416363952708032e+00
5.110690723266268165e+00
7.397742715265199109e+00
5.350416363952708032e+00
5.110690723266268165e+00
5.465331305497297620e+00
6.135102470991679269e+00
nan
6.431537010381246589e+00
nan
4.412559022468538927e+00
6.914858957087370861e+00
4.565018200555262418e+00
8.599450410298995706e+00
8.847270366855271462e+00
nan
4.412559022468538927e+00
6.914858957087370861e+00
4.565018200555262418e+00
5.808189485078690595e+00
4.499125600613345100e+00
6.920500634389131989e+00
7.901951648486576829e+00
5.948653252203417452e+00
4.565018200555262418e+00
nan
4.016241842435512410e+00
7.705186741428102337e+00
7.203819947688842262e+00
7.397742715265199109e+00
nan
3.715060260656116942e+00
4.982447547319464931e+00
6.135102470991679269e+00
9.297582111096732049e+00
6.431537010381246589e+00
9.275271011864525406e+00
4.412559022468538927e+00
6.914858957087370861e+00
4.565018200555262418e+00
6.506321185876423385e+00
8.363948420149151630e+00
nan
8.599450410298995706e+00
7.397742715265199109e+00
6.920500634389131989e+00
nan
7.881064661971322494e+00
nan
5.808189485078690595e+00
7.881064661971322494e+00
6.135102470991679269e+00
5.110690723266268165e+00
5.465331305497297620e+00
6.135102470991679269e+00
6.506321185876423385e+00
4.982447547319464931e+00
8.490584904825555057e+00
nan
6.914858957087370861e+00
nan
7.203819947688842262e+00
5.465331305497297620e+00
4.565018200555262418e+00
5.808189485078690595e+00
6.431537010381246589e+00
7.705186741428102337e+00
nan
nan
5.350416363952708032e+00
7.901951648486576829e+00
5.948653252203417452e+00
5.350416363952708032e+00
7.901951648486576829e+00
8.847270366855271462e+00
nan
7.203819947688842262e+00
4.016241842435512410e+00
6.920500634389131989e+00
6.341347500940432980e+00
6.128592241428485465e+00
6.144003175472608547e+00
6.710611551311713718e+00
6.577391191941311277e+00
6.536346228992098162e+00
nan
6.577391191941311277e+00
7.714087445909031615e+00
nan
6.128592241428485465e+00
7.714087445909031615e+00
5.971748365223985111e+00
5.680200180263355492e+00
6.144003175472608547e+00
5.602484314852704372e+00
5.680200180263355492e+00
5.751304093773889292e+00
6.710611551311713718e+00
5.231401229750529680e+00
5.358961040254400565e+00
8.188337923487171821e+00
5.680200180263355492e+00
4.966261958555674205e+00
6.341347500940432980e+00
6.128592241428485465e+00
6.144003175472608547e+00
nan
6.577391191941311277e+00
7.714087445909031615e+00
5.971748365223985111e+00
5.680200180263355492e+00
6.144003175472608547e+00
5.971748365223985111e+00
6.128592241428485465e+00
6.144003175472608547e+00
5.602484314852704372e+00
5.680200180263355492e+00
5.751304093773889292e+00
6.341347500940432980e+00
6.128592241428485465e+00
6.144003175472608547e+00
3.385894756589521659e+00
5.231401229750529680e+00
4.966261958555674205e+00
6.710611551311713718e+00
6.128592241428485465e+00
6.144003175472608547e+00
8.557937059203617025e+00
nan
7.321388364210312361e+00
6.710611551311713718e+00
4.783009168585403259e+00
4.573918905036192584e+00
8.557937059203617025e+00
nan
7.321388364210312361e+00
nan
6.128592241428485465e+00
7.714087445909031615e+00
7.449474737399443214e+00
7.025783253106441251e+00
6.929045310690824522e+00
7.080210687028161587e+00
6.577391191941311277e+00
6.536346228992098162e+00
5.232885179136259168e+00
5.231401229750529680e+00
5.751304093773889292e+00
6.710611551311713718e+00
6.128592241428485465e+00
6.144003175472608547e+00
3.755158806960801954e+00
7.922974264784397036e+00
4.966261958555674205e+00
5.232885179136259168e+00
4.783009168585403259e+00
5.751304093773889292e+00
5.232885179136259168e+00
4.783009168585403259e+00
5.358961040254400565e+00
8.557937059203617025e+00
nan
7.321388364210312361e+00
5.232885179136259168e+00
4.783009168585403259e+00
5.358961040254400565e+00
7.080210687028161587e+00
7.025783253106441251e+00
6.929045310690824522e+00
nan
6.577391191941311277e+00
7.714087445909031615e+00
6.341347500940432980e+00
6.128592241428485465e+00
6.144003175472608547e+00
7.449474737399443214e+00
5.231401229750529680e+00
5.358961040254400565e+00
7.080210687028161587e+00
6.577391191941311277e+00
6.536346228992098162e+00
4.494021993048530561e+00
5.231401229750529680e+00
4.573918905036192584e+00
nan
6.128592241428485465e+00
7.714087445909031615e+00
7.819073873115888418e+00
5.231401229750529680e+00
4.573918905036192584e+00
5.602484314852704372e+00
5.231401229750529680e+00
5.751304093773889292e+00
5.971748365223985111e+00
5.680200180263355492e+00
6.144003175472608547e+00
3.385894756589521659e+00
nan
4.181219823337466224e+00
nan
4.510106089616429337e+00
nan
6.954323311416674258e+00
7.465558833967337549e+00
8.459064543357076360e+00
5.384239040980251190e+00
7.834822884338620952e+00
5.946929710658803714e+00
5.776582094499737252e+00
5.248969275704155280e+00
5.109551433092708095e+00
6.169281176198463612e+00
5.987832461791883887e+00
6.365428967746257882e+00
4.599196905762039655e+00
6.726695647879612494e+00
4.690672412614075526e+00
5.776582094499737252e+00
5.618233326075438683e+00
5.528050690180163151e+00
9.309449717071306196e+00
nan
nan
6.169281176198463612e+00
5.618233326075438683e+00
5.528050690180163151e+00
7.346666364936160321e+00
8.573686070426353112e+00
nan
6.169281176198463612e+00
5.618233326075438683e+00
5.528050690180163151e+00
4.991539959281528382e+00
3.771242903528700730e+00
5.946929710658803714e+00
6.954323311416674258e+00
7.465558833967337549e+00
8.459064543357076360e+00
6.561624229717947898e+00
6.726695647879612494e+00
6.784307988224892227e+00
5.776582094499737252e+00
5.248969275704155280e+00
5.109551433092708095e+00
7.346666364936160321e+00
7.834822884338620952e+00
8.877563800444530528e+00
nan
5.618233326075438683e+00
nan
4.991539959281528382e+00
8.943285206142794763e+00
7.202807245312346396e+00
6.169281176198463612e+00
5.987832461791883887e+00
5.946929710658803714e+00
6.954323311416674258e+00
6.726695647879612494e+00
7.202807245312346396e+00
4.991539959281528382e+00
4.879370139987710076e+00
4.272173155526620469e+00
3.814154770543828121e+00
5.618233326075438683e+00
7.621686265790987846e+00
6.954323311416674258e+00
6.726695647879612494e+00
7.202807245312346396e+00
5.384239040980251190e+00
4.879370139987710076e+00
8.877563800444530528e+00
6.169281176198463612e+00
6.357096512163167290e+00
6.365428967746257882e+00
8.524407581853093774e+00
nan
nan
6.169281176198463612e+00
5.987832461791883887e+00
5.946929710658803714e+00
nan
nan
5.528050690180163151e+00
6.169281176198463612e+00
5.987832461791883887e+00
5.946929710658803714e+00
7.346666364936160321e+00
8.204422020055069709e+00
nan
6.169281176198463612e+00
5.987832461791883887e+00
5.946929710658803714e+00
6.561624229717947898e+00
6.357096512163167290e+00
6.365428967746257882e+00
nan
9.312549256514078166e+00
nan
5.776582094499737252e+00
5.248969275704155280e+00
5.109551433092708095e+00
4.599196905762039655e+00
8.204422020055069709e+00
5.109551433092708095e+00
8.524407581853093774e+00
nan
7.621686265790987846e+00
6.169281176198463612e+00
5.987832461791883887e+00
6.365428967746257882e+00
4.991539959281528382e+00
8.573686070426353112e+00
6.365428967746257882e+00
8.131708500154370967e+00
nan
6.365428967746257882e+00
7.739365446634883128e+00
8.573686070426353112e+00
nan
4.742320233815426889e+00
8.577297545813120649e+00
7.151159424110996810e+00
7.184515308636868269e+00
7.181667083202965429e+00
7.151159424110996810e+00
6.835765927730655278e+00
6.832917702296759543e+00
7.151159424110996810e+00
8.929211621645883667e+00
8.577297545813120649e+00
nan
5.091069614721636327e+00
nan
6.732660167023542641e+00
7.184515308636868269e+00
7.181667083202965429e+00
7.151159424110996810e+00
6.137950696425578556e+00
6.483851851897892260e+00
6.732660167023542641e+00
5.440135465120501834e+00
6.135102470991679269e+00
7.570038444589631155e+00
5.788884846026713049e+00
nan
7.151159424110996810e+00
4.393254383416559605e+00
8.228548164906907658e+00
6.732660167023542641e+00
6.137950696425578556e+00
6.483851851897892260e+00
6.313781146544901191e+00
6.486700077331790659e+00
5.088221389287737040e+00
4.639024591412715282e+00
6.835765927730655278e+00
5.786036620592817314e+00
5.057903611891356732e+00
6.486700077331790659e+00
6.832917702296759543e+00
6.732660167023542641e+00
6.835765927730655278e+00
7.181667083202965429e+00
7.151159424110996810e+00
3.695439152111482439e+00
6.832917702296759543e+00
5.895281889457446134e+00
7.533581159035728447e+00
7.879482314508045704e+00
8.407416722155728550e+00
3.695439152111482439e+00
4.041656777076450879e+00
8.407416722155728550e+00
5.091069614721636327e+00
6.832917702296759543e+00
5.057903611891356732e+00
5.788884846026713049e+00
7.530732933601834489e+00
5.476402868978811789e+00
3.695439152111482439e+00
6.483851851897892260e+00
5.476402868978811789e+00
6.137950696425578556e+00
6.483851851897892260e+00
6.732660167023542641e+00
5.788884846026713049e+00
6.135102470991679269e+00
6.313781146544901191e+00
6.835765927730655278e+00
5.437287239686605211e+00
5.057903611891356732e+00
6.835765927730655278e+00
7.181667083202965429e+00
7.151159424110996810e+00
8.231396390340808722e+00
6.483851851897892260e+00
5.895281889457446134e+00
5.788884846026713049e+00
4.041656777076450879e+00
5.476402868978811789e+00
7.533581159035728447e+00
nan
8.407416722155728550e+00
6.835765927730655278e+00
6.832917702296759543e+00
7.151159424110996810e+00
8.580145771247021713e+00
6.483851851897892260e+00
5.057903611891356732e+00
5.091069614721636327e+00
3.343841545771376822e+00
5.476402868978811789e+00
4.393254383416559605e+00
6.483851851897892260e+00
5.057903611891356732e+00
6.486700077331790659e+00
6.832917702296759543e+00
6.732660167023542641e+00
6.486700077331790659e+00
6.832917702296759543e+00
6.732660167023542641e+00
6.486700077331790659e+00
5.088221389287737040e+00
4.220525334325268219e+00
5.788884846026713049e+00
6.483851851897892260e+00
7.988537701677087099e+00
5.788884846026713049e+00
6.135102470991679269e+00
6.313781146544901191e+00
5.788884846026713049e+00
6.135102470991679269e+00
6.313781146544901191e+00
7.533581159035728447e+00
6.135102470991679269e+00
5.476402868978811789e+00
7.882330539941941439e+00
8.577297545813120649e+00
nan
5.091875173430214119e+00
4.925556070062881986e+00
4.922707844628986251e+00
5.662555978549470126e+00
5.972278917020497957e+00
5.446306620227284512e+00
6.233754642838521320e+00
nan
7.016153538544213752e+00
5.662555978549470126e+00
nan
8.062876385501830612e+00
5.662555978549470126e+00
5.972278917020497957e+00
5.969430691586597781e+00
5.662555978549470126e+00
5.972278917020497957e+00
5.969430691586597781e+00
nan
nan
4.399583773269667653e+00
6.804435447957777328e+00
7.019001763978108599e+00
6.493029467184900483e+00
nan
4.925556070062881986e+00
7.539752314142516454e+00
6.233754642838521320e+00
nan
8.062876385501830612e+00
5.662555978549470126e+00
5.449154845661178470e+00
5.446306620227284512e+00
6.804435447957777328e+00
7.019001763978108599e+00
6.493029467184900483e+00
6.804435447957777328e+00
7.019001763978108599e+00
7.016153538544213752e+00
7.375634112246828522e+00
8.065724610935724570e+00
8.062876385501830612e+00
3.949995704021911802e+00
7.019001763978108599e+00
5.446306620227284512e+00
nan
nan
5.969430691586597781e+00
5.662555978549470126e+00
5.449154845661178470e+00
5.446306620227284512e+00
6.233754642838521320e+00
6.495877692618795329e+00
5.969430691586597781e+00
nan
7.019001763978108599e+00
9.109599232459446583e+00
6.804435447957777328e+00
8.065724610935724570e+00
nan
4.520676509141162924e+00
8.589323386534026383e+00
5.969430691586597781e+00
5.662555978549470126e+00
5.972278917020497957e+00
5.446306620227284512e+00
6.804435447957777328e+00
7.019001763978108599e+00
7.016153538544213752e+00
3.378797039732855723e+00
5.972278917020497957e+00
9.109599232459446583e+00
9.088194386774386402e+00
nan
nan
6.233754642838521320e+00
5.972278917020497957e+00
5.969430691586597781e+00
4.520676509141162924e+00
8.065724610935724570e+00
5.969430691586597781e+00
nan
4.925556070062881986e+00
7.539752314142516454e+00
5.662555978549470126e+00
5.972278917020497957e+00
5.969430691586597781e+00
4.520676509141162924e+00
4.402431998703563387e+00
3.352860926312051681e+00
8.517513581655135724e+00
nan
5.446306620227284512e+00
6.233754642838521320e+00
6.495877692618795329e+00
5.969430691586597781e+00
5.091875173430214119e+00
4.925556070062881986e+00
4.922707844628986251e+00
8.517513581655135724e+00
nan
5.969430691586597781e+00
6.233754642838521320e+00
6.495877692618795329e+00
6.493029467184900483e+00
4.520676509141162924e+00
6.495877692618795329e+00
8.062876385501830612e+00
6.804435447957777328e+00
7.019001763978108599e+00
6.493029467184900483e+00
6.233754642838521320e+00
6.495877692618795329e+00
6.493029467184900483e+00
nan
nan
5.446306620227284512e+00
5.662555978549470126e+00
5.449154845661178470e+00
5.446306620227284512e+00
6.112097573256350280e+00
6.130735191993035293e+00
6.588846692038091035e+00
5.145891868372397759e+00
4.874477893948305329e+00
8.038374343628163388e+00
9.010714687908203402e+00
6.549234449080490350e+00
5.139757228976309378e+00
6.112097573256350280e+00
6.130735191993035293e+00
6.105962933860258346e+00
7.561187036318131049e+00
7.386612726646582416e+00
7.555052396922038227e+00
8.527392741202083570e+00
nan
8.038374343628163388e+00
5.628775626550226008e+00
4.455978636860854714e+00
6.588846692038091035e+00
6.594981331434178529e+00
6.549234449080490350e+00
7.072168638744207314e+00
5.628775626550226008e+00
5.711856171514398284e+00
5.622640987154133185e+00
7.078303278140302801e+00
6.968113469559127360e+00
7.072168638744207314e+00
4.179686163488445239e+00
3.618600359294762203e+00
5.622640987154133185e+00
7.561187036318131049e+00
7.386612726646582416e+00
8.038374343628163388e+00
6.112097573256350280e+00
6.130735191993035293e+00
6.588846692038091035e+00
8.044508983024250881e+00
5.293356914426946780e+00
6.105962933860258346e+00
6.594981331434178529e+00
6.968113469559127360e+00
7.072168638744207314e+00
5.628775626550226008e+00
5.293356914426946780e+00
5.139757228976309378e+00
4.179686163488445239e+00
3.618600359294762203e+00
5.622640987154133185e+00
5.628775626550226008e+00
5.711856171514398284e+00
5.622640987154133185e+00
6.594981331434178529e+00
6.549234449080490350e+00
6.588846692038091035e+00
5.145891868372397759e+00
6.549234449080490350e+00
8.038374343628163388e+00
7.561187036318131049e+00
7.805491747125220314e+00
8.521258101805996077e+00
nan
7.805491747125220314e+00
nan
7.561187036318131049e+00
9.061369281778762996e+00
nan
4.179686163488445239e+00
7.805491747125220314e+00
6.105962933860258346e+00
3.696364216782324519e+00
6.968113469559127360e+00
8.521258101805996077e+00
6.594981331434178529e+00
6.130735191993035293e+00
5.622640987154133185e+00
6.594981331434178529e+00
6.549234449080490350e+00
6.588846692038091035e+00
5.145891868372397759e+00
5.293356914426946780e+00
4.656435282270185105e+00
6.594981331434178529e+00
6.549234449080490350e+00
6.588846692038091035e+00
6.594981331434178529e+00
6.549234449080490350e+00
7.072168638744207314e+00
6.594981331434178529e+00
6.549234449080490350e+00
6.588846692038091035e+00
6.112097573256350280e+00
8.642870024691308828e+00
6.588846692038091035e+00
nan
8.642870024691308828e+00
nan
9.010714687908203402e+00
6.130735191993035293e+00
7.072168638744207314e+00
6.594981331434178529e+00
4.874477893948305329e+00
3.207345819208404780e+00
6.112097573256350280e+00
5.711856171514398284e+00
6.105962933860258346e+00
8.044508983024250881e+00
7.805491747125220314e+00
8.038374343628163388e+00
7.561187036318131049e+00
8.223991004212674483e+00
nan
6.594981331434178529e+00
6.549234449080490350e+00
6.588846692038091035e+00
5.628775626550226008e+00
5.293356914426946780e+00
5.139757228976309378e+00
5.722821839434908853e+00
5.719973614001006901e+00
5.429691971862872890e+00
6.900207028172605561e+00
7.682400937956918696e+00
8.220952897083181554e+00
5.330122757736186045e+00
5.719973614001006901e+00
5.080626121464010936e+00
5.722821839434908853e+00
5.327274532302288534e+00
4.731876740557797945e+00
7.292906109871331921e+00
7.290057884437429081e+00
7.523137665778106609e+00
5.330122757736186045e+00
8.467443073175125789e+00
nan
3.760038487299762089e+00
5.327274532302288534e+00
3.336246277947643613e+00
6.115164892954393139e+00
6.112316667520495628e+00
6.127507203167953165e+00
nan
6.505015749219221988e+00
8.569702277989394545e+00
4.937779704216696430e+00
4.934931478782798919e+00
4.034061509252723887e+00
5.330122757736186045e+00
8.860142154873852149e+00
6.127507203167953165e+00
5.722821839434908853e+00
5.719973614001006901e+00
5.429691971862872890e+00
6.507863974653119499e+00
6.505015749219221988e+00
6.825322434473026334e+00
7.292906109871331921e+00
8.075100019655637951e+00
9.267517509294467715e+00
6.507863974653119499e+00
4.934931478782798919e+00
7.523137665778106609e+00
4.152737568998484896e+00
5.719973614001006901e+00
3.684995658853856160e+00
6.507863974653119499e+00
6.505015749219221988e+00
6.476256584074165268e+00
6.507863974653119499e+00
6.897358802738703609e+00
7.174071815379239325e+00
6.507863974653119499e+00
6.897358802738703609e+00
6.825322434473026334e+00
5.330122757736186045e+00
5.327274532302288534e+00
4.382810890158930661e+00
5.330122757736186045e+00
nan
7.523137665778106609e+00
4.937779704216696430e+00
8.860142154873852149e+00
6.127507203167953165e+00
6.900207028172605561e+00
5.327274532302288534e+00
4.034061509252723887e+00
6.507863974653119499e+00
6.505015749219221988e+00
6.825322434473026334e+00
6.115164892954393139e+00
6.112316667520495628e+00
6.127507203167953165e+00
4.937779704216696430e+00
4.149889343564584721e+00
6.127507203167953165e+00
4.152737568998484896e+00
3.364847208346376739e+00
5.429691971862872890e+00
6.507863974653119499e+00
6.505015749219221988e+00
6.825322434473026334e+00
6.507863974653119499e+00
6.505015749219221988e+00
6.476256584074165268e+00
7.685249163390816207e+00
8.467443073175125789e+00
nan
6.507863974653119499e+00
6.897358802738703609e+00
7.174071815379239325e+00
6.900207028172605561e+00
7.682400937956918696e+00
8.220952897083181554e+00
5.722821839434908853e+00
5.719973614001006901e+00
5.778441352769084993e+00
5.722821839434908853e+00
5.719973614001006901e+00
5.778441352769084993e+00
6.900207028172605561e+00
6.897358802738703609e+00
7.174071815379239325e+00
6.507863974653119499e+00
6.505015749219221988e+00
6.825322434473026334e+00
6.507863974653119499e+00
6.505015749219221988e+00
6.825322434473026334e+00
4.937779704216696430e+00
4.149889343564584721e+00
6.476256584074165268e+00
6.115164892954393139e+00
6.112316667520495628e+00
6.127507203167953165e+00
5.330122757736186045e+00
5.327274532302288534e+00
9.267517509294467715e+00
3.881776389386963899e+00
6.809752135434386844e+00
5.266058628307543010e+00
7.650168520129970062e+00
8.484508690566572753e+00
nan
8.487546797696058576e+00
8.903387711045207098e+00
8.960374558746181606e+00
9.324925075262150642e+00
nan
8.591110508374905308e+00
8.068667777217420678e+00
5.972373857868294778e+00
7.482648186570731497e+00
nan
9.321886968132661266e+00
nan
4.300655409865601797e+00
5.134995580302201823e+00
6.004921814395274282e+00
5.138033687431693863e+00
4.297617302736108869e+00
6.004921814395274282e+00
5.975411964997785930e+00
3.460239025170019911e+00
4.157931391848534552e+00
6.393911222085236545e+00
6.809752135434386844e+00
6.743785000482999337e+00
5.556532944519148032e+00
5.553874600780843274e+00
5.635657764023990879e+00
7.650168520129970062e+00
7.647130413000480686e+00
7.482648186570731497e+00
6.812790242563877996e+00
6.809752135434386844e+00
7.113384136199448093e+00
5.975411964997785930e+00
5.972373857868294778e+00
6.004921814395274282e+00
5.975411964997785930e+00
6.391252878346932675e+00
6.374520950111715933e+00
8.068667777217420678e+00
5.553874600780843274e+00
7.482648186570731497e+00
4.719154666953055965e+00
7.228631155913024742e+00
5.266058628307543010e+00
nan
7.647130413000480686e+00
nan
6.393911222085236545e+00
3.460239025170019911e+00
4.157931391848534552e+00
6.812790242563877996e+00
6.809752135434386844e+00
7.113384136199448093e+00
5.975411964997785930e+00
6.391252878346932675e+00
6.374520950111715933e+00
5.975411964997785930e+00
5.972373857868294778e+00
6.004921814395274282e+00
6.393911222085236545e+00
6.391252878346932675e+00
6.374520950111715933e+00
nan
7.647130413000480686e+00
nan
5.138033687431693863e+00
4.716496323214750319e+00
4.896794577936265824e+00
7.231289499651328612e+00
7.647130413000480686e+00
7.482648186570731497e+00
8.906046054783512744e+00
nan
7.852247322287173148e+00
6.812790242563877996e+00
6.809752135434386844e+00
6.743785000482999337e+00
6.393911222085236545e+00
6.391252878346932675e+00
6.374520950111715933e+00
nan
7.647130413000480686e+00
nan
5.138033687431693863e+00
4.716496323214750319e+00
4.896794577936265824e+00
6.812790242563877996e+00
7.647130413000480686e+00
7.852247322287173148e+00
9.324925075262150642e+00
6.809752135434386844e+00
7.482648186570731497e+00
6.812790242563877996e+00
6.809752135434386844e+00
6.743785000482999337e+00
6.393911222085236545e+00
5.134995580302201823e+00
8.591110508374905308e+00
5.975411964997785930e+00
5.972373857868294778e+00
6.004921814395274282e+00
nan
6.391252878346932675e+00
7.482648186570731497e+00
5.556532944519148032e+00
4.297617302736108869e+00
6.743785000482999337e+00
7.231289499651328612e+00
7.228631155913024742e+00
7.482648186570731497e+00
3.881776389386963899e+00
5.134995580302201823e+00
3.788332256132092901e+00
6.009210906813379438e+00
5.763205607194107571e+00
5.068217186094099880e+00
nan
7.557587630550013813e+00
8.043263605101733660e+00
6.428089927292016448e+00
6.660396618872063357e+00
7.051481527697999852e+00
5.590711649725927934e+00
5.763205607194107571e+00
4.737823035761898893e+00
5.590711649725927934e+00
6.212004557706933383e+00
5.729305299962070386e+00
6.009210906813379438e+00
6.212004557706933383e+00
6.390393413830034675e+00
7.265468204858109402e+00
7.109195569384884728e+00
7.382175491233770259e+00
6.428089927292016448e+00
6.660396618872063357e+00
6.721087377365805082e+00
6.846589184379471504e+00
7.109195569384884728e+00
7.382175491233770259e+00
6.846589184379471504e+00
7.109195569384884728e+00
7.382175491233770259e+00
8.521345739511652084e+00
6.212004557706933383e+00
7.051481527697999852e+00
3.497076074115105904e+00
4.417622534351021812e+00
5.068217186094099880e+00
5.171832629247286484e+00
4.866014595516151786e+00
7.382175491233770259e+00
6.428089927292016448e+00
6.660396618872063357e+00
6.721087377365805082e+00
7.683967461945563571e+00
5.314813546028977598e+00
3.415646808025968983e+00
5.171832629247286484e+00
5.314813546028977598e+00
4.407129072226134703e+00
6.846589184379471504e+00
7.109195569384884728e+00
7.051481527697999852e+00
3.497076074115105904e+00
4.417622534351021812e+00
5.398911149629869399e+00
6.009210906813379438e+00
6.660396618872063357e+00
6.390393413830034675e+00
5.171832629247286484e+00
4.417622534351021812e+00
3.746040958358164197e+00
7.683967461945563571e+00
5.763205607194107571e+00
4.076734921893933716e+00
7.683967461945563571e+00
7.557587630550013813e+00
7.712569641565970358e+00
nan
8.903577592740795410e+00
8.373657755433935534e+00
nan
nan
7.712569641565970358e+00
7.683967461945563571e+00
7.557587630550013813e+00
7.712569641565970358e+00
8.940224759990293535e+00
6.212004557706933383e+00
7.051481527697999852e+00
8.102846482424201469e+00
5.763205607194107571e+00
3.415646808025968983e+00
8.940224759990293535e+00
nan
8.043263605101733660e+00
7.265468204858109402e+00
7.557587630550013813e+00
7.382175491233770259e+00
5.171832629247286484e+00
5.763205607194107571e+00
5.398911149629869399e+00
6.428089927292016448e+00
6.660396618872063357e+00
6.721087377365805082e+00
6.428089927292016448e+00
6.660396618872063357e+00
6.721087377365805082e+00
3.915955094593743357e+00
8.454778642227974927e+00
4.407129072226134703e+00
8.102846482424201469e+00
8.903577592740795410e+00
8.043263605101733660e+00
5.171832629247286484e+00
3.968823583838196001e+00
3.415646808025968983e+00
7.265468204858109402e+00
5.314813546028977598e+00
3.746040958358164197e+00
3.915955094593743357e+00
9.351969653905925384e+00
9.034745869301906041e+00
5.171832629247286484e+00
8.903577592740795410e+00
5.398911149629869399e+00
8.521345739511652084e+00
5.763205607194107571e+00
4.076734921893933716e+00
4.753333372159835868e+00
3.968823583838196001e+00
6.390393413830034675e+00
