1.425215480284087732e-01
-8.210849785837082138e-02
-5.036458620753196946e-01
nan
1.592648057273805762e+00
nan
1.712843170584322117e+00
1.173769036795179410e+00
7.522316725782332014e-01
-9.042012989292027569e-01
3.363907592290762416e-01
7.522316725782332014e-01
-1.950924145886814065e+00
-9.198665388156528344e-01
2.008488970622964942e+00
nan
nan
-2.597281437686141725e+00
6.656456193877180461e-01
-9.198665388156528344e-01
7.522316725782332014e-01
1.712843170584322117e+00
1.592648057273805762e+00
7.522316725782332014e-01
6.656456193877180461e-01
7.552697797077172481e-01
-8.514660498785708853e-02
-1.950924145886814065e+00
-1.756865052990546738e+00
2.008488970622964942e+00
2.759566017541933647e+00
1.173769036795179410e+00
-5.036458620753196946e-01
-1.950924145886814065e+00
-2.594243330556649685e+00
-8.514660498785708853e-02
1.189244394986020303e+00
-5.009875183370118279e-01
2.008488970622964942e+00
-3.806025233309009437e-01
-5.009875183370118279e-01
-1.341024139641409763e+00
6.656456193877180461e-01
-9.198665388156528344e-01
-2.597281437686141725e+00
-2.474048217246142212e+00
-2.594243330556649685e+00
7.522316725782332014e-01
nan
-2.594243330556649685e+00
-1.759903160120051657e+00
-3.806025233309009437e-01
-2.175744073469187967e+00
-5.036458620753196946e-01
1.189244394986020303e+00
1.173769036795179410e+00
7.522316725782332014e-01
1.425215480284087732e-01
-8.210849785837082138e-02
-9.225248825539469344e-01
1.425215480284087732e-01
-8.210849785837082138e-02
-9.225248825539469344e-01
-2.474048217246142212e+00
1.592648057273805762e+00
2.845867248189055232e+00
-1.950924145886814065e+00
-8.210849785837082138e-02
3.337324154907852503e-01
-3.806025233309009437e-01
1.173769036795179410e+00
-1.759903160120051657e+00
1.189244394986020303e+00
1.173769036795179410e+00
7.522316725782332014e-01
-2.474048217246142212e+00
-8.210849785837082138e-02
-2.597281437686141725e+00
1.425215480284087732e-01
-1.338365795903099675e+00
3.337324154907852503e-01
nan
-1.756865052990546738e+00
7.522316725782332014e-01
-3.806025233309009437e-01
-5.009875183370118279e-01
-9.225248825539469344e-01
nan
nan
1.170730929665681153e+00
1.189244394986020303e+00
1.173769036795179410e+00
3.337324154907852503e-01
nan
-1.756865052990546738e+00
-9.225248825539469344e-01
-1.950924145886814065e+00
-2.175744073469187967e+00
1.170730929665681153e+00
2.759566017541933647e+00
nan
3.337324154907852503e-01
1.189244394986020303e+00
7.552697797077172481e-01
3.337324154907852503e-01
-1.427325370288530682e+00
-3.013122351035275592e+00
-1.341024139641409763e+00
-9.042012989292027569e-01
-1.338365795903099675e+00
-3.016160458164783620e+00
-1.427325370288530682e+00
-2.594243330556649685e+00
2.845867248189055232e+00
-3.806025233309009437e-01
-8.210849785837082138e-02
-9.225248825539469344e-01
6.656456193877180461e-01
2.430026334839908486e+00
nan
-3.321826909546401474e-01
-6.160127473430465628e-02
-7.272722475711050905e-01
-1.378905537912251678e+00
-2.477334631208325977e+00
-1.176071198083934677e+00
1.238138931601272752e+00
1.870810135033591948e+00
nan
2.807985849918212651e+00
-6.160127473430465628e-02
-2.073262209761886687e+00
7.145401560029709387e-01
9.046044301496438678e-01
1.067109775784814474e+00
-1.378905537912251678e+00
-1.994012684502201260e+00
-2.970453221439838032e+00
-1.902029609271579602e+00
-5.449232214404293728e-01
-2.970453221439838032e+00
7.145401560029709387e-01
9.046044301496438678e-01
6.183108252719846654e-01
1.909413804046691254e-01
4.212824834435191512e-01
1.699187641068466981e-01
1.909413804046691254e-01
4.212824834435191512e-01
1.699187641068466981e-01
7.145401560029709387e-01
9.046044301496438678e-01
6.183108252719846654e-01
-2.425628384869863208e+00
-6.160127473430465628e-02
-1.624463259249056657e+00
-8.553067623139498643e-01
-5.449232214404293728e-01
-7.272722475711050905e-01
1.761263002960582469e+00
-1.028245168146553645e+00
1.963893898115058434e+00
-3.321826909546401474e-01
-6.160127473430465628e-02
-7.272722475711050905e-01
-1.902029609271579602e+00
4.212824834435191512e-01
-1.624463259249056657e+00
nan
2.353693893211433519e+00
nan
1.238138931601272752e+00
1.387488188327484551e+00
1.515501836949936454e+00
-2.425628384869863208e+00
1.387488188327484551e+00
1.963893898115058434e+00
7.145401560029709387e-01
-1.028245168146553645e+00
6.183108252719846654e-01
-3.321826909546401474e-01
4.212824834435191512e-01
-2.788801864059671232e-01
1.909413804046691254e-01
4.212824834435191512e-01
1.699187641068466981e-01
1.909413804046691254e-01
-5.449232214404293728e-01
-1.176071198083934677e+00
-8.553067623139498643e-01
-1.028245168146553645e+00
-1.176071198083934677e+00
1.909413804046691254e-01
4.212824834435191512e-01
1.699187641068466981e-01
-3.321826909546401474e-01
4.212824834435191512e-01
-2.788801864059671232e-01
-3.321826909546401474e-01
-6.160127473430465628e-02
-2.788801864059671232e-01
-2.425628384869863208e+00
-6.160127473430465628e-02
-2.073262209761886687e+00
-8.553067623139498643e-01
-1.511128926324377675e+00
-2.522061160274716052e+00
2.284861778558884282e+00
2.837015839917557791e+00
nan
1.238138931601272752e+00
1.387488188327484551e+00
1.963893898115058434e+00
-3.321826909546401474e-01
-6.160127473430465628e-02
-7.272722475711050905e-01
-3.321826909546401474e-01
-6.160127473430465628e-02
-2.788801864059671232e-01
2.284861778558884282e+00
-5.449232214404293728e-01
1.067109775784814474e+00
-3.321826909546401474e-01
-6.160127473430465628e-02
-7.272722475711050905e-01
7.145401560029709387e-01
9.046044301496438678e-01
6.183108252719846654e-01
1.238138931601272752e+00
1.387488188327484551e+00
1.515501836949936454e+00
-3.321826909546401474e-01
-6.160127473430465628e-02
-2.788801864059671232e-01
1.909413804046691254e-01
4.212824834435191512e-01
1.699187641068466981e-01
-1.902029609271579602e+00
-6.160127473430465628e-02
-2.073262209761886687e+00
-5.598216314023600759e-01
1.052868648615323366e+00
-1.641552611852439725e+00
-1.526027336286311042e+00
-7.415133747405802112e-01
-2.955626496616581278e-01
4.063840734816084321e-01
1.556776369373715774e-01
-2.955626496616581278e-01
-7.693787322451761668e-02
-2.931213135754582311e-01
-7.443616001744879362e-01
-7.693787322451761668e-02
1.556776369373715774e-01
-2.955626496616581278e-01
-7.693787322451761668e-02
-2.931213135754582311e-01
-7.443616001744879362e-01
8.892678316594331278e-01
1.501667599128152730e+00
1.050020423181431184e+00
-1.043143578108468805e+00
1.556776369373715774e-01
1.498819373694261436e+00
-5.598216314023600759e-01
-7.415133747405802112e-01
-1.192753661339609916e+00
-7.693787322451761668e-02
-2.931213135754582311e-01
-7.443616001744879362e-01
-7.693787322451761668e-02
-7.415133747405802112e-01
-1.192753661339609916e+00
-7.693787322451761668e-02
1.556776369373715774e-01
-7.443616001744879362e-01
1.372151589837258712e+00
1.950059660293290698e+00
2.395603496024504508e+00
-7.693787322451761668e-02
-7.415133747405802112e-01
-1.192753661339609916e+00
8.892678316594331278e-01
1.052868648615323366e+00
6.016283620162936607e-01
-1.043143578108468805e+00
-2.087096447583669523e+00
-1.192753661339609916e+00
1.855473536543384760e+00
nan
6.016283620162936607e-01
2.821679241427335505e+00
-2.931213135754582311e-01
-2.538743623530391513e+00
-1.526027336286311042e+00
1.052868648615323366e+00
2.844402446537334761e+00
1.855473536543384760e+00
nan
6.016283620162936607e-01
8.892678316594331278e-01
1.052868648615323366e+00
6.016283620162936607e-01
-5.598216314023600759e-01
-1.189905435905702191e+00
-1.192753661339609916e+00
-1.043143578108468805e+00
1.556776369373715774e-01
-2.090351562365269533e+00
-7.693787322451761668e-02
1.556776369373715774e-01
-2.955626496616581278e-01
2.338795483249509921e+00
-2.984287459261621311e+00
-2.090351562365269533e+00
-5.598216314023600759e-01
-1.189905435905702191e+00
-1.641552611852439725e+00
-5.598216314023600759e-01
-2.535895398096483788e+00
-1.641552611852439725e+00
-5.598216314023600759e-01
-1.189905435905702191e+00
-1.641552611852439725e+00
8.892678316594331278e-01
1.052868648615323366e+00
6.016283620162936607e-01
4.063840734816084321e-01
1.052868648615323366e+00
1.528294115034793954e-01
4.063840734816084321e-01
6.044765874502013858e-01
1.528294115034793954e-01
-1.043143578108468805e+00
-2.984287459261621311e+00
-2.090351562365269533e+00
4.063840734816084321e-01
6.044765874502013858e-01
-2.955626496616581278e-01
8.892678316594331278e-01
6.044765874502013858e-01
1.050020423181431184e+00
1.372151589837258712e+00
1.501667599128152730e+00
1.947211434859383417e+00
1.855473536543384760e+00
1.052868648615323366e+00
1.498819373694261436e+00
4.063840734816084321e-01
1.052868648615323366e+00
1.528294115034793954e-01
4.063840734816084321e-01
6.044765874502013858e-01
1.528294115034793954e-01
-1.043143578108468805e+00
-1.638704386418532000e+00
-2.538743623530391513e+00
8.892678316594331278e-01
1.501667599128152730e+00
1.498819373694261436e+00
-9.183474852509014852e-01
-1.278268239247845939e+00
-1.690268363754317216e+00
3.377199310982312852e-01
2.915786790690932939e-01
2.280976994304362293e-02
1.593787347447375602e+00
1.338301526026704380e+00
2.306050849589861507e+00
9.654688167294134260e-01
2.908148444343625627e+00
5.934905750623107323e-01
3.377199310982312852e-01
2.915786790690932939e-01
5.934905750623107323e-01
3.377199310982312852e-01
8.151774546673768995e-01
5.934905750623107323e-01
-9.183474852509014852e-01
-7.551441678885364439e-01
-1.119069699465260248e+00
-2.174984546686813847e+00
1.338301526026704380e+00
nan
-9.183474852509014852e-01
-7.551441678885364439e-01
-1.119069699465260248e+00
-1.546666015968863217e+00
-2.848589861803759504e+00
1.164689239351368144e+00
9.654688167294134260e-01
8.151774546673768995e-01
1.164689239351368144e+00
3.377199310982312852e-01
2.915786790690932939e-01
5.934905750623107323e-01
-9.183474852509014852e-01
-1.278268239247845939e+00
-1.119069699465260248e+00
nan
8.151774546673768995e-01
nan
-9.183474852509014852e-01
-1.278268239247845939e+00
-1.690268363754317216e+00
-9.183474852509014852e-01
-7.551441678885364439e-01
-5.483888943459929166e-01
-2.905985996197193444e-01
-2.315453922902346307e-01
-5.483888943459929166e-01
-2.905985996197193444e-01
-2.315453922902346307e-01
-5.483888943459929166e-01
1.593787347447375602e+00
2.385024372984315910e+00
nan
3.377199310982312852e-01
2.915786790690932939e-01
2.280976994304362293e-02
nan
1.338301526026704380e+00
nan
nan
8.151774546673768995e-01
nan
-2.174984546686813847e+00
8.151774546673768995e-01
-1.119069699465260248e+00
3.377199310982312852e-01
8.151774546673768995e-01
5.934905750623107323e-01
1.593787347447375602e+00
1.338301526026704380e+00
2.306050849589861507e+00
3.377199310982312852e-01
2.915786790690932939e-01
2.280976994304362293e-02
-2.905985996197193444e-01
-2.315453922902346307e-01
-5.483888943459929166e-01
nan
8.151774546673768995e-01
nan
-9.183474852509014852e-01
-1.801867014846147974e+00
1.735370044470614381e+00
nan
nan
5.934905750623107323e-01
-9.183474852509014852e-01
-7.551441678885364439e-01
-5.483888943459929166e-01
2.221536233078557743e+00
nan
1.164689239351368144e+00
3.377199310982312852e-01
2.915786790690932939e-01
5.934905750623107323e-01
-2.905985996197193444e-01
2.915786790690932939e-01
2.280976994304362293e-02
3.377199310982312852e-01
2.915786790690932939e-01
5.934905750623107323e-01
-1.546666015968863217e+00
-1.278268239247845939e+00
-1.690268363754317216e+00
nan
1.861900301625007081e+00
nan
1.593787347447375602e+00
2.385024372984315910e+00
nan
-9.183474852509014852e-01
-7.551441678885364439e-01
-5.483888943459929166e-01
2.849854763796508372e+00
-2.315453922902346307e-01
2.877249513878918918e+00
nan
-1.626372509265188615e+00
2.305680950182862787e+00
7.919899783785866454e-01
1.755128363564497640e+00
1.408489938504908778e+00
nan
nan
1.856881999670032535e+00
3.086680316724619288e-01
3.060389005027084330e-01
6.249997631412407273e-02
7.919899783785866454e-01
1.272244605386673832e+00
9.596909879920785258e-01
-1.742157265053618787e-01
-1.626372509265188615e+00
-2.629073058719753941e+00
-2.106627136273258483e+00
1.755128363564497640e+00
6.249997631412407273e-02
3.086680316724619288e-01
7.889226586805491159e-01
5.108920374792473851e-01
2.724401388146500125e+00
-1.772830462033994081e-01
1.408489938504908778e+00
7.919899783785866454e-01
1.272244605386673832e+00
9.596909879920785258e-01
-6.575376732114865952e-01
-6.601668043812400910e-01
-8.346910353638299362e-01
-6.575376732114865952e-01
-1.772830462033994081e-01
-3.858920848509987955e-01
7.919899783785866454e-01
-6.601668043812400910e-01
-1.731882047041783945e+00
-1.140859619917611090e+00
-1.143488751087364808e+00
-1.283083096528968792e+00
2.724401388146500125e+00
nan
1.408489938504908778e+00
3.207285146324323932e+00
1.755128363564497640e+00
-3.858920848509987955e-01
-6.575376732114865952e-01
-1.772830462033994081e-01
-3.858920848509987955e-01
-1.742157265053618787e-01
-1.772830462033994081e-01
-3.858920848509987955e-01
-2.106627136273258483e+00
-1.772830462033994081e-01
-1.731882047041783945e+00
-1.140859619917611090e+00
-1.143488751087364808e+00
-8.346910353638299362e-01
-6.575376732114865952e-01
-1.772830462033994081e-01
-3.858920848509987955e-01
-1.742157265053618787e-01
-1.772830462033994081e-01
-3.858920848509987955e-01
-1.140859619917611090e+00
-6.601668043812400910e-01
-8.346910353638299362e-01
-6.575376732114865952e-01
-6.601668043812400910e-01
-8.346910353638299362e-01
-6.575376732114865952e-01
-6.601668043812400910e-01
-8.346910353638299362e-01
1.758195683262535169e+00
nan
-1.731882047041783945e+00
3.086680316724619288e-01
7.889226586805491159e-01
5.108920374792473851e-01
7.919899783785866454e-01
1.755128363564497640e+00
1.408489938504908778e+00
-6.575376732114865952e-01
-1.143488751087364808e+00
-1.731882047041783945e+00
3.086680316724619288e-01
7.889226586805491159e-01
5.108920374792473851e-01
2.241079441440375852e+00
nan
9.596909879920785258e-01
1.758195683262535169e+00
nan
-1.283083096528968792e+00
3.086680316724619288e-01
7.889226586805491159e-01
5.108920374792473851e-01
-2.106627136273258483e+00
3.060389005027084330e-01
5.108920374792473851e-01
-1.742157265053618787e-01
-2.109694455971313332e+00
-8.346910353638299362e-01
-1.742157265053618787e-01
3.060389005027084330e-01
6.249997631412407273e-02
3.086680316724619288e-01
7.889226586805491159e-01
5.108920374792473851e-01
-1.742157265053618787e-01
-1.772830462033994081e-01
6.249997631412407273e-02
3.086680316724619288e-01
7.889226586805491159e-01
5.108920374792473851e-01
7.919899783785866454e-01
1.272244605386673832e+00
9.596909879920785258e-01
3.350141169360312254e-01
8.168728269494627270e-01
2.790464871599280805e-01
-1.235426181679631252e+00
-1.874293318736700353e+00
-2.547247610897318548e+00
3.350141169360312254e-01
3.684807657843407469e-01
-3.511277819904190522e-02
-8.427270999809044483e-01
-9.771023070587485648e-01
1.220954638150090865e+00
-5.768496476269557860e-02
-7.991129538078078909e-02
-9.770209291892046899e-01
3.350141169360312254e-01
3.684807657843407469e-01
-3.489872210146383047e-01
7.273571704555275019e-01
1.265671777462292980e+00
1.220954638150090865e+00
3.350141169360312254e-01
8.168728269494627270e-01
2.790464871599280805e-01
-1.235426181679631252e+00
-1.874293318736700353e+00
-2.547247610897318548e+00
3.350141169360312254e-01
3.060053800818211656e+00
2.477022054499223636e+00
-4.500280182821780883e-01
-5.287102458936105975e-01
-1.605339459907166644e+00
-4.500280182821780883e-01
-5.287102458936105975e-01
2.477022054499223636e+00
1.120056252154240539e+00
1.265671777462292980e+00
1.534829080965676162e+00
3.082483576110154111e+00
8.168728269494627270e-01
1.220954638150090865e+00
1.120056252154240539e+00
1.265671777462292980e+00
1.534829080965676162e+00
1.120056252154240539e+00
1.714470727975122344e+00
2.477022054499223636e+00
-8.427270999809044483e-01
-9.771023070587485648e-01
1.534829080965676162e+00
1.905098387372462732e+00
-9.771023070587485648e-01
3.105055762673801567e+00
-4.500280182821780883e-01
-5.287102458936105975e-01
-1.291180194548185778e+00
7.273571704555275019e-01
8.168728269494627270e-01
5.929209299755244800e-01
-1.235426181679631252e+00
-1.425901257571562386e+00
2.477022054499223636e+00
3.350141169360312254e-01
3.684807657843407469e-01
-3.511277819904190522e-02
3.350141169360312254e-01
3.684807657843407469e-01
-3.511277819904190522e-02
-8.427270999809044483e-01
-9.771023070587485648e-01
-1.919213902722752163e+00
-2.412811370417322632e+00
-2.323092269249530162e+00
-1.919213902722752163e+00
-4.500280182821780883e-01
-5.287102458936105975e-01
2.477022054499223636e+00
2.297441440891945241e+00
-2.771484330414652142e+00
-2.547247610897318548e+00
-5.768496476269557860e-02
-7.991129538078078909e-02
-6.631464863736193927e-01
1.905098387372462732e+00
nan
1.534829080965676162e+00
1.120056252154240539e+00
2.162862789140244324e+00
nan
-2.020112288718595828e+00
-9.771023070587485648e-01
-2.547247610897318548e+00
-8.427270999809044483e-01
-9.771023070587485648e-01
1.848988346324657250e+00
-4.500280182821780883e-01
-7.991129538078078909e-02
-9.770209291892046899e-01
3.350141169360312254e-01
3.684807657843407469e-01
-3.511277819904190522e-02
-5.768496476269557860e-02
-7.991129538078078909e-02
-6.631464863736193927e-01
7.273571704555275019e-01
1.265671777462292980e+00
1.220954638150090865e+00
-5.768496476269557860e-02
-7.991129538078078909e-02
-6.631464863736193927e-01
-1.235426181679631252e+00
-1.425901257571562386e+00
9.070801953345055679e-01
-4.500280182821780883e-01
-5.287102458936105975e-01
2.477022054499223636e+00
3.350141169360312254e-01
3.684807657843407469e-01
-3.511277819904190522e-02
-2.177789693597187437e-01
3.782768586725326898e-02
3.472053084844306525e-02
-7.413777449580205570e-01
-1.104051783541071030e+00
-1.107158938559857031e+00
-7.413777449580205570e-01
-5.333709784218036987e-01
-5.359602742708018397e-01
3.053451019996002991e-01
-1.104051783541071030e+00
-2.249038407968157127e+00
3.053451019996002991e-01
6.085084909864999503e-01
1.176600000256743606e+00
-1.788100591915631865e+00
-2.817129917238431869e+00
1.176600000256743606e+00
1.875192020316529984e+00
nan
-1.677839743679122364e+00
nan
-1.675250447830107792e+00
1.747798664545798353e+00
nan
nan
1.176600000256743606e+00
-1.264501816317339156e+00
-1.675250447830107792e+00
-1.677839743679122364e+00
-1.788100591915631865e+00
2.892267429803107248e+00
1.747798664545798353e+00
8.289438775978927865e-01
1.179189296105747076e+00
1.747798664545798353e+00
-7.413777449580205570e-01
-5.333709784218036987e-01
-5.359602742708018397e-01
2.398790795914822915e+00
nan
-2.819719213087422460e+00
-7.413777449580205570e-01
-1.104051783541071030e+00
-1.677839743679122364e+00
-7.413777449580205570e-01
-5.333709784218036987e-01
-5.359602742708018397e-01
1.352067948957211385e+00
2.892267429803107248e+00
nan
-2.177789693597187437e-01
3.782768586725326898e-02
3.472053084844306525e-02
-2.177789693597187437e-01
3.782768586725326898e-02
3.472053084844306525e-02
-2.177789693597187437e-01
-5.333709784218036987e-01
-5.359602742708018397e-01
-2.177789693597187437e-01
-5.333709784218036987e-01
3.472053084844306525e-02
3.053451019996002991e-01
6.085084909864999503e-01
6.054013359676879702e-01
-7.413777449580205570e-01
-5.333709784218036987e-01
-5.359602742708018397e-01
-1.264501816317339156e+00
-1.675250447830107792e+00
-1.677839743679122364e+00
8.289438775978927865e-01
1.179189296105747076e+00
1.747798664545798353e+00
-7.413777449580205570e-01
-1.104051783541071030e+00
-1.107158938559857031e+00
-7.413777449580205570e-01
-1.104051783541071030e+00
-1.107158938559857031e+00
3.053451019996002991e-01
6.085084909864999503e-01
6.054013359676879702e-01
3.053451019996002991e-01
nan
-1.677839743679122364e+00
nan
1.750387960394803599e+00
nan
-7.413777449580205570e-01
-1.104051783541071030e+00
-1.107158938559857031e+00
8.289438775978927865e-01
1.179189296105747076e+00
1.747798664545798353e+00
8.289438775978927865e-01
-1.104051783541071030e+00
-2.819719213087422460e+00
-2.834823438873252499e+00
3.782768586725326898e-02
-1.107158938559857031e+00
2.398790795914822915e+00
nan
3.472053084844306525e-02
1.352067948957211385e+00
2.321586624683861011e+00
nan
8.289438775978927865e-01
1.179189296105747076e+00
1.747798664545798353e+00
-7.413777449580205570e-01
3.782768586725326898e-02
-2.249038407968157127e+00
-2.177789693597187437e-01
3.782768586725326898e-02
3.472053084844306525e-02
1.352067948957211385e+00
2.321586624683861011e+00
nan
2.103762111386858535e+00
-2.056879731550260715e-01
-4.226138484809043305e-01
-1.559767852964790258e+00
-2.056879731550260715e-01
7.547713402567981511e-01
1.057039264429247005e+00
1.272038399020425814e+00
1.147470421955524067e+00
1.057039264429247005e+00
5.328401275875283005e-01
3.624282867373027628e-01
5.334404888309451920e-01
9.024392633039770573e-01
1.147470421955524067e+00
2.365324147066522720e+00
5.328401275875283005e-01
-3.027079496140894221e-02
2.718784531512907776e-01
1.635760772162511145e-01
3.624282867373027628e-01
2.718784531512907776e-01
9.024392633039770573e-01
1.147470421955524067e+00
1.841962723587717399e+00
1.641302449391703000e+00
1.539813475475005689e+00
-1.821567240763941387e+00
-5.752871088714748282e-01
-8.153129301796302464e-01
5.334404888309451920e-01
9.024392633039770573e-01
1.147470421955524067e+00
-1.821567240763941387e+00
-5.752871088714748282e-01
-8.153129301796302464e-01
1.318601300108902308e+00
-9.445511592427653369e-01
-8.153129301796302464e-01
1.580400687908053214e+00
-1.314150294959200771e+00
7.547713402567981511e-01
2.627123534865673626e+00
-2.056879731550260715e-01
-1.207655983699111646e+00
-5.130450060071787277e-01
-9.445511592427653369e-01
3.624282867373027628e-01
-2.083366628563092071e+00
-1.314150294959200771e+00
-1.207655983699111646e+00
-1.821567240763941387e+00
-5.752871088714748282e-01
-8.153129301796302464e-01
5.334404888309451920e-01
1.635760772162511145e-01
3.624282867373027628e-01
2.103762111386858535e+00
1.635760772162511145e-01
-4.226138484809043305e-01
-1.298205817285135621e+00
1.272038399020425814e+00
-3.027079496140894221e-02
-5.130450060071787277e-01
-2.791876667134665535e+00
2.324855610693212782e+00
-2.344928664242746930e+00
-9.445511592427653369e-01
1.147470421955524067e+00
5.334404888309451920e-01
1.635760772162511145e-01
3.624282867373027628e-01
-5.130450060071787277e-01
5.328401275875283005e-01
7.547713402567981511e-01
nan
-2.791876667134665535e+00
1.539813475475005689e+00
7.952398766300965427e-01
5.328401275875283005e-01
3.624282867373027628e-01
-1.559767852964790258e+00
-2.056879731550260715e-01
7.547713402567981511e-01
2.888685570545328041e+00
1.272038399020425814e+00
3.624282867373027628e-01
-2.606490699922401788e+00
5.328401275875283005e-01
-1.207655983699111646e+00
3.150247606224983343e+00
1.641302449391703000e+00
3.624282867373027628e-01
-1.036406429485984493e+00
5.328401275875283005e-01
-3.027079496140894221e-02
1.318601300108902308e+00
-2.053013481046940036e+00
2.717554692391939142e+00
-2.514829703275149875e-01
-2.056879731550260715e-01
3.624282867373027628e-01
1.841962723587717399e+00
9.024392633039770573e-01
7.547713402567981511e-01
-2.344928664242746930e+00
-1.314150294959200771e+00
-1.207655983699111646e+00
1.318601300108902308e+00
-9.445511592427653369e-01
-8.153129301796302464e-01
1.841962723587717399e+00
-2.056879731550260715e-01
-4.226138484809043305e-01
-2.083366628563092071e+00
-1.314150294959200771e+00
-1.207655983699111646e+00
-2.083366628563092071e+00
-9.445511592427653369e-01
-4.226138484809043305e-01
-1.771802413043874314e+00
1.987567460163050193e+00
-2.286540883329424290e-02
-3.761719504337288633e-01
-8.668722837728148889e-01
-2.534430596444786854e+00
3.213268113786948987e-01
-2.961914786535575494e-01
-6.506142944644639492e-01
1.717590212974151598e+00
-2.961914786535575494e-01
-2.534430596444786854e+00
3.213268113786948987e-01
-2.579950417470175505e+00
2.489839068951757994e+00
1.019458512176417031e+00
8.456879907547460995e-01
6.054531218846666007e-01
-1.771802413043874314e+00
-2.008751753181118538e+00
6.054531218846666007e-01
nan
2.744893264656993459e-01
1.861520538233796707e+00
1.019458512176417031e+00
8.456879907547460995e-01
6.054531218846666007e-01
-3.761719504337288633e-01
-8.668722837728148889e-01
-1.906681710813594721e+00
-1.073670712246152181e+00
8.456879907547460995e-01
2.489839068951757994e+00
1.717590212974151598e+00
nan
-2.534430596444786854e+00
3.213268113786948987e-01
1.987567460163050193e+00
-6.506142944644639492e-01
-1.771802413043874314e+00
-2.579950417470175505e+00
-2.286540883329424290e-02
1.717590212974151598e+00
1.987567460163050193e+00
1.861520538233796707e+00
3.213268113786948987e-01
-2.961914786535575494e-01
-6.506142944644639492e-01
1.717590212974151598e+00
nan
1.233771652602627000e+00
-2.469301174856297632e+00
2.744893264656993459e-01
1.233771652602627000e+00
nan
-2.579950417470175505e+00
-2.286540883329424290e-02
1.019458512176417031e+00
8.456879907547460995e-01
6.054531218846666007e-01
2.415088974786574916e+00
-8.668722837728148889e-01
-2.286540883329424290e-02
-1.073670712246152181e+00
2.558766124452106716e+00
6.054531218846666007e-01
3.213268113786948987e-01
2.744893264656993459e-01
-2.286540883329424290e-02
1.019458512176417031e+00
8.456879907547460995e-01
6.054531218846666007e-01
1.717590212974151598e+00
-1.438070948061861642e+00
-1.906681710813594721e+00
3.213268113786948987e-01
2.744893264656993459e-01
-2.286540883329424290e-02
3.213268113786948987e-01
1.987567460163050193e+00
-6.506142944644639492e-01
-1.771802413043874314e+00
-1.438070948061861642e+00
-1.906681710813594721e+00
2.415088974786574916e+00
nan
-2.286540883329424290e-02
nan
-8.668722837728148889e-01
6.054531218846666007e-01
-1.073670712246152181e+00
-1.438070948061861642e+00
2.489839068951757994e+00
-1.073670712246152181e+00
-2.579950417470175505e+00
-1.906681710813594721e+00
1.019458512176417031e+00
nan
2.489839068951757994e+00
2.415088974786574916e+00
nan
-1.906681710813594721e+00
1.019458512176417031e+00
8.456879907547460995e-01
6.054531218846666007e-01
-3.761719504337288633e-01
-8.668722837728148889e-01
-1.906681710813594721e+00
1.019458512176417031e+00
-2.008751753181118538e+00
-2.534430596444786854e+00
-3.761719504337288633e-01
-2.008751753181118538e+00
-6.506142944644639492e-01
1.717590212974151598e+00
nan
6.054531218846666007e-01
-1.771802413043874314e+00
2.558766124452106716e+00
6.054531218846666007e-01
-1.615308248925808821e+00
-2.711590218433248989e+00
-1.623852925227511346e+00
-8.306221418868302564e-01
1.056801912309751401e+00
-8.384547618300595140e-01
nan
1.894180189875847020e+00
nan
1.524860291947041091e+00
2.194236347436633316e-01
-8.384547618300595140e-01
-8.306221418868302564e-01
-2.292711197954607982e+00
3.086399886081760080e+00
-8.306221418868302564e-01
-1.994553857349776749e-01
-8.384547618300595140e-01
-2.400706412323247996e+00
-1.994553857349776749e-01
7.316295086063551167e-01
2.309546398986019433e+00
1.894180189875847020e+00
nan
-4.593603484785191426e-02
2.194236347436633316e-01
-5.376865479109671497e-02
1.524860291947041091e+00
1.056801912309751401e+00
3.086399886081760080e+00
-8.306221418868302564e-01
-1.994553857349776749e-01
-5.376865479109671497e-02
-1.615308248925808821e+00
-6.183344062136111319e-01
-1.623852925227511346e+00
-1.615308248925808821e+00
6.379228918311179442e-01
-1.623852925227511346e+00
nan
-2.711590218433248989e+00
7.316295086063551167e-01
nan
2.312679446963301189e+00
nan
3.094944562383459719e+00
2.731558467441934646e+00
2.301713779042769303e+00
-4.593603484785191426e-02
2.731558467441934646e+00
7.316295086063551167e-01
7.394621285495879270e-01
1.056801912309751401e+00
1.516315615645345893e+00
-2.400706412323247996e+00
2.731558467441934646e+00
nan
nan
2.731558467441934646e+00
nan
-1.615308248925808821e+00
-2.292711197954607982e+00
-1.623852925227511346e+00
7.394621285495879270e-01
-6.183344062136111319e-01
-2.409251088624949411e+00
-4.593603484785191426e-02
-1.455332920388520135e+00
7.316295086063551167e-01
1.524860291947041091e+00
-1.036833663301065744e+00
-8.384547618300595140e-01
-8.306221418868302564e-01
-1.455332920388520135e+00
7.316295086063551167e-01
3.094944562383459719e+00
1.056801912309751401e+00
-5.376865479109671497e-02
nan
-1.455332920388520135e+00
-5.376865479109671497e-02
nan
2.731558467441934646e+00
nan
7.394621285495879270e-01
1.475301169397205570e+00
-2.409251088624949411e+00
-1.615308248925808821e+00
6.379228918311179442e-01
-1.623852925227511346e+00
1.524860291947041091e+00
nan
7.316295086063551167e-01
nan
1.894180189875847020e+00
nan
-8.306221418868302564e-01
-1.455332920388520135e+00
7.316295086063551167e-01
3.094944562383459719e+00
-6.183344062136111319e-01
-8.384547618300595140e-01
1.524860291947041091e+00
-1.455332920388520135e+00
2.301713779042769303e+00
nan
-2.711590218433248989e+00
nan
-4.593603484785191426e-02
2.731558467441934646e+00
3.086399886081760080e+00
1.524860291947041091e+00
1.056801912309751401e+00
2.301713779042769303e+00
-1.615308248925808821e+00
6.379228918311179442e-01
-1.623852925227511346e+00
-4.593603484785191426e-02
2.731558467441934646e+00
nan
-1.395710067972248947e+00
2.369643955641260291e+00
4.824097831402722747e-01
-2.651777484321381717e+00
2.369643955641260291e+00
-2.029725049557997707e+00
-1.402122967098851092e-01
-1.430605221437848407e-01
-1.459087475776792431e-01
-7.679611823410672500e-01
-7.708094077749669815e-01
-1.401406518840045745e+00
-2.651777484321381717e+00
4.852580085741657889e-01
2.366795730207370774e+00
-1.402122967098851092e-01
-1.430605221437848407e-01
-1.459087475776792431e-01
-7.679611823410672500e-01
-1.430605221437848407e-01
-2.657473935189180736e+00
4.881062340080655204e-01
1.113576539292127521e+00
1.110728313858235339e+00
-7.679611823410672500e-01
-1.398558293406148900e+00
2.366795730207370774e+00
-7.679611823410672500e-01
-1.398558293406148900e+00
-2.029725049557997707e+00
1.744173650357209837e+00
nan
1.738477199489407710e+00
-7.679611823410672500e-01
-7.708094077749669815e-01
-7.736576332088627161e-01
3.000241066706342608e+00
1.113576539292127521e+00
-7.736576332088627161e-01
4.881062340080655204e-01
1.113576539292127521e+00
1.110728313858235339e+00
1.116424764726027696e+00
1.113576539292127521e+00
1.738477199489407710e+00
-1.395710067972248947e+00
-2.654625709755281449e+00
-1.459087475776792431e-01
-2.024028598690200020e+00
1.113576539292127521e+00
-7.736576332088627161e-01
nan
1.113576539292127521e+00
nan
-7.679611823410672500e-01
-1.398558293406148900e+00
2.994544615838565349e+00
1.116424764726027696e+00
1.741325424923309662e+00
2.366795730207370774e+00
4.881062340080655204e-01
4.852580085741657889e-01
1.110728313858235339e+00
-1.402122967098851092e-01
-1.430605221437848407e-01
-1.459087475776792431e-01
4.881062340080655204e-01
4.852580085741657889e-01
4.824097831402722747e-01
-1.395710067972248947e+00
2.997392841272442432e+00
4.824097831402722747e-01
1.744173650357209837e+00
2.369643955641260291e+00
nan
4.881062340080655204e-01
4.852580085741657889e-01
1.110728313858235339e+00
-1.402122967098851092e-01
-1.430605221437848407e-01
-1.459087475776792431e-01
1.116424764726027696e+00
1.741325424923309662e+00
2.994544615838565349e+00
-1.402122967098851092e-01
-7.708094077749669815e-01
-7.736576332088627161e-01
4.881062340080655204e-01
4.852580085741657889e-01
4.824097831402722747e-01
-1.402122967098851092e-01
-1.430605221437848407e-01
-1.459087475776792431e-01
-7.679611823410672500e-01
-7.708094077749669815e-01
-7.736576332088627161e-01
4.881062340080655204e-01
4.852580085741657889e-01
4.824097831402722747e-01
-7.679611823410672500e-01
-1.398558293406148900e+00
-1.401406518840045745e+00
-7.679611823410672500e-01
-7.708094077749669815e-01
-7.736576332088627161e-01
3.000241066706342608e+00
4.852580085741657889e-01
-1.401406518840045745e+00
4.881062340080655204e-01
4.852580085741657889e-01
4.824097831402722747e-01
3.000241066706342608e+00
-1.430605221437848407e-01
-2.029725049557997707e+00
4.881062340080655204e-01
4.852580085741657889e-01
1.110728313858235339e+00
1.744173650357209837e+00
2.369643955641260291e+00
nan
8.182414547553675810e-01
5.752619322853567141e-01
2.789198993628714263e-01
-8.943188197721929633e-01
-1.308554369694958197e+00
-1.116710563247276911e+00
-3.236380146529360680e-01
-6.808054840637760563e-01
-4.192118014348520383e-01
-8.943188197721929633e-01
-5.248695334582542671e-02
2.789198993628714263e-01
-3.236380146529360680e-01
-6.808054840637760563e-01
-1.116710563247276911e+00
2.475606496361106856e-01
-5.248695334582542671e-02
-4.192118014348520383e-01
8.182414547553675810e-01
-5.248695334582542671e-02
-4.192118014348520383e-01
-8.943188197721929633e-01
-6.808054840637760563e-01
-1.116710563247276911e+00
1.388922259874624920e+00
-6.808054840637760563e-01
-1.116710563247276911e+00
1.388922259874624920e+00
5.752619322853567141e-01
2.789198993628714263e-01
2.475606496361106856e-01
-6.808054840637760563e-01
-1.116710563247276911e+00
8.182414547553675810e-01
5.752619322853567141e-01
2.789198993628714263e-01
-3.236380146529360680e-01
-6.808054840637760563e-01
-4.192118014348520383e-01
-2.607396953469554024e+00
-6.808054840637760563e-01
-1.116710563247276911e+00
-2.607396953469554024e+00
-6.808054840637760563e-01
-1.116710563247276911e+00
-3.236380146529360680e-01
-5.248695334582542671e-02
2.789198993628714263e-01
8.182414547553675810e-01
1.203010817916538855e+00
nan
-3.236380146529360680e-01
-1.308554369694958197e+00
-1.116710563247276911e+00
-2.607396953469554024e+00
-5.248695334582542671e-02
2.789198993628714263e-01
2.475606496361106856e-01
-1.308554369694958197e+00
-1.116710563247276911e+00
-3.236380146529360680e-01
-1.308554369694958197e+00
-1.116710563247276911e+00
-3.236380146529360680e-01
-6.808054840637760563e-01
-4.192118014348520383e-01
2.475606496361106856e-01
5.752619322853567141e-01
9.764186611752965206e-01
1.388922259874624920e+00
5.752619322853567141e-01
2.789198993628714263e-01
-1.465517484061250153e+00
-5.248695334582542671e-02
2.789198993628714263e-01
-3.236380146529360680e-01
-1.936872900412920151e+00
-1.814842264045012810e+00
-3.236380146529360680e-01
-1.308554369694958197e+00
-1.116710563247276911e+00
nan
5.752619322853567141e-01
9.764186611752965206e-01
8.182414547553675810e-01
-5.248695334582542671e-02
-4.192118014348520383e-01
1.388922259874624920e+00
nan
-4.192118014348520383e-01
-1.465517484061250153e+00
-1.936872900412920151e+00
-1.116710563247276911e+00
-2.607396953469554024e+00
-6.808054840637760563e-01
-4.192118014348520383e-01
1.388922259874624920e+00
-6.808054840637760563e-01
-1.116710563247276911e+00
1.388922259874624920e+00
1.831329348634489484e+00
nan
-3.236380146529360680e-01
-6.808054840637760563e-01
-4.192118014348520383e-01
2.475606496361106856e-01
-5.248695334582542671e-02
2.789198993628714263e-01
2.531319588452728198e+00
2.459647879352451660e+00
-1.116710563247276911e+00
-3.236380146529360680e-01
-6.808054840637760563e-01
-4.192118014348520383e-01
1.388922259874624920e+00
1.203010817916538855e+00
9.764186611752965206e-01
-2.607396953469554024e+00
5.752619322853567141e-01
-1.814842264045012810e+00
-3.451092525392502885e-01
5.456403877728073226e-01
3.175687361534156317e-01
6.210964523446982355e-01
9.645194082514478850e-01
1.102610871371624057e+00
-3.451092525392502885e-01
nan
-7.477431736608064483e-02
-1.794636904129323085e+00
nan
-1.252515534283016541e+00
-8.284311992453745610e-01
1.271411306853602596e-01
-4.674733990648074489e-01
-8.284311992453745610e-01
-2.913581264020868034e-01
-4.674733990648074489e-01
6.210964523446982355e-01
-2.913581264020868034e-01
-1.645214615981743345e+00
-8.284311992453745610e-01
-1.547615424446815879e+00
7.102678178521282248e-01
1.377745056385908384e-01
5.456403877728073226e-01
3.175687361534156317e-01
-8.284311992453745610e-01
nan
-4.674733990648074489e-01
-8.284311992453745610e-01
1.271411306853602596e-01
-4.674733990648074489e-01
-3.451092525392502885e-01
1.271411306853602596e-01
-7.477431736608064483e-02
-8.284311992453745610e-01
-2.913581264020868034e-01
-4.674733990648074489e-01
1.377745056385908384e-01
5.456403877728073226e-01
3.175687361534156317e-01
-1.311314957423198369e+00
-1.966114681534277597e+00
-7.477431736608064483e-02
1.377745056385908384e-01
9.645194082514478850e-01
7.102678178521282248e-01
nan
2.639275963383639123e+00
nan
-1.311314957423198369e+00
-1.966114681534277597e+00
-7.477431736608064483e-02
nan
3.058154983862265475e+00
nan
-8.284311992453745610e-01
nan
-8.598164525842899586e-01
nan
-1.966114681534277597e+00
3.175687361534156317e-01
1.587302157228664079e+00
2.220776706296176961e+00
nan
-1.794636904129323085e+00
-7.102371468807278099e-01
-1.252515534283016541e+00
1.377745056385908384e-01
9.645194082514478850e-01
7.102678178521282248e-01
3.036391620290435966e+00
1.271411306853602596e-01
3.175687361534156317e-01
-2.277958850835447802e+00
-1.128736403968189528e+00
-2.037557669501225632e+00
nan
-2.384993702012918604e+00
1.102610871371624057e+00
nan
3.058154983862265475e+00
nan
-2.760842609013271609e+00
-1.966114681534277597e+00
-2.822599804719434502e+00
nan
-2.803492959100365667e+00
-4.674733990648074489e-01
-3.451092525392502885e-01
nan
-7.477431736608064483e-02
1.377745056385908384e-01
5.456403877728073226e-01
7.102678178521282248e-01
1.377745056385908384e-01
-7.102371468807278099e-01
1.495309953070351305e+00
1.587302157228664079e+00
2.220776706296176961e+00
nan
-1.311314957423198369e+00
1.801897685817536399e+00
-4.674733990648074489e-01
-1.311314957423198369e+00
nan
-8.598164525842899586e-01
1.103980210522538918e+00
-7.102371468807278099e-01
-2.822599804719434502e+00
-1.794636904129323085e+00
-7.102371468807278099e-01
-1.252515534283016541e+00
-8.284311992453745610e-01
1.271411306853602596e-01
-7.477431736608064483e-02
2.070185915406487887e+00
nan
2.279996060109315437e+00
2.727984223760191895e+00
nan
1.354599704898449275e+00
1.250257851584727575e+00
1.403525888462974436e+00
1.354599704898449275e+00
-2.444058078853915461e+00
-6.897299237566638652e-01
2.401164317109741653e+00
-5.967325709620148189e-01
-6.897299237566638652e-01
-7.388459890167733413e-01
1.421306151257240025e-01
1.476483538094242043e-01
-4.134722720436112553e-02
3.097583359476627329e+00
5.661476108968863663e-01
2.750230167508609824e+00
-5.967325709620148189e-01
-2.712306666692168022e-01
-3.900966081105674554e-01
-1.335595757049740762e+00
nan
2.401164317109741653e+00
-2.274685205907243102e-01
-2.712306666692168022e-01
-3.900966081105674554e-01
1.250257851584727575e+00
1.822404908941614998e+00
2.401164317109741653e+00
-2.274685205907243102e-01
-2.712306666692168022e-01
-3.900966081105674554e-01
1.250257851584727575e+00
-6.897299237566638652e-01
-1.785727070720715570e+00
1.250257851584727575e+00
1.403525888462974436e+00
1.354599704898449275e+00
5.113946654970011885e-01
5.661476108968863663e-01
3.077186231945070460e-01
-5.967325709620148189e-01
-6.897299237566638652e-01
-7.388459890167733413e-01
1.989121037672453518e+00
2.240904166029062061e+00
2.052414936203523332e+00
nan
nan
-3.900966081105674554e-01
-1.335595757049740762e+00
-2.364486478888840004e+00
-2.832291682932008392e+00
-2.274685205907243102e-01
1.476483538094242043e-01
-3.900966081105674554e-01
5.113946654970011885e-01
5.661476108968863663e-01
3.077186231945070460e-01
-1.335595757049740762e+00
-1.108608944235304872e+00
-1.436661220321860055e+00
1.421306151257240025e-01
3.078282443595150575e+00
3.077186231945070460e-01
5.113946654970011885e-01
5.661476108968863663e-01
3.077186231945070460e-01
-2.274685205907243102e-01
-1.108608944235304872e+00
-1.436661220321860055e+00
1.421306151257240025e-01
1.476483538094242043e-01
-4.134722720436112553e-02
nan
2.240904166029062061e+00
nan
-2.274685205907243102e-01
1.476483538094242043e-01
-3.900966081105674554e-01
nan
nan
2.401164317109741653e+00
-2.274685205907243102e-01
1.476483538094242043e-01
-4.134722720436112553e-02
8.806587158682788186e-01
1.822404908941614998e+00
1.703349085804667595e+00
-2.274685205907243102e-01
1.476483538094242043e-01
-3.900966081105674554e-01
1.421306151257240025e-01
5.661476108968863663e-01
-4.134722720436112553e-02
2.358720173388901387e+00
nan
1.703349085804667595e+00
-9.663317066784502529e-01
-6.897299237566638652e-01
-7.388459890167733413e-01
1.989121037672453518e+00
-1.108608944235304872e+00
2.401164317109741653e+00
nan
9.850266313755122738e-01
2.401164317109741653e+00
1.421306151257240025e-01
1.476483538094242043e-01
-4.134722720436112553e-02
5.113946654970011885e-01
-6.897299237566638652e-01
2.401164317109741653e+00
2.358720173388901387e+00
nan
6.567844735933747735e-01
1.250257851584727575e+00
2.240904166029062061e+00
nan
1.886313662486982956e+00
2.894425099936612789e-01
-3.274356485648106663e-01
1.288186321368348430e+00
6.817855635131437886e-01
5.099426290012920582e-01
9.892582805915894895e-01
6.817855635131437886e-01
5.099426290012920582e-01
1.587385621710234673e+00
1.074484645211870593e+00
9.284418860887391212e-01
9.193163913106827678e-02
nan
9.106360852265105166e-02
9.892582805915894895e-01
6.817855635131437886e-01
5.099426290012920582e-01
3.911309394729549638e-01
2.894425099936612789e-01
9.106360852265105166e-02
-2.300577725343469826e+00
1.466827698731366425e+00
-1.164813926130898736e+00
9.892582805915894895e-01
nan
5.099426290012920582e-01
1.587385621710234673e+00
2.894425099936612789e-01
-3.274356485648106663e-01
9.193163913106827678e-02
2.894425099936612789e-01
9.106360852265105166e-02
3.911309394729549638e-01
-4.959556534037923292e-01
-7.463146690434370178e-01
9.892582805915894895e-01
-1.032565717050655252e-01
-7.463146690434370178e-01
6.900589802497134606e-01
6.817855635131437886e-01
5.099426290012920582e-01
9.892582805915894895e-01
6.817855635131437886e-01
5.099426290012920582e-01
-2.001378425001593797e+00
-1.032565717050655252e-01
-3.274356485648106663e-01
-2.001378425001593797e+00
6.817855635131437886e-01
9.284418860887391212e-01
3.082568344724252007e+00
-1.032565717050655252e-01
-2.002192203696986805e+00
-2.300577725343469826e+00
-8.882987069232743949e-01
-1.164813926130898736e+00
-2.001378425001593797e+00
-4.959556534037923292e-01
-1.164813926130898736e+00
1.587385621710234673e+00
-1.032565717050655252e-01
-3.274356485648106663e-01
3.911309394729549638e-01
2.894425099936612789e-01
9.106360852265105166e-02
-5.061957019875662489e-01
2.894425099936612789e-01
9.106360852265105166e-02
6.900589802497134606e-01
-4.959556534037923292e-01
-7.463146690434370178e-01
9.892582805915894895e-01
6.817855635131437886e-01
5.099426290012920582e-01
1.587385621710234673e+00
-1.032565717050655252e-01
-3.274356485648106663e-01
6.900589802497134606e-01
-8.882987069232743949e-01
-1.164813926130898736e+00
1.886313662486982956e+00
nan
1.346941143176185740e+00
9.892582805915894895e-01
6.817855635131437886e-01
5.099426290012920582e-01
1.587385621710234673e+00
-4.959556534037923292e-01
-7.463146690434370178e-01
-1.104323043106200775e+00
-1.032565717050655252e-01
-7.463146690434370178e-01
-1.403251083882948613e+00
-1.032565717050655252e-01
-7.463146690434370178e-01
6.900589802497134606e-01
6.817855635131437886e-01
5.099426290012920582e-01
3.911309394729549638e-01
6.817855635131437886e-01
5.099426290012920582e-01
3.911309394729549638e-01
-4.959556534037923292e-01
-7.463146690434370178e-01
6.900589802497134606e-01
-2.065683895660979541e+00
-7.463146690434370178e-01
-2.069964016456795619e-01
2.894425099936612789e-01
9.106360852265105166e-02
-2.069964016456795619e-01
2.894425099936612789e-01
9.106360852265105166e-02
1.288186321368348430e+00
-1.032565717050655252e-01
-3.274356485648106663e-01
2.484441003605617482e+00
nan
-1.583692946609539742e+00
-1.700107687980506599e+00
-1.429187671533763249e+00
-2.277520662307142896e+00
-5.582282185722027279e-01
-4.629819666498149466e-01
-5.644425286097818351e-01
nan
nan
-1.135641192898839025e+00
1.154332055955368475e+00
nan
2.289997215326072144e+00
1.245258654705416745e-02
-4.629819666498149466e-01
-5.644425286097818351e-01
1.245258654705416745e-02
-4.629819666498149466e-01
-5.644425286097818351e-01
-1.700107687980506599e+00
nan
5.769190816287115275e-01
5.836512508361115792e-01
5.032237382341508969e-01
5.769190816287115275e-01
nan
5.032237382341508969e-01
nan
1.725530720244415228e+00
nan
nan
-1.129426882861249481e+00
-9.463039133559223437e-01
-1.706321998018106134e+00
5.836512508361115792e-01
5.032237382341508969e-01
6.238276509464846242e-03
1.154332055955368475e+00
9.861074964119742603e-01
5.769190816287115275e-01
-2.842505016558610542e+00
5.032237382341508969e-01
1.148117745917768495e+00
-1.700107687980506599e+00
1.468991254589798068e+00
-5.644425286097818351e-01
nan
2.918518906179871308e+00
nan
-5.582282185722027279e-01
-9.463039133559223437e-01
-1.135641192898839025e+00
1.245258654705416745e-02
1.990179152802618034e-02
6.238276509464846242e-03
-5.582282185722027279e-01
2.435635148002047501e+00
nan
1.725530720244415228e+00
2.435635148002047501e+00
nan
-2.271306352269563344e+00
9.861074964119742603e-01
-1.135641192898839025e+00
-5.582282185722027279e-01
-4.629819666498149466e-01
-1.135641192898839025e+00
1.154332055955368475e+00
9.861074964119742603e-01
5.769190816287115275e-01
-1.700107687980506599e+00
9.861074964119742603e-01
-1.135641192898839025e+00
nan
-2.878715323123836267e+00
nan
1.245258654705416745e-02
1.990179152802618034e-02
-5.644425286097818351e-01
-5.582282185722027279e-01
2.918518906179871308e+00
1.719316410206825907e+00
nan
5.032237382341508969e-01
nan
1.245258654705416745e-02
-4.629819666498149466e-01
-5.644425286097818351e-01
-5.582282185722027279e-01
-9.463039133559223437e-01
-2.277520662307142896e+00
2.296211525363672123e+00
nan
-5.644425286097818351e-01
1.245258654705416745e-02
1.990179152802618034e-02
6.238276509464846242e-03
-1.700107687980506599e+00
-1.429187671533763249e+00
-2.277520662307142896e+00
2.866892330482929019e+00
nan
6.238276509464846242e-03
5.836512508361115792e-01
5.032237382341508969e-01
6.238276509464846242e-03
5.836512508361115792e-01
1.952313201295923228e+00
-1.135641192898839025e+00
1.154332055955368475e+00
5.032237382341508969e-01
5.769190816287115275e-01
5.836512508361115792e-01
1.990179152802618034e-02
6.238276509464846242e-03
nan
2.918518906179871308e+00
nan
-5.582282185722027279e-01
-9.463039133559223437e-01
-1.135641192898839025e+00
1.382492098775585099e-01
1.267884932506890827e-01
-1.141838981293443744e-01
-3.853495657207419711e-01
-7.704025184272649263e-01
-5.970676563071681819e-01
-9.084736370800499117e-01
-1.218794579592403782e+00
-1.079951414484991989e+00
1.382492098775585099e-01
1.267884932506890827e-01
-1.141838981293443744e-01
1.382492098775585099e-01
1.023979504928643536e+00
8.524599952829046146e-01
nan
1.023979504928643536e+00
nan
-1.432072412678350171e+00
-1.218794579592403782e+00
-1.563273361191116706e+00
6.613732812368846581e-01
5.755874437635202234e-01
3.691380485767803421e-01
-3.853495657207419711e-01
-3.216035679144497728e-01
-1.141838981293443744e-01
6.613732812368846581e-01
5.755874437635202234e-01
3.691380485767803421e-01
-9.084736370800499117e-01
-7.704025184272649263e-01
-1.079951414484991989e+00
6.613732812368846581e-01
1.023979504928643536e+00
8.524599952829046146e-01
1.382492098775585099e-01
1.267884932506890827e-01
-1.141838981293443744e-01
-1.432072412678350171e+00
-2.564784541783188931e+00
-1.563273361191116706e+00
6.613732812368846581e-01
5.755874437635202234e-01
3.691380485767803421e-01
-3.853495657207419711e-01
-3.216035679144497728e-01
-5.970676563071681819e-01
-9.084736370800499117e-01
-7.704025184272649263e-01
-1.079951414484991989e+00
-3.853495657207419711e-01
-3.216035679144497728e-01
-5.970676563071681819e-01
1.382492098775585099e-01
1.267884932506890827e-01
-1.141838981293443744e-01
-9.084736370800499117e-01
-2.115985591270357791e+00
-1.079951414484991989e+00
1.184972056835166931e+00
1.472371566093766404e+00
1.335343753460728422e+00
nan
1.921170516606597545e+00
nan
1.184972056835166931e+00
1.472371566093766404e+00
2.301549458344694266e+00
-9.084736370800499117e-01
-7.704025184272649263e-01
-1.079951414484991989e+00
1.184972056835166931e+00
2.818361528284551554e+00
2.301549458344694266e+00
1.184972056835166931e+00
1.472371566093766404e+00
-1.563273361191116706e+00
1.382492098775585099e-01
5.755874437635202234e-01
3.691380485767803421e-01
-3.853495657207419711e-01
-3.216035679144497728e-01
-5.970676563071681819e-01
1.382492098775585099e-01
1.267884932506890827e-01
-1.141838981293443744e-01
6.613732812368846581e-01
5.755874437635202234e-01
3.691380485767803421e-01
1.382492098775585099e-01
5.755874437635202234e-01
3.691380485767803421e-01
1.382492098775585099e-01
-1.218794579592403782e+00
-1.563273361191116706e+00
-3.001919330995266311e+00
1.921170516606597545e+00
nan
-1.432072412678350171e+00
1.023979504928643536e+00
-1.563273361191116706e+00
-2.478795259635958370e+00
1.267884932506890827e-01
-1.079951414484991989e+00
1.382492098775585099e-01
1.267884932506890827e-01
-1.141838981293443744e-01
1.184972056835166931e+00
1.023979504928643536e+00
8.524599952829046146e-01
-3.853495657207419711e-01
1.472371566093766404e+00
1.818665700166853583e+00
6.613732812368846581e-01
5.755874437635202234e-01
3.691380485767803421e-01
-3.853495657207419711e-01
-3.216035679144497728e-01
-5.970676563071681819e-01
-2.794067490912315321e-01
-5.009400479131085326e-01
-9.079739484074380584e-01
1.198319623084233676e+00
1.854186357741527402e+00
nan
-2.794067490912315321e-01
-8.932831014325897101e-01
-1.238368098739645040e+00
-6.486707994625091622e-01
-1.285982183131315848e+00
-1.899456212607609773e+00
8.290555727129427233e-01
1.461843304222032458e+00
1.736378507064420873e+00
3.045645130976133430e+00
-2.856066453567744468e+00
-2.560844139679148590e+00
-2.495996307354409360e+00
-1.285982183131315848e+00
-2.468858345394733256e-01
9.019238662521678052e-02
-1.085969943936269111e-01
-5.772799848716800852e-01
nan
-1.678325236650811236e+00
2.728160584468155569e+00
-1.018269935178957475e+00
-1.678325236650811236e+00
1.075290393196456584e+00
3.045645130976133430e+00
6.768011690038249206e-01
1.736378507064420873e+00
-2.794067490912315321e-01
-5.009400479131085326e-01
-9.079739484074380584e-01
4.594564369965072892e-01
6.768011690038249206e-01
7.445964296606870647e-01
1.567918758800681545e+00
3.031927574658460856e+00
nan
-6.486707994625091622e-01
-1.678325236650811236e+00
4.142022793284914073e-01
1.198319623084233676e+00
-1.285982183131315848e+00
8.380812899629619395e-02
4.594564369965072892e-01
2.841020873050990048e-01
8.380812899629619395e-02
4.594564369965072892e-01
6.768011690038249206e-01
7.445964296606870647e-01
4.594564369965072892e-01
6.768011690038249206e-01
7.445964296606870647e-01
-1.018269935178957475e+00
-1.285982183131315848e+00
-2.230150176143379070e+00
1.937182809171959619e+00
nan
nan
3.045645130976133430e+00
2.841020873050990048e-01
-1.899456212607609773e+00
-6.486707994625091622e-01
-1.678325236650811236e+00
4.142022793284914073e-01
4.594564369965072892e-01
6.768011690038249206e-01
7.445964296606870647e-01
9.019238662521678052e-02
-1.085969943936269111e-01
-5.772799848716800852e-01
-1.387869070895406010e+00
2.841020873050990048e-01
1.736378507064420873e+00
-2.495996307354409360e+00
-8.932831014325897101e-01
-2.230150176143379070e+00
4.594564369965072892e-01
2.841020873050990048e-01
4.142022793284914073e-01
4.594564369965072892e-01
2.841020873050990048e-01
4.142022793284914073e-01
1.567918758800681545e+00
nan
-2.560844139679148590e+00
8.290555727129427233e-01
6.768011690038249206e-01
1.075290393196456584e+00
1.198319623084233676e+00
2.246885439440239551e+00
nan
-2.794067490912315321e-01
-1.085969943936269111e-01
-5.772799848716800852e-01
-2.794067490912315321e-01
-5.009400479131085326e-01
-9.079739484074380584e-01
8.290555727129427233e-01
1.069144222523306098e+00
1.075290393196456584e+00
4.594564369965072892e-01
6.768011690038249206e-01
4.142022793284914073e-01
4.594564369965072892e-01
6.768011690038249206e-01
4.142022793284914073e-01
-1.018269935178957475e+00
-2.463367371869018552e+00
-5.772799848716800852e-01
9.019238662521678052e-02
-1.085969943936269111e-01
-2.468858345394733256e-01
-6.486707994625091622e-01
-1.285982183131315848e+00
-1.899456212607609773e+00
3.095860063415778463e+00
7.533472275398427342e-01
-6.696024640237787651e-01
3.095860063415778463e+00
nan
1.423653348195858648e+00
1.301884929407567171e+00
1.146046309238569094e+00
1.005154091108397374e+00
nan
3.610041740203602245e-01
2.679530882849394224e+00
-9.412960444611662147e-01
-1.994122231634280595e+00
-6.696024640237787651e-01
nan
2.323787526155505212e+00
nan
-4.924970939483364063e-01
-2.386465285153763105e+00
2.261031625761947161e+00
-4.410503278321442622e-02
-1.209080096416057737e+00
-1.507360504981061000e+00
1.750276990572705138e+00
2.323787526155505212e+00
3.098409903328034787e+00
-4.410503278321442622e-02
3.610041740203602245e-01
1.677758135423093044e-01
-4.924970939483364063e-01
-4.240379611978486452e-01
-2.511032069363317021e-01
4.046939177296153822e-01
7.533472275398427342e-01
5.862750706297710224e-01
4.046939177296153822e-01
3.610041740203602245e-01
5.862750706297710224e-01
-4.924970939483364063e-01
-3.133887949912184112e-02
1.677758135423093044e-01
-4.924970939483364063e-01
-3.133887949912184112e-02
1.677758135423093044e-01
-9.412960444611662147e-01
1.538745390937296342e+00
-6.696024640237787651e-01
-9.412960444611662147e-01
-1.601423149935553791e+00
5.862750706297710224e-01
nan
1.931088444456777964e+00
nan
-2.286879117304239983e+00
2.323787526155505212e+00
3.098409903328034787e+00
4.046939177296153822e-01
3.610041740203602245e-01
5.862750706297710224e-01
-4.924970939483364063e-01
-3.133887949912184112e-02
1.677758135423093044e-01
-4.924970939483364063e-01
-4.240379611978486452e-01
-2.511032069363317021e-01
-4.410503278321442622e-02
-3.133887949912184112e-02
1.677758135423093044e-01
nan
1.931088444456777964e+00
nan
-1.390094994973996245e+00
-8.163810147173449216e-01
-6.696024640237787651e-01
8.530859788947529054e-01
7.533472275398427342e-01
1.005154091108397374e+00
-4.410503278321442622e-02
1.146046309238569094e+00
2.261031625761947161e+00
4.046939177296153822e-01
3.610041740203602245e-01
5.862750706297710224e-01
-4.410503278321442622e-02
-3.133887949912184112e-02
1.677758135423093044e-01
nan
1.538745390937296342e+00
nan
-1.390094994973996245e+00
-8.163810147173449216e-01
-6.696024640237787651e-01
1.301884929407567171e+00
1.146046309238569094e+00
1.423653348195858648e+00
-1.390094994973996245e+00
-3.133887949912184112e-02
1.842532368674500098e+00
-4.410503278321442622e-02
3.610041740203602245e-01
5.862750706297710224e-01
1.301884929407567171e+00
-4.240379611978486452e-01
-1.088481484502419994e+00
-4.924970939483364063e-01
-4.240379611978486452e-01
-2.511032069363317021e-01
1.301884929407567171e+00
1.146046309238569094e+00
1.423653348195858648e+00
-4.410503278321442622e-02
-1.209080096416057737e+00
-1.507360504981061000e+00
8.530859788947529054e-01
7.533472275398427342e-01
1.005154091108397374e+00
-1.838487056139118003e+00
-3.133887949912184112e-02
-1.507360504981061000e+00
-1.141828247190665335e+00
-1.356730068462613792e+00
-9.214302704264083488e-01
1.171830244745436289e+00
1.334842966571256895e+00
2.034022473924508745e+00
8.411362812096663255e-01
4.376519548933055503e-01
1.866969660325947800e-01
-1.472522210726434855e+00
1.334842966571256895e+00
-5.518311347099595920e-01
-1.503459829904936207e-01
-4.595390567846622254e-01
-5.518311347099595920e-01
1.803479805452758988e-01
-1.074010627183241695e-02
-5.518311347099595920e-01
1.171830244745436289e+00
4.376519548933055503e-01
5.562961017490435367e-01
8.411362812096663255e-01
-1.074010627183241695e-02
-1.825670843386824060e-01
1.171830244745436289e+00
4.376519548933055503e-01
1.866969660325947800e-01
1.171830244745436289e+00
4.376519548933055503e-01
1.866969660325947800e-01
-2.794698438462364543e+00
-1.356730068462613792e+00
-2.399156642601873113e+00
-2.794698438462364543e+00
-2.702313141305687338e+00
-2.029557506885424800e+00
-2.133610324594399366e+00
-9.079311179497842055e-01
-1.290694320797698857e+00
5.107421308774711122e-01
-1.074010627183241695e-02
-1.825670843386824060e-01
-1.141828247190665335e+00
-1.356730068462613792e+00
5.562961017490435367e-01
1.502524208281205809e+00
-4.595390567846622254e-01
-1.290694320797698857e+00
8.411362812096663255e-01
4.376519548933055503e-01
1.866969660325947800e-01
1.803479805452758988e-01
8.864509054061193716e-01
1.295159287836769479e+00
5.107421308774711122e-01
-1.074010627183241695e-02
-1.825670843386824060e-01
8.411362812096663255e-01
-9.079311179497842055e-01
3.142484795728682556e+00
-1.472522210726434855e+00
-9.079311179497842055e-01
-1.660293456514134292e+00
1.171830244745436289e+00
8.864509054061193716e-01
9.258952374654918493e-01
2.163612322149170097e+00
nan
2.034022473924508745e+00
1.171830244745436289e+00
nan
9.258952374654918493e-01
1.171830244745436289e+00
8.864509054061193716e-01
9.258952374654918493e-01
-2.464304288130168885e+00
-1.356730068462613792e+00
-2.399156642601873113e+00
8.411362812096663255e-01
-1.805529018975443600e+00
2.772885660012234688e+00
-2.133610324594399366e+00
1.783641917084087147e+00
nan
1.171830244745436289e+00
8.864509054061193716e-01
5.562961017490435367e-01
-4.807401333227003803e-01
-4.595390567846622254e-01
-5.518311347099595920e-01
5.107421308774711122e-01
-1.074010627183241695e-02
-1.825670843386824060e-01
5.107421308774711122e-01
-1.074010627183241695e-02
-1.825670843386824060e-01
-2.794698438462364543e+00
-2.702313141305687338e+00
1.295159287836769479e+00
1.502524208281205809e+00
8.864509054061193716e-01
9.258952374654918493e-01
-2.794698438462364543e+00
-9.079311179497842055e-01
-1.660293456514134292e+00
-2.133610324594399366e+00
-1.356730068462613792e+00
-2.768420692973150743e+00
-2.133610324594399366e+00
-2.253921080140565358e+00
-1.290694320797698857e+00
-1.141828247190665335e+00
-1.805529018975443600e+00
1.295159287836769479e+00
-1.503459829904936207e-01
-1.805529018975443600e+00
9.258952374654918493e-01
5.107421308774711122e-01
-9.079311179497842055e-01
-1.660293456514134292e+00
