-9.634608844362624325e-02
1.503175372741023530e-01
-1.016043507831301262e-01
nan
6.734416086334160667e-01
nan
3.869758582624953647e-01
6.734416086334160667e-01
3.812794073946976781e-01
-2.994963203095482029e+00
-1.420004085281812545e+00
-3.000221465434988133e+00
1.353181563146447886e+00
-1.420004085281812545e+00
-3.000221465434988133e+00
3.869758582624953647e-01
nan
8.646013541008179537e-01
-5.792298466214562680e-01
-8.964053096835131740e-01
-1.067810055667083091e+00
3.869758582624953647e-01
6.734416086334160667e-01
3.812794073946976781e-01
3.869758582624953647e-01
1.503175372741023530e-01
3.812794073946976781e-01
-5.792298466214562680e-01
-3.732812383241972398e-01
-1.016043507831301262e-01
-9.634608844362624325e-02
-3.732812383241972398e-01
-5.849262974892548428e-01
-1.545435551505407901e+00
-8.964053096835131740e-01
-5.849262974892548428e-01
-9.634608844362624325e-02
-8.964053096835131740e-01
-1.067810055667083091e+00
-9.634608844362624325e-02
1.503175372741023530e-01
-1.016043507831301262e-01
-5.792298466214562680e-01
-8.964053096835131740e-01
-1.067810055667083091e+00
-5.792298466214562680e-01
-3.732812383241972398e-01
-5.849262974892548428e-01
8.698596164403253894e-01
6.734416086334160667e-01
8.646013541008179537e-01
-1.062551793327578764e+00
-1.420004085281812545e+00
-1.551132002373207586e+00
3.869758582624953647e-01
1.503175372741023530e-01
3.812794073946976781e-01
-9.634608844362624325e-02
1.503175372741023530e-01
-1.016043507831301262e-01
-9.634608844362624325e-02
1.503175372741023530e-01
-1.016043507831301262e-01
8.698596164403253894e-01
1.720164455591031150e+00
nan
1.353181563146447886e+00
6.734416086334160667e-01
8.646013541008179537e-01
2.802271026208228655e+00
6.734416086334160667e-01
-1.551132002373207586e+00
3.869758582624953647e-01
1.503175372741023530e-01
3.812794073946976781e-01
-1.062551793327578764e+00
-1.943128156641128701e+00
-2.034015760551035612e+00
-5.792298466214562680e-01
-8.964053096835131740e-01
-1.067810055667083091e+00
1.353181563146447886e+00
1.720164455591031150e+00
nan
-9.634608844362624325e-02
1.503175372741023530e-01
-1.016043507831301262e-01
8.698596164403253894e-01
nan
1.830807058984770919e+00
3.869758582624953647e-01
1.503175372741023530e-01
3.812794073946976781e-01
-2.994963203095482029e+00
1.503175372741023530e-01
8.646013541008179537e-01
-5.792298466214562680e-01
-3.732812383241972398e-01
-5.849262974892548428e-01
2.318949079502106159e+00
nan
1.347485112278650199e+00
3.869758582624953647e-01
1.503175372741023530e-01
3.812794073946976781e-01
-1.062551793327578764e+00
-1.420004085281812545e+00
-2.034015760551035612e+00
-5.792298466214562680e-01
-3.732812383241972398e-01
-5.849262974892548428e-01
-5.792298466214562680e-01
-1.420004085281812545e+00
-1.551132002373207586e+00
-9.634608844362624325e-02
1.503175372741023530e-01
-1.016043507831301262e-01
8.698596164403253894e-01
1.196565679992732001e+00
1.830807058984770919e+00
-7.183234051735878367e-01
-1.216873825927884845e+00
-5.411074446600490084e-01
-1.167122355686414759e+00
1.638083777177782530e+00
-5.411074446600490084e-01
nan
-2.358753295336192934e+00
1.391303965107857366e+00
-2.512705428529497631e+00
-1.216873825927884845e+00
9.079820184017322049e-01
1.076058618182323734e+00
2.208764582297034096e+00
2.357509669991805445e+00
2.870440641538232640e+00
1.638083777177782530e+00
-5.822368648222076004e-02
1.973249629860278631e+00
-6.456751616388336501e-01
-2.473518854427952718e+00
6.276665570171955366e-01
1.066885112888728671e+00
9.079820184017322049e-01
1.788676065043675045e-01
4.962043077694744397e-01
4.250982602239039565e-01
-2.695244546607598046e-01
4.962043077694744397e-01
4.250982602239039565e-01
6.276665570171955366e-01
1.638083777177782530e+00
1.391303965107857366e+00
-7.183234051735878367e-01
1.638083777177782530e+00
-5.411074446600490084e-01
-1.167122355686414759e+00
-1.787554631047138853e+00
-1.024429391366171505e+00
1.524857568695150434e+00
2.208764582297034096e+00
-1.024429391366171505e+00
-7.183234051735878367e-01
-1.216873825927884845e+00
-5.411074446600490084e-01
2.422048580373106219e+00
4.962043077694744397e-01
-1.024429391366171505e+00
1.076058618182323734e+00
nan
nan
1.076058618182323734e+00
nan
-2.956840801134075658e+00
nan
-2.929951959625246793e+00
1.391303965107857366e+00
1.973249629860278631e+00
-7.499435651957941928e-02
2.357509669991805445e+00
-2.695244546607598046e-01
-7.499435651957941928e-02
-5.822368648222076004e-02
1.788676065043675045e-01
4.962043077694744397e-01
4.250982602239039565e-01
-1.615514416851542734e+00
-2.929951959625246793e+00
1.391303965107857366e+00
-2.512705428529497631e+00
1.066885112888728671e+00
-5.822368648222076004e-02
-2.695244546607598046e-01
4.962043077694744397e-01
4.250982602239039565e-01
-2.695244546607598046e-01
-6.456751616388336501e-01
-5.822368648222076004e-02
-7.183234051735878367e-01
-6.456751616388336501e-01
-5.822368648222076004e-02
-1.615514416851542734e+00
-7.499435651957941928e-02
-1.024429391366171505e+00
-1.615514416851542734e+00
1.638083777177782530e+00
-5.822368648222076004e-02
2.422048580373106219e+00
nan
9.079820184017322049e-01
nan
-1.787554631047138853e+00
9.079820184017322049e-01
-7.183234051735878367e-01
-1.216873825927884845e+00
-5.822368648222076004e-02
-2.695244546607598046e-01
-6.456751616388336501e-01
-5.822368648222076004e-02
-2.512705428529497631e+00
-1.216873825927884845e+00
-2.956840801134075658e+00
-7.183234051735878367e-01
-1.216873825927884845e+00
-5.411074446600490084e-01
6.276665570171955366e-01
1.066885112888728671e+00
9.079820184017322049e-01
1.076058618182323734e+00
nan
-2.473518854427952718e+00
-7.183234051735878367e-01
-6.456751616388336501e-01
-5.822368648222076004e-02
-2.695244546607598046e-01
-7.499435651957941928e-02
4.250982602239039565e-01
1.076058618182323734e+00
-1.216873825927884845e+00
-2.956840801134075658e+00
4.903640071322903360e-01
1.642195899871770060e-01
-2.081809609315460552e+00
-2.998712149393092385e+00
1.958601613343087244e+00
1.955753387909191510e+00
8.394298575311567312e-01
1.642195899871770060e-01
1.613713645532786067e-01
-1.254015836384072990e+00
1.509802662830258768e+00
1.613713645532786067e-01
-2.074512241727859418e-01
-2.845793605256510261e-01
1.613713645532786067e-01
-1.603081686782939386e+00
6.126116511523052033e-01
-2.874275859595476490e-01
1.536928619343576941e+00
1.509802662830258768e+00
1.506954437396361257e+00
-2.998712149393092385e+00
2.406993674508212777e+00
-7.358196471246780668e-01
-5.562006050789967126e-01
-2.527353445046689018e+00
-2.874275859595476490e-01
-1.603081686782939386e+00
6.126116511523052033e-01
-2.874275859595476490e-01
1.188179238437365726e+00
-2.845793605256510261e-01
-7.358196471246780668e-01
-5.562006050789967126e-01
-7.333783110384790582e-01
-2.874275859595476490e-01
4.903640071322903360e-01
1.509802662830258768e+00
1.955753387909191510e+00
-2.300896918088015664e+00
-2.845793605256510261e-01
-7.358196471246780668e-01
1.188179238437365726e+00
1.061410601665131459e+00
1.058562376231234836e+00
1.885994469742443336e+00
-7.333783110384790582e-01
1.058562376231234836e+00
-1.603081686782939386e+00
1.958601613343087244e+00
nan
-1.603081686782939386e+00
-2.078961383881560820e+00
1.506954437396361257e+00
-1.603081686782939386e+00
-1.181770372203607034e+00
-2.979000620993416781e+00
-2.300896918088015664e+00
1.958601613343087244e+00
nan
1.536928619343576941e+00
1.061410601665131459e+00
1.506954437396361257e+00
2.235060320141309731e+00
1.642195899871770060e-01
-7.358196471246780668e-01
-2.300896918088015664e+00
-2.845793605256510261e-01
-2.530201670480586529e+00
-2.074512241727859418e-01
-2.845793605256510261e-01
1.613713645532786067e-01
2.583809701047520058e+00
nan
1.506954437396361257e+00
-2.300896918088015664e+00
-7.333783110384790582e-01
-1.184618597637504100e+00
-2.074512241727859418e-01
-2.845793605256510261e-01
6.097634257184045836e-01
8.394298575311567312e-01
-7.333783110384790582e-01
-1.633010658802634296e+00
8.394298575311567312e-01
1.061410601665131459e+00
1.058562376231234836e+00
4.903640071322903360e-01
6.126116511523052033e-01
1.058562376231234836e+00
1.416146262260795652e-01
6.126116511523052033e-01
1.058562376231234836e+00
1.536928619343576941e+00
1.958601613343087244e+00
2.852944399587143742e+00
1.416146262260795652e-01
1.642195899871770060e-01
6.097634257184045836e-01
1.188179238437365726e+00
-2.527353445046689018e+00
-2.530201670480586529e+00
2.932875551446385565e+00
nan
1.058562376231234836e+00
-2.074512241727859418e-01
1.642195899871770060e-01
1.613713645532786067e-01
4.903640071322903360e-01
6.126116511523052033e-01
1.058562376231234836e+00
-2.074512241727859418e-01
1.642195899871770060e-01
6.097634257184045836e-01
-2.649646298994226434e+00
-1.630162433368733010e+00
-2.979000620993416781e+00
1.885994469742443336e+00
1.509802662830258768e+00
1.955753387909191510e+00
1.162726049242371218e+00
-2.804290891791119122e-01
-9.110262002441897877e-01
-6.316559741135394646e-01
3.478894415388475991e-01
9.727901017361251235e-01
7.139270987295440740e-01
2.231705743519163399e+00
nan
-1.528846985791495472e+00
-9.081779748102913885e-01
-2.167093616593327887e+00
-1.832639129484121554e-01
3.478894415388475991e-01
1.600538987367304600e+00
2.655350375644158767e-01
9.756383271700244109e-01
2.228857518085263223e+00
-1.528846985791495472e+00
-2.792563921877388555e+00
-2.795412147311284290e+00
nan
-2.792563921877388555e+00
2.857176048803222734e+00
-1.977645936304323060e+00
9.756383271700244109e-01
-2.832773146130107556e-01
7.139270987295440740e-01
-2.164245391159429044e+00
-9.110262002441897877e-01
2.655350375644158767e-01
9.756383271700244109e-01
2.228857518085263223e+00
-1.832639129484121554e-01
9.756383271700244109e-01
1.600538987367304600e+00
1.162726049242371218e+00
-2.804290891791119122e-01
-9.110262002441897877e-01
-1.832639129484121554e-01
nan
-2.832773146130107556e-01
2.655350375644158767e-01
-9.081779748102913885e-01
-1.539344730962148855e+00
-1.080454924626367497e+00
-2.164245391159429044e+00
-1.539344730962148855e+00
-1.080454924626367497e+00
-1.536496505528249568e+00
-9.110262002441897877e-01
-6.316559741135394646e-01
-9.081779748102913885e-01
-2.832773146130107556e-01
7.139270987295440740e-01
2.860024274237122910e+00
nan
2.655350375644158767e-01
3.478894415388475991e-01
9.727901017361251235e-01
7.139270987295440740e-01
nan
9.727901017361251235e-01
-1.832639129484121554e-01
nan
-2.832773146130107556e-01
2.059510171572627613e+00
-2.804290891791119122e-01
-1.539344730962148855e+00
-1.832639129484121554e-01
9.756383271700244109e-01
1.600538987367304600e+00
1.162726049242371218e+00
2.860024274237122910e+00
nan
-6.316559741135394646e-01
3.478894415388475991e-01
3.450412161049487558e-01
2.059510171572627613e+00
9.756383271700244109e-01
3.450412161049487558e-01
2.655350375644158767e-01
nan
3.450412161049487558e-01
-2.426444886817150426e+00
-2.804290891791119122e-01
-1.539344730962148855e+00
2.059510171572627613e+00
nan
nan
-1.080454924626367497e+00
-2.164245391159429044e+00
-1.539344730962148855e+00
2.059510171572627613e+00
nan
3.450412161049487558e-01
-1.832639129484121554e-01
3.478894415388475991e-01
1.600538987367304600e+00
-6.316559741135394646e-01
-2.804290891791119122e-01
3.450412161049487558e-01
-1.832639129484121554e-01
3.478894415388475991e-01
9.727901017361251235e-01
-6.316559741135394646e-01
-2.164245391159429044e+00
-2.167093616593327887e+00
1.611118110407499415e+00
nan
nan
7.139270987295440740e-01
2.860024274237122910e+00
nan
-1.080454924626367497e+00
-2.164245391159429044e+00
-1.539344730962148855e+00
2.508309122085454312e+00
3.478894415388475991e-01
-1.539344730962148855e+00
nan
1.418659448945515322e+00
nan
1.284824152732888969e+00
9.698604984326895107e-01
9.670122729987875587e-01
1.284824152732888969e+00
nan
5.186202118336615818e-01
2.251468046145133073e+00
9.698604984326895107e-01
6.982126132083354975e-02
8.019403945550585000e-01
5.214684372675608692e-01
5.186202118336615818e-01
-1.613354773390675012e+00
-1.721712536601178067e+00
6.982126132083354975e-02
-6.471490685067236015e-01
-8.245215249232238364e-01
-1.724560762035076467e+00
3.190566363772280312e-01
5.214684372675608692e-01
5.186202118336615818e-01
1.284824152732888969e+00
2.764242521788600193e+00
-3.785707998442942035e-01
8.019403945550585000e-01
5.214684372675608692e-01
5.186202118336615818e-01
-1.642653103288931327e-01
-3.761294637580951949e-01
-8.273697503571204592e-01
-1.642653103288931327e-01
-3.761294637580951949e-01
-3.785707998442942035e-01
-1.613354773390675012e+00
-2.618903548279133631e+00
-3.785707998442942035e-01
-1.642653103288931327e-01
-8.245215249232238364e-01
-1.275761811522248435e+00
nan
1.418659448945515322e+00
nan
-1.130471015212845431e+00
-1.272913586088349813e+00
-1.724560762035076467e+00
3.190566363772280312e-01
-3.761294637580951949e-01
-3.785707998442942035e-01
3.190566363772280312e-01
7.266948675473283714e-02
2.761394296354700018e+00
-3.062882424980748919e+00
-1.272913586088349813e+00
-3.070143834878158451e+00
-1.642653103288931327e-01
-8.245215249232238364e-01
-8.273697503571204592e-01
3.190566363772280312e-01
-3.761294637580951949e-01
-3.785707998442942035e-01
3.190566363772280312e-01
7.266948675473283714e-02
-3.785707998442942035e-01
-6.471490685067236015e-01
-8.245215249232238364e-01
-8.273697503571204592e-01
-1.642653103288931327e-01
-3.761294637580951949e-01
-8.273697503571204592e-01
-1.642653103288931327e-01
-3.761294637580951949e-01
-8.273697503571204592e-01
1.284824152732888969e+00
1.418659448945515322e+00
1.415811223511617811e+00
-1.642653103288931327e-01
7.266948675473283714e-02
6.982126132083354975e-02
1.284824152732888969e+00
9.698604984326895107e-01
9.670122729987875587e-01
-6.471490685067236015e-01
-8.245215249232238364e-01
-1.724560762035076467e+00
3.190566363772280312e-01
5.214684372675608692e-01
5.186202118336615818e-01
nan
-3.067295609444261828e+00
1.415811223511617811e+00
1.768146099439010577e+00
1.418659448945515322e+00
1.864203284676743344e+00
3.190566363772280312e-01
5.214684372675608692e-01
5.186202118336615818e-01
1.284824152732888969e+00
nan
-3.070143834878158451e+00
-1.642653103288931327e-01
-1.721712536601178067e+00
-8.273697503571204592e-01
3.190566363772280312e-01
7.266948675473283714e-02
6.982126132083354975e-02
-6.471490685067236015e-01
7.266948675473283714e-02
6.982126132083354975e-02
3.190566363772280312e-01
7.266948675473283714e-02
-3.785707998442942035e-01
-1.642653103288931327e-01
7.266948675473283714e-02
5.186202118336615818e-01
8.019403945550585000e-01
5.214684372675608692e-01
5.186202118336615818e-01
5.711903155564699297e-01
7.321862582075691073e-01
2.795320311252873502e-01
2.245946870688652730e+00
-4.451989305301276012e-01
9.075657392998568440e-01
5.711903155564699297e-01
3.398432046880834889e-01
-3.462723423369373776e-02
-1.103566239575713315e+00
-1.622940147447063719e+00
-2.546762066931969049e+00
-2.661879620096208043e-01
-4.451989305301276012e-01
-1.290694650582830061e+00
1.526910584690166495e-01
3.398432046880834889e-01
-6.626609424082605670e-01
9.900693360351091599e-01
1.124885339906291470e+00
1.221440182115444806e+00
5.711903155564699297e-01
7.321862582075691073e-01
-3.462723423369373776e-02
-1.940944517141805825e+00
-2.800325336184760427e+00
1.221440182115444806e+00
nan
1.124885339906291470e+00
nan
-1.103566239575713315e+00
-1.230241065748339135e+00
1.535599447474423229e+00
-6.846872190970736405e-01
-8.378980122288539611e-01
-1.604569093398421131e+00
1.408568593122562440e+00
1.517228393425780197e+00
1.849473890290014744e+00
-2.661879620096208043e-01
3.087312663862199713e+00
1.849473890290014744e+00
9.900693360351091599e-01
1.517228393425780197e+00
1.849473890290014744e+00
1.408568593122562440e+00
1.909927475124503005e+00
3.105541306639151067e+00
-6.846872190970736405e-01
-1.230241065748339135e+00
-2.232602801572987961e+00
-6.846872190970736405e-01
7.321862582075691073e-01
9.075657392998568440e-01
-2.661879620096208043e-01
-4.451989305301276012e-01
-1.290694650582830061e+00
5.711903155564699297e-01
7.321862582075691073e-01
5.934064739408757561e-01
5.711903155564699297e-01
-2.800325336184760427e+00
9.075657392998568440e-01
1.526910584690166495e-01
3.398432046880834889e-01
-3.485016770492821436e-01
1.526910584690166495e-01
3.398432046880834889e-01
-3.485016770492821436e-01
-6.846872190970736405e-01
-1.230241065748339135e+00
-2.232602801572987961e+00
1.408568593122562440e+00
1.517228393425780197e+00
-1.918728358757399555e+00
-6.846872190970736405e-01
-8.378980122288539611e-01
-1.604569093398421131e+00
-2.778322794707896115e+00
-1.230241065748339135e+00
-1.290694650582830061e+00
-2.661879620096208043e-01
-5.285587701064242694e-02
-9.765353852238516374e-01
3.083325148254745685e+00
nan
2.477507598464584682e+00
-2.661879620096208043e-01
1.517228393425780197e+00
2.477507598464584682e+00
-6.846872190970736405e-01
7.321862582075691073e-01
-1.918728358757399555e+00
-2.661879620096208043e-01
-1.230241065748339135e+00
-1.918728358757399555e+00
-2.661879620096208043e-01
-4.451989305301276012e-01
2.791666863823562217e+00
1.526910584690166495e-01
3.398432046880834889e-01
-3.485016770492821436e-01
9.900693360351091599e-01
-5.285587701064242694e-02
-9.765353852238516374e-01
9.900693360351091599e-01
1.124885339906291470e+00
1.535599447474423229e+00
1.526910584690166495e-01
-5.285587701064242694e-02
-6.626609424082605670e-01
-6.846872190970736405e-01
3.087312663862199713e+00
-3.462723423369373776e-02
-6.846872190970736405e-01
-8.378980122288539611e-01
-1.604569093398421131e+00
5.711903155564699297e-01
3.398432046880834889e-01
-3.462723423369373776e-02
3.112422742893548033e-01
4.694156030787066669e-02
4.307753419475224277e-02
-7.354805726682598355e-01
-9.192641445760818542e-01
-1.098801935213556291e+00
-2.123565013089447895e-01
-4.363803863982518294e-01
-5.281211300943047249e-01
8.343663456486707375e-01
-9.192641445760818542e-01
2.897517278130620433e+00
8.343663456486707375e-01
5.298253184857011355e-01
6.137583393140038091e-01
2.927812039563898239e+00
5.298253184857011355e-01
-5.281211300943047249e-01
-2.305802195224173623e+00
5.298253184857011355e-01
1.755637808722312343e+00
1.881089192606284932e+00
1.978914781547481461e+00
nan
nan
-2.852113742872277147e+00
nan
-1.259079348266558984e+00
-1.402586091282202130e+00
-1.670000599502610372e+00
-2.305802195224173623e+00
1.013147265191823188e+00
-5.281211300943047249e-01
1.357965121246968998e+00
1.013147265191823188e+00
1.184957003603060777e+00
-7.354805726682598355e-01
-9.192641445760818542e-01
-1.098801935213556291e+00
1.881089192606284932e+00
1.013147265191823188e+00
1.755637808722312343e+00
-1.782678123864857245e+00
-2.368791796166155095e+00
1.184957003603060777e+00
-2.123565013089447895e-01
-4.363803863982518294e-01
-5.281211300943047249e-01
8.343663456486707375e-01
1.013147265191823188e+00
2.897517278130620433e+00
-2.123565013089447895e-01
-4.363803863982518294e-01
4.307753419475224277e-02
3.112422742893548033e-01
4.694156030787066669e-02
4.307753419475224277e-02
-2.123565013089447895e-01
-4.363803863982518294e-01
-5.281211300943047249e-01
-2.123565013089447895e-01
-4.363803863982518294e-01
-5.281211300943047249e-01
3.112422742893548033e-01
4.694156030787066669e-02
6.137583393140038091e-01
-7.354805726682598355e-01
-9.192641445760818542e-01
-1.098801935213556291e+00
-1.259079348266558984e+00
-1.885469849460032377e+00
-2.811880068910916464e+00
8.343663456486707375e-01
5.298253184857011355e-01
1.184957003603060777e+00
-7.354805726682598355e-01
-9.192641445760818542e-01
-1.098801935213556291e+00
-7.354805726682598355e-01
-9.192641445760818542e-01
-1.098801935213556291e+00
3.112422742893548033e-01
4.694156030787066669e-02
6.137583393140038091e-01
-2.305802195224173623e+00
1.978914781547481461e+00
nan
3.112422742893548033e-01
1.978914781547481461e+00
nan
-7.354805726682598355e-01
-9.192641445760818542e-01
-1.098801935213556291e+00
8.343663456486707375e-01
5.298253184857011355e-01
1.184957003603060777e+00
-2.123565013089447895e-01
1.496031023369651436e+00
-1.098801935213556291e+00
1.357965121246968998e+00
-9.192641445760818542e-01
-2.240681404621864381e+00
1.357965121246968998e+00
1.496031023369651436e+00
nan
1.357965121246968998e+00
1.013147265191823188e+00
2.326836473011363537e+00
1.357965121246968998e+00
5.298253184857011355e-01
1.184957003603060777e+00
-2.828926266583489557e+00
1.013147265191823188e+00
2.326836473011363537e+00
3.112422742893548033e-01
4.694156030787066669e-02
4.307753419475224277e-02
8.343663456486707375e-01
1.013147265191823188e+00
1.755637808722312343e+00
-1.589117470419521450e+00
-1.246152786681943736e+00
-2.825762129677453771e-01
2.728792287370257696e+00
nan
6.836294919162071437e-01
1.943394123972808529e+00
nan
6.836294919162071437e-01
1.158708016933836404e+00
2.135786274676033436e+00
nan
3.736658817156248702e-01
nan
-1.732103864557818396e+00
1.943394123972808529e+00
1.652464327969913604e+00
1.649835196800159665e+00
7.660089352351118208e-01
1.652464327969913604e+00
nan
1.158708016933836404e+00
nan
-2.825762129677453771e-01
2.728792287370257696e+00
nan
2.132718954977987913e+00
3.736658817156248702e-01
-2.799470817979927695e-01
-2.825762129677453771e-01
1.551051070453321579e+00
nan
2.003075452100868681e-01
3.736658817156248702e-01
-2.799470817979927695e-01
-2.825762129677453771e-01
-4.113762535025862199e-01
-7.628308399758210179e-01
-7.658981596738656528e-01
-2.374159605637732540e+00
-2.799470817979927695e-01
-1.248781917851693679e+00
-2.766502659157219490e+00
-2.799470817979927695e-01
-7.658981596738656528e-01
-1.903319998309882521e-02
1.169580569792082692e+00
1.649835196800159665e+00
-4.113762535025862199e-01
-1.246152786681943736e+00
-7.658981596738656528e-01
-1.903319998309882521e-02
-2.799470817979927695e-01
-2.825762129677453771e-01
7.660089352351118208e-01
1.652464327969913604e+00
nan
-1.196418388720796866e+00
-2.799470817979927695e-01
2.003075452100868681e-01
-2.766502659157219490e+00
-2.212358491565896479e+00
2.003075452100868681e-01
3.736658817156248702e-01
6.862586230859601955e-01
6.836294919162071437e-01
2.336093205671533113e+00
3.101991979559986845e+00
2.616040901684113074e+00
7.660089352351118208e-01
2.135786274676033436e+00
nan
-1.981816552118245145e+00
2.135786274676033436e+00
nan
nan
6.862586230859601955e-01
nan
1.158708016933836404e+00
2.135786274676033436e+00
nan
2.728792287370257696e+00
nan
6.836294919162071437e-01
-2.374159605637732540e+00
-7.628308399758210179e-01
6.836294919162071437e-01
-1.903319998309882521e-02
-1.246152786681943736e+00
-1.732103864557818396e+00
-1.981816552118245145e+00
-2.799470817979927695e-01
6.836294919162071437e-01
-4.113762535025862199e-01
2.029366763798376994e-01
2.003075452100868681e-01
-1.196418388720796866e+00
-2.799470817979927695e-01
3.098924659861940434e+00
3.736658817156248702e-01
1.169580569792082692e+00
2.132718954977987913e+00
1.551051070453321579e+00
2.618670032853864349e+00
nan
-8.040753352013108035e-01
-1.246152786681943736e+00
-7.658981596738656528e-01
-4.113762535025862199e-01
-7.628308399758210179e-01
-7.658981596738656528e-01
1.551051070453321579e+00
6.862586230859601955e-01
2.003075452100868681e-01
-8.040753352013108035e-01
-1.246152786681943736e+00
-7.658981596738656528e-01
-2.766502659157219490e+00
2.135786274676033436e+00
-2.825762129677453771e-01
-1.057488281445092326e+00
1.696721369327408802e+00
1.582025522046967225e+00
-1.057488281445092326e+00
-1.201895745324446763e+00
4.042843051300324397e-01
-3.593565806473604241e-01
-7.185737986183253767e-01
-2.343185154044087781e+00
-1.057488281445092326e+00
-2.168101450208399505e+00
1.189326440348242642e+00
3.381421811650611176e-01
1.696721369327408802e+00
3.152109792483390294e+00
3.381421811650611176e-01
2.476319062656275882e-01
2.759410710784663934e+00
-1.057488281445092326e+00
-2.168101450208399505e+00
-1.165799965306390851e+00
1.036273881962792132e+00
1.696721369327408802e+00
1.582025522046967225e+00
3.381421811650611176e-01
-2.356900404404949079e-01
-1.558143018825876247e+00
-3.593565806473604241e-01
-7.185737986183253767e-01
-2.735884235742812365e+00
-2.453118744055244882e+00
2.180043316033531298e+00
-1.558143018825876247e+00
-3.593565806473604241e-01
7.305156644434558366e-01
-3.807578300881790945e-01
-1.057488281445092326e+00
-2.650985208386228642e+00
1.974368575566452400e+00
-1.754987043257513202e+00
1.696721369327408802e+00
1.582025522046967225e+00
1.733772643775213673e+00
7.305156644434558366e-01
-7.734569117869036781e-01
-3.593565806473604241e-01
-7.185737986183253767e-01
-2.343185154044087781e+00
nan
2.180043316033531298e+00
nan
1.036273881962792132e+00
7.305156644434558366e-01
-3.807578300881790945e-01
3.381421811650611176e-01
7.305156644434558366e-01
-3.807578300881790945e-01
3.381421811650611176e-01
-2.356900404404949079e-01
2.759410710784663934e+00
-2.453118744055244882e+00
-1.201895745324446763e+00
2.759410710784663934e+00
-1.057488281445092326e+00
2.180043316033531298e+00
1.974368575566452400e+00
-3.593565806473604241e-01
-2.356900404404949079e-01
2.367067657265178759e+00
3.381421811650611176e-01
-2.356900404404949079e-01
2.759410710784663934e+00
-1.754987043257513202e+00
7.305156644434558366e-01
1.189326440348242642e+00
-3.593565806473604241e-01
-2.356900404404949079e-01
2.367067657265178759e+00
-1.057488281445092326e+00
2.476319062656275882e-01
1.974368575566452400e+00
1.733772643775213673e+00
-1.684779503502277009e+00
-7.734569117869036781e-01
1.036273881962792132e+00
1.696721369327408802e+00
7.969833868287552470e-01
1.036273881962792132e+00
7.305156644434558366e-01
-3.807578300881790945e-01
3.381421811650611176e-01
-7.185737986183253767e-01
7.969833868287552470e-01
2.431271405587635215e+00
2.180043316033531298e+00
-1.558143018825876247e+00
nan
-2.168101450208399505e+00
-1.558143018825876247e+00
-3.593565806473604241e-01
2.476319062656275882e-01
-7.734569117869036781e-01
3.381421811650611176e-01
2.476319062656275882e-01
-1.165799965306390851e+00
-3.593565806473604241e-01
-1.201895745324446763e+00
7.969833868287552470e-01
3.129403106385367117e+00
1.696721369327408802e+00
1.189326440348242642e+00
3.129403106385367117e+00
3.146249020917482042e+00
-7.734569117869036781e-01
2.431271405587635215e+00
nan
-1.165799965306390851e+00
-1.057488281445092326e+00
2.180043316033531298e+00
-1.165799965306390851e+00
-1.570485329039437161e+00
6.144833421517237326e-01
1.470849789277137276e+00
-1.046886553441138457e+00
-2.525970021264510201e+00
2.308228066843229342e+00
5.229603648757921164e-01
nan
-6.224060229424988044e-01
5.229603648757921164e-01
-1.383518856623400239e-02
-1.041285043421138479e+00
-2.094084104637735422e+00
-6.415840741974134787e-01
6.334715117110447657e-01
5.229603648757921164e-01
6.144833421517237326e-01
-6.224060229424988044e-01
2.093281987431705460e+00
-1.383518856623400239e-02
6.334715117110447657e-01
5.229603648757921164e-01
1.870550758500862720e+00
6.334715117110447657e-01
1.569683211833407199e+00
1.242232227782903209e+00
-2.039067658550459683e-01
-1.637064835233736915e-04
1.242232227782903209e+00
2.149722546235937060e-01
5.229603648757921164e-01
6.144833421517237326e-01
-6.224060229424988044e-01
-1.637064835233736915e-04
6.144833421517237326e-01
-1.041285043421138479e+00
-1.570485329039437161e+00
-1.383518856623400239e-02
1.470849789277137276e+00
1.046559140474090377e+00
6.144833421517237326e-01
-1.041285043421138479e+00
1.046559140474090377e+00
1.870550758500862720e+00
1.470849789277137276e+00
1.046559140474090377e+00
-6.415840741974134787e-01
6.334715117110447657e-01
5.229603648757921164e-01
-2.525970021264510201e+00
6.334715117110447657e-01
-1.570485329039437161e+00
6.144833421517237326e-01
-6.224060229424988044e-01
1.569683211833407199e+00
nan
2.149722546235937060e-01
1.569683211833407199e+00
nan
2.149722546235937060e-01
3.139530130150338216e+00
1.242232227782903209e+00
-1.459784300508591315e+00
5.229603648757921164e-01
-6.415840741974134787e-01
-1.459784300508591315e+00
-5.237624820818225224e-01
-1.897651490546550690e+00
-2.297162578074682049e+00
3.139530130150338216e+00
6.144833421517237326e-01
-1.878663320987228991e+00
-5.237624820818225224e-01
-1.897651490546550690e+00
1.470849789277137276e+00
1.046559140474090377e+00
6.144833421517237326e-01
-1.041285043421138479e+00
3.139530130150338216e+00
nan
-1.041285043421138479e+00
1.569683211833407199e+00
nan
-2.039067658550459683e-01
-2.094084104637735422e+00
-1.269902604915372768e+00
-1.878663320987228991e+00
-1.570485329039437161e+00
6.144833421517237326e-01
1.470849789277137276e+00
2.093281987431705460e+00
nan
1.470849789277137276e+00
nan
2.498299644132038644e+00
nan
-5.237624820818225224e-01
-1.897651490546550690e+00
1.051970768798497602e+00
-2.094084104637735422e+00
1.870550758500862720e+00
-1.459784300508591315e+00
3.139530130150338216e+00
-1.383518856623400239e-02
2.727107087321867240e+00
1.046559140474090377e+00
1.870550758500862720e+00
1.470849789277137276e+00
-5.237624820818225224e-01
-1.269902604915372768e+00
-1.878663320987228991e+00
-1.637064835233736915e-04
1.242232227782903209e+00
-2.039067658550459683e-01
3.139530130150338216e+00
1.242232227782903209e+00
1.889728809755776950e+00
-1.637064835233736915e-04
-6.415840741974134787e-01
-1.459784300508591315e+00
-1.632908936465707450e+00
-1.545714398750685614e+00
7.354552442169288717e-01
1.899602657926624083e+00
-1.545714398750685614e+00
-2.119502358888737170e+00
-1.240565882946220277e+00
1.673637349466736701e-01
-4.064242251913787740e-01
-2.025608018164431812e+00
-9.745157344616317552e-01
-1.548303694599683755e+00
-8.478668012474965821e-01
3.021803478882541860e+00
7.354552442169288717e-01
-1.240565882946220277e+00
7.380445400659279009e-01
-4.064242251913787740e-01
-4.555237477280096314e-01
1.309243204354982204e+00
-2.119502358888737170e+00
7.222174691889260423e-01
1.673637349466736701e-01
1.642565799278750127e-01
-1.632908936465707450e+00
-9.745157344616317552e-01
-2.119502358888737170e+00
-2.810650153382642458e+00
-2.687593868158993704e+00
-4.064242251913787740e-01
3.077343874843559313e+00
nan
1.306136049336179994e+00
-2.025608018164431812e+00
-9.745157344616317552e-01
-1.548303694599683755e+00
-2.810650153382642458e+00
1.673637349466736701e-01
-2.119502358888737170e+00
3.295183874902014587e-01
1.673637349466736701e-01
1.642565799278750127e-01
7.222174691889260423e-01
1.673637349466736701e-01
1.642565799278750127e-01
3.295183874902014587e-01
1.309243204354982204e+00
-9.776228894804299685e-01
3.077343874843559313e+00
1.673637349466736701e-01
2.448015518744487196e+00
7.222174691889260423e-01
1.309243204354982204e+00
nan
7.222174691889260423e-01
-1.545714398750685614e+00
-2.690701023177791029e+00
7.222174691889260423e-01
7.380445400659279009e-01
7.354552442169288717e-01
-6.318069420852223672e-02
-4.038349293423775244e-01
-4.064242251913787740e-01
2.684644793144834729e+00
7.380445400659279009e-01
-4.064242251913787740e-01
-1.240565882946220277e+00
2.451122673763290294e+00
2.448015518744487196e+00
-1.240565882946220277e+00
-1.545714398750685614e+00
1.877334713625236517e+00
1.507259604407137132e+00
7.380445400659279009e-01
7.354552442169288717e-01
3.295183874902014587e-01
-4.038349293423775244e-01
-4.064242251913787740e-01
-1.240565882946220277e+00
1.673637349466736701e-01
-9.776228894804299685e-01
1.114560522708412549e+00
7.380445400659279009e-01
7.354552442169288717e-01
2.292301739625347778e+00
1.673637349466736701e-01
-9.776228894804299685e-01
7.222174691889260423e-01
-4.038349293423775244e-01
-4.064242251913787740e-01
2.684644793144834729e+00
7.380445400659279009e-01
-4.064242251913787740e-01
-2.025608018164431812e+00
-9.745157344616317552e-01
-1.548303694599683755e+00
-4.555237477280096314e-01
-4.038349293423775244e-01
-4.064242251913787740e-01
3.295183874902014587e-01
-1.545714398750685614e+00
2.448015518744487196e+00
1.114560522708412549e+00
-9.745157344616317552e-01
-1.548303694599683755e+00
-8.478668012474965821e-01
3.021803478882541860e+00
1.642565799278750127e-01
7.222174691889260423e-01
-4.038349293423775244e-01
-4.064242251913787740e-01
-6.318069420852223672e-02
-4.038349293423775244e-01
7.354552442169288717e-01
3.295183874902014587e-01
-4.038349293423775244e-01
-4.064242251913787740e-01
1.899602657926624083e+00
1.309243204354982204e+00
1.306136049336179994e+00
nan
-6.923317325555622403e-02
-2.247937523703003038e-01
-8.517831112191061038e-01
-8.546313366530049471e-01
-1.899550307502485325e+00
-6.638494782165738073e-02
-6.923317325555622403e-02
2.287341080327973231e+00
nan
-2.424715607089426239e+00
-1.062172029936392814e+00
-8.517831112191061038e-01
-8.546313366530049471e-01
-1.481051050415032488e+00
1.503699322614764355e+00
2.285537204219838969e+00
-2.247937523703003038e-01
-8.517831112191061038e-01
-6.923317325555622403e-02
-1.062172029936392814e+00
-6.638494782165738073e-02
-8.546313366530049471e-01
-1.481051050415032488e+00
-1.636469218258080227e+00
-1.640029500050452338e+00
-2.318049564589936384e+00
-2.421867381655528728e+00
7.154529337834159008e-01
1.940852681083371500e-01
-8.517831112191061038e-01
-8.546313366530049471e-01
-1.481051050415032488e+00
nan
-6.923317325555622403e-02
-2.247937523703003038e-01
7.183011592173156323e-01
-6.923317325555622403e-02
-1.062172029936392814e+00
-1.636469218258080227e+00
-1.640029500050452338e+00
1.031463545674429660e+00
-1.636469218258080227e+00
-1.640029500050452338e+00
1.031463545674429660e+00
nan
-6.923317325555622403e-02
-6.432930094577535840e-01
3.073783593051185647e+00
nan
1.449962802761882941e+00
-2.421867381655528728e+00
-2.424715607089426239e+00
6.125845251957899862e-01
-8.517831112191061038e-01
1.500851097180865068e+00
1.449962802761882941e+00
-2.421867381655528728e+00
-2.424715607089426239e+00
6.125845251957899862e-01
-8.517831112191061038e-01
-8.546313366530049471e-01
-1.899550307502485325e+00
-6.638494782165738073e-02
-6.923317325555622403e-02
2.287341080327973231e+00
nan
7.154529337834159008e-01
1.449962802761882941e+00
-2.421867381655528728e+00
7.154529337834159008e-01
1.940852681083371500e-01
3.073783593051185647e+00
nan
-1.062172029936392814e+00
1.503699322614764355e+00
-6.923317325555622403e-02
-1.899550307502485325e+00
-1.636469218258080227e+00
-2.424715607089426239e+00
-2.318049564589936384e+00
-8.517831112191061038e-01
nan
-1.899550307502485325e+00
3.073783593051185647e+00
nan
-1.481051050415032488e+00
nan
-6.923317325555622403e-02
2.705840337415426511e+00
-8.517831112191061038e-01
-8.546313366530049471e-01
-1.899550307502485325e+00
7.183011592173156323e-01
1.500851097180865068e+00
-2.247937523703003038e-01
-1.636469218258080227e+00
-8.546313366530049471e-01
1.868841823240521727e+00
nan
-2.424715607089426239e+00
1.868841823240521727e+00
-6.638494782165738073e-02
-6.923317325555622403e-02
-1.062172029936392814e+00
nan
-2.424715607089426239e+00
-6.432930094577535840e-01
nan
-8.546313366530049471e-01
nan
7.183011592173156323e-01
7.154529337834159008e-01
2.705840337415426511e+00
3.073783593051185647e+00
nan
-2.247937523703003038e-01
7.183011592173156323e-01
3.070935367617286360e+00
3.124719357894065297e+00
-5.048235581572635411e-02
-3.342824593062059257e-01
1.233152432095958595e-01
2.985834945831391529e-01
6.319232455777470392e-01
4.929143789260406194e-01
nan
-1.300488164190157114e+00
1.601041615385052630e+00
nan
-2.750015815780232575e+00
1.601041615385052630e+00
-3.992317367219371249e-01
-8.171662174840363946e-01
-2.459488071616844351e-01
-3.992317367219371249e-01
-8.171662174840363946e-01
-2.459488071616844351e-01
-1.097046968027013181e+00
-2.750015815780232575e+00
-2.093274315053588186e+00
-7.479811176281478957e-01
2.081012708639527808e+00
-2.459488071616844351e-01
-5.048235581572635411e-02
1.490394873999165704e-01
1.233152432095958595e-01
nan
-1.783371922367987361e+00
1.601041615385052630e+00
-3.992317367219371249e-01
-8.171662174840363946e-01
-2.459488071616844351e-01
-3.992317367219371249e-01
-3.342824593062059257e-01
1.233152432095958595e-01
-3.992317367219371249e-01
-8.171662174840363946e-01
-2.459488071616844351e-01
-5.048235581572635411e-02
1.490394873999165704e-01
1.233152432095958595e-01
2.392029188498368875e+00
1.490394873999165704e-01
-1.354411128965861355e+00
2.985834945831391529e-01
1.490394873999165704e-01
1.233152432095958595e-01
2.043279807592158548e+00
nan
1.231777565013769227e+00
-1.794862199332089681e+00
-3.342824593062059257e-01
-1.354411128965861355e+00
2.043279807592158548e+00
nan
1.231777565013769227e+00
nan
-2.266693869074110079e+00
1.601041615385052630e+00
2.741095038897235270e+00
nan
4.929143789260406194e-01
9.963987258882154308e-01
1.598128950461697784e+00
8.621784292973244668e-01
-1.097046968027013181e+00
-1.783371922367987361e+00
-6.155479428781327478e-01
2.985834945831391529e-01
1.490394873999165704e-01
1.233152432095958595e-01
-7.479811176281478957e-01
-8.171662174840363946e-01
4.929143789260406194e-01
-1.097046968027013181e+00
-2.266693869074110079e+00
-9.848119932494130424e-01
-2.143611580238300007e+00
6.319232455777470392e-01
-6.155479428781327478e-01
2.043279807592158548e+00
nan
1.231777565013769227e+00
1.345464576287080938e+00
-3.342824593062059257e-01
-6.155479428781327478e-01
2.043279807592158548e+00
nan
4.929143789260406194e-01
nan
-8.171662174840363946e-01
1.601041615385052630e+00
2.985834945831391529e-01
1.490394873999165704e-01
1.233152432095958595e-01
6.476493449820059922e-01
-1.300488164190157114e+00
-1.354411128965861355e+00
9.963987258882154308e-01
1.598128950461697784e+00
8.621784292973244668e-01
6.476493449820059922e-01
-1.783371922367987361e+00
8.621784292973244668e-01
nan
-2.266693869074110079e+00
1.601041615385052630e+00
-5.048235581572635411e-02
-2.266693869074110079e+00
1.233152432095958595e-01
-7.479811176281478957e-01
-1.783371922367987361e+00
-6.155479428781327478e-01
-3.992317367219371249e-01
-8.171662174840363946e-01
-2.459488071616844351e-01
nan
1.115245192283869535e+00
nan
3.096925424701608698e+00
nan
1.521500731576629128e+00
3.096925424701608698e+00
nan
3.437595146596943430e-01
-4.324311617123477447e-02
-1.936387356447567765e+00
7.364585963584175943e-01
-4.359421978699584699e-01
-6.805098217940241945e-01
-4.412826205585176353e-01
3.494559655274898091e-01
1.568684557720678718e-01
3.437595146596943430e-01
-8.282852513894454205e-01
-2.774145397404847113e+00
-4.412826205585176353e-01
-4.359421978699584699e-01
-6.805098217940241945e-01
-4.412826205585176353e-01
nan
-2.355266376926207439e+00
2.306542866794841551e+00
-4.324311617123477447e-02
-2.616308013153849643e-01
-4.858353885979438402e-02
1.919540235963911989e+00
nan
-4.858353885979438402e-02
-4.324311617123477447e-02
-2.616308013153849643e-01
-4.412826205585176353e-01
-4.324311617123477447e-02
-1.936387356447567765e+00
3.437595146596943430e-01
3.096925424701608698e+00
nan
3.437595146596943430e-01
7.417990190469763156e-01
1.412745990425611886e+00
7.364585963584175943e-01
-4.359421978699584699e-01
-6.805098217940241945e-01
-8.336256740780028096e-01
nan
-6.805098217940241945e-01
7.364585963584175943e-01
nan
1.831625010904251560e+00
nan
1.134498100745700455e+00
-2.616308013153849643e-01
-1.226324755776729392e+00
3.494559655274898091e-01
1.568684557720678718e-01
-4.858353885979438402e-02
1.134498100745700455e+00
1.412745990425611886e+00
1.128801649877906321e+00
-1.220628304908932593e+00
-1.936387356447567765e+00
-2.011366890994941148e+00
-1.613327386607656289e+00
5.757474762507075461e-01
-1.226324755776729392e+00
1.134498100745700455e+00
1.412745990425611886e+00
1.128801649877906321e+00
3.096925424701608698e+00
1.831625010904251560e+00
-4.858353885979438402e-02
3.494559655274898091e-01
5.757474762507075461e-01
3.437595146596943430e-01
nan
5.757474762507075461e-01
nan
-4.324311617123477447e-02
1.568684557720678718e-01
-4.858353885979438402e-02
nan
nan
-4.858353885979438402e-02
3.494559655274898091e-01
1.568684557720678718e-01
-4.858353885979438402e-02
1.134498100745700455e+00
nan
-2.403709944514426766e+00
-4.324311617123477447e-02
-2.616308013153849643e-01
-4.858353885979438402e-02
7.417990190469763156e-01
5.757474762507075461e-01
3.437595146596943430e-01
nan
-1.099009078881477253e+00
3.091585002013053085e+00
-8.282852513894454205e-01
-1.099009078881477253e+00
-8.336256740780028096e-01
-4.324311617123477447e-02
5.757474762507075461e-01
1.128801649877906321e+00
1.919540235963911989e+00
nan
1.128801649877906321e+00
3.494559655274898091e-01
1.568684557720678718e-01
3.437595146596943430e-01
-1.613327386607656289e+00
-2.774145397404847113e+00
-4.858353885979438402e-02
1.134498100745700455e+00
nan
7.364585963584175943e-01
2.311883289483398940e+00
nan
3.437595146596943430e-01
8.414031378971245090e-01
1.063599247442712503e-01
-5.687594470506898148e-01
8.414031378971245090e-01
1.362617222789000770e+00
1.083810931017443302e+00
8.414031378971245090e-01
9.437382023103637607e-01
7.534167806852454241e-01
1.580266323984853116e+00
2.618494757442547893e+00
2.736681122289145840e+00
2.688393560443862462e+00
nan
nan
8.414031378971245090e-01
1.362617222789000770e+00
1.083810931017443302e+00
1.025399518093972340e-01
5.252389452229127009e-01
4.227228171494759046e-01
-2.852912792541514975e+00
2.199995500355093725e+00
-8.994534105864566698e-01
3.057992696160308554e+00
nan
nan
8.414031378971245090e-01
1.063599247442712503e-01
-5.687594470506898148e-01
1.025399518093972340e-01
1.063599247442712503e-01
9.232866681727758262e-02
-6.363232342783313733e-01
-1.568396630387911550e+00
-1.890935674786622611e+00
-2.667240985618848370e-01
-1.149517609909272098e+00
3.067075272621346826e+00
4.721390875258424380e-01
9.437382023103637607e-01
7.534167806852454241e-01
8.414031378971245090e-01
1.362617222789000770e+00
1.083810931017443302e+00
1.025399518093972340e-01
-3.121393323431798095e-01
-8.994534105864566698e-01
nan
-1.986895887475364386e+00
7.534167806852454241e-01
-6.363232342783313733e-01
1.063599247442712503e-01
-2.221629638322391909e+00
1.025399518093972340e-01
-1.568396630387911550e+00
1.083810931017443302e+00
-2.852912792541514975e+00
-7.310183528218212601e-01
1.744899044885411143e+00
1.025399518093972340e-01
-7.310183528218212601e-01
-1.229847560918657656e+00
1.025399518093972340e-01
5.252389452229127009e-01
4.227228171494759046e-01
-2.667240985618848370e-01
1.063599247442712503e-01
-2.383652967184888283e-01
-6.363232342783313733e-01
-1.149517609909272098e+00
2.736681122289145840e+00
8.414031378971245090e-01
9.437382023103637607e-01
7.534167806852454241e-01
1.025399518093972340e-01
-7.310183528218212601e-01
-1.229847560918657656e+00
-2.114049606453787256e+00
1.063599247442712503e-01
-1.560541524454424289e+00
nan
-3.121393323431798095e-01
nan
8.414031378971245090e-01
9.437382023103637607e-01
7.534167806852454241e-01
-1.375186420366060203e+00
2.618494757442547893e+00
9.232866681727758262e-02
-1.005922369994778354e+00
-2.405774907954001840e+00
7.534167806852454241e-01
-1.375186420366060203e+00
-2.824274165041454676e+00
9.232866681727758262e-02
4.721390875258424380e-01
9.437382023103637607e-01
7.534167806852454241e-01
4.721390875258424380e-01
5.252389452229127009e-01
4.227228171494759046e-01
-6.363232342783313733e-01
-1.568396630387911550e+00
2.405987158753378985e+00
-2.483313656825069327e+00
-1.568396630387911550e+00
-5.687594470506898148e-01
-2.667240985618848370e-01
1.063599247442712503e-01
-2.383652967184888283e-01
-2.667240985618848370e-01
1.063599247442712503e-01
9.232866681727758262e-02
-2.667240985618848370e-01
-7.310183528218212601e-01
-1.229847560918657656e+00
2.319129510072579947e+00
nan
7.534167806852454241e-01
-1.423180952111928965e+00
-1.554725148305201587e+00
-7.663363482021572359e-01
-4.569752472279771105e-01
-9.269762626740223332e-01
-2.427375726038576431e-01
nan
3.296607987618966895e-01
nan
1.958758109246048207e+00
nan
nan
-4.569752472279771105e-01
-9.269762626740223332e-01
-2.427375726038576431e-01
-4.569752472279771105e-01
-9.269762626740223332e-01
-2.427375726038576431e-01
nan
nan
1.327109345713072486e+00
2.590851094985291425e-02
3.296607987618966895e-01
2.803864987554587351e-01
2.441641867423878232e+00
nan
1.327109345713072486e+00
1.958758109246048207e+00
nan
nan
-9.398590054058075793e-01
-1.554725148305201587e+00
-7.663363482021572359e-01
2.590851094985291425e-02
3.296607987618966895e-01
2.803864987554587351e-01
2.590851094985291425e-02
3.296607987618966895e-01
2.803864987554587351e-01
1.475436162539925711e+00
nan
-7.663363482021572359e-01
1.475436162539925711e+00
-2.986577319560628219e-01
-1.289935123800457051e+00
nan
-2.182474033936378177e+00
2.897430968268988494e+00
-9.398590054058075793e-01
-9.269762626740223332e-01
-7.663363482021572359e-01
-4.569752472279771105e-01
-2.986577319560628219e-01
-2.427375726038576431e-01
nan
-2.986577319560628219e-01
1.850708121311371634e+00
9.925524043620965742e-01
nan
-2.859782042117386958e+00
-4.569752472279771105e-01
-1.554725148305201587e+00
-1.289935123800457051e+00
-9.398590054058075793e-01
-9.269762626740223332e-01
-2.427375726038576431e-01
5.092304576559745222e-01
3.296607987618966895e-01
2.803864987554587351e-01
-2.389386656995880820e+00
-2.986577319560628219e-01
-1.289935123800457051e+00
nan
-9.269762626740223332e-01
nan
-4.569752472279771105e-01
-2.986577319560628219e-01
-2.427375726038576431e-01
2.441641867423878232e+00
9.574096843930766099e-01
-7.663363482021572359e-01
2.441641867423878232e+00
nan
1.327109345713072486e+00
-4.569752472279771105e-01
-2.986577319560628219e-01
-2.427375726038576431e-01
-1.423180952111928965e+00
-2.182474033936378177e+00
-1.289935123800457051e+00
1.475436162539925711e+00
nan
2.803864987554587351e-01
-4.569752472279771105e-01
-2.986577319560628219e-01
-2.427375726038576431e-01
-1.423180952111928965e+00
-1.554725148305201587e+00
-7.663363482021572359e-01
1.475436162539925711e+00
nan
8.039852743537561075e-01
2.590851094985291425e-02
3.296607987618966895e-01
2.803864987554587351e-01
-2.389386656995880820e+00
-1.554725148305201587e+00
8.039852743537561075e-01
2.590851094985291425e-02
3.296607987618966895e-01
2.803864987554587351e-01
-4.569752472279771105e-01
-2.986577319560628219e-01
2.803864987554587351e-01
nan
-2.810792564654337689e+00
2.897430968268988494e+00
-9.398590054058075793e-01
-9.269762626740223332e-01
-7.663363482021572359e-01
-7.972413693708135796e-02
3.804030303381153999e-01
-3.187580657324300404e-01
2.013911438673741117e+00
3.804030303381153999e-01
-1.215949077410386492e+00
3.391548835415583163e-01
-5.862408630741295923e-01
-1.664748027923212748e+00
-4.982233940245341941e-01
3.804030303381153999e-01
-3.187580657324300404e-01
1.176153397716462656e+00
1.346608735222066144e+00
1.475623957623482418e+00
nan
1.829492493399896169e+00
nan
-4.982233940245341941e-01
-1.552008379429787865e+00
-2.561939039601169199e+00
3.391548835415583163e-01
8.632867885159454246e-01
5.784329459455261890e-01
-9.171024145031725361e-01
-5.862408630741295923e-01
-7.675570162452562961e-01
7.576541406290093761e-01
8.632867885159454246e-01
5.784329459455261890e-01
1.176153397716462656e+00
-5.862408630741295923e-01
-1.215949077410386492e+00
1.176153397716462656e+00
1.346608735222066144e+00
1.475623957623482418e+00
-7.972413693708135796e-02
3.804030303381153999e-01
1.296339954326999333e-01
-1.335601671590625594e+00
-1.069124621251959617e+00
5.784329459455261890e-01
7.576541406290093761e-01
8.632867885159454246e-01
5.784329459455261890e-01
2.013911438673741117e+00
3.804030303381153999e-01
-7.675570162452562961e-01
1.176153397716462656e+00
-5.862408630741295923e-01
-1.215949077410386492e+00
-1.335601671590625594e+00
-5.862408630741295923e-01
-7.675570162452562961e-01
-7.972413693708135796e-02
3.804030303381153999e-01
1.296339954326999333e-01
-1.335601671590625594e+00
-5.862408630741295923e-01
-2.113140089088338947e+00
2.851289716239832295e+00
nan
1.296339954326999333e-01
1.595032418195102331e+00
nan
1.475623957623482418e+00
2.432410695761194397e+00
nan
-1.215949077410386492e+00
-2.591858969635356669e+00
-5.862408630741295923e-01
-1.215949077410386492e+00
7.576541406290093761e-01
2.312814440106018665e+00
nan
-2.172979949156716994e+00
-3.001536031019862882e+00
-2.561939039601169199e+00
3.391548835415583163e-01
3.804030303381153999e-01
1.296339954326999333e-01
3.391548835415583163e-01
-1.029189163680070962e-01
-7.675570162452562961e-01
-7.972413693708135796e-02
3.804030303381153999e-01
1.296339954326999333e-01
3.391548835415583163e-01
3.804030303381153999e-01
1.296339954326999333e-01
3.391548835415583163e-01
3.804030303381153999e-01
1.296339954326999333e-01
3.391548835415583163e-01
-1.069124621251959617e+00
2.372814969301439092e+00
nan
nan
5.784329459455261890e-01
-1.754480692069265046e+00
-1.069124621251959617e+00
1.026825007110652166e+00
-2.591858969635356669e+00
-5.862408630741295923e-01
-1.664748027923212748e+00
-9.171024145031725361e-01
-1.029189163680070962e-01
-3.187580657324300404e-01
1.595032418195102331e+00
1.346608735222066144e+00
1.475623957623482418e+00
2.013911438673741117e+00
2.795698198283846914e+00
nan
3.391548835415583163e-01
3.804030303381153999e-01
1.296339954326999333e-01
-1.754480692069265046e+00
-3.001536031019862882e+00
1.296339954326999333e-01
-4.289798690315405061e-01
-8.845377037089372507e-01
-7.831092313128920068e-01
1.664465824883688327e+00
nan
-2.876554925228123505e+00
-4.289798690315405061e-01
-8.845377037089372507e-01
-1.132175081711759956e+00
-1.126795100336617672e+00
-2.061922892446633959e+00
9.612706122034717637e-01
2.688353622735357717e-01
1.470588701945694687e+00
1.310336462602336383e+00
nan
3.040672972382117756e+00
2.008151693907413993e+00
-2.871174943852980999e+00
-2.061922892446633959e+00
-7.831092313128920068e-01
-7.991401863267499905e-02
-9.949556849072527243e-02
-8.529400000781484081e-02
nan
6.855465667274844854e-01
2.008151693907413993e+00
-1.475544481242827777e+00
1.078245648426209513e+00
-7.831092313128920068e-01
-1.824610331641693950e+00
-4.918386220102126671e-01
-2.178739693923046339e+00
-4.289798690315405061e-01
-4.918386220102126671e-01
-7.831092313128920068e-01
6.179012126724017229e-01
6.855465667274844854e-01
6.125212312972596607e-01
2.711346906587629668e+00
nan
9.612706122034717637e-01
2.362281056188765049e+00
-9.949556849072527243e-02
2.705966925212491603e+00
-2.522425562946770228e+00
-1.669579838927148785e+00
-4.343598504066825683e-01
2.688353622735357717e-01
2.932035132079975348e-01
2.634553808983945977e-01
9.666505935786116055e-01
1.078245648426209513e+00
6.125212312972596607e-01
6.179012126724017229e-01
1.078245648426209513e+00
6.125212312972596607e-01
-1.126795100336617672e+00
2.255630837163906222e+00
-8.529400000781484081e-02
1.664465824883688327e+00
nan
2.356901074813623431e+00
-1.824610331641693950e+00
-4.918386220102126671e-01
9.612706122034717637e-01
2.362281056188765049e+00
-9.949556849072527243e-02
3.054716306118700153e+00
6.179012126724017229e-01
6.855465667274844854e-01
6.125212312972596607e-01
-7.991401863267499905e-02
-9.949556849072527243e-02
-8.529400000781484081e-02
1.664465824883688327e+00
-4.918386220102126671e-01
9.612706122034717637e-01
-1.475544481242827777e+00
2.932035132079975348e-01
-1.132175081711759956e+00
6.179012126724017229e-01
6.855465667274844854e-01
2.634553808983945977e-01
2.688353622735357717e-01
6.855465667274844854e-01
2.634553808983945977e-01
nan
-2.454621974145358543e+00
1.310336462602336383e+00
9.666505935786116055e-01
1.078245648426209513e+00
6.125212312972596607e-01
2.013531675282554723e+00
nan
-2.527805544321911402e+00
-4.289798690315405061e-01
-4.918386220102126671e-01
-4.343598504066825683e-01
-4.289798690315405061e-01
-4.918386220102126671e-01
-4.343598504066825683e-01
1.315399974484821932e+00
1.470588701945694687e+00
9.612706122034717637e-01
6.179012126724017229e-01
6.855465667274844854e-01
2.634553808983945977e-01
6.179012126724017229e-01
6.855465667274844854e-01
6.125212312972596607e-01
2.688353622735357717e-01
-1.669579838927148785e+00
-2.876554925228123505e+00
-7.991401863267499905e-02
-9.949556849072527243e-02
-8.529400000781484081e-02
-1.126795100336617672e+00
-2.061922892446633959e+00
6.125212312972596607e-01
2.016221107949616176e-01
-2.843289670809121539e-01
-1.316211399617107869e+00
-1.247905540795111623e+00
3.097610094277065684e+00
nan
nan
1.648082442686990667e+00
1.639241344733807004e+00
nan
nan
-2.055074585704835144e+00
-1.247905540795111623e+00
-2.216740376848815419e+00
-2.077490778129305049e-01
6.849440575010845578e-01
nan
2.008840480450252208e+00
2.617355467268989599e+00
1.989929796252098981e-01
9.003781586460783970e-01
-1.247905540795111623e+00
-1.250534671964862898e+00
9.003781586460783970e-01
-2.696995003856894169e+00
3.097610094277065684e+00
3.116967716909261554e+00
-2.812616473828675190e-01
6.818767378030403670e-01
5.311141082747945497e-01
-2.213673057150772561e+00
-2.843289670809121539e-01
-5.773482135293792616e-01
1.167827815678914583e+00
2.614288147570943188e+00
2.008840480450252208e+00
6.849440575010845578e-01
1.165198684509162419e+00
9.003781586460783970e-01
-1.247905540795111623e+00
1.989929796252098981e-01
-2.077490778129305049e-01
-7.645835940889900151e-01
1.989929796252098981e-01
1.615149725583497897e-01
-1.247905540795111623e+00
2.614288147570943188e+00
-2.077490778129305049e-01
-2.213673057150772561e+00
-2.216740376848815419e+00
1.615149725583497897e-01
-2.812616473828675190e-01
nan
1.269977294362523601e+00
1.651149762385036190e+00
3.097610094277065684e+00
-2.077490778129305049e-01
2.016221107949616176e-01
1.165198684509162419e+00
9.003781586460783970e-01
-7.645835940889900151e-01
1.989929796252098981e-01
1.615149725583497897e-01
-1.730789298972942092e+00
-2.843289670809121539e-01
-2.077490778129305049e-01
-2.812616473828675190e-01
6.818767378030403670e-01
5.311141082747945497e-01
-7.645835940889900151e-01
nan
1.269977294362523601e+00
-2.812616473828675190e-01
-2.843289670809121539e-01
-9.466122639006595563e-01
nan
-2.700062323554937915e+00
5.311141082747945497e-01
2.134033520562867103e+00
nan
9.003781586460783970e-01
2.016221107949616176e-01
1.165198684509162419e+00
5.311141082747945497e-01
-7.645835940889900151e-01
1.989929796252098981e-01
1.615149725583497897e-01
-2.213673057150772561e+00
nan
9.003781586460783970e-01
-2.812616473828675190e-01
-2.843289670809121539e-01
-9.466122639006595563e-01
6.849440575010845578e-01
3.097610094277065684e+00
nan
3.100239225446817848e+00
1.165198684509162419e+00
-1.316211399617107869e+00
2.016221107949616176e-01
1.165198684509162419e+00
5.311141082747945497e-01
-7.645835940889900151e-01
-7.672127252587426227e-01
-1.685475449988388164e+00
-1.730789298972942092e+00
-2.843289670809121539e-01
-2.077490778129305049e-01
-2.213673057150772561e+00
2.130966200864820692e+00
2.747703666537980816e+00
-1.247905540795111623e+00
-1.250534671964862898e+00
-2.424338636076116771e+00
2.617355467268989599e+00
nan
-5.773482135293792616e-01
-1.247905540795111623e+00
2.130966200864820692e+00
-2.077490778129305049e-01
-7.752370526830900666e-01
-1.328386167158084330e+00
1.200691955300819735e+00
4.025041642338447190e-01
7.649238969745790762e-01
2.649781418362601393e+00
7.952032459325693026e-01
-4.313307852626961925e-01
-2.488356962892588342e-01
-1.559923159722064190e+00
-1.926513508276721742e+00
2.344862504168663264e-01
-3.825379709843663711e-01
-1.029458126381332050e+00
-2.664130864234993901e+00
4.025041642338447190e-01
-7.302588260394466957e-01
-1.697925159351040492e+00
1.187546299452057141e+00
1.667965558559414418e-01
2.344862504168663264e-01
7.952032459325693026e-01
-4.313307852626961925e-01
-7.317194544670870826e-01
1.187546299452057141e+00
-1.324027444859439129e-01
2.344862504168663264e-01
1.187546299452057141e+00
-1.324027444859439129e-01
2.344862504168663264e-01
-1.952622241420787885e+00
1.662250538435100289e+00
-1.215041401173207802e+00
-3.825379709843663711e-01
-2.823840149737243177e+00
-1.215041401173207802e+00
4.025041642338447190e-01
2.260377879553737479e+00
2.344862504168663264e-01
4.025041642338447190e-01
-4.313307852626961925e-01
-7.317194544670870826e-01
-1.167580106202577017e+00
-1.029458126381332050e+00
-1.215041401173207802e+00
7.952032459325693026e-01
-1.328386167158084330e+00
2.344862504168663264e-01
7.952032459325693026e-01
-1.324027444859439129e-01
-2.488356962892588342e-01
-3.825379709843663711e-01
-7.302588260394466957e-01
-1.215041401173207802e+00
4.025041642338447190e-01
-7.302588260394466957e-01
-1.215041401173207802e+00
1.016111071435821245e-02
1.961178579211851236e+00
-2.488356962892588342e-01
-1.167580106202577017e+00
4.659958561978267966e-01
-2.664130864234993901e+00
1.580245381150779949e+00
4.659958561978267966e-01
7.173700085946945748e-01
1.972588434670266899e+00
nan
1.200691955300819735e+00
1.972588434670266899e+00
nan
-1.697925159351040492e+00
1.580245381150779949e+00
4.659958561978267966e-01
7.173700085946945748e-01
1.972588434670266899e+00
1.961178579211851236e+00
-7.317194544670870826e-01
-2.737664376638999197e+00
-2.225712808618605543e+00
2.344862504168663264e-01
1.580245381150779949e+00
nan
-2.664130864234993901e+00
1.187546299452057141e+00
1.667965558559414418e-01
2.344862504168663264e-01
-7.752370526830900666e-01
-1.029458126381332050e+00
nan
7.952032459325693026e-01
-4.313307852626961925e-01
-7.317194544670870826e-01
4.025041642338447190e-01
-4.313307852626961925e-01
-7.317194544670870826e-01
2.757630569888476657e+00
-1.627585467499969685e+00
-2.181247106057161211e+00
1.972588434670266899e+00
7.649238969745790762e-01
1.200691955300819735e+00
-3.825379709843663711e-01
-1.926513508276721742e+00
-2.488356962892588342e-01
4.025041642338447190e-01
-1.926513508276721742e+00
-2.181247106057161211e+00
4.025041642338447190e-01
1.667965558559414418e-01
-7.317194544670870826e-01
1.016111071435821245e-02
1.662250538435100289e+00
-1.697925159351040492e+00
7.952032459325693026e-01
1.363051238093214934e+00
-1.215041401173207802e+00
-7.752370526830900666e-01
-1.926513508276721742e+00
-7.317194544670870826e-01
