7.502175750770412321e-02
3.098542929615466512e-01
3.067869732635091218e-01
1.645343380063617467e+00
nan
1.272992678147457646e+00
5.986205331060063806e-01
7.927380511393877782e-01
3.067869732635091218e-01
-1.494825160809216458e+00
7.927380511393877782e-01
-1.625624436504404580e+00
-9.717010894499069629e-01
7.927380511393877782e-01
2.239198383031405726e+00
nan
-3.072084768396423193e+00
nan
-4.485770180905976900e-01
-6.563514119224014287e-01
-1.142302489798279863e+00
5.986205331060063806e-01
7.927380511393877782e-01
3.067869732635091218e-01
7.502175750770412321e-02
3.098542929615466512e-01
3.067869732635091218e-01
5.986205331060063806e-01
-1.734676537445780653e-01
-1.760967849143315611e-01
-4.485770180905976900e-01
-1.734676537445780653e-01
-6.594187316204389582e-01
-9.717010894499069629e-01
-6.563514119224014287e-01
-6.594187316204389582e-01
7.502175750770412321e-02
-6.563514119224014287e-01
-1.142302489798279863e+00
-4.485770180905976900e-01
-1.734676537445780653e-01
-1.760967849143315611e-01
-4.485770180905976900e-01
-6.563514119224014287e-01
-1.142302489798279863e+00
7.502175750770412321e-02
-1.734676537445780653e-01
-1.760967849143315611e-01
5.986205331060063806e-01
7.927380511393877782e-01
7.901089199696338383e-01
-2.018423936407518493e+00
-2.588762821690298477e+00
-1.760967849143315611e-01
5.986205331060063806e-01
7.927380511393877782e-01
3.067869732635091218e-01
7.502175750770412321e-02
3.098542929615466512e-01
-1.760967849143315611e-01
7.502175750770412321e-02
3.098542929615466512e-01
-1.760967849143315611e-01
nan
1.276059997845495175e+00
2.722520329737530886e+00
5.986205331060063806e-01
7.927380511393877782e-01
7.901089199696338383e-01
-9.717010894499069629e-01
2.242265702729461019e+00
-6.594187316204389582e-01
5.986205331060063806e-01
7.927380511393877782e-01
3.067869732635091218e-01
-9.717010894499069629e-01
-1.139673358628526145e+00
1.755876436325281453e+00
-9.717010894499069629e-01
-1.139673358628526145e+00
-1.625624436504404580e+00
1.645343380063617467e+00
2.242265702729461019e+00
nan
-4.485770180905976900e-01
3.098542929615466512e-01
-1.760967849143315611e-01
7.502175750770412321e-02
2.242265702729461019e+00
nan
5.986205331060063806e-01
3.098542929615466512e-01
3.067869732635091218e-01
5.986205331060063806e-01
7.927380511393877782e-01
7.901089199696338383e-01
7.502175750770412321e-02
-1.734676537445780653e-01
-1.760967849143315611e-01
2.168467451422945835e+00
nan
7.901089199696338383e-01
5.986205331060063806e-01
3.098542929615466512e-01
3.067869732635091218e-01
7.502175750770412321e-02
-1.139673358628526145e+00
-2.108508194682228165e+00
7.502175750770412321e-02
-1.734676537445780653e-01
-6.594187316204389582e-01
7.502175750770412321e-02
-1.139673358628526145e+00
-1.625624436504404580e+00
7.502175750770412321e-02
3.098542929615466512e-01
-1.760967849143315611e-01
-1.494825160809216458e+00
1.276059997845495175e+00
1.755876436325281453e+00
-7.224382090530006018e-01
-6.107798049800381435e-01
-7.925341466794608714e-01
1.561320729763607140e+00
-6.107798049800381435e-01
1.899038888354410481e+00
-1.512395447639436341e-01
1.804953551493983177e+00
nan
-1.293119014172267933e+00
1.321631604787858905e+00
-1.241333097192290680e+00
1.561320729763607140e+00
1.321631604787858905e+00
1.899038888354410481e+00
-7.224382090530006018e-01
-1.093663563157861951e+00
1.450239937841580229e+00
-2.434998483580571804e+00
-6.107798049800381435e-01
-3.035715120548193813e+00
9.901220654745497285e-01
8.387478466100346530e-01
1.001847876676442262e+00
4.194412603553030472e-01
3.554258999039099365e-01
5.530489261636288845e-01
4.194412603553030472e-01
3.554258999039099365e-01
1.046568649984909172e-01
9.901220654745497285e-01
8.387478466100346530e-01
1.001847876676442262e+00
-1.512395447639436341e-01
-1.093663563157861951e+00
-3.035715120548193813e+00
-7.224382090530006018e-01
-6.107798049800381435e-01
-1.241333097192290680e+00
-1.293119014172267933e+00
-6.107798049800381435e-01
-7.925341466794608714e-01
-1.512395447639436341e-01
-1.278960468022143360e-01
-7.925341466794608714e-01
-1.512395447639436341e-01
-1.576985509863986668e+00
-3.035715120548193813e+00
nan
1.321631604787858905e+00
nan
1.561320729763607140e+00
2.287837309671823860e+00
2.795823010684654442e+00
nan
3.554258999039099365e-01
2.347430949519532462e+00
-1.293119014172267933e+00
1.321631604787858905e+00
-1.241333097192290680e+00
-1.512395447639436341e-01
-1.278960468022143360e-01
-3.441420855143388913e-01
4.194412603553030472e-01
3.554258999039099365e-01
5.530489261636288845e-01
-1.293119014172267933e+00
-1.093663563157861951e+00
-1.690132047705120488e+00
-1.864317678461304473e+00
-1.576985509863986668e+00
2.795823010684654442e+00
4.194412603553030472e-01
3.554258999039099365e-01
1.046568649984909172e-01
-1.512395447639436341e-01
-1.278960468022143360e-01
-3.441420855143388913e-01
-1.512395447639436341e-01
-1.278960468022143360e-01
-3.441420855143388913e-01
-7.224382090530006018e-01
2.771159256377931257e+00
1.046568649984909172e-01
-7.224382090530006018e-01
-1.093663563157861951e+00
-2.586916170035364004e+00
9.901220654745497285e-01
1.804953551493983177e+00
nan
nan
-3.026074972925775874e+00
1.001847876676442262e+00
-1.512395447639436341e-01
-1.278960468022143360e-01
-3.441420855143388913e-01
-1.512395447639436341e-01
-1.278960468022143360e-01
-3.441420855143388913e-01
-1.293119014172267933e+00
-2.543191214747935192e+00
-1.690132047705120488e+00
-7.224382090530006018e-01
-6.107798049800381435e-01
-7.925341466794608714e-01
9.901220654745497285e-01
8.387478466100346530e-01
1.001847876676442262e+00
1.561320729763607140e+00
2.287837309671823860e+00
nan
-1.512395447639436341e-01
-1.278960468022143360e-01
-3.441420855143388913e-01
4.194412603553030472e-01
3.554258999039099365e-01
1.046568649984909172e-01
-1.293119014172267933e+00
-2.543191214747935192e+00
1.899038888354410481e+00
-1.729896298955222456e-01
-1.426467750395650436e+00
-1.705593842917703773e+00
-3.027429373831397097e+00
-6.410695869982268036e-01
9.855723027684595294e-01
3.982090343935347221e-01
nan
-2.602784854595655339e+00
-1.729896298955222456e-01
9.290146834382158048e-01
5.371802416033375493e-01
3.982090343935347221e-01
nan
-3.051583805108485148e+00
-7.436704350147893550e-01
1.436165200407639730e-01
8.878818043821556927e-02
nan
-2.211153857434640990e+00
1.434371253281288894e+00
-1.314869099303826117e+00
-2.996552020832092822e+00
8.878818043821556927e-02
-1.314869099303826117e+00
-6.410695869982268036e-01
-3.600107700746142392e-01
-7.436704350147893550e-01
9.290146834382158048e-01
8.878818043821556927e-02
-1.314869099303826117e+00
1.436165200407639730e-01
-3.600107700746142392e-01
3.982090343935347221e-01
2.498386897516141403e+00
1.434371253281288894e+00
nan
2.498386897516141403e+00
nan
-1.314869099303826117e+00
1.436165200407639730e-01
-3.600107700746142392e-01
2.681967973210142020e+00
nan
9.855723027684595294e-01
-3.027429373831397097e+00
9.290146834382158048e-01
-3.600107700746142392e-01
nan
2.498386897516141403e+00
nan
-1.314869099303826117e+00
-2.996552020832092822e+00
-3.600107700746142392e-01
9.688898395127818475e-01
1.436165200407639730e-01
-1.257201781752565806e+00
nan
2.498386897516141403e+00
nan
2.681967973210142020e+00
nan
9.855723027684595294e-01
-1.885549904423093448e+00
-1.426467750395650436e+00
-8.084028312397517624e-01
-7.436704350147893550e-01
-2.211153857434640990e+00
-2.602784854595655339e+00
3.982090343935347221e-01
2.498386897516141403e+00
1.883170203794119146e+00
nan
nan
nan
-2.456748568712150416e+00
-2.211153857434640990e+00
-1.257201781752565806e+00
-1.729896298955222456e-01
-1.426467750395650436e+00
1.434371253281288894e+00
-2.456748568712150416e+00
-2.996552020832092822e+00
-1.705593842917703773e+00
2.681967973210142020e+00
nan
9.855723027684595294e-01
2.110769308921085496e+00
nan
5.371802416033375493e-01
1.539570644632028085e+00
nan
8.878818043821556927e-02
-1.314869099303826117e+00
-2.996552020832092822e+00
-3.051583805108485148e+00
9.688898395127818475e-01
nan
-1.705593842917703773e+00
1.539570644632028085e+00
1.436165200407639730e-01
9.855723027684595294e-01
nan
1.436165200407639730e-01
2.780361215472070491e+00
2.110769308921085496e+00
2.498386897516141403e+00
-2.602784854595655339e+00
2.110769308921085496e+00
nan
5.371802416033375493e-01
1.539570644632028085e+00
nan
-3.600107700746142392e-01
3.982090343935347221e-01
9.290146834382158048e-01
-3.600107700746142392e-01
nan
-1.426467750395650436e+00
1.883170203794119146e+00
-2.241629869577359102e+00
-1.963467791817576247e+00
-2.917039060802430139e+00
2.705049631209242023e-01
-3.105638204966254534e-02
2.231294800704035630e-01
nan
4.518273761281612622e-01
1.793451102626317351e+00
-1.613311338859398480e+00
4.518273761281612622e-01
-2.393440285204146978e+00
8.988234938388854900e-01
4.518273761281612622e-01
2.231294800704035630e-01
8.988234938388854900e-01
4.518273761281612622e-01
7.467282556687058204e-01
-9.855624532282063477e-01
-9.972620869336279448e-01
-1.870316213844819053e+00
-9.855624532282063477e-01
1.418033081012109342e+00
nan
-1.613311338859398480e+00
-1.480584033639735342e+00
2.316575173985644831e+00
-1.613311338859398480e+00
-5.143783287557868178e-01
2.231294800704035630e-01
1.526572379470055196e+00
4.518273761281612622e-01
7.467282556687058204e-01
8.988234938388854900e-01
4.518273761281612622e-01
2.231294800704035630e-01
-2.241629869577359102e+00
-1.480584033639735342e+00
1.269852327028015537e+00
-3.572439225102677085e-01
1.901355027718234503e+00
nan
-2.241629869577359102e+00
-1.963467791817576247e+00
1.269852327028015537e+00
-9.855624532282063477e-01
-5.143783287557868178e-01
-1.346717438246517018e+00
-9.855624532282063477e-01
-5.143783287557868178e-01
-1.346717438246517018e+00
-3.572439225102677085e-01
-5.143783287557868178e-01
-1.346717438246517018e+00
2.705049631209242023e-01
9.347111343059850697e-01
2.316575173985644831e+00
2.705049631209242023e-01
-3.105638204966254534e-02
-3.004692955278982502e-01
8.988234938388854900e-01
2.867560732602182583e+00
nan
-3.572439225102677085e-01
1.901355027718234503e+00
nan
2.154321265101224903e+00
-5.143783287557868178e-01
7.467282556687058204e-01
8.988234938388854900e-01
4.518273761281612622e-01
7.467282556687058204e-01
nan
4.518273761281612622e-01
1.793451102626317351e+00
2.705049631209242023e-01
-3.105638204966254534e-02
-3.004692955278982502e-01
-3.572439225102677085e-01
-5.143783287557868178e-01
-8.235933668872075231e-01
2.705049631209242023e-01
2.384238785896058310e+00
nan
-3.572439225102677085e-01
-1.480584033639735342e+00
-2.917039060802430139e+00
nan
2.384238785896058310e+00
nan
-9.855624532282063477e-01
-5.143783287557868178e-01
-1.346717438246517018e+00
nan
4.518273761281612622e-01
2.840173949583928881e+00
8.988234938388854900e-01
4.518273761281612622e-01
2.231294800704035630e-01
2.705049631209242023e-01
-3.105638204966254534e-02
-3.004692955278982502e-01
8.988234938388854900e-01
4.518273761281612622e-01
2.231294800704035630e-01
-2.241629869577359102e+00
1.418033081012109342e+00
-3.004692955278982502e-01
2.154321265101224903e+00
nan
-1.870316213844819053e+00
-3.572439225102677085e-01
9.347111343059850697e-01
2.316575173985644831e+00
-9.855624532282063477e-01
-5.143783287557868178e-01
-1.346717438246517018e+00
8.988234938388854900e-01
-1.480584033639735342e+00
2.231294800704035630e-01
nan
1.345262486135049507e+00
nan
1.208578964488534524e+00
1.345262486135049507e+00
1.044842517750055322e+00
nan
nan
1.463721538228695884e+00
2.423732596045691245e-01
-3.205867080398050462e-04
-2.114147802946741983e-01
1.208578964488534524e+00
8.968704249699275266e-01
1.044842517750055322e+00
-7.238324452793793995e-01
3.139644509490953084e+00
6.263432606626082588e-01
-7.238324452793793995e-01
-1.346310548898821402e+00
1.882220795316158046e+00
7.256952063106938411e-01
8.968704249699275266e-01
6.263432606626082588e-01
-1.207154391985503894e+00
-3.205867080398050462e-04
1.044842517750055322e+00
1.208578964488534524e+00
8.968704249699275266e-01
1.044842517750055322e+00
-7.238324452793793995e-01
-4.491195372208536263e-01
-1.048413294469567880e+00
-2.405104985732546830e-01
-4.491195372208536263e-01
-1.048413294469567880e+00
1.208578964488534524e+00
-8.975115983859915936e-01
-2.304670592514296956e+00
-1.207154391985503894e+00
-1.346310548898821402e+00
2.719599072882245672e+00
nan
-8.975115983859915936e-01
2.719599072882245672e+00
-1.207154391985503894e+00
-1.794702610063943382e+00
1.044842517750055322e+00
-2.405104985732546830e-01
-4.491195372208536263e-01
-1.048413294469567880e+00
-7.238324452793793995e-01
1.793654547300171487e+00
-1.467292314948209109e+00
2.423732596045691245e-01
2.691252448325831104e+00
-2.114147802946741983e-01
-7.238324452793793995e-01
-8.975115983859915936e-01
-1.467292314948209109e+00
-2.405104985732546830e-01
-4.491195372208536263e-01
-1.048413294469567880e+00
-2.405104985732546830e-01
-4.491195372208536263e-01
-6.299140373821208172e-01
-7.238324452793793995e-01
-8.975115983859915936e-01
-1.467292314948209109e+00
-7.238324452793793995e-01
-8.975115983859915936e-01
-1.048413294469567880e+00
-7.238324452793793995e-01
-8.975115983859915936e-01
-1.048413294469567880e+00
1.208578964488534524e+00
2.242453497813001739e+00
nan
7.256952063106938411e-01
4.480714744570977182e-01
2.074642401839672523e-01
1.208578964488534524e+00
1.345262486135049507e+00
1.463721538228695884e+00
-2.172921908341151287e+00
8.968704249699275266e-01
-6.299140373821208172e-01
7.256952063106938411e-01
8.968704249699275266e-01
6.263432606626082588e-01
2.658106616078607765e+00
nan
1.044842517750055322e+00
1.208578964488534524e+00
2.242453497813001739e+00
nan
7.256952063106938411e-01
4.480714744570977182e-01
2.074642401839672523e-01
2.658106616078607765e+00
-2.692300511089602999e+00
1.463721538228695884e+00
2.423732596045691245e-01
-1.794702610063943382e+00
2.719599072882245672e+00
2.423732596045691245e-01
-3.205867080398050462e-04
-2.114147802946741983e-01
7.256952063106938411e-01
4.480714744570977182e-01
2.074642401839672523e-01
-2.405104985732546830e-01
-3.205867080398050462e-04
-6.299140373821208172e-01
7.256952063106938411e-01
4.480714744570977182e-01
2.074642401839672523e-01
1.208578964488534524e+00
8.968704249699275266e-01
1.044842517750055322e+00
1.053624546171246124e+00
1.328905534357518015e+00
1.047928095303459983e+00
-2.479243076400317047e+00
-1.183229298340760627e+00
-2.484583499088872216e+00
6.609254644725330863e-01
9.100265138788774522e-01
6.555850417839637068e-01
-1.301857887662625668e+00
-2.857985853472936988e+00
-5.221561751329719669e-01
-2.479243076400317047e+00
2.166283811923606528e+00
2.628859600852511136e-01
-5.164597242651720599e-01
7.264823631278938265e-02
6.555850417839637068e-01
2.231009734908950826e+00
nan
1.047928095303459983e+00
6.609254644725330863e-01
9.100265138788774522e-01
1.047928095303459983e+00
1.445967599690741956e+00
-1.183229298340760627e+00
-2.484583499088872216e+00
nan
1.747404791444965078e+00
2.618012365739877723e+00
-1.241166707456899942e-01
-1.183229298340760627e+00
-1.699541363870663124e+00
6.609254644725330863e-01
-7.647300412532986869e-01
-9.144992286524540326e-01
nan
-1.183229298340760627e+00
1.440627177002186343e+00
2.231009734908950826e+00
2.584783069011067802e+00
-1.699541363870663124e+00
nan
-2.439486596385489925e+00
1.440627177002186343e+00
nan
9.100265138788774522e-01
1.440627177002186343e+00
-9.091588059638988639e-01
-2.439486596385489925e+00
-1.294570934342451629e-01
2.685824109530368098e-01
1.328905534357518015e+00
-9.144992286524540326e-01
1.053624546171246124e+00
-3.458510207746576803e-01
-5.221561751329719669e-01
1.053624546171246124e+00
1.747404791444965078e+00
1.047928095303459983e+00
1.053624546171246124e+00
-2.439486596385489925e+00
3.010711447438604971e+00
2.685824109530368098e-01
4.915272567914303892e-01
6.555850417839637068e-01
2.685824109530368098e-01
4.915272567914303892e-01
6.555850417839637068e-01
-9.091588059638988639e-01
-2.439486596385489925e+00
-1.294570934342451629e-01
2.623708816607678074e+00
3.003662089489694154e+00
-5.221561751329719669e-01
2.685824109530368098e-01
-7.647300412532986869e-01
-9.144992286524540326e-01
-5.164597242651720599e-01
-3.458510207746576803e-01
1.440627177002186343e+00
-1.301857887662625668e+00
-7.647300412532986869e-01
2.628859600852511136e-01
nan
1.747404791444965078e+00
nan
-2.086543994701590243e+00
2.166283811923606528e+00
3.010711447438604971e+00
-1.241166707456899942e-01
-2.439486596385489925e+00
-1.307198310351180837e+00
-5.164597242651720599e-01
-1.602108318819386978e+00
6.555850417839637068e-01
2.231009734908950826e+00
4.915272567914303892e-01
-1.294570934342451629e-01
2.685824109530368098e-01
4.915272567914303892e-01
6.555850417839637068e-01
-1.694200941182107956e+00
-1.183229298340760627e+00
2.628859600852511136e-01
2.623708816607678074e+00
nan
1.047928095303459983e+00
-9.091588059638988639e-01
-3.458510207746576803e-01
2.628859600852511136e-01
-1.694200941182107956e+00
-3.458510207746576803e-01
3.010711447438604971e+00
2.685824109530368098e-01
-7.647300412532986869e-01
-9.144992286524540326e-01
6.609254644725330863e-01
9.100265138788774522e-01
6.555850417839637068e-01
2.397441284348102997e-01
-2.862281683583991487e-01
-3.161407654022063696e-02
-1.330102789882110503e+00
-1.333425719555002997e+00
-1.173493545948524508e+00
-2.838546471634915136e-01
-8.098269439567009620e-01
-6.028127408292776046e-01
1.286466975392421830e+00
-8.098269439567009620e-01
-1.744692210237581476e+00
7.633429040331121129e-01
2.368959030009105682e-01
5.390667285790464724e-01
-2.838546471634915136e-01
-1.333425719555002997e+00
-2.315890874526638665e+00
7.633429040331121129e-01
1.283618749958540306e+00
2.252144862276407089e+00
nan
-2.903272637871923578e+00
5.390667285790464724e-01
nan
nan
-6.028127408292776046e-01
-1.330102789882110503e+00
-1.856549790914312270e+00
-1.744692210237581476e+00
2.397441284348102997e-01
-8.098269439567009620e-01
-1.744692210237581476e+00
1.810065750990723643e+00
1.283618749958540306e+00
1.680946197987350565e+00
-8.069787185228012305e-01
-8.098269439567009620e-01
-1.173493545948524508e+00
-2.838546471634915136e-01
7.604946785992123814e-01
1.110265392868083012e+00
-1.853701565480412539e+00
-2.379673862273621765e+00
1.110265392868083012e+00
-2.838546471634915136e-01
-8.098269439567009620e-01
-6.028127408292776046e-01
2.397441284348102997e-01
1.283618749958540306e+00
nan
-2.838546471634915136e-01
-2.862281683583991487e-01
-3.161407654022063696e-02
-2.838546471634915136e-01
-2.862281683583991487e-01
-3.161407654022063696e-02
-2.838546471634915136e-01
-2.862281683583991487e-01
-6.028127408292776046e-01
-2.838546471634915136e-01
-2.862281683583991487e-01
-6.028127408292776046e-01
2.397441284348102997e-01
2.368959030009105682e-01
5.390667285790464724e-01
-8.069787185228012305e-01
-8.098269439567009620e-01
-1.173493545948524508e+00
-1.853701565480412539e+00
-2.379673862273621765e+00
2.252144862276407089e+00
1.286466975392421830e+00
7.604946785992123814e-01
1.110265392868083012e+00
-8.069787185228012305e-01
-1.333425719555002997e+00
-1.173493545948524508e+00
-8.069787185228012305e-01
-8.098269439567009620e-01
-1.173493545948524508e+00
2.397441284348102997e-01
2.368959030009105682e-01
5.390667285790464724e-01
1.810065750990723643e+00
nan
1.110265392868083012e+00
7.633429040331121129e-01
nan
-2.886571679645885347e+00
-1.330102789882110503e+00
-1.333425719555002997e+00
-1.173493545948524508e+00
1.286466975392421830e+00
7.604946785992123814e-01
1.110265392868083012e+00
-8.069787185228012305e-01
1.283618749958540306e+00
-1.173493545948524508e+00
-1.853701565480412539e+00
-2.903272637871923578e+00
-6.028127408292776046e-01
1.286466975392421830e+00
2.330341596916151836e+00
nan
-2.838546471634915136e-01
7.604946785992123814e-01
1.680946197987350565e+00
1.286466975392421830e+00
1.283618749958540306e+00
1.110265392868083012e+00
-1.330102789882110503e+00
-2.862281683583991487e-01
-2.886571679645885347e+00
2.397441284348102997e-01
-2.862281683583991487e-01
-3.161407654022063696e-02
-8.069787185228012305e-01
7.604946785992123814e-01
1.680946197987350565e+00
-4.833491035961072768e-01
-4.858413008507684872e-01
-6.435408414188090731e-01
6.943921133208283969e-01
6.915438878869344386e-01
8.341855307566428124e-01
1.087091195019555201e+00
1.476586023105141976e+00
1.942312767215659264e+00
6.943921133208283969e-01
2.992008343674528170e-01
4.645863950402073783e-01
1.087091195019555201e+00
1.083886941406415616e+00
1.573048716844382078e+00
-9.065002189738047278e-02
-9.349824733127309884e-02
-2.742767910475318871e-01
3.020490598013463313e-01
2.992008343674528170e-01
4.645863950402073783e-01
1.087091195019555201e+00
1.083886941406415616e+00
1.573048716844382078e+00
1.479434248539051033e+00
1.869285104803867448e+00
3.050775089019833075e+00
-4.833491035961072768e-01
-8.785403825494801922e-01
-1.013139977135257830e+00
1.087091195019555201e+00
1.476586023105141976e+00
1.573048716844382078e+00
-4.833491035961072768e-01
-8.785403825494801922e-01
-1.013139977135257830e+00
-8.756921571155893425e-01
-8.785403825494801922e-01
-1.382404027506535016e+00
-1.268035210635071852e+00
2.654327240022074541e+00
-2.742767910475318871e-01
-1.660734292333798656e+00
-1.663582517767701496e+00
-2.860130399681999780e+00
3.020490598013463313e-01
2.992008343674528170e-01
9.532234466891686964e-02
-8.756921571155893425e-01
-1.270883436068975580e+00
-1.382404027506535016e+00
-8.756921571155893425e-01
-8.785403825494801922e-01
-1.382404027506535016e+00
6.943921133208283969e-01
2.992008343674528170e-01
4.645863950402073783e-01
-4.833491035961072768e-01
-4.858413008507684872e-01
-6.435408414188090731e-01
-9.065002189738047278e-02
-9.349824733127309884e-02
9.532234466891686964e-02
3.020490598013463313e-01
-9.349824733127309884e-02
-2.742767910475318871e-01
1.087091195019555201e+00
3.046670293541570373e+00
-2.490866349310709715e+00
6.943921133208283969e-01
2.992008343674528170e-01
4.645863950402073783e-01
1.087091195019555201e+00
1.083886941406415616e+00
1.203449581127933321e+00
nan
-9.349824733127309884e-02
3.050775089019833075e+00
6.943921133208283969e-01
2.992008343674528170e-01
4.645863950402073783e-01
6.943921133208283969e-01
6.915438878869344386e-01
8.341855307566428124e-01
3.020490598013463313e-01
-9.349824733127309884e-02
9.532234466891686964e-02
-1.660734292333798656e+00
-2.055925571287183118e+00
9.532234466891686964e-02
3.020490598013463313e-01
-9.349824733127309884e-02
9.532234466891686964e-02
-9.065002189738047278e-02
-4.858413008507684872e-01
-2.742767910475318871e-01
-4.833491035961072768e-01
1.083886941406415616e+00
-1.752003163222983551e+00
3.020490598013463313e-01
2.992008343674528170e-01
4.645863950402073783e-01
6.943921133208283969e-01
6.915438878869344386e-01
8.341855307566428124e-01
-1.268035210635071852e+00
-1.270883436068975580e+00
-1.752003163222983551e+00
-8.756921571155893425e-01
-8.785403825494801922e-01
-1.382404027506535016e+00
-4.833491035961072768e-01
-4.858413008507684872e-01
-6.435408414188090731e-01
-8.756921571155893425e-01
-1.270883436068975580e+00
-1.382404027506535016e+00
3.020490598013463313e-01
-2.055925571287183118e+00
1.942312767215659264e+00
-9.300997361426786014e-01
-1.682095983088036650e+00
-7.161203271814393645e-01
-2.642660010670249804e+00
-2.467494146485488482e+00
-7.161203271814393645e-01
-3.594189310234319201e-01
-1.127237690101110523e-01
-8.837144155026743775e-02
-9.300997361426786014e-01
-1.682095983088036650e+00
-1.344438857899402429e+00
1.924857866962986108e+00
-8.974098760490738513e-01
3.052081921865966052e+00
2.117797332656250475e-01
6.726743943873407794e-01
5.393774440809044890e-01
-9.300997361426786014e-01
-1.682095983088036650e+00
-7.161203271814393645e-01
1.924857866962986108e+00
nan
5.393774440809044890e-01
2.117797332656250475e-01
-1.127237690101110523e-01
5.393774440809044890e-01
-9.300997361426786014e-01
-8.974098760490738513e-01
-8.837144155026743775e-02
-3.594189310234319201e-01
2.242758664823755410e+00
-8.837144155026743775e-02
2.117797332656250475e-01
1.458072557784793055e+00
1.167695974798867553e+00
-2.071979205550982694e+00
-1.127237690101110523e-01
-1.344438857899402429e+00
-9.300997361426786014e-01
-1.682095983088036650e+00
-1.344438857899402429e+00
7.829783975546820152e-01
6.726743943873407794e-01
5.393774440809044890e-01
-3.594189310234319201e-01
-1.127237690101110523e-01
-8.837144155026743775e-02
nan
6.726743943873407794e-01
nan
7.829783975546820152e-01
1.458072557784793055e+00
1.167695974798867553e+00
2.117797332656250475e-01
6.726743943873407794e-01
1.167695974798867553e+00
2.117797332656250475e-01
-1.127237690101110523e-01
5.393774440809044890e-01
7.829783975546820152e-01
-1.682095983088036650e+00
5.393774440809044890e-01
-9.300997361426786014e-01
-8.974098760490738513e-01
-7.161203271814393645e-01
2.117797332656250475e-01
-1.127237690101110523e-01
5.393774440809044890e-01
2.117797332656250475e-01
-1.127237690101110523e-01
5.393774440809044890e-01
1.353659202673928696e+00
-1.682095983088036650e+00
-7.161203271814393645e-01
-3.594189310234319201e-01
-1.127237690101110523e-01
5.393774440809044890e-01
-2.071979205550982694e+00
-1.127237690101110523e-01
-1.344438857899402429e+00
-1.500780541261925505e+00
3.028156828221207242e+00
3.052081921865966052e+00
7.829783975546820152e-01
2.242758664823755410e+00
nan
7.829783975546820152e-01
1.458072557784793055e+00
1.167695974798867553e+00
2.117797332656250475e-01
-8.974098760490738513e-01
-8.837144155026743775e-02
-3.594189310234319201e-01
-2.467494146485488482e+00
-8.837144155026743775e-02
-2.642660010670249804e+00
-2.467494146485488482e+00
-1.344438857899402429e+00
2.117797332656250475e-01
6.726743943873407794e-01
1.167695974798867553e+00
2.117797332656250475e-01
6.726743943873407794e-01
5.393774440809044890e-01
-1.500780541261925505e+00
-8.974098760490738513e-01
-8.837144155026743775e-02
2.495538672082252774e+00
3.028156828221207242e+00
3.052081921865966052e+00
1.353659202673928696e+00
-8.974098760490738513e-01
-1.972187743530596782e+00
1.924857866962986108e+00
nan
1.167695974798867553e+00
-9.300997361426786014e-01
-8.974098760490738513e-01
-7.161203271814393645e-01
-1.684232152163469109e+00
1.287077309413992232e+00
-7.218167780492477092e-01
-8.995460451245027578e-01
-1.852887786785000435e+00
-9.349824733128686560e-02
nan
-1.852887786785000435e+00
1.162569169017843684e+00
-1.141478817270473733e-01
-9.561036644547566965e-01
-2.606202725116339103e+00
1.455936388709374363e+00
1.735876259926806497e+00
-7.218167780492477092e-01
1.455936388709374363e+00
3.898862977360249005e-01
-9.349824733128686560e-02
-8.995460451245027578e-01
8.386852482488547089e-01
3.046385470998166589e+00
-8.995460451245027578e-01
-5.850576342909707961e-02
5.342506382999054892e-01
1.455936388709374363e+00
1.287077309413992232e+00
5.342506382999054892e-01
nan
-9.561036644547566965e-01
-9.349824733128686560e-02
1.455936388709374363e+00
3.898862977360249005e-01
-9.349824733128686560e-02
6.712502816704075670e-01
-5.850576342909707961e-02
-9.349824733128686560e-02
-1.684232152163469109e+00
-2.301686737297830021e+00
-7.218167780492477092e-01
1.455936388709374363e+00
-5.073047139419268881e-01
-7.218167780492477092e-01
6.712502816704075670e-01
1.287077309413992232e+00
1.162569169017843684e+00
6.712502816704075670e-01
1.735876259926806497e+00
-7.218167780492477092e-01
-8.995460451245027578e-01
2.633067271604773829e+00
-9.349824733128686560e-02
nan
-1.852887786785000435e+00
-1.349565663680417416e+00
nan
-5.073047139419268881e-01
1.790318054649035595e+00
nan
-9.561036644547566965e-01
1.790318054649035595e+00
-1.684232152163469109e+00
-2.301686737297830021e+00
-7.218167780492477092e-01
-8.995460451245027578e-01
2.633067271604773829e+00
5.342506382999054892e-01
6.712502816704075670e-01
-9.561036644547566965e-01
5.342506382999054892e-01
-8.995460451245027578e-01
-2.301686737297830021e+00
-1.349565663680417416e+00
6.712502816704075670e-01
2.633067271604773829e+00
5.342506382999054892e-01
6.712502816704075670e-01
-5.073047139419268881e-01
-7.218167780492477092e-01
nan
-2.750078798462967988e+00
-9.349824733128686560e-02
nan
-9.561036644547566965e-01
1.790318054649035595e+00
-1.684232152163469109e+00
3.898862977360249005e-01
-1.349565663680417416e+00
-1.684232152163469109e+00
-2.301686737297830021e+00
-7.218167780492477092e-01
nan
1.287077309413992232e+00
3.046385470998166589e+00
nan
3.898862977360249005e-01
3.046385470998166589e+00
-1.141478817270473733e-01
-1.404495725619878677e+00
5.342506382999054892e-01
-1.684232152163469109e+00
2.184268321091944465e+00
-7.218167780492477092e-01
6.712502816704075670e-01
-1.852887786785000435e+00
-2.606202725116339103e+00
6.712502816704075670e-01
1.287077309413992232e+00
1.162569169017843684e+00
nan
-2.750078798462967988e+00
-9.349824733128686560e-02
nan
-1.404495725619878677e+00
-9.349824733128686560e-02
-1.684232152163469109e+00
-2.301686737297830021e+00
-7.218167780492477092e-01
-2.468918259202435461e+00
-1.852887786785000435e+00
5.342506382999054892e-01
-1.461785745775993295e+00
8.758478086720913325e-01
-8.403029560994061953e-01
-2.090104276493954139e+00
-2.787444803560070739e+00
-1.468621486817369481e+00
-2.062879745136538823e-01
-6.944738138838220110e-01
-8.403029560994061953e-01
-1.461785745775993295e+00
-2.787444803560070739e+00
-2.119844253814431312e-01
-2.090104276493954139e+00
-2.264320732200742370e+00
-2.119844253814431312e-01
-2.062879745136538823e-01
-6.944738138838220110e-01
-8.403029560994061953e-01
-2.090104276493954139e+00
8.758478086720913325e-01
1.044082990967691416e+00
2.306416503271398355e+00
1.922570655629721514e+00
1.044082990967691416e+00
4.220305562043069614e-01
2.969293502587333045e+00
1.044082990967691416e+00
1.050349086922268249e+00
-6.944738138838220110e-01
-2.096370372448541630e+00
nan
8.758478086720913325e-01
nan
-1.461785745775993295e+00
2.446169431228004676e+00
4.157644602497287956e-01
-2.717853162125146049e+00
2.969293502587333045e+00
4.157644602497287956e-01
1.678097972553437955e+00
1.399446584270393146e+00
1.044082990967691416e+00
2.934165388902590266e+00
2.969293502587333045e+00
nan
-2.090104276493954139e+00
-1.708750382855197536e-01
-2.096370372448541630e+00
2.306416503271398355e+00
-1.708750382855197536e-01
2.300150407316826850e+00
-2.090104276493954139e+00
1.399446584270393146e+00
nan
1.678097972553437955e+00
-1.708750382855197536e-01
-1.468621486817369481e+00
nan
-2.264320732200742370e+00
-2.119844253814431312e-01
1.050349086922268249e+00
8.758478086720913325e-01
4.157644602497287956e-01
-2.062879745136538823e-01
-6.944738138838220110e-01
-2.119844253814431312e-01
4.220305562043069614e-01
3.527237373127820597e-01
-2.119844253814431312e-01
-8.340368601448235886e-01
1.399446584270393146e+00
-8.403029560994061953e-01
-2.717853162125146049e+00
-1.708750382855197536e-01
1.044082990967691416e+00
1.678097972553437955e+00
8.758478086720913325e-01
4.157644602497287956e-01
-2.062879745136538823e-01
-6.944738138838220110e-01
-8.403029560994061953e-01
nan
-6.944738138838220110e-01
4.157644602497287956e-01
-8.340368601448235886e-01
-1.217597885243131284e+00
-2.096370372448541630e+00
4.220305562043069614e-01
-1.708750382855197536e-01
-2.119844253814431312e-01
-2.062879745136538823e-01
-6.944738138838220110e-01
-8.403029560994061953e-01
-1.461785745775993295e+00
2.446169431228004676e+00
4.157644602497287956e-01
1.050349086922268249e+00
3.527237373127820597e-01
4.157644602497287956e-01
2.934165388902590266e+00
8.758478086720913325e-01
-8.403029560994061953e-01
-1.461785745775993295e+00
-2.264320732200742370e+00
-2.119844253814431312e-01
1.050349086922268249e+00
1.922570655629721514e+00
-8.403029560994061953e-01
4.220305562043069614e-01
-1.708750382855197536e-01
-2.119844253814431312e-01
-2.062879745136538823e-01
8.758478086720913325e-01
2.300150407316826850e+00
1.678097972553437955e+00
8.758478086720913325e-01
4.157644602497287956e-01
-1.461785745775993295e+00
3.527237373127820597e-01
1.044082990967691416e+00
2.182242029342642553e-01
5.097558995683777461e-01
5.069076741344793469e-01
-4.792745588781608390e-01
-7.463115167807528039e-01
-7.491597422146556440e-01
-4.792745588781608390e-01
-1.179929860628141647e-01
-1.208412114967147843e-01
2.182242029342642553e-01
5.097558995683777461e-01
-1.208412114967147843e-01
-4.792745588781608390e-01
-7.463115167807528039e-01
-7.491597422146556440e-01
2.182242029342642553e-01
-1.179929860628141647e-01
-1.208412114967147843e-01
2.182242029342642553e-01
-1.179929860628141647e-01
-1.208412114967147843e-01
-4.792745588781608390e-01
-1.179929860628141647e-01
-7.491597422146556440e-01
-1.177406259675896516e+00
-7.463115167807528039e-01
-7.491597422146556440e-01
9.163559037319872758e-01
5.097558995683777461e-01
5.069076741344793469e-01
-4.792745588781608390e-01
-7.463115167807528039e-01
-7.491597422146556440e-01
2.182242029342642553e-01
5.097558995683777461e-01
5.069076741344793469e-01
-4.792745588781608390e-01
-1.179929860628141647e-01
-1.208412114967147843e-01
-1.177406259675896516e+00
-7.463115167807528039e-01
-7.491597422146556440e-01
-1.177406259675896516e+00
-7.463115167807528039e-01
-7.491597422146556440e-01
2.182242029342642553e-01
5.097558995683777461e-01
-1.208412114967147843e-01
9.163559037319872758e-01
1.138074430286338590e+00
2.390723976114786709e+00
-1.177406259675896516e+00
-7.463115167807528039e-01
-1.376908627845849775e+00
9.163559037319872758e-01
5.097558995683777461e-01
5.069076741344793469e-01
-1.177406259675896516e+00
-7.463115167807528039e-01
-1.376908627845849775e+00
-4.792745588781608390e-01
-7.463115167807528039e-01
-7.491597422146556440e-01
-4.792745588781608390e-01
-1.179929860628141647e-01
-1.208412114967147843e-01
9.163559037319872758e-01
1.138074430286338590e+00
1.135226204852442855e+00
9.163559037319872758e-01
5.097558995683777461e-01
5.069076741344793469e-01
2.182242029342642553e-01
5.097558995683777461e-01
-1.208412114967147843e-01
-1.874905021488321388e+00
-1.374060402411944937e+00
-1.376908627845849775e+00
-1.177406259675896516e+00
-7.463115167807528039e-01
-1.376908627845849775e+00
9.163559037319872758e-01
1.138074430286338590e+00
1.135226204852442855e+00
2.182242029342642553e-01
-1.179929860628141647e-01
-1.208412114967147843e-01
1.613854665544412370e+00
1.765823315917508296e+00
nan
-4.792745588781608390e-01
-7.463115167807528039e-01
-7.491597422146556440e-01
2.182242029342642553e-01
5.097558995683777461e-01
-1.208412114967147843e-01
-4.792745588781608390e-01
-1.179929860628141647e-01
-7.491597422146556440e-01
9.163559037319872758e-01
1.765823315917508296e+00
3.019042506832749773e+00
-4.792745588781608390e-01
-1.179929860628141647e-01
-1.208412114967147843e-01
2.182242029342642553e-01
5.097558995683777461e-01
5.069076741344793469e-01
9.163559037319872758e-01
3.021890732266639290e+00
-2.005227158563812839e+00
-4.792745588781608390e-01
-1.179929860628141647e-01
-1.208412114967147843e-01
9.163559037319872758e-01
1.138074430286338590e+00
1.135226204852442855e+00
-4.792745588781608390e-01
1.138074430286338590e+00
-2.005227158563812839e+00
-1.355095724812818148e-01
2.881639608110777573e-01
5.343667652335026830e-02
2.571895092174441011e-01
7.365560219762157246e-01
4.230358122397990250e-01
3.005014996570805508e+00
nan
1.531163048698815032e+00
2.219972861352584204e+00
nan
1.161898998327524524e+00
-5.278526260007634363e-01
-1.606349897017360639e-01
5.343667652335026830e-02
-5.278526260007634363e-01
-6.090270508668740312e-01
-3.158273738479269177e-01
-2.097936896437177623e+00
2.082139094819289049e+00
5.343667652335026830e-02
-1.312894761218970530e+00
-2.852208024735606973e+00
-6.854265095643756744e-01
-1.355095724812818148e-01
2.881639608110777573e-01
5.343667652335026830e-02
2.219972861352584204e+00
nan
1.161898998327524524e+00
-5.278526260007634363e-01
-6.090270508668740312e-01
5.343667652335026830e-02
-1.355095724812818148e-01
2.881639608110777573e-01
5.343667652335026830e-02
-5.278526260007634363e-01
-6.090270508668740312e-01
-3.158273738479269177e-01
-1.355095724812818148e-01
2.881639608110777573e-01
4.230358122397990250e-01
3.005014996570805508e+00
1.185354972489045977e+00
-6.854265095643756744e-01
2.571895092174441011e-01
7.365560219762157246e-01
4.230358122397990250e-01
1.042231644435651639e+00
nan
7.922998626110762110e-01
-1.705237814738465918e+00
7.365560219762157246e-01
-1.054690559935652860e+00
1.042231644435651639e+00
nan
7.922998626110762110e-01
2.219972861352584204e+00
nan
1.161898998327524524e+00
6.498885909161700170e-01
2.082139094819289049e+00
1.161898998327524524e+00
-9.201956795202446138e-01
1.185354972489045977e+00
7.922998626110762110e-01
-9.201956795202446138e-01
-1.057826001379703840e+00
-6.854265095643756744e-01
2.571895092174441011e-01
7.365560219762157246e-01
4.230358122397990250e-01
1.042231644435651639e+00
1.633747033654167069e+00
2.270026234786540975e+00
-2.490279949956673455e+00
2.979736995844948666e+00
4.230358122397990250e-01
-5.278526260007634363e-01
-1.057826001379703840e+00
-1.054690559935652860e+00
1.042231644435651639e+00
nan
7.922998626110762110e-01
-1.355095724812818148e-01
-1.057826001379703840e+00
-6.854265095643756744e-01
6.498885909161700170e-01
2.082139094819289049e+00
1.161898998327524524e+00
3.005014996570805508e+00
nan
1.531163048698815032e+00
-1.355095724812818148e-01
7.365560219762157246e-01
4.230358122397990250e-01
-9.201956795202446138e-01
2.979736995844948666e+00
5.343667652335026830e-02
-9.201956795202446138e-01
1.185354972489045977e+00
7.922998626110762110e-01
1.434930726134377110e+00
-6.090270508668740312e-01
-2.532416932111117625e+00
2.219972861352584204e+00
nan
1.161898998327524524e+00
-1.312894761218970530e+00
7.365560219762157246e-01
-1.054690559935652860e+00
-9.201956795202446138e-01
-1.057826001379703840e+00
-3.158273738479269177e-01
-5.278526260007634363e-01
-1.606349897017360639e-01
5.343667652335026830e-02
nan
nan
1.161898998327524524e+00
nan
1.058608940680570321e+00
2.233501932163608927e+00
2.992444463165424118e+00
nan
2.707185800284683808e-01
5.767111066914027973e-01
-9.038183832753299285e-01
-1.299365690407960239e+00
-8.723783563703868538e-01
-1.191322762363653531e-01
-1.216244734910270076e-01
5.767111066914027973e-01
2.735668054623614509e-01
2.707185800284683808e-01
1.060033053397527070e+00
-5.114753297558474188e-01
-1.299365690407960239e+00
-3.894945981925457268e-01
-1.191322762363653531e-01
-1.216244734910270076e-01
nan
nan
-2.084407825626167554e+00
-3.894945981925457268e-01
-1.191322762363653531e-01
-1.216244734910270076e-01
nan
6.662658871610882549e-01
1.055760715246675474e+00
-3.894945981925457268e-01
-1.191322762363653531e-01
-1.216244734910270076e-01
5.767111066914027973e-01
-9.038183832753299285e-01
-1.299365690407960239e+00
2.992444463165424118e+00
nan
2.707185800284683808e-01
1.060033053397527070e+00
6.662658871610882549e-01
2.707185800284683808e-01
-8.723783563703868538e-01
-1.191322762363653531e-01
-1.216244734910270076e-01
nan
-1.191322762363653531e-01
6.634176617271942966e-01
nan
1.843651075898793401e+00
nan
-3.894945981925457268e-01
-5.114753297558474188e-01
-9.066666087092345450e-01
9.382734851356167027e-02
2.735668054623614509e-01
-1.216244734910270076e-01
1.542916811575350877e+00
6.662658871610882549e-01
6.634176617271942966e-01
-1.838584061254335156e+00
-9.038183832753299285e-01
-5.143235551897391566e-01
-1.838584061254335156e+00
-2.866601735410488239e+00
-9.066666087092345450e-01
1.542916811575350877e+00
6.662658871610882549e-01
6.634176617271942966e-01
2.992444463165424118e+00
1.058608940680570321e+00
-5.143235551897391566e-01
5.767111066914027973e-01
2.735668054623614509e-01
2.707185800284683808e-01
nan
1.451308022379297569e+00
nan
9.382734851356167027e-02
2.735668054623614509e-01
-1.216244734910270076e-01
nan
3.021392292815729519e+00
-2.084407825626167554e+00
9.382734851356167027e-02
2.735668054623614509e-01
2.707185800284683808e-01
nan
2.735668054623614509e-01
1.055760715246675474e+00
9.382734851356167027e-02
2.735668054623614509e-01
-1.216244734910270076e-01
5.767111066914027973e-01
6.662658871610882549e-01
2.707185800284683808e-01
nan
1.451308022379297569e+00
nan
-1.355700303076511348e+00
-5.114753297558474188e-01
-1.216244734910270076e-01
-3.894945981925457268e-01
1.058608940680570321e+00
-1.691708743927441638e+00
nan
1.058608940680570321e+00
1.840802850464882567e+00
5.767111066914027973e-01
2.735668054623614509e-01
2.707185800284683808e-01
1.060033053397527070e+00
-5.114753297558474188e-01
-9.066666087092345450e-01
nan
6.662658871610882549e-01
1.448459796945401834e+00
-2.805227954666584367e+00
1.058608940680570321e+00
1.055760715246675474e+00
-3.880047571963616271e-01
-7.118982518323715425e-01
-1.197343837713189307e+00
8.682525408483701135e-01
7.658281203430901130e-01
1.244851237108251851e+00
8.682525408483701135e-01
7.658281203430901130e-01
8.961018562020450773e-01
1.286751797935832720e+00
1.504691306430814279e+00
1.942666468413325909e+00
nan
1.135092170714366411e+00
nan
8.682525408483701135e-01
7.658281203430901130e-01
1.244851237108251851e+00
4.493735203697282188e-01
3.962289846266422444e-01
1.982866248969590295e-01
-2.481260569416004813e+00
2.243554492518538446e+00
-4.995286064081150279e-01
nan
1.504691306430814279e+00
nan
-3.880047571963616271e-01
-7.118982518323715425e-01
-1.197343837713189307e+00
4.493735203697282188e-01
2.696493425536594657e-02
1.982866248969590295e-01
-8.065040142838095782e-01
-1.081497387548806088e+00
-2.244224919417131314e+00
-3.880047571963616271e-01
-1.081497387548806088e+00
2.291732318812194080e+00
8.682525408483701135e-01
3.962289846266422444e-01
5.470360058031773498e-01
8.682525408483701135e-01
7.658281203430901130e-01
8.961018562020450773e-01
-3.880047571963616271e-01
-7.118982518323715425e-01
-1.546409688112057257e+00
1.705630818414459959e+00
2.243554492518538446e+00
nan
-3.880047571963616271e-01
-2.559223759724267744e+00
1.244851237108251851e+00
-1.225383034762451695e+00
-2.189624624007820319e+00
1.982866248969590295e-01
-1.225383034762451695e+00
-1.820360573636543577e+00
5.470360058031773498e-01
-3.880047571963616271e-01
-7.118982518323715425e-01
-1.895159069018263587e+00
4.493735203697282188e-01
3.962289846266422444e-01
1.982866248969590295e-01
4.493735203697282188e-01
2.696493425536594657e-02
-1.507792255018967076e-01
-8.065040142838095782e-01
-1.081497387548806088e+00
2.291732318812194080e+00
8.682525408483701135e-01
7.658281203430901130e-01
8.961018562020450773e-01
-3.880047571963616271e-01
-7.118982518323715425e-01
-1.895159069018263587e+00
-1.643882291849899646e+00
-2.189624624007820319e+00
-1.507792255018967076e-01
nan
nan
-2.942040150722205816e+00
8.682525408483701135e-01
7.658281203430901130e-01
8.961018562020450773e-01
-1.225383034762451695e+00
-1.450761437920095931e+00
8.961018562020450773e-01
-8.065040142838095782e-01
-1.450761437920095931e+00
-2.942040150722205816e+00
-8.065040142838095782e-01
-1.450761437920095931e+00
1.244851237108251851e+00
8.682525408483701135e-01
3.962289846266422444e-01
5.470360058031773498e-01
4.493735203697282188e-01
3.962289846266422444e-01
5.470360058031773498e-01
-8.065040142838095782e-01
-1.081497387548806088e+00
-2.244224919417131314e+00
-2.481260569416004813e+00
2.612818542889828066e+00
2.989547550117280572e+00
4.493735203697282188e-01
2.696493425536594657e-02
-1.507792255018967076e-01
4.493735203697282188e-01
2.696493425536594657e-02
-1.507792255018967076e-01
-3.880047571963616271e-01
-7.118982518323715425e-01
2.989547550117280572e+00
1.705630818414459959e+00
nan
-2.592974300323337644e+00
-1.766960154538954386e+00
-1.977489824722912237e+00
2.758145057087678431e+00
-6.250806851306545120e-01
-5.284003616611401277e-01
-1.010057191959748746e+00
nan
4.378053432228083963e-01
nan
nan
nan
8.737591100205808203e-01
-6.250806851306545120e-01
-5.284003616611401277e-01
-3.823083063285768191e-01
-6.250806851306545120e-01
-5.284003616611401277e-01
-3.823083063285768191e-01
nan
2.853538699696846592e+00
nan
5.167987842776460283e-01
4.378053432228083963e-01
8.737591100205808203e-01
-1.766960154538954386e+00
1.887332994812881637e+00
nan
-5.439988001140916296e-02
nan
nan
-1.195761490249899195e+00
-1.011722308367264844e+00
-1.638375722677711810e+00
5.167987842776460283e-01
4.378053432228083963e-01
8.737591100205808203e-01
1.087997448566700776e+00
9.211272899289326688e-01
1.502077640738521680e+00
2.229876917975000872e+00
2.853538699696846592e+00
nan
-1.766960154538954386e+00
1.404011048106773352e+00
-3.823083063285768191e-01
nan
-1.494606066545088430e+00
nan
-6.250806851306545120e-01
-1.011722308367264844e+00
-1.638375722677711810e+00
-5.439988001140916296e-02
-4.507841495501541118e-02
2.460102243893862450e-01
1.658678253685946125e+00
nan
-3.823083063285768191e-01
5.167987842776460283e-01
1.887332994812881637e+00
nan
-1.766960154538954386e+00
-2.460811771429036732e+00
8.737591100205808203e-01
-6.250806851306545120e-01
-5.284003616611401277e-01
-1.010057191959748746e+00
1.087997448566700776e+00
9.211272899289326688e-01
1.502077640738521680e+00
2.800557723094266649e+00
-4.507841495501541118e-02
-2.266694253395674874e+00
nan
-4.507841495501541118e-02
nan
-5.439988001140916296e-02
-4.507841495501541118e-02
-3.823083063285768191e-01
-6.250806851306545120e-01
2.853538699696846592e+00
1.502077640738521680e+00
-2.337640959658219941e+00
1.887332994812881637e+00
nan
-5.439988001140916296e-02
-5.284003616611401277e-01
-3.823083063285768191e-01
-2.337640959658219941e+00
-2.943695529606877859e+00
2.460102243893862450e-01
1.658678253685946125e+00
nan
-2.266694253395674874e+00
-5.439988001140916296e-02
-4.507841495501541118e-02
2.460102243893862450e-01
-1.766960154538954386e+00
-1.494606066545088430e+00
-2.894443139026846801e+00
2.229876917975000872e+00
nan
-1.010057191959748746e+00
5.167987842776460283e-01
4.378053432228083963e-01
8.737591100205808203e-01
1.087997448566700776e+00
-1.494606066545088430e+00
2.460102243893862450e-01
5.167987842776460283e-01
4.378053432228083963e-01
1.502077640738521680e+00
-5.439988001140916296e-02
-4.507841495501541118e-02
2.460102243893862450e-01
nan
-1.977489824722912237e+00
nan
-6.250806851306545120e-01
-1.011722308367264844e+00
-1.638375722677711810e+00
-1.743440308011625639e-01
-3.872723563705049443e-01
5.827147936072529788e-02
-1.140549735685110866e+00
-1.733262318561286319e+00
1.404261441551506451e+00
-1.623871682391235360e+00
-2.630453330239237886e+00
-3.905274711521045106e-01
-1.743440308011625639e-01
-3.872723563705049443e-01
-3.905274711521045106e-01
1.275183620788910233e+00
1.855501728150536600e+00
1.404261441551506451e+00
-1.743440308011625639e-01
nan
5.070704298735551063e-01
2.724273083850699884e+00
5.099186553074628314e-01
-8.389195323172264906e-01
3.089779159049621526e-01
5.099186553074628314e-01
5.070704298735551063e-01
-6.572277889789863714e-01
-8.360713068833187656e-01
-8.389195323172264906e-01
7.918616740828032796e-01
9.583107164725843674e-01
5.070704298735551063e-01
-1.623871682391235360e+00
-2.181654379726408077e+00
-3.905274711521045106e-01
1.275183620788910233e+00
1.855501728150536600e+00
1.404261441551506451e+00
-1.743440308011625639e-01
6.111970479463302297e-02
5.827147936072529788e-02
-1.743440308011625639e-01
9.583107164725843674e-01
-1.287311593482348471e+00
3.089779159049621526e-01
5.099186553074628314e-01
5.070704298735551063e-01
-1.140549735685110866e+00
-1.284463368048456511e+00
-1.287311593482348471e+00
-1.623871682391235360e+00
-2.181654379726408077e+00
-3.905274711521045106e-01
-6.572277889789863714e-01
-8.360713068833187656e-01
-8.389195323172264906e-01
-1.743440308011625639e-01
6.111970479463302297e-02
5.827147936072529788e-02
1.275183620788910233e+00
2.752692739828487944e+00
-3.905274711521045106e-01
nan
-3.079252280752067694e+00
5.070704298735551063e-01
nan
-3.079252280752067694e+00
2.749844514394596651e+00
nan
9.583107164725843674e-01
1.852653502716644418e+00
-1.623871682391235360e+00
-2.181654379726408077e+00
5.827147936072529788e-02
nan
nan
nan
1.758067378966751804e+00
-1.733262318561286319e+00
1.404261441551506451e+00
3.089779159049621526e-01
6.111970479463302297e-02
5.827147936072529788e-02
-1.140549735685110866e+00
-1.284463368048456511e+00
-1.736110543995178279e+00
-1.743440308011625639e-01
6.111970479463302297e-02
5.827147936072529788e-02
3.089779159049621526e-01
5.099186553074628314e-01
5.827147936072529788e-02
3.089779159049621526e-01
6.111970479463302297e-02
5.827147936072529788e-02
-2.589639198746882975e+00
-3.872723563705049443e-01
-1.736110543995178279e+00
-3.072961145453007692e+00
nan
2.301452453229458683e+00
-3.072961145453007692e+00
-1.733262318561286319e+00
-8.389195323172264906e-01
-2.106755440569059168e+00
5.099186553074628314e-01
-1.287311593482348471e+00
-6.572277889789863714e-01
-8.360713068833187656e-01
-3.905274711521045106e-01
1.758067378966751804e+00
2.752692739828487944e+00
nan
nan
6.111970479463302297e-02
1.404261441551506451e+00
3.089779159049621526e-01
6.111970479463302297e-02
5.827147936072529788e-02
-6.572277889789863714e-01
-1.284463368048456511e+00
-1.287311593482348471e+00
-1.650338269500080113e+00
-3.971190785848328630e-01
-9.727004667951439920e-01
-2.906215804153617910e+00
1.277637476547343276e+00
2.002046139008922587e+00
-2.487716547066169959e+00
-1.652996613238382650e+00
-1.303394430330913512e+00
4.432973061107419177e-01
-3.971190785848328630e-01
-1.303394430330913512e+00
2.955432138809026554e+00
nan
6.798699112729926775e-01
-3.940809714553483722e-01
2.115015754113446000e+00
nan
-2.906215804153617910e+00
-8.156183356722799260e-01
-2.625570658066842977e+00
-3.940809714553483722e-01
2.175994189380814348e-02
-6.423063164629367883e-01
nan
1.696516497025983838e+00
nan
-8.129599919339902669e-01
-8.156183356722799260e-01
2.002046139008922587e+00
-8.129599919339902669e-01
-1.234497356150920933e+00
-2.625570658066842977e+00
-1.231459249021438218e+00
-3.971190785848328630e-01
-9.727004667951439920e-01
4.432973061107419177e-01
4.402591989812552065e-01
3.494757609407974641e-01
4.432973061107419177e-01
1.696516497025983838e+00
nan
-1.650338269500080113e+00
-2.071875633717009002e+00
-2.625570658066842977e+00
1.280675583676846863e+00
-8.156183356722799260e-01
-2.294876694531073458e+00
4.432973061107419177e-01
4.402591989812552065e-01
1.878179740502794459e-02
8.617965631982045238e-01
8.591382194598962130e-01
6.798699112729926775e-01
8.617965631982045238e-01
8.591382194598962130e-01
6.798699112729926775e-01
-3.940809714553483722e-01
-8.156183356722799260e-01
-1.633788580663108725e+00
1.280675583676846863e+00
nan
2.663134252876898422e+00
-8.129599919339902669e-01
-1.652996613238382650e+00
-2.625570658066842977e+00
-1.650338269500080113e+00
-1.652996613238382650e+00
-2.294876694531073458e+00
4.432973061107419177e-01
4.402591989812552065e-01
3.494757609407974641e-01
-3.940809714553483722e-01
2.175994189380814348e-02
-6.423063164629367883e-01
-8.129599919339902669e-01
-1.652996613238382650e+00
1.010563874808761753e+00
-8.129599919339902669e-01
-1.234497356150920933e+00
1.671651988676726930e+00
4.432973061107419177e-01
4.402591989812552065e-01
3.494757609407974641e-01
4.432973061107419177e-01
4.402591989812552065e-01
1.878179740502794459e-02
1.280675583676846863e+00
2.533894774592072352e+00
nan
8.617965631982045238e-01
8.591382194598962130e-01
1.010563874808761753e+00
-2.906215804153617910e+00
1.277637476547343276e+00
2.002046139008922587e+00
-8.129599919339902669e-01
2.175994189380814348e-02
-6.423063164629367883e-01
-1.231459249021438218e+00
-3.971190785848328630e-01
-9.727004667951439920e-01
1.280675583676846863e+00
1.277637476547343276e+00
1.340958025140957410e+00
4.432973061107419177e-01
4.402591989812552065e-01
3.494757609407974641e-01
4.432973061107419177e-01
4.402591989812552065e-01
3.494757609407974641e-01
8.617965631982045238e-01
-8.156183356722799260e-01
-1.964482544198878244e+00
-3.940809714553483722e-01
2.175994189380814348e-02
-6.423063164629367883e-01
2.441828563211467795e-02
-3.971190785848328630e-01
-1.633788580663108725e+00
-1.271951520606695141e+00
2.650410930050467684e+00
2.924362989619337938e-01
1.868217020266148332e+00
2.650410930050467684e+00
nan
1.083174885047941238e+00
1.472669713133532454e+00
1.077478434180140887e+00
nan
1.865012766653014964e+00
nan
1.083174885047941238e+00
-1.274799746040590875e+00
-1.002627827367921221e-01
2.653259155484355425e+00
nan
nan
-8.796084670871997524e-01
-2.844884016477009059e+00
6.847793524814154154e-01
1.083174885047941238e+00
-8.824566925211088098e-01
-2.062690106692702141e+00
-4.869093853884738365e-01
-9.741455730288572923e-02
-2.455389188391413846e+00
2.977767216504889625e-01
2.952845243958268640e-01
2.924362989619337938e-01
-4.869093853884738365e-01
-4.897576108223820057e-01
-4.926058362562732995e-01
6.904758033492148783e-01
6.876275779153231404e-01
6.847793524814154154e-01
6.904758033492148783e-01
6.876275779153231404e-01
6.847793524814154154e-01
-9.456633186899221499e-02
-9.741455730288572923e-02
-1.002627827367921221e-01
-9.456633186899221499e-02
-9.741455730288572923e-02
-1.002627827367921221e-01
6.904758033492148783e-01
2.257711848351741324e+00
-4.926058362562732995e-01
-1.271951520606695141e+00
1.472669713133532454e+00
-8.853049179549992154e-01
1.475517938567421972e+00
nan
1.469821487699636720e+00
-4.869093853884738365e-01
-2.844884016477009059e+00
-2.847732241910909678e+00
6.904758033492148783e-01
6.876275779153231404e-01
2.924362989619337938e-01
-9.456633186899221499e-02
-9.741455730288572923e-02
-1.002627827367921221e-01
-4.869093853884738365e-01
-4.897576108223820057e-01
-4.926058362562732995e-01
2.977767216504889625e-01
2.952845243958268640e-01
2.924362989619337938e-01
1.475517938567421972e+00
nan
1.469821487699636720e+00
-8.796084670871997524e-01
-1.274799746040590875e+00
-1.277647971474480837e+00
1.083174885047941238e+00
1.080326659614049944e+00
1.077478434180140887e+00
nan
2.952845243958268640e-01
1.469821487699636720e+00
2.977767216504889625e-01
2.952845243958268640e-01
2.924362989619337938e-01
-9.456633186899221499e-02
-9.741455730288572923e-02
-1.002627827367921221e-01
1.083174885047941238e+00
nan
1.469821487699636720e+00
-8.796084670871997524e-01
-1.274799746040590875e+00
-1.277647971474480837e+00
1.475517938567421972e+00
1.865012766653014964e+00
1.469821487699636720e+00
-8.796084670871997524e-01
-2.844884016477009059e+00
-2.062690106692702141e+00
2.977767216504889625e-01
2.952845243958268640e-01
2.924362989619337938e-01
3.045602209003851257e+00
6.876275779153231404e-01
-8.853049179549992154e-01
-4.869093853884738365e-01
-4.897576108223820057e-01
-4.926058362562732995e-01
1.475517938567421972e+00
1.472669713133532454e+00
1.469821487699636720e+00
-2.449692737523628150e+00
-4.897576108223820057e-01
-1.670347053173206753e+00
1.083174885047941238e+00
1.080326659614049944e+00
6.847793524814154154e-01
-9.456633186899221499e-02
1.472669713133532454e+00
-1.277647971474480837e+00
-1.533750908405834945e+00
-1.117909995056687311e+00
-5.292767387177188532e-01
nan
9.753458171629354467e-01
1.713497345803327576e+00
1.410056467263411939e-01
5.568465600754888278e-01
3.679142729602351558e-01
-1.533750908405834945e+00
-1.117909995056687311e+00
-5.292767387177188532e-01
-6.963726308397468756e-01
1.379675395968478213e-01
-8.088467755257999769e-02
-2.778733737522851577e-01
1.379675395968478213e-01
-8.088467755257999769e-02
5.595049038138029118e-01
9.753458171629354467e-01
8.163063341253740113e-01
1.410056467263411939e-01
5.568465600754888278e-01
3.679142729602351558e-01
5.595049038138029118e-01
9.753458171629354467e-01
8.163063341253740113e-01
5.595049038138029118e-01
9.753458171629354467e-01
8.163063341253740113e-01
-1.533750908405834945e+00
1.379675395968478213e-01
-9.780756892305499939e-01
1.815382438467337600e+00
-1.117909995056687311e+00
-2.772457712586458012e+00
2.234261458945979051e+00
1.379675395968478213e-01
-5.292767387177188532e-01
-2.778733737522851577e-01
5.568465600754888278e-01
3.679142729602351558e-01
-1.952629928884476174e+00
-6.994107379692402482e-01
-1.426467750395673084e+00
-2.371508949363117402e+00
5.568465600754888278e-01
-5.292767387177188532e-01
1.410056467263411939e-01
5.568465600754888278e-01
3.679142729602351558e-01
-1.952629928884476174e+00
-6.994107379692402482e-01
1.265105284638204708e+00
-2.778733737522851577e-01
5.568465600754888278e-01
3.679142729602351558e-01
1.396883181379890537e+00
-2.809114808817931852e-01
-9.780756892305499939e-01
-2.778733737522851577e-01
-1.536789015535328318e+00
-1.426467750395673084e+00
9.783839242924434743e-01
9.753458171629354467e-01
8.163063341253740113e-01
nan
1.812724094729039059e+00
nan
nan
nan
3.679142729602351558e-01
9.783839242924434743e-01
9.753458171629354467e-01
8.163063341253740113e-01
-1.115251651318387882e+00
-2.792666550188878105e+00
-9.780756892305499939e-01
-2.778733737522851577e-01
9.753458171629354467e-01
-1.426467750395673084e+00
5.595049038138029118e-01
1.812724094729039059e+00
nan
9.783839242924434743e-01
9.753458171629354467e-01
8.163063341253740113e-01
-1.115251651318387882e+00
-2.809114808817931852e-01
-8.088467755257999769e-02
-2.778733737522851577e-01
5.568465600754888278e-01
3.679142729602351558e-01
-2.778733737522851577e-01
5.568465600754888278e-01
3.679142729602351558e-01
2.653140479424619613e+00
-1.117909995056687311e+00
-2.323658762073627315e+00
1.396883181379890537e+00
9.753458171629354467e-01
1.265105284638204708e+00
5.595049038138029118e-01
-2.809114808817931852e-01
-9.780756892305499939e-01
-1.533750908405834945e+00
-2.809114808817931852e-01
-1.426467750395673084e+00
-1.115251651318387882e+00
-2.809114808817931852e-01
2.162296296316158717e+00
-2.371508949363117402e+00
9.753458171629354467e-01
-1.875266700908504003e+00
-1.533750908405834945e+00
1.379675395968478213e-01
-9.780756892305499939e-01
5.595049038138029118e-01
-6.994107379692402482e-01
-9.780756892305499939e-01
