4.440000000000000391e+00
3.930000000000000160e+00
5.259999999999999787e+00
4.440000000000000391e+00
1.179999999999999938e+00
1.610000000000000098e+00
1.879999999999999893e+00
4.719999999999999751e+00
4.259999999999999787e+00
4.120000000000000107e+00
3.790000000000000036e+00
2.589999999999999858e+00
2.009999999999999787e+00
3.599999999999999867e-01
2.540000000000000036e+00
4.650000000000000355e+00
4.360000000000000320e+00
3.439999999999999947e+00
5.580000000000000071e+00
2.350000000000000089e+00
4.139999999999999680e+00
1.129999999999999893e+00
7.299999999999999822e-01
5.129999999999999893e+00
3.910000000000000142e+00
4.110000000000000320e+00
2.899999999999999800e-01
5.889999999999999680e+00
1.570000000000000062e+00
5.860000000000000320e+00
1.100000000000000089e+00
4.099999999999999756e-01
6.080000000000000071e+00
5.100000000000000089e-01
6.219999999999999751e+00
5.929999999999999716e+00
5.419999999999999929e+00
3.060000000000000053e+00
5.600000000000000533e-01
1.389999999999999902e+00
