6.030000000000000249e+00
2.930000000000000160e+00
5.660000000000000142e+00
2.290000000000000036e+00
5.300000000000000266e-01
4.099999999999999756e-01
2.720000000000000195e+00
6.200000000000000178e+00
5.700000000000000178e+00
5.169999999999999929e+00
1.760000000000000009e+00
4.740000000000000213e+00
5.519999999999999574e+00
4.799999999999999822e-01
8.199999999999999512e-01
5.690000000000000391e+00
1.229999999999999982e+00
4.250000000000000000e+00
6.250000000000000000e+00
4.889999999999999680e+00
3.100000000000000089e+00
2.169999999999999929e+00
4.629999999999999893e+00
4.400000000000000022e-01
2.379999999999999893e+00
6.250000000000000000e+00
3.569999999999999840e+00
2.910000000000000142e+00
3.060000000000000053e+00
3.560000000000000053e+00
5.699999999999999512e-01
5.629999999999999893e+00
3.800000000000000044e-01
1.820000000000000062e+00
3.649999999999999911e+00
5.940000000000000391e+00
2.759999999999999787e+00
8.699999999999999956e-01
5.940000000000000391e+00
6.209999999999999964e+00
