5.570000000000000284e+00
5.629999999999999893e+00
5.759999999999999787e+00
5.750000000000000000e+00
5.339999999999999858e+00
3.180000000000000160e+00
3.189999999999999947e+00
1.010000000000000009e+00
4.290000000000000036e+00
1.449999999999999956e+00
1.080000000000000071e+00
1.840000000000000080e+00
4.179999999999999716e+00
3.660000000000000142e+00
2.120000000000000107e+00
5.879999999999999893e+00
4.759999999999999787e+00
1.060000000000000053e+00
5.379999999999999893e+00
4.000000000000000000e+00
5.299999999999999822e+00
5.759999999999999787e+00
2.689999999999999947e+00
2.129999999999999893e+00
4.459999999999999964e+00
4.769999999999999574e+00
9.499999999999999556e-01
1.899999999999999911e+00
5.219999999999999751e+00
2.310000000000000053e+00
2.890000000000000124e+00
4.750000000000000000e+00
1.419999999999999929e+00
6.999999999999999556e-01
3.270000000000000018e+00
7.800000000000000266e-01
5.469999999999999751e+00
3.680000000000000160e+00
3.189999999999999947e+00
2.580000000000000071e+00
