4.940000000000000391e+00
5.660000000000000142e+00
5.950000000000000178e+00
2.939999999999999947e+00
6.269999999999999574e+00
3.640000000000000124e+00
3.520000000000000018e+00
5.259999999999999787e+00
2.000000000000000000e+00
3.350000000000000089e+00
2.879999999999999893e+00
3.800000000000000044e-01
5.300000000000000266e-01
4.299999999999999933e-01
2.000000000000000000e+00
3.790000000000000036e+00
1.790000000000000036e+00
1.679999999999999938e+00
1.229999999999999982e+00
2.149999999999999911e+00
2.160000000000000142e+00
7.500000000000000000e-01
2.390000000000000124e+00
2.700000000000000178e+00
5.900000000000000355e+00
3.350000000000000089e+00
5.080000000000000071e+00
5.820000000000000284e+00
1.250000000000000000e+00
1.219999999999999973e+00
3.399999999999999911e+00
3.549999999999999822e+00
2.339999999999999858e+00
5.200000000000000178e+00
1.060000000000000053e+00
4.150000000000000355e+00
3.330000000000000071e+00
3.950000000000000178e+00
4.669999999999999929e+00
1.179999999999999938e+00
