4.719999999999999751e+00
2.939999999999999947e+00
1.919999999999999929e+00
1.600000000000000089e+00
5.919999999999999929e+00
6.150000000000000355e+00
3.810000000000000053e+00
2.830000000000000071e+00
3.740000000000000213e+00
6.059999999999999609e+00
5.280000000000000249e+00
2.839999999999999858e+00
5.690000000000000391e+00
7.299999999999999822e-01
5.509999999999999787e+00
2.359999999999999876e+00
1.620000000000000107e+00
1.110000000000000098e+00
2.999999999999999889e-02
6.219999999999999751e+00
5.690000000000000391e+00
2.930000000000000160e+00
3.450000000000000178e+00
7.700000000000000178e-01
3.339999999999999858e+00
4.019999999999999574e+00
2.029999999999999805e+00
8.000000000000000167e-02
5.580000000000000071e+00
3.689999999999999947e+00
1.659999999999999920e+00
4.059999999999999609e+00
2.800000000000000266e-01
1.899999999999999911e+00
5.370000000000000107e+00
3.800000000000000044e-01
8.199999999999999512e-01
2.740000000000000213e+00
3.299999999999999822e+00
2.140000000000000124e+00
