3.979999999999999982e+00
1.100000000000000006e-01
6.169999999999999929e+00
3.040000000000000036e+00
3.759999999999999787e+00
3.319999999999999840e+00
8.000000000000000167e-02
3.490000000000000213e+00
2.310000000000000053e+00
3.950000000000000178e+00
6.899999999999999467e-01
9.599999999999999645e-01
3.600000000000000089e+00
3.390000000000000124e+00
4.240000000000000213e+00
2.600000000000000089e-01
3.879999999999999893e+00
3.049999999999999822e+00
3.319999999999999840e+00
4.730000000000000426e+00
9.599999999999999645e-01
5.300000000000000266e-01
4.860000000000000320e+00
9.699999999999999734e-01
6.049999999999999822e+00
5.059999999999999609e+00
2.859999999999999876e+00
8.499999999999999778e-01
1.830000000000000071e+00
1.350000000000000089e+00
4.440000000000000391e+00
5.679999999999999716e+00
1.679999999999999938e+00
2.540000000000000036e+00
3.759999999999999787e+00
2.899999999999999800e-01
1.580000000000000071e+00
4.589999999999999858e+00
4.540000000000000036e+00
9.000000000000000222e-01
