2.600000000000000089e+00
2.999999999999999889e-02
5.269999999999999574e+00
2.979999999999999982e+00
5.160000000000000142e+00
2.109999999999999876e+00
5.490000000000000213e+00
4.389999999999999680e+00
3.419999999999999929e+00
4.459999999999999964e+00
5.610000000000000320e+00
9.100000000000000311e-01
2.020000000000000018e+00
2.270000000000000018e+00
1.499999999999999944e-01
3.810000000000000053e+00
1.870000000000000107e+00
2.899999999999999800e-01
3.720000000000000195e+00
2.459999999999999964e+00
4.320000000000000284e+00
3.870000000000000107e+00
1.489999999999999991e+00
5.280000000000000249e+00
3.400000000000000244e-01
1.070000000000000062e+00
1.120000000000000107e+00
4.759999999999999787e+00
7.299999999999999822e-01
5.690000000000000391e+00
4.969999999999999751e+00
8.100000000000000533e-01
2.649999999999999911e+00
1.729999999999999982e+00
6.400000000000000133e-01
1.610000000000000098e+00
4.549999999999999822e+00
5.160000000000000142e+00
5.999999999999999778e-01
1.100000000000000089e+00
