1.010000000000000009e+00
5.429999999999999716e+00
4.929999999999999716e+00
1.239999999999999991e+00
3.180000000000000160e+00
3.779999999999999805e+00
5.400000000000000355e+00
3.959999999999999964e+00
4.299999999999999933e-01
1.060000000000000053e+00
4.990000000000000213e+00
5.870000000000000107e+00
4.049999999999999822e+00
5.780000000000000249e+00
3.509999999999999787e+00
5.700000000000000178e+00
5.599999999999999645e+00
5.660000000000000142e+00
5.790000000000000036e+00
8.599999999999999867e-01
3.029999999999999805e+00
2.859999999999999876e+00
1.110000000000000098e+00
6.240000000000000213e+00
5.629999999999999893e+00
5.459999999999999964e+00
2.459999999999999964e+00
4.740000000000000213e+00
4.700000000000000178e+00
6.040000000000000036e+00
5.169999999999999929e+00
1.949999999999999956e+00
1.870000000000000107e+00
5.500000000000000444e-01
4.370000000000000107e+00
3.540000000000000036e+00
2.970000000000000195e+00
5.940000000000000391e+00
6.129999999999999893e+00
4.000000000000000083e-02
