4.469999999999999751e+00
5.299999999999999822e+00
2.419999999999999929e+00
9.200000000000000400e-01
1.370000000000000107e+00
5.999999999999999778e-02
1.030000000000000027e+00
5.620000000000000107e+00
3.689999999999999947e+00
5.910000000000000142e+00
2.990000000000000213e+00
1.510000000000000009e+00
2.770000000000000018e+00
1.889999999999999902e+00
5.389999999999999680e+00
4.009999999999999787e+00
4.940000000000000391e+00
1.879999999999999893e+00
3.419999999999999929e+00
4.250000000000000000e+00
2.899999999999999911e+00
5.269999999999999574e+00
3.459999999999999964e+00
5.440000000000000391e+00
1.280000000000000027e+00
2.600000000000000089e-01
5.459999999999999964e+00
5.999999999999999778e-01
1.379999999999999893e+00
2.779999999999999805e+00
1.399999999999999911e+00
2.660000000000000142e+00
3.669999999999999929e+00
5.070000000000000284e+00
6.049999999999999822e+00
1.590000000000000080e+00
3.750000000000000000e+00
6.209999999999999964e+00
4.099999999999999645e+00
5.990000000000000213e+00
