6.089999999999999858e+00
4.429999999999999716e+00
3.750000000000000000e+00
2.609999999999999876e+00
9.100000000000000311e-01
2.700000000000000178e-01
5.240000000000000213e+00
6.800000000000000488e-01
3.819999999999999840e+00
1.300000000000000044e-01
1.479999999999999982e+00
4.199999999999999845e-01
3.300000000000000155e-01
9.000000000000000222e-01
5.769999999999999574e+00
1.700000000000000122e-01
1.320000000000000062e+00
1.239999999999999991e+00
2.740000000000000213e+00
3.000000000000000000e+00
1.439999999999999947e+00
3.599999999999999867e-01
5.889999999999999680e+00
4.580000000000000071e+00
2.259999999999999787e+00
4.500000000000000111e-01
1.969999999999999973e+00
5.009999999999999787e+00
1.719999999999999973e+00
2.999999999999999889e-01
2.600000000000000089e-01
5.679999999999999716e+00
5.940000000000000391e+00
4.830000000000000071e+00
5.389999999999999680e+00
1.120000000000000107e+00
3.399999999999999911e+00
5.589999999999999858e+00
1.669999999999999929e+00
6.150000000000000355e+00
