3.310000000000000053e+00
2.500000000000000000e+00
3.800000000000000044e-01
6.179999999999999716e+00
2.290000000000000036e+00
4.219999999999999751e+00
1.300000000000000044e+00
1.709999999999999964e+00
7.299999999999999822e-01
2.390000000000000124e+00
3.040000000000000036e+00
4.839999999999999858e+00
5.169999999999999929e+00
2.069999999999999840e+00
2.399999999999999911e-01
2.850000000000000089e+00
4.219999999999999751e+00
2.839999999999999858e+00
4.910000000000000142e+00
4.919999999999999929e+00
1.030000000000000027e+00
1.370000000000000107e+00
3.950000000000000178e+00
3.120000000000000107e+00
8.199999999999999512e-01
4.219999999999999751e+00
8.800000000000000044e-01
5.719999999999999751e+00
6.199999999999999956e-01
0.000000000000000000e+00
1.270000000000000018e+00
5.669999999999999929e+00
3.900000000000000133e-01
2.999999999999999889e-01
4.879999999999999893e+00
3.479999999999999982e+00
8.999999999999999667e-02
5.519999999999999574e+00
3.669999999999999929e+00
4.500000000000000000e+00
