3.850000000000000089e+00
3.580000000000000071e+00
3.709999999999999964e+00
4.000000000000000000e+00
1.340000000000000080e+00
6.080000000000000071e+00
5.230000000000000426e+00
2.850000000000000089e+00
2.580000000000000071e+00
5.730000000000000426e+00
1.030000000000000027e+00
3.740000000000000213e+00
1.139999999999999902e+00
4.820000000000000284e+00
4.700000000000000178e+00
7.399999999999999911e-01
2.919999999999999929e+00
2.689999999999999947e+00
6.500000000000000222e-01
3.109999999999999876e+00
4.099999999999999756e-01
3.180000000000000160e+00
2.999999999999999889e-02
5.660000000000000142e+00
5.410000000000000142e+00
4.509999999999999787e+00
4.000000000000000222e-01
3.549999999999999822e+00
1.900000000000000022e-01
5.480000000000000426e+00
4.000000000000000083e-02
9.799999999999999822e-01
5.519999999999999574e+00
3.499999999999999778e-01
1.159999999999999920e+00
3.470000000000000195e+00
3.339999999999999858e+00
9.000000000000000222e-01
4.400000000000000022e-01
4.740000000000000213e+00
