3.609999999999999876e+00
4.490000000000000213e+00
3.819999999999999840e+00
2.520000000000000018e+00
2.629999999999999893e+00
4.230000000000000426e+00
5.349999999999999645e+00
5.400000000000000355e-01
5.299999999999999822e+00
3.680000000000000160e+00
3.740000000000000213e+00
5.209999999999999964e+00
3.870000000000000107e+00
3.990000000000000213e+00
4.910000000000000142e+00
1.989999999999999991e+00
1.409999999999999920e+00
4.120000000000000107e+00
3.830000000000000071e+00
2.149999999999999911e+00
3.350000000000000089e+00
6.219999999999999751e+00
2.060000000000000053e+00
2.200000000000000178e+00
5.070000000000000284e+00
2.680000000000000160e+00
4.769999999999999574e+00
3.870000000000000107e+00
3.390000000000000124e+00
2.049999999999999822e+00
3.040000000000000036e+00
1.820000000000000062e+00
3.350000000000000089e+00
1.629999999999999893e+00
1.799999999999999933e-01
3.790000000000000036e+00
1.419999999999999929e+00
1.629999999999999893e+00
5.139999999999999680e+00
4.230000000000000426e+00
