4.980000000000000426e+00
2.999999999999999889e-01
2.890000000000000124e+00
6.040000000000000036e+00
1.900000000000000022e-01
5.509999999999999787e+00
4.190000000000000391e+00
1.189999999999999947e+00
2.919999999999999929e+00
3.290000000000000036e+00
4.549999999999999822e+00
4.629999999999999893e+00
1.780000000000000027e+00
3.430000000000000160e+00
3.319999999999999840e+00
5.019999999999999574e+00
2.410000000000000142e+00
5.589999999999999858e+00
6.230000000000000426e+00
2.790000000000000036e+00
5.200000000000000178e-01
1.070000000000000062e+00
5.080000000000000071e+00
7.199999999999999734e-01
1.659999999999999920e+00
1.409999999999999920e+00
2.189999999999999947e+00
5.360000000000000320e+00
4.639999999999999680e+00
1.500000000000000000e+00
4.070000000000000284e+00
3.299999999999999822e+00
2.279999999999999805e+00
2.549999999999999822e+00
3.040000000000000036e+00
1.540000000000000036e+00
4.199999999999999845e-01
3.779999999999999805e+00
3.899999999999999911e+00
1.929999999999999938e+00
