2.910000000000000142e+00
4.730000000000000426e+00
1.360000000000000098e+00
5.070000000000000284e+00
1.149999999999999911e+00
1.469999999999999973e+00
9.499999999999999556e-01
1.799999999999999933e-01
8.999999999999999667e-02
2.120000000000000107e+00
5.839999999999999858e+00
4.699999999999999734e-01
1.860000000000000098e+00
2.640000000000000124e+00
5.360000000000000320e+00
1.250000000000000000e+00
1.090000000000000080e+00
2.700000000000000178e+00
5.709999999999999964e+00
3.939999999999999947e+00
5.959999999999999964e+00
2.640000000000000124e+00
4.500000000000000111e-01
2.189999999999999947e+00
2.930000000000000160e+00
4.339999999999999858e+00
3.169999999999999929e+00
1.750000000000000000e+00
1.020000000000000018e+00
5.099999999999999645e+00
5.870000000000000107e+00
2.399999999999999911e+00
4.299999999999999822e+00
4.339999999999999858e+00
7.099999999999999645e-01
4.259999999999999787e+00
3.430000000000000160e+00
2.660000000000000142e+00
1.459999999999999964e+00
5.980000000000000426e+00
