1.564999999999999947e+00
8.639999999999999902e-01
1.975999999999999979e+00
1.421999999999999931e+00
1.526999999999999913e+00
4.319999999999999951e-01
1.806000000000000050e+00
9.769999999999999796e-01
2.015000000000000124e+00
2.051000000000000156e+00
7.199999999999999734e-01
1.102999999999999980e+00
1.620000000000000051e-01
1.304999999999999938e+00
1.810999999999999943e+00
1.770999999999999908e+00
2.338000000000000078e+00
1.342000000000000082e+00
9.600000000000000200e-02
5.380000000000000338e-01
1.731999999999999984e+00
1.274999999999999911e+00
1.895999999999999908e+00
1.778999999999999915e+00
1.485999999999999988e+00
7.489999999999999991e-01
1.243000000000000105e+00
7.730000000000000204e-01
1.362000000000000099e+00
9.350000000000000533e-01
9.370000000000000551e-01
1.520000000000000018e+00
1.237000000000000099e+00
1.574999999999999956e+00
6.640000000000000346e-01
2.330000000000000071e+00
1.481999999999999984e+00
9.230000000000000426e-01
1.620000000000000107e+00
1.687999999999999945e+00
