1.084999999999999964e+00
1.655999999999999917e+00
2.057999999999999829e+00
1.116999999999999993e+00
1.247000000000000108e+00
1.479999999999999982e+00
1.477000000000000091e+00
1.427999999999999936e+00
6.870000000000000551e-01
2.137000000000000011e+00
1.393999999999999906e+00
1.778999999999999915e+00
8.790000000000000036e-01
1.122000000000000108e+00
1.546000000000000041e+00
1.834999999999999964e+00
2.438000000000000167e+00
1.834999999999999964e+00
1.701000000000000068e+00
2.225000000000000089e+00
1.808000000000000052e+00
2.245999999999999996e+00
1.840999999999999970e+00
1.348000000000000087e+00
1.576999999999999957e+00
1.058999999999999941e+00
2.415999999999999925e+00
2.234999999999999876e+00
1.302999999999999936e+00
1.282999999999999918e+00
7.580000000000000071e-01
2.194999999999999840e+00
1.237999999999999989e+00
2.267999999999999794e+00
1.874000000000000110e+00
1.929000000000000048e+00
8.750000000000000000e-01
1.508000000000000007e+00
1.899000000000000021e+00
1.917000000000000037e+00
