2.128000000000000114e+00
1.360000000000000098e+00
1.102999999999999980e+00
9.839999999999999858e-01
1.554000000000000048e+00
9.689999999999999725e-01
2.089999999999999913e-01
1.205000000000000071e+00
1.080999999999999961e+00
1.360000000000000098e+00
1.209999999999999964e-01
1.670000000000000095e-01
1.193000000000000060e+00
1.485999999999999988e+00
1.429000000000000048e+00
1.332000000000000073e+00
7.189999999999999725e-01
8.269999999999999574e-01
1.161000000000000032e+00
7.009999999999999565e-01
1.391999999999999904e+00
1.877999999999999892e+00
1.590000000000000080e+00
1.282000000000000028e+00
1.538999999999999924e+00
3.250000000000000111e-01
2.849999999999999756e-01
1.600000000000000089e+00
8.980000000000000204e-01
1.258999999999999897e+00
1.425000000000000044e+00
1.199999999999999956e+00
1.985999999999999988e+00
1.108000000000000096e+00
5.220000000000000195e-01
1.616000000000000103e+00
1.895999999999999908e+00
1.709000000000000075e+00
1.282000000000000028e+00
1.108999999999999986e+00
