5.320000000000000284e+00
4.400000000000000355e+00
4.120000000000000107e+00
2.979999999999999982e+00
6.049999999999999822e+00
2.560000000000000053e+00
4.030000000000000249e+00
4.629999999999999893e+00
3.129999999999999893e+00
2.990000000000000213e+00
1.770000000000000018e+00
4.389999999999999680e+00
3.330000000000000071e+00
1.149999999999999911e+00
1.409999999999999920e+00
3.990000000000000213e+00
5.769999999999999574e+00
0.000000000000000000e+00
7.000000000000000666e-02
4.379999999999999893e+00
4.889999999999999680e+00
5.000000000000000000e-01
3.599999999999999867e-01
5.009999999999999787e+00
3.500000000000000000e+00
2.870000000000000107e+00
3.850000000000000089e+00
5.589999999999999858e+00
1.850000000000000089e+00
5.490000000000000213e+00
2.520000000000000018e+00
6.030000000000000249e+00
1.770000000000000018e+00
4.320000000000000284e+00
1.030000000000000027e+00
2.319999999999999840e+00
1.300000000000000044e-01
2.660000000000000142e+00
2.099999999999999922e-01
5.030000000000000249e+00
