2.089999999999999858e+00
4.980000000000000426e+00
2.470000000000000195e+00
8.800000000000000044e-01
3.859999999999999876e+00
4.230000000000000426e+00
1.169999999999999929e+00
8.299999999999999600e-01
8.000000000000000444e-01
2.930000000000000160e+00
3.970000000000000195e+00
5.419999999999999929e+00
7.299999999999999822e-01
1.399999999999999911e+00
1.479999999999999982e+00
5.200000000000000178e-01
2.149999999999999911e+00
1.429999999999999938e+00
5.639999999999999680e+00
4.429999999999999716e+00
7.199999999999999734e-01
5.070000000000000284e+00
2.970000000000000195e+00
1.389999999999999902e+00
5.080000000000000071e+00
3.020000000000000018e+00
3.850000000000000089e+00
4.410000000000000142e+00
2.359999999999999876e+00
1.750000000000000000e+00
5.889999999999999680e+00
4.290000000000000036e+00
1.499999999999999944e-01
2.009999999999999787e+00
4.309999999999999609e+00
5.889999999999999680e+00
4.750000000000000000e+00
4.349999999999999645e+00
3.759999999999999787e+00
2.470000000000000195e+00
