1.010000000000000009e+00
6.040000000000000036e+00
2.060000000000000053e+00
3.279999999999999805e+00
7.000000000000000666e-02
3.950000000000000178e+00
2.279999999999999805e+00
1.179999999999999938e+00
5.480000000000000426e+00
3.400000000000000244e-01
1.250000000000000000e+00
3.390000000000000124e+00
3.560000000000000053e+00
2.000000000000000111e-01
6.169999999999999929e+00
5.910000000000000142e+00
2.060000000000000053e+00
1.750000000000000000e+00
1.250000000000000000e+00
2.200000000000000178e+00
3.859999999999999876e+00
5.899999999999999689e-01
4.150000000000000355e+00
6.160000000000000142e+00
3.669999999999999929e+00
4.799999999999999822e+00
3.099999999999999978e-01
3.129999999999999893e+00
3.939999999999999947e+00
4.990000000000000213e+00
5.129999999999999893e+00
6.030000000000000249e+00
2.910000000000000142e+00
4.009999999999999787e+00
2.390000000000000124e+00
3.640000000000000124e+00
5.280000000000000249e+00
1.820000000000000062e+00
6.300000000000000044e-01
1.510000000000000009e+00
