1.399900000000000000e+04
2.723500000000000000e+04
4.157400000000000000e+04
5.481000000000000000e+04
6.914900000000000000e+04
8.348800000000000000e+04
9.782700000000000000e+04
1.110630000000000000e+05
1.254020000000000000e+05
1.386380000000000000e+05
1.529770000000000000e+05
1.673160000000000000e+05
1.794490000000000000e+05
1.948910000000000000e+05
2.081270000000000000e+05
2.224660000000000000e+05
2.357020000000000000e+05
2.500410000000000000e+05
2.643800000000000000e+05
2.776160000000000000e+05
