1.103500000000000000e+04
2.537400000000000000e+04
4.081600000000000000e+04
5.625800000000000000e+04
7.942100000000000000e+04
9.486300000000000000e+04
1.103050000000000000e+05
1.268500000000000000e+05
1.433950000000000000e+05
1.599400000000000000e+05
1.753820000000000000e+05
1.919270000000000000e+05
2.073690000000000000e+05
2.228110000000000000e+05
2.382530000000000000e+05
2.547980000000000000e+05
2.702400000000000000e+05
2.867850000000000000e+05
3.022270000000000000e+05
3.176690000000000000e+05
