9.971000000000000000e+03
2.651600000000000000e+04
4.306100000000000000e+04
5.960600000000000000e+04
7.504800000000000000e+04
9.269600000000000000e+04
1.081380000000000000e+05
1.246830000000000000e+05
1.412280000000000000e+05
1.577730000000000000e+05
1.743180000000000000e+05
1.897600000000000000e+05
2.052020000000000000e+05
2.217470000000000000e+05
2.382920000000000000e+05
2.548370000000000000e+05
2.702790000000000000e+05
2.868240000000000000e+05
3.033690000000000000e+05
3.199140000000000000e+05
