1.217600000000000000e+04
2.761800000000000000e+04
4.416300000000000000e+04
6.070800000000000000e+04
7.615000000000000000e+04
9.269500000000000000e+04
1.092400000000000000e+05
1.246820000000000000e+05
1.412270000000000000e+05
1.577720000000000000e+05
1.743170000000000000e+05
1.897590000000000000e+05
2.063040000000000000e+05
2.228490000000000000e+05
2.393940000000000000e+05
2.548360000000000000e+05
2.713810000000000000e+05
2.868230000000000000e+05
3.044710000000000000e+05
3.199130000000000000e+05
