3.382000000000000000e+03
1.110300000000000000e+04
2.103000000000000000e+04
2.985400000000000000e+04
3.757500000000000000e+04
4.750200000000000000e+04
5.632600000000000000e+04
6.515000000000000000e+04
7.397400000000000000e+04
8.390100000000000000e+04
9.382800000000000000e+04
1.037550000000000000e+05
1.147850000000000000e+05
1.247120000000000000e+05
1.346390000000000000e+05
1.445660000000000000e+05
1.544930000000000000e+05
1.644200000000000000e+05
1.743470000000000000e+05
1.831710000000000000e+05
