1.614700000000000000e+04
4.813400000000000000e+04
6.357600000000000000e+04
8.673900000000000000e+04
1.231380000000000000e+05
1.429920000000000000e+05
1.562280000000000000e+05
1.716700000000000000e+05
1.915240000000000000e+05
2.356440000000000000e+05
2.510860000000000000e+05
2.676310000000000000e+05
2.941030000000000000e+05
3.161630000000000000e+05
3.316050000000000000e+05
3.867550000000000000e+05
4.143300000000000000e+05
4.584500000000000000e+05
4.838190000000000000e+05
5.014670000000000000e+05
