3.152000000000000000e+03
1.749100000000000000e+04
3.513900000000000000e+04
5.719900000000000000e+04
8.587700000000000000e+04
1.189670000000000000e+05
1.377180000000000000e+05
1.509540000000000000e+05
1.719110000000000000e+05
1.873530000000000000e+05
2.160310000000000000e+05
2.358850000000000000e+05
2.678720000000000000e+05
2.965500000000000000e+05
3.186100000000000000e+05
3.373610000000000000e+05
3.638330000000000000e+05
3.969230000000000000e+05
4.079530000000000000e+05
4.399400000000000000e+05
