1.556600000000000000e+04
2.769900000000000000e+04
4.314100000000000000e+04
5.858300000000000000e+04
8.615800000000000000e+04
9.387900000000000000e+04
1.082180000000000000e+05
1.170420000000000000e+05
1.269690000000000000e+05
1.435140000000000000e+05
1.512350000000000000e+05
1.688830000000000000e+05
1.854280000000000000e+05
1.997670000000000000e+05
2.163120000000000000e+05
2.328570000000000000e+05
2.471960000000000000e+05
2.626380000000000000e+05
2.769770000000000000e+05
2.946250000000000000e+05
