9.256000000000000000e+03
3.131600000000000000e+04
5.117000000000000000e+04
6.771500000000000000e+04
7.874500000000000000e+04
9.970200000000000000e+04
1.096290000000000000e+05
1.228650000000000000e+05
1.405130000000000000e+05
1.702940000000000000e+05
1.791180000000000000e+05
2.000750000000000000e+05
2.166200000000000000e+05
2.298560000000000000e+05
2.508130000000000000e+05
2.728730000000000000e+05
2.839030000000000000e+05
2.993450000000000000e+05
3.269200000000000000e+05
3.412590000000000000e+05
