8.521000000000000000e+03
2.616900000000000000e+04
3.940500000000000000e+04
5.153800000000000000e+04
6.918600000000000000e+04
8.242200000000000000e+04
9.234900000000000000e+04
1.044820000000000000e+05
1.199240000000000000e+05
1.419840000000000000e+05
1.563230000000000000e+05
1.706620000000000000e+05
1.872070000000000000e+05
1.971340000000000000e+05
2.180910000000000000e+05
2.401510000000000000e+05
2.533870000000000000e+05
2.644170000000000000e+05
2.842710000000000000e+05
3.063310000000000000e+05
