5.464000000000000000e+03
2.090600000000000000e+04
3.634800000000000000e+04
5.179000000000000000e+04
6.833500000000000000e+04
8.377700000000000000e+04
9.921900000000000000e+04
1.146610000000000000e+05
1.301030000000000000e+05
1.466480000000000000e+05
1.620900000000000000e+05
1.775320000000000000e+05
1.929740000000000000e+05
2.084160000000000000e+05
2.249610000000000000e+05
2.404030000000000000e+05
2.558450000000000000e+05
2.712870000000000000e+05
2.867290000000000000e+05
3.021710000000000000e+05
