9.128000000000000000e+03
2.015800000000000000e+04
3.229100000000000000e+04
4.332100000000000000e+04
5.435100000000000000e+04
6.538100000000000000e+04
7.641100000000000000e+04
8.744100000000000000e+04
9.847100000000000000e+04
1.095010000000000000e+05
1.216340000000000000e+05
1.326640000000000000e+05
1.436940000000000000e+05
1.547240000000000000e+05
1.657540000000000000e+05
1.767840000000000000e+05
1.878140000000000000e+05
1.988440000000000000e+05
2.109770000000000000e+05
2.220070000000000000e+05
