6.875000000000000000e+03
2.342000000000000000e+04
4.106800000000000000e+04
5.871600000000000000e+04
7.636400000000000000e+04
9.401200000000000000e+04
1.116600000000000000e+05
1.293080000000000000e+05
1.458530000000000000e+05
1.635010000000000000e+05
1.811490000000000000e+05
1.987970000000000000e+05
2.164450000000000000e+05
2.340930000000000000e+05
2.517410000000000000e+05
2.682860000000000000e+05
2.859340000000000000e+05
3.035820000000000000e+05
3.212300000000000000e+05
3.388780000000000000e+05
