1.363800000000000000e+04
2.797700000000000000e+04
4.011000000000000000e+04
5.444900000000000000e+04
6.437600000000000000e+04
7.540600000000000000e+04
8.864200000000000000e+04
1.007750000000000000e+05
1.095990000000000000e+05
1.228350000000000000e+05
1.338650000000000000e+05
1.448950000000000000e+05
1.559250000000000000e+05
1.680580000000000000e+05
1.812940000000000000e+05
1.912210000000000000e+05
2.033540000000000000e+05
2.143840000000000000e+05
2.243110000000000000e+05
2.375470000000000000e+05
