5.894000000000000000e+03
2.354200000000000000e+04
4.229300000000000000e+04
5.994100000000000000e+04
7.869200000000000000e+04
9.744300000000000000e+04
1.161940000000000000e+05
1.338420000000000000e+05
1.514900000000000000e+05
1.702410000000000000e+05
1.878890000000000000e+05
2.066400000000000000e+05
2.242880000000000000e+05
2.430390000000000000e+05
2.606870000000000000e+05
2.794380000000000000e+05
2.970860000000000000e+05
3.169400000000000000e+05
3.356910000000000000e+05
3.522360000000000000e+05
