1.170700000000000000e+04
2.714900000000000000e+04
3.928200000000000000e+04
5.362100000000000000e+04
6.575400000000000000e+04
7.899000000000000000e+04
9.222600000000000000e+04
1.043590000000000000e+05
1.198010000000000000e+05
1.330370000000000000e+05
1.451700000000000000e+05
1.584060000000000000e+05
1.727450000000000000e+05
1.859810000000000000e+05
2.003200000000000000e+05
2.124530000000000000e+05
2.256890000000000000e+05
2.378220000000000000e+05
2.543670000000000000e+05
2.665000000000000000e+05
