1.659600000000000000e+04
3.424400000000000000e+04
5.078900000000000000e+04
6.954000000000000000e+04
8.608500000000000000e+04
1.037330000000000000e+05
1.158660000000000000e+05
1.302050000000000000e+05
1.445440000000000000e+05
1.632950000000000000e+05
1.798400000000000000e+05
1.952820000000000000e+05
2.118270000000000000e+05
2.272690000000000000e+05
2.460200000000000000e+05
2.625650000000000000e+05
2.802130000000000000e+05
2.978610000000000000e+05
3.155090000000000000e+05
3.320540000000000000e+05
