7.033000000000000000e+03
1.916600000000000000e+04
3.460800000000000000e+04
4.453500000000000000e+04
5.666800000000000000e+04
6.769800000000000000e+04
8.203700000000000000e+04
9.306700000000000000e+04
1.085090000000000000e+05
1.184360000000000000e+05
1.294660000000000000e+05
1.415990000000000000e+05
1.548350000000000000e+05
1.658650000000000000e+05
1.791010000000000000e+05
1.901310000000000000e+05
2.011610000000000000e+05
2.121910000000000000e+05
2.254270000000000000e+05
2.375600000000000000e+05
