2.133999999999999897e+00
9.160000000000000364e-01
1.036000000000000032e+00
1.479000000000000092e+00
1.677999999999999936e+00
2.419999999999999929e+00
2.563000000000000167e+00
2.153999999999999915e+00
7.580000000000000071e-01
1.752000000000000002e+00
1.760000000000000009e+00
2.616999999999999993e+00
5.829999999999999627e-01
1.649000000000000021e+00
1.691000000000000059e+00
5.889999999999999680e-01
1.959999999999999964e+00
1.981999999999999984e+00
2.466000000000000192e+00
1.508000000000000007e+00
1.923999999999999932e+00
8.830000000000000071e-01
2.250000000000000000e+00
2.181000000000000050e+00
9.919999999999999929e-01
1.193000000000000060e+00
1.520999999999999908e+00
1.737999999999999989e+00
1.625999999999999890e+00
1.024999999999999911e+00
1.907000000000000028e+00
1.197999999999999954e+00
2.334999999999999964e+00
1.481000000000000094e+00
2.116999999999999993e+00
1.421000000000000041e+00
2.713000000000000078e+00
1.100000000000000089e+00
1.572000000000000064e+00
8.960000000000000187e-01
