1.479000000000000092e+00
2.859999999999999876e+00
1.689999999999999947e+00
1.143999999999999906e+00
2.358999999999999986e+00
3.572999999999999954e+00
3.088999999999999968e+00
2.234999999999999876e+00
2.257000000000000117e+00
-1.330000000000000071e-01
1.548999999999999932e+00
2.105999999999999872e+00
1.784000000000000030e+00
2.499000000000000110e+00
1.711000000000000076e+00
2.831999999999999851e+00
2.039000000000000146e+00
2.601999999999999869e+00
3.120000000000000107e+00
2.093999999999999861e+00
1.145999999999999908e+00
6.790000000000000480e-01
5.929999999999999716e-01
1.163000000000000034e+00
3.045999999999999819e+00
1.639999999999999902e+00
2.612000000000000099e+00
1.443000000000000060e+00
2.814000000000000057e+00
1.328999999999999959e+00
2.653000000000000025e+00
1.584000000000000075e+00
1.993000000000000105e+00
2.290000000000000036e+00
1.935999999999999943e+00
2.762999999999999901e+00
2.193000000000000060e+00
4.670000000000000262e-01
2.797000000000000153e+00
1.786999999999999922e+00
