1.250999999999999890e+00
1.945999999999999952e+00
1.856999999999999984e+00
2.059000000000000163e+00
1.618999999999999995e+00
3.960000000000000187e-01
1.602000000000000091e+00
2.111000000000000210e+00
1.627000000000000002e+00
1.735000000000000098e+00
2.532000000000000028e+00
1.304999999999999938e+00
1.875999999999999890e+00
1.572999999999999954e+00
8.110000000000000542e-01
1.903999999999999915e+00
1.262000000000000011e+00
1.564999999999999947e+00
1.983999999999999986e+00
1.828000000000000069e+00
2.823999999999999844e+00
1.953000000000000069e+00
5.090000000000000080e-01
3.165999999999999925e+00
1.022000000000000020e+00
1.848999999999999977e+00
1.451000000000000068e+00
2.947000000000000064e+00
1.979000000000000092e+00
1.677000000000000046e+00
1.195000000000000062e+00
2.003000000000000114e+00
2.033999999999999808e+00
2.983999999999999986e+00
6.850000000000000533e-01
2.580000000000000071e+00
7.199999999999999734e-01
1.548000000000000043e+00
9.130000000000000338e-01
2.430000000000000160e+00
