2.020999999999999908e+00
1.493000000000000105e+00
5.100000000000000089e-01
1.254999999999999893e+00
1.088999999999999968e+00
9.370000000000000551e-01
9.559999999999999609e-01
1.302000000000000046e+00
8.419999999999999707e-01
1.268999999999999906e+00
1.387999999999999901e+00
5.410000000000000364e-01
1.475000000000000089e+00
1.070000000000000062e+00
1.114999999999999991e+00
6.919999999999999485e-01
1.052000000000000046e+00
1.129000000000000004e+00
9.280000000000000471e-01
9.210000000000000409e-01
1.723999999999999977e+00
1.445999999999999952e+00
1.145999999999999908e+00
1.030999999999999917e+00
1.836000000000000076e+00
1.733999999999999986e+00
1.651999999999999913e+00
1.497000000000000108e+00
1.649999999999999911e+00
1.389000000000000012e+00
1.336000000000000076e+00
1.294999999999999929e+00
1.177999999999999936e+00
1.102000000000000091e+00
1.221999999999999975e+00
2.640000000000000124e-01
1.667000000000000037e+00
1.098000000000000087e+00
1.199000000000000066e+00
1.264000000000000012e+00
