7.780000000000000249e-01
9.659999999999999698e-01
2.217000000000000082e+00
1.350999999999999979e+00
1.181000000000000050e+00
5.560000000000000497e-01
6.820000000000000506e-01
9.409999999999999476e-01
1.522999999999999909e+00
1.358000000000000096e+00
1.302000000000000046e+00
1.572000000000000064e+00
9.050000000000000266e-01
1.889999999999999902e+00
1.429000000000000048e+00
9.549999999999999600e-01
1.346000000000000085e+00
1.288000000000000034e+00
1.014999999999999902e+00
1.024999999999999911e+00
1.296000000000000041e+00
9.300000000000000488e-01
9.759999999999999787e-01
1.663999999999999924e+00
1.064000000000000057e+00
1.693000000000000060e+00
1.100999999999999979e+00
5.330000000000000293e-01
6.380000000000000115e-01
1.250000000000000000e+00
1.072000000000000064e+00
9.100000000000000311e-01
1.840999999999999970e+00
1.046999999999999931e+00
1.881000000000000005e+00
2.237000000000000099e+00
1.850000000000000089e+00
2.145999999999999908e+00
2.341000000000000192e+00
1.485999999999999988e+00
