1.550000000000000044e+00
3.380999999999999783e+00
1.500000000000000000e+00
1.856000000000000094e+00
3.553999999999999826e+00
2.626999999999999780e+00
2.690999999999999837e+00
1.610000000000000098e+00
3.459999999999999742e-01
8.319999999999999618e-01
1.887999999999999901e+00
2.649000000000000021e+00
1.364999999999999991e+00
2.790999999999999925e+00
1.296000000000000041e+00
1.663000000000000034e+00
1.205999999999999961e+00
9.669999999999999707e-01
2.524999999999999911e+00
3.543000000000000149e+00
2.478000000000000203e+00
1.247999999999999998e+00
1.419000000000000039e+00
2.677000000000000046e+00
2.193999999999999950e+00
2.015000000000000124e+00
2.254999999999999893e+00
1.389000000000000012e+00
1.874000000000000110e+00
2.274000000000000021e+00
2.250999999999999890e+00
1.266999999999999904e+00
2.810999999999999943e+00
1.941999999999999948e+00
3.222999999999999865e+00
1.393999999999999906e+00
1.306999999999999940e+00
5.090000000000000080e-01
2.866999999999999993e+00
2.157000000000000028e+00
