1.463999999999999968e+00
1.427000000000000046e+00
2.177000000000000046e+00
9.519999999999999574e-01
1.018000000000000016e+00
1.552000000000000046e+00
1.854000000000000092e+00
1.112000000000000099e+00
5.989999999999999769e-01
1.758000000000000007e+00
1.145999999999999908e+00
1.368999999999999995e+00
1.342000000000000082e+00
2.251999999999999780e+00
8.509999999999999787e-01
1.959999999999999964e+00
1.159000000000000030e+00
9.190000000000000391e-01
1.667999999999999927e+00
1.911000000000000032e+00
1.631000000000000005e+00
5.470000000000000417e-01
1.991000000000000103e+00
1.167000000000000037e+00
1.397000000000000020e+00
9.539999999999999591e-01
1.312000000000000055e+00
1.449999999999999956e+00
1.187999999999999945e+00
1.385999999999999899e+00
1.237999999999999989e+00
1.334000000000000075e+00
2.161999999999999922e+00
2.237999999999999989e+00
1.026999999999999913e+00
9.889999999999999902e-01
1.799999999999999864e-02
2.125999999999999890e+00
1.151999999999999913e+00
7.449999999999999956e-01
