1.018000000000000016e+00
1.951000000000000068e+00
1.985999999999999988e+00
1.330000000000000071e+00
1.298000000000000043e+00
9.569999999999999618e-01
1.016999999999999904e+00
1.171000000000000041e+00
2.712000000000000188e+00
1.854000000000000092e+00
1.697999999999999954e+00
1.278000000000000025e+00
1.233000000000000096e+00
5.610000000000000542e-01
1.939999999999999947e+00
1.056999999999999940e+00
7.950000000000000400e-01
1.572000000000000064e+00
1.774000000000000021e+00
7.409999999999999920e-01
9.949999999999999956e-01
1.163000000000000034e+00
1.645999999999999908e+00
2.152000000000000135e+00
1.098000000000000087e+00
1.286999999999999922e+00
1.671999999999999931e+00
2.375000000000000000e+00
3.079999999999999960e-01
1.703999999999999959e+00
1.215000000000000080e+00
1.624000000000000110e+00
9.969999999999999973e-01
1.768999999999999906e+00
1.387999999999999901e+00
1.993000000000000105e+00
1.423999999999999932e+00
1.352999999999999980e+00
7.099999999999999645e-01
1.219999999999999973e+00
