1.610999999999999988e+00
1.622000000000000108e+00
1.703000000000000069e+00
1.891000000000000014e+00
7.219999999999999751e-01
8.339999999999999636e-01
1.066999999999999948e+00
1.645000000000000018e+00
5.370000000000000329e-01
1.627000000000000002e+00
3.679999999999999938e-01
1.292000000000000037e+00
9.499999999999999556e-01
9.320000000000000506e-01
1.213000000000000078e+00
1.836999999999999966e+00
1.233000000000000096e+00
1.592000000000000082e+00
1.790999999999999925e+00
1.514000000000000012e+00
2.379999999999999893e+00
1.086999999999999966e+00
1.973000000000000087e+00
1.050000000000000044e+00
1.465000000000000080e+00
9.649999999999999689e-01
9.509999999999999565e-01
1.487999999999999989e+00
1.060999999999999943e+00
1.538999999999999924e+00
1.052999999999999936e+00
2.500000000000000000e-01
7.399999999999999911e-01
5.649999999999999467e-01
1.796000000000000041e+00
9.919999999999999929e-01
1.838000000000000078e+00
1.407999999999999918e+00
1.665000000000000036e+00
1.459999999999999964e+00
