2.278000000000000025e+00
8.309999999999999609e-01
1.233000000000000096e+00
1.546000000000000041e+00
1.659999999999999920e+00
1.417999999999999927e+00
1.362000000000000099e+00
1.526000000000000023e+00
1.088000000000000078e+00
3.255999999999999783e+00
2.572000000000000064e+00
2.974000000000000199e+00
1.550000000000000044e+00
8.669999999999999929e-01
2.283999999999999808e+00
5.570000000000000506e-01
9.729999999999999760e-01
1.590000000000000080e+00
1.641999999999999904e+00
1.379999999999999893e+00
9.099999999999999756e-02
2.326999999999999957e+00
8.010000000000000453e-01
1.766999999999999904e+00
1.588000000000000078e+00
1.227000000000000091e+00
2.039000000000000146e+00
2.378000000000000114e+00
1.739000000000000101e+00
1.409000000000000030e+00
1.495999999999999996e+00
1.939000000000000057e+00
1.957999999999999963e+00
1.262999999999999901e+00
8.750000000000000000e-01
1.522000000000000020e+00
2.073999999999999844e+00
1.108999999999999986e+00
1.405999999999999917e+00
1.735999999999999988e+00
