2.033999999999999808e+00
2.023000000000000131e+00
2.994000000000000217e+00
2.116000000000000103e+00
1.864999999999999991e+00
1.185000000000000053e+00
2.423999999999999932e+00
1.161000000000000032e+00
2.169000000000000039e+00
1.971999999999999975e+00
2.064999999999999947e+00
2.430000000000000160e+00
1.701000000000000068e+00
1.651999999999999913e+00
7.209999999999999742e-01
5.699999999999999512e-01
1.671999999999999931e+00
2.330999999999999961e+00
2.069999999999999840e+00
2.109999999999999931e-01
2.040999999999999925e+00
1.514999999999999902e+00
2.116000000000000103e+00
8.860000000000000098e-01
1.161999999999999922e+00
1.943000000000000060e+00
1.812999999999999945e+00
2.012999999999999901e+00
5.090000000000000080e-01
6.690000000000000391e-01
8.389999999999999680e-01
2.689999999999999947e+00
9.619999999999999662e-01
1.814999999999999947e+00
2.148000000000000131e+00
2.374000000000000110e+00
1.834999999999999964e+00
1.701999999999999957e+00
2.464999999999999858e+00
2.670999999999999819e+00
