2.826000000000000068e+00
2.406000000000000139e+00
1.842999999999999972e+00
4.193999999999999950e+00
1.217000000000000082e+00
2.987000000000000099e+00
1.241000000000000103e+00
2.232000000000000206e+00
1.987000000000000099e+00
1.211000000000000076e+00
1.441000000000000059e+00
2.370999999999999996e+00
2.266000000000000014e+00
3.910000000000000142e-01
2.819999999999999840e+00
5.789999999999999591e-01
1.433999999999999941e+00
3.240000000000000213e+00
2.830999999999999961e+00
8.010000000000000453e-01
2.035000000000000142e+00
2.750999999999999890e+00
1.610999999999999988e+00
2.044999999999999929e+00
1.181999999999999940e+00
1.610999999999999988e+00
2.142999999999999794e+00
1.316000000000000059e+00
3.230999999999999872e+00
2.617999999999999883e+00
1.493000000000000105e+00
1.554000000000000048e+00
3.301000000000000156e+00
1.433000000000000052e+00
1.915999999999999925e+00
2.152000000000000135e+00
1.201000000000000068e+00
1.883999999999999897e+00
3.814000000000000057e+00
2.056000000000000050e+00
