1.435999999999999943e+00
1.600999999999999979e+00
1.804999999999999938e+00
1.508000000000000007e+00
1.510999999999999899e+00
1.457999999999999963e+00
1.911999999999999922e+00
1.026999999999999913e+00
7.780000000000000249e-01
1.502999999999999892e+00
2.109999999999999876e+00
1.409000000000000030e+00
1.661999999999999922e+00
1.580000000000000071e+00
1.598999999999999977e+00
6.830000000000000515e-01
1.362000000000000099e+00
1.290999999999999925e+00
2.475999999999999979e+00
2.431999999999999940e+00
2.591000000000000192e+00
1.237999999999999989e+00
2.061999999999999833e+00
2.004000000000000004e+00
1.499000000000000110e+00
1.250999999999999890e+00
8.209999999999999520e-01
1.933999999999999941e+00
7.179999999999999716e-01
4.530000000000000138e-01
3.579999999999999849e-01
1.558000000000000052e+00
1.713999999999999968e+00
1.677999999999999936e+00
9.879999999999999893e-01
2.120000000000000107e+00
2.412999999999999812e+00
5.400000000000000355e-01
2.826999999999999957e+00
1.677000000000000046e+00
