2.996999999999999886e+00
2.568999999999999950e+00
3.040000000000000036e+00
2.023000000000000131e+00
2.048999999999999932e+00
2.298999999999999932e+00
2.573999999999999844e+00
1.596999999999999975e+00
1.917999999999999927e+00
1.262999999999999901e+00
2.355999999999999872e+00
1.800999999999999934e+00
1.830000000000000071e+00
1.147000000000000020e+00
2.241999999999999993e+00
1.070999999999999952e+00
3.719999999999999973e-01
2.664000000000000146e+00
5.290000000000000258e-01
1.116999999999999993e+00
2.831999999999999851e+00
7.520000000000000018e-01
2.552999999999999936e+00
3.250000000000000111e-01
2.475000000000000089e+00
-2.059999999999999887e-01
2.532000000000000028e+00
3.005999999999999783e+00
2.597999999999999865e+00
2.650999999999999801e+00
2.307999999999999829e+00
1.741999999999999993e+00
2.305000000000000160e+00
2.498000000000000220e+00
1.991999999999999993e+00
3.807999999999999829e+00
1.943000000000000060e+00
1.302000000000000046e+00
2.181999999999999940e+00
1.499000000000000110e+00
