5.669999999999999485e-01
1.042999999999999927e+00
2.148000000000000131e+00
1.600999999999999979e+00
1.657999999999999918e+00
8.629999999999999893e-01
2.194999999999999840e+00
1.270999999999999908e+00
1.360999999999999988e+00
1.270000000000000018e+00
1.250999999999999890e+00
1.185000000000000053e+00
4.109999999999999765e-01
1.318999999999999950e+00
2.031000000000000139e+00
1.635000000000000009e+00
1.510000000000000009e+00
1.395000000000000018e+00
1.778000000000000025e+00
9.659999999999999698e-01
1.375000000000000000e+00
1.159000000000000030e+00
1.193999999999999950e+00
2.793000000000000149e+00
1.562000000000000055e+00
1.332999999999999963e+00
1.570000000000000062e+00
2.357000000000000206e+00
1.145000000000000018e+00
8.739999999999999991e-01
1.766000000000000014e+00
1.048999999999999932e+00
1.786000000000000032e+00
1.344000000000000083e+00
7.179999999999999716e-01
1.179999999999999938e+00
2.125000000000000000e+00
1.435000000000000053e+00
1.459000000000000075e+00
1.856000000000000094e+00
