1.455999999999999961e+00
1.512999999999999901e+00
1.769999999999999907e-01
1.157999999999999918e+00
7.039999999999999591e-01
1.352000000000000091e+00
1.322000000000000064e+00
1.092999999999999972e+00
1.580000000000000071e+00
1.074000000000000066e+00
6.420000000000000151e-01
1.532999999999999918e+00
1.590999999999999970e+00
9.629999999999999671e-01
1.854000000000000092e+00
1.177999999999999936e+00
5.749999999999999556e-01
4.540000000000000147e-01
1.415000000000000036e+00
1.199000000000000066e+00
9.170000000000000373e-01
5.600000000000000533e-01
1.556000000000000050e+00
5.969999999999999751e-01
1.288000000000000034e+00
1.175999999999999934e+00
1.056000000000000050e+00
1.407999999999999918e+00
1.826999999999999957e+00
1.691000000000000059e+00
8.840000000000000080e-01
1.278000000000000025e+00
1.211000000000000076e+00
1.453999999999999959e+00
5.240000000000000213e-01
6.620000000000000329e-01
7.940000000000000391e-01
5.560000000000000497e-01
1.332999999999999963e+00
1.407999999999999918e+00
