5.758000000000000000e+03
1.789100000000000000e+04
3.223000000000000000e+04
4.546600000000000000e+04
5.870200000000000000e+04
7.193800000000000000e+04
8.407100000000000000e+04
9.510100000000000000e+04
1.094400000000000000e+05
1.237790000000000000e+05
1.381180000000000000e+05
1.502510000000000000e+05
1.612810000000000000e+05
1.734140000000000000e+05
1.833410000000000000e+05
1.954740000000000000e+05
2.065040000000000000e+05
2.186370000000000000e+05
2.296670000000000000e+05
2.406970000000000000e+05
