9.399000000000000000e+03
2.815000000000000000e+04
4.690100000000000000e+04
6.675500000000000000e+04
8.550600000000000000e+04
1.053600000000000000e+05
1.241110000000000000e+05
1.439650000000000000e+05
1.638190000000000000e+05
1.836730000000000000e+05
2.024240000000000000e+05
2.222780000000000000e+05
2.421320000000000000e+05
2.608830000000000000e+05
2.796340000000000000e+05
3.005910000000000000e+05
3.193420000000000000e+05
3.380930000000000000e+05
3.579470000000000000e+05
3.778010000000000000e+05
