1.187800000000000000e+04
2.732000000000000000e+04
4.276200000000000000e+04
5.710100000000000000e+04
6.923400000000000000e+04
8.357300000000000000e+04
1.001180000000000000e+05
1.155600000000000000e+05
1.298990000000000000e+05
1.442380000000000000e+05
1.585770000000000000e+05
1.729160000000000000e+05
1.883580000000000000e+05
2.026970000000000000e+05
2.159330000000000000e+05
2.302720000000000000e+05
2.446110000000000000e+05
2.578470000000000000e+05
2.721860000000000000e+05
2.876280000000000000e+05
