4.917000000000000000e+03
1.705000000000000000e+04
2.918300000000000000e+04
4.131600000000000000e+04
5.234600000000000000e+04
6.447900000000000000e+04
7.661200000000000000e+04
8.984800000000000000e+04
1.019810000000000000e+05
1.152170000000000000e+05
1.273500000000000000e+05
1.394830000000000000e+05
1.516160000000000000e+05
1.637490000000000000e+05
1.758820000000000000e+05
1.891180000000000000e+05
2.012510000000000000e+05
2.133840000000000000e+05
2.266200000000000000e+05
2.376500000000000000e+05
