1.045800000000000000e+04
2.259100000000000000e+04
4.134200000000000000e+04
5.457800000000000000e+04
7.002000000000000000e+04
7.994700000000000000e+04
1.064190000000000000e+05
1.163460000000000000e+05
1.306850000000000000e+05
1.450240000000000000e+05
1.593630000000000000e+05
1.748050000000000000e+05
1.913500000000000000e+05
2.034830000000000000e+05
2.167190000000000000e+05
2.310580000000000000e+05
2.409850000000000000e+05
2.641480000000000000e+05
2.784870000000000000e+05
2.884140000000000000e+05
