1.291500000000000000e+04
3.718100000000000000e+04
6.144700000000000000e+04
9.453700000000000000e+04
1.121850000000000000e+05
1.254210000000000000e+05
1.397600000000000000e+05
1.529960000000000000e+05
1.640260000000000000e+05
1.761590000000000000e+05
2.114550000000000000e+05
2.257940000000000000e+05
2.390300000000000000e+05
2.555750000000000000e+05
2.666050000000000000e+05
2.798410000000000000e+05
2.974890000000000000e+05
3.283730000000000000e+05
3.526390000000000000e+05
3.647720000000000000e+05
