1.030900000000000000e+04
1.913300000000000000e+04
2.795700000000000000e+04
3.567800000000000000e+04
4.339900000000000000e+04
5.222300000000000000e+04
6.435600000000000000e+04
7.207700000000000000e+04
8.421000000000000000e+04
9.413700000000000000e+04
1.018580000000000000e+05
1.128880000000000000e+05
1.426690000000000000e+05
1.559050000000000000e+05
1.713470000000000000e+05
1.923040000000000000e+05
2.022310000000000000e+05
2.110550000000000000e+05
2.209820000000000000e+05
2.331150000000000000e+05
