7.097000000000000000e+03
1.923000000000000000e+04
3.136300000000000000e+04
4.349600000000000000e+04
5.562900000000000000e+04
6.776200000000000000e+04
7.989500000000000000e+04
9.202800000000000000e+04
1.041610000000000000e+05
1.162940000000000000e+05
1.284270000000000000e+05
1.405600000000000000e+05
1.537960000000000000e+05
1.659290000000000000e+05
1.780620000000000000e+05
1.901950000000000000e+05
2.023280000000000000e+05
2.144610000000000000e+05
2.265940000000000000e+05
2.387270000000000000e+05
