8.649000000000000000e+03
2.409100000000000000e+04
3.843000000000000000e+04
5.387200000000000000e+04
6.821100000000000000e+04
8.365300000000000000e+04
9.799200000000000000e+04
1.134340000000000000e+05
1.277730000000000000e+05
1.432150000000000000e+05
1.575540000000000000e+05
1.729960000000000000e+05
1.873350000000000000e+05
2.027770000000000000e+05
2.171160000000000000e+05
2.325580000000000000e+05
2.468970000000000000e+05
2.623390000000000000e+05
2.766780000000000000e+05
2.921200000000000000e+05
