7.952000000000000000e+03
1.898200000000000000e+04
3.001200000000000000e+04
3.993900000000000000e+04
5.096900000000000000e+04
6.199900000000000000e+04
7.192600000000000000e+04
8.295600000000000000e+04
9.398600000000000000e+04
1.050160000000000000e+05
1.149430000000000000e+05
1.259730000000000000e+05
1.370030000000000000e+05
1.469300000000000000e+05
1.579600000000000000e+05
1.689900000000000000e+05
1.800200000000000000e+05
1.899470000000000000e+05
2.009770000000000000e+05
2.120070000000000000e+05
