5.828000000000000000e+03
2.568200000000000000e+04
4.002100000000000000e+04
5.877200000000000000e+04
7.752300000000000000e+04
9.296500000000000000e+04
1.106130000000000000e+05
1.282610000000000000e+05
1.437030000000000000e+05
1.635570000000000000e+05
1.789990000000000000e+05
1.966470000000000000e+05
2.165010000000000000e+05
2.308400000000000000e+05
2.473850000000000000e+05
2.650330000000000000e+05
2.826810000000000000e+05
2.981230000000000000e+05
3.168740000000000000e+05
3.367280000000000000e+05
