6.931000000000000000e+03
2.457900000000000000e+04
3.671200000000000000e+04
4.884500000000000000e+04
5.987500000000000000e+04
7.200800000000000000e+04
8.524400000000000000e+04
9.406800000000000000e+04
1.050980000000000000e+05
1.161280000000000000e+05
1.260550000000000000e+05
1.370850000000000000e+05
1.470120000000000000e+05
1.580420000000000000e+05
1.690720000000000000e+05
1.801020000000000000e+05
1.911320000000000000e+05
2.043680000000000000e+05
2.153980000000000000e+05
2.264280000000000000e+05
