1.183700000000000000e+04
3.169100000000000000e+04
4.713300000000000000e+04
6.257500000000000000e+04
7.691400000000000000e+04
1.000770000000000000e+05
1.155190000000000000e+05
1.298580000000000000e+05
1.519180000000000000e+05
1.651540000000000000e+05
1.794930000000000000e+05
1.938320000000000000e+05
2.081710000000000000e+05
2.225100000000000000e+05
2.379520000000000000e+05
2.533940000000000000e+05
2.655270000000000000e+05
2.743510000000000000e+05
2.897930000000000000e+05
3.074410000000000000e+05
