1.122900000000000000e+04
2.556800000000000000e+04
3.990700000000000000e+04
5.865800000000000000e+04
7.520300000000000000e+04
9.174800000000000000e+04
1.104990000000000000e+05
1.259410000000000000e+05
1.446920000000000000e+05
1.612370000000000000e+05
1.788850000000000000e+05
1.943270000000000000e+05
2.141810000000000000e+05
2.296230000000000000e+05
2.472710000000000000e+05
2.638160000000000000e+05
2.814640000000000000e+05
2.991120000000000000e+05
3.167600000000000000e+05
3.344080000000000000e+05
