5.449000000000000000e+03
1.978800000000000000e+04
3.523000000000000000e+04
5.067200000000000000e+04
6.390800000000000000e+04
8.045300000000000000e+04
9.479200000000000000e+04
1.113370000000000000e+05
1.311910000000000000e+05
1.477360000000000000e+05
1.609720000000000000e+05
1.753110000000000000e+05
1.918560000000000000e+05
2.061950000000000000e+05
2.205340000000000000e+05
2.359760000000000000e+05
2.503150000000000000e+05
2.657570000000000000e+05
2.823020000000000000e+05
2.955380000000000000e+05
