1.602100000000000000e+04
2.815400000000000000e+04
4.911100000000000000e+04
6.345000000000000000e+04
8.551000000000000000e+04
9.764300000000000000e+04
1.075700000000000000e+05
1.174970000000000000e+05
1.340420000000000000e+05
1.472780000000000000e+05
1.561020000000000000e+05
1.682350000000000000e+05
1.770590000000000000e+05
1.869860000000000000e+05
1.969130000000000000e+05
2.145610000000000000e+05
2.266940000000000000e+05
2.377240000000000000e+05
2.520630000000000000e+05
2.664020000000000000e+05
