3.369700000000000000e+04
6.016900000000000000e+04
8.112600000000000000e+04
9.987700000000000000e+04
1.164220000000000000e+05
1.373790000000000000e+05
1.506150000000000000e+05
1.848080000000000000e+05
2.178980000000000000e+05
2.410610000000000000e+05
2.620180000000000000e+05
2.774600000000000000e+05
3.006230000000000000e+05
3.193740000000000000e+05
3.436400000000000000e+05
3.745240000000000000e+05
3.965840000000000000e+05
4.186440000000000000e+05
4.362920000000000000e+05
4.539400000000000000e+05
