1.838700000000000000e+04
2.941700000000000000e+04
4.927100000000000000e+04
6.250700000000000000e+04
8.236100000000000000e+04
1.000090000000000000e+05
1.132450000000000000e+05
1.286870000000000000e+05
1.496440000000000000e+05
1.694980000000000000e+05
1.882490000000000000e+05
2.036910000000000000e+05
2.191330000000000000e+05
2.345750000000000000e+05
2.467080000000000000e+05
2.577380000000000000e+05
2.731800000000000000e+05
2.897250000000000000e+05
3.084760000000000000e+05
3.305360000000000000e+05
