1.647700000000000000e+04
2.419800000000000000e+04
3.853700000000000000e+04
4.956700000000000000e+04
6.390600000000000000e+04
7.824500000000000000e+04
8.927500000000000000e+04
1.003050000000000000e+05
1.080260000000000000e+05
1.223650000000000000e+05
1.311890000000000000e+05
1.466310000000000000e+05
1.565580000000000000e+05
1.786180000000000000e+05
1.984720000000000000e+05
2.139140000000000000e+05
2.271500000000000000e+05
2.348710000000000000e+05
2.492100000000000000e+05
2.613430000000000000e+05
