3.900000000000000000e+03
2.044500000000000000e+04
3.147500000000000000e+04
4.140200000000000000e+04
5.794700000000000000e+04
8.441900000000000000e+04
1.064790000000000000e+05
1.230240000000000000e+05
1.362600000000000000e+05
1.494960000000000000e+05
1.627320000000000000e+05
1.792770000000000000e+05
1.958220000000000000e+05
2.068520000000000000e+05
2.189850000000000000e+05
2.311180000000000000e+05
2.410450000000000000e+05
2.509720000000000000e+05
2.708260000000000000e+05
2.851650000000000000e+05
