1.573400000000000000e+04
3.448500000000000000e+04
5.213300000000000000e+04
6.978100000000000000e+04
8.632600000000000000e+04
1.039740000000000000e+05
1.216220000000000000e+05
1.414760000000000000e+05
1.580210000000000000e+05
1.756690000000000000e+05
1.933170000000000000e+05
2.109650000000000000e+05
2.286130000000000000e+05
2.473640000000000000e+05
2.639090000000000000e+05
2.804540000000000000e+05
2.981020000000000000e+05
3.190590000000000000e+05
3.345010000000000000e+05
3.521490000000000000e+05
