4.645000000000000000e+03
2.119000000000000000e+04
3.883800000000000000e+04
5.648600000000000000e+04
7.303100000000000000e+04
9.067900000000000000e+04
1.072240000000000000e+05
1.248720000000000000e+05
1.425200000000000000e+05
1.601680000000000000e+05
1.767130000000000000e+05
1.943610000000000000e+05
2.109060000000000000e+05
2.285540000000000000e+05
2.462020000000000000e+05
2.638500000000000000e+05
2.803950000000000000e+05
2.991460000000000000e+05
3.167940000000000000e+05
3.333390000000000000e+05
