1.967700000000000000e+04
3.401600000000000000e+04
4.614900000000000000e+04
5.938500000000000000e+04
7.262100000000000000e+04
8.696000000000000000e+04
9.909300000000000000e+04
1.145350000000000000e+05
1.277710000000000000e+05
1.399040000000000000e+05
1.531400000000000000e+05
1.685820000000000000e+05
1.840240000000000000e+05
1.994660000000000000e+05
2.138050000000000000e+05
2.292470000000000000e+05
2.446890000000000000e+05
2.601310000000000000e+05
2.755730000000000000e+05
2.910150000000000000e+05
