3.663000000000000000e+03
1.689900000000000000e+04
3.785600000000000000e+04
6.763700000000000000e+04
7.646100000000000000e+04
8.638800000000000000e+04
1.073450000000000000e+05
1.216840000000000000e+05
1.349200000000000000e+05
1.613920000000000000e+05
1.735250000000000000e+05
1.889670000000000000e+05
2.044090000000000000e+05
2.319840000000000000e+05
2.441170000000000000e+05
2.573530000000000000e+05
2.738980000000000000e+05
2.860310000000000000e+05
2.992670000000000000e+05
3.114000000000000000e+05
