6.741000000000000000e+03
2.438900000000000000e+04
3.211000000000000000e+04
4.424300000000000000e+04
6.850900000000000000e+04
7.733300000000000000e+04
9.056900000000000000e+04
9.829000000000000000e+04
1.192470000000000000e+05
1.346890000000000000e+05
1.490280000000000000e+05
1.710880000000000000e+05
1.876330000000000000e+05
2.008690000000000000e+05
2.085900000000000000e+05
2.185170000000000000e+05
2.284440000000000000e+05
2.427830000000000000e+05
2.538130000000000000e+05
2.681520000000000000e+05
