2.883000000000000000e+03
1.942800000000000000e+04
2.935500000000000000e+04
3.928200000000000000e+04
6.023900000000000000e+04
9.002000000000000000e+04
1.186980000000000000e+05
1.286250000000000000e+05
1.562000000000000000e+05
1.782600000000000000e+05
1.914960000000000000e+05
2.080410000000000000e+05
2.179680000000000000e+05
2.278950000000000000e+05
2.455430000000000000e+05
2.554700000000000000e+05
2.863540000000000000e+05
2.962810000000000000e+05
3.282680000000000000e+05
3.657700000000000000e+05
