5.630000000000000000e+03
2.217500000000000000e+04
4.202900000000000000e+04
6.298600000000000000e+04
8.063400000000000000e+04
1.004880000000000000e+05
1.247540000000000000e+05
1.424020000000000000e+05
1.633590000000000000e+05
1.887280000000000000e+05
2.096850000000000000e+05
2.262300000000000000e+05
2.515990000000000000e+05
2.681440000000000000e+05
2.868950000000000000e+05
3.023370000000000000e+05
3.177790000000000000e+05
3.310150000000000000e+05
3.420450000000000000e+05
3.585900000000000000e+05
