2.660800000000000000e+04
4.535900000000000000e+04
6.080100000000000000e+04
8.396400000000000000e+04
1.203630000000000000e+05
1.347020000000000000e+05
1.490410000000000000e+05
1.711010000000000000e+05
1.854400000000000000e+05
2.097060000000000000e+05
2.251480000000000000e+05
2.405900000000000000e+05
2.659590000000000000e+05
2.924310000000000000e+05
3.155940000000000000e+05
3.409630000000000000e+05
3.718470000000000000e+05
4.170700000000000000e+05
4.380270000000000000e+05
4.534690000000000000e+05
