1.196200000000000000e+04
2.740400000000000000e+04
4.284600000000000000e+04
5.718500000000000000e+04
7.262700000000000000e+04
8.696600000000000000e+04
1.024080000000000000e+05
1.167470000000000000e+05
1.321890000000000000e+05
1.465280000000000000e+05
1.619700000000000000e+05
1.763090000000000000e+05
1.917510000000000000e+05
2.060900000000000000e+05
2.215320000000000000e+05
2.358710000000000000e+05
2.513130000000000000e+05
2.656520000000000000e+05
2.810940000000000000e+05
2.954330000000000000e+05
