1.615900000000000000e+04
2.939500000000000000e+04
4.263100000000000000e+04
5.697000000000000000e+04
7.020600000000000000e+04
8.454500000000000000e+04
9.778100000000000000e+04
1.110170000000000000e+05
1.253560000000000000e+05
1.385920000000000000e+05
1.518280000000000000e+05
1.661670000000000000e+05
1.794030000000000000e+05
1.926390000000000000e+05
2.069780000000000000e+05
2.202140000000000000e+05
2.345530000000000000e+05
2.477890000000000000e+05
2.610250000000000000e+05
2.753640000000000000e+05
