9.128000000000000000e+03
2.677600000000000000e+04
4.442400000000000000e+04
6.207200000000000000e+04
7.972000000000000000e+04
9.736800000000000000e+04
1.150160000000000000e+05
1.326640000000000000e+05
1.514150000000000000e+05
1.690630000000000000e+05
1.867110000000000000e+05
2.043590000000000000e+05
2.220070000000000000e+05
2.396550000000000000e+05
2.573030000000000000e+05
2.749510000000000000e+05
2.937020000000000000e+05
3.113500000000000000e+05
3.289980000000000000e+05
3.466460000000000000e+05
