2.535000000000000000e+03
1.356500000000000000e+04
2.569800000000000000e+04
3.672800000000000000e+04
4.775800000000000000e+04
5.878800000000000000e+04
7.092100000000000000e+04
8.195100000000000000e+04
9.298100000000000000e+04
1.040110000000000000e+05
1.161440000000000000e+05
1.271740000000000000e+05
1.382040000000000000e+05
1.492340000000000000e+05
1.613670000000000000e+05
1.723970000000000000e+05
1.834270000000000000e+05
1.944570000000000000e+05
2.065900000000000000e+05
2.176200000000000000e+05
