1.444600000000000000e+04
3.099100000000000000e+04
4.753600000000000000e+04
6.408100000000000000e+04
8.062600000000000000e+04
9.717100000000000000e+04
1.137160000000000000e+05
1.302610000000000000e+05
1.468060000000000000e+05
1.633510000000000000e+05
1.798960000000000000e+05
1.964410000000000000e+05
2.129860000000000000e+05
2.306340000000000000e+05
2.471790000000000000e+05
2.637240000000000000e+05
2.802690000000000000e+05
2.968140000000000000e+05
3.133590000000000000e+05
3.299040000000000000e+05
