2.732100000000000000e+04
4.276300000000000000e+04
5.489600000000000000e+04
7.033800000000000000e+04
8.357400000000000000e+04
9.791300000000000000e+04
1.144580000000000000e+05
1.299000000000000000e+05
1.431360000000000000e+05
1.574750000000000000e+05
1.707110000000000000e+05
1.861530000000000000e+05
2.015950000000000000e+05
2.148310000000000000e+05
2.302730000000000000e+05
2.457150000000000000e+05
2.578480000000000000e+05
2.743930000000000000e+05
2.898350000000000000e+05
3.030710000000000000e+05
