4.073000000000000000e+03
1.951500000000000000e+04
3.275100000000000000e+04
4.488400000000000000e+04
5.701700000000000000e+04
7.356200000000000000e+04
1.011370000000000000e+05
1.154760000000000000e+05
1.287120000000000000e+05
1.441540000000000000e+05
1.573900000000000000e+05
1.717290000000000000e+05
1.838620000000000000e+05
1.982010000000000000e+05
2.136430000000000000e+05
2.279820000000000000e+05
2.423210000000000000e+05
2.533510000000000000e+05
2.676900000000000000e+05
2.831320000000000000e+05
