3.533000000000000000e+03
1.346000000000000000e+04
2.118100000000000000e+04
3.331400000000000000e+04
4.544700000000000000e+04
5.758000000000000000e+04
6.861000000000000000e+04
7.633100000000000000e+04
8.846400000000000000e+04
9.839100000000000000e+04
1.094210000000000000e+05
1.182450000000000000e+05
1.303780000000000000e+05
1.403050000000000000e+05
1.502320000000000000e+05
1.623650000000000000e+05
1.733950000000000000e+05
1.844250000000000000e+05
1.943520000000000000e+05
2.053820000000000000e+05
