1.820000000000000062e+00
3.300000000000000155e-01
8.999999999999999667e-02
6.070000000000000284e+00
3.700000000000000178e+00
4.799999999999999822e+00
1.530000000000000027e+00
4.309999999999999609e+00
2.069999999999999840e+00
1.879999999999999893e+00
5.519999999999999574e+00
2.899999999999999911e+00
1.860000000000000098e+00
2.899999999999999911e+00
3.529999999999999805e+00
2.410000000000000142e+00
3.599999999999999867e-01
2.580000000000000071e+00
5.059999999999999609e+00
1.199999999999999956e-01
1.449999999999999956e+00
4.919999999999999929e+00
2.770000000000000018e+00
2.350000000000000089e+00
2.129999999999999893e+00
5.250000000000000000e+00
2.500000000000000000e-01
6.110000000000000320e+00
4.200000000000000178e+00
1.610000000000000098e+00
4.559999999999999609e+00
2.850000000000000089e+00
5.280000000000000249e+00
2.330000000000000071e+00
4.669999999999999929e+00
3.149999999999999911e+00
5.410000000000000142e+00
4.790000000000000036e+00
2.180000000000000160e+00
2.669999999999999929e+00
