5.339999999999999858e+00
2.099999999999999922e-01
5.660000000000000142e+00
7.399999999999999911e-01
3.640000000000000124e+00
2.140000000000000124e+00
4.809999999999999609e+00
3.029999999999999805e+00
6.059999999999999609e+00
3.669999999999999929e+00
1.530000000000000027e+00
1.110000000000000098e+00
5.969999999999999751e+00
5.370000000000000107e+00
2.589999999999999858e+00
8.000000000000000167e-02
5.950000000000000178e+00
3.200000000000000067e-01
4.410000000000000142e+00
3.740000000000000213e+00
4.519999999999999574e+00
4.490000000000000213e+00
2.100000000000000089e+00
2.800000000000000266e-01
2.990000000000000213e+00
2.700000000000000178e-01
1.040000000000000036e+00
4.500000000000000111e-01
2.970000000000000195e+00
5.500000000000000444e-01
2.700000000000000178e+00
5.830000000000000071e+00
1.280000000000000027e+00
1.060000000000000053e+00
3.629999999999999893e+00
4.160000000000000142e+00
4.290000000000000036e+00
2.770000000000000018e+00
3.859999999999999876e+00
3.490000000000000213e+00
