5.259999999999999787e+00
9.599999999999999645e-01
5.889999999999999680e+00
3.099999999999999978e-01
2.330000000000000071e+00
4.899999999999999911e-01
8.399999999999999689e-01
5.120000000000000107e+00
5.269999999999999574e+00
2.779999999999999805e+00
4.900000000000000355e+00
2.770000000000000018e+00
3.560000000000000053e+00
4.139999999999999680e+00
1.439999999999999947e+00
1.000000000000000021e-02
4.879999999999999893e+00
3.810000000000000053e+00
2.850000000000000089e+00
1.620000000000000107e+00
2.330000000000000071e+00
4.889999999999999680e+00
5.330000000000000071e+00
2.040000000000000036e+00
1.209999999999999964e+00
2.629999999999999893e+00
1.189999999999999947e+00
5.139999999999999680e+00
9.599999999999999645e-01
2.740000000000000213e+00
5.129999999999999893e+00
2.500000000000000000e+00
5.280000000000000249e+00
2.180000000000000160e+00
2.879999999999999893e+00
0.000000000000000000e+00
3.200000000000000178e+00
1.419999999999999929e+00
1.000000000000000056e-01
1.870000000000000107e+00
