3.800000000000000044e-01
2.520000000000000018e+00
3.470000000000000195e+00
3.100000000000000089e+00
1.290000000000000036e+00
2.229999999999999982e+00
3.069999999999999840e+00
6.200000000000000178e+00
7.199999999999999734e-01
1.939999999999999947e+00
2.770000000000000018e+00
5.169999999999999929e+00
4.570000000000000284e+00
9.599999999999999645e-01
3.640000000000000124e+00
2.569999999999999840e+00
2.830000000000000071e+00
4.900000000000000355e+00
5.769999999999999574e+00
8.800000000000000044e-01
4.919999999999999929e+00
4.790000000000000036e+00
5.429999999999999716e+00
3.779999999999999805e+00
1.520000000000000018e+00
5.400000000000000355e-01
3.959999999999999964e+00
3.339999999999999858e+00
5.190000000000000391e+00
2.259999999999999787e+00
5.169999999999999929e+00
2.330000000000000071e+00
5.059999999999999609e+00
9.100000000000000311e-01
4.089999999999999858e+00
5.080000000000000071e+00
2.029999999999999805e+00
4.700000000000000178e+00
1.790000000000000036e+00
2.080000000000000071e+00
