3.759999999999999787e+00
4.990000000000000213e+00
4.519999999999999574e+00
5.750000000000000000e+00
1.570000000000000062e+00
6.179999999999999716e+00
2.140000000000000124e+00
2.799999999999999822e+00
4.000000000000000083e-02
4.370000000000000107e+00
6.240000000000000213e+00
3.100000000000000089e+00
4.099999999999999645e+00
3.930000000000000160e+00
1.100000000000000006e-01
5.290000000000000036e+00
5.379999999999999893e+00
3.499999999999999778e-01
4.240000000000000213e+00
4.269999999999999574e+00
2.549999999999999822e+00
3.439999999999999947e+00
9.499999999999999556e-01
5.469999999999999751e+00
1.260000000000000009e+00
3.299999999999999822e+00
3.300000000000000155e-01
3.200000000000000067e-01
6.110000000000000320e+00
8.000000000000000444e-01
6.070000000000000284e+00
3.020000000000000018e+00
3.140000000000000124e+00
1.449999999999999956e+00
5.000000000000000000e+00
3.830000000000000071e+00
5.400000000000000355e+00
5.600000000000000533e-01
4.709999999999999964e+00
2.169999999999999929e+00
