1.939999999999999947e+00
5.969999999999999751e+00
1.560000000000000053e+00
4.889999999999999680e+00
5.799999999999999600e-01
2.370000000000000107e+00
4.099999999999999645e+00
3.669999999999999929e+00
4.019999999999999574e+00
3.810000000000000053e+00
4.500000000000000000e+00
1.030000000000000027e+00
6.110000000000000320e+00
1.959999999999999964e+00
4.900000000000000355e+00
2.689999999999999947e+00
1.360000000000000098e+00
4.839999999999999858e+00
3.500000000000000000e+00
2.830000000000000071e+00
1.340000000000000080e+00
5.019999999999999574e+00
5.440000000000000391e+00
5.679999999999999716e+00
5.559999999999999609e+00
2.770000000000000018e+00
3.509999999999999787e+00
2.430000000000000160e+00
4.089999999999999858e+00
9.799999999999999822e-01
1.050000000000000044e+00
2.250000000000000000e+00
1.419999999999999929e+00
4.030000000000000249e+00
5.290000000000000036e+00
2.339999999999999858e+00
2.169999999999999929e+00
5.410000000000000142e+00
4.200000000000000178e+00
3.359999999999999876e+00
