3.149999999999999911e+00
3.439999999999999947e+00
1.810000000000000053e+00
2.560000000000000053e+00
2.270000000000000018e+00
6.269999999999999574e+00
5.480000000000000426e+00
4.400000000000000355e+00
1.270000000000000018e+00
1.790000000000000036e+00
1.260000000000000009e+00
5.410000000000000142e+00
4.650000000000000355e+00
3.279999999999999805e+00
3.589999999999999858e+00
2.069999999999999840e+00
1.400000000000000133e-01
5.480000000000000426e+00
2.999999999999999889e-02
3.680000000000000160e+00
4.099999999999999645e+00
1.020000000000000018e+00
1.479999999999999982e+00
2.600000000000000089e-01
5.000000000000000000e-01
2.589999999999999858e+00
3.919999999999999929e+00
5.320000000000000284e+00
4.419999999999999929e+00
4.000000000000000000e+00
5.870000000000000107e+00
1.659999999999999920e+00
5.690000000000000391e+00
1.929999999999999938e+00
1.270000000000000018e+00
4.459999999999999964e+00
4.000000000000000222e-01
5.379999999999999893e+00
5.820000000000000284e+00
2.069999999999999840e+00
