4.290000000000000036e+00
2.020000000000000018e+00
8.000000000000000444e-01
5.129999999999999893e+00
4.500000000000000111e-01
4.009999999999999787e+00
2.509999999999999787e+00
5.379999999999999893e+00
5.209999999999999964e+00
1.260000000000000009e+00
3.879999999999999893e+00
8.299999999999999600e-01
4.309999999999999609e+00
5.769999999999999574e+00
4.950000000000000178e+00
2.410000000000000142e+00
3.970000000000000195e+00
6.199999999999999956e-01
5.400000000000000355e-01
2.899999999999999800e-01
3.600000000000000089e+00
3.800000000000000044e-01
8.900000000000000133e-01
4.889999999999999680e+00
3.080000000000000071e+00
5.190000000000000391e+00
9.000000000000000222e-01
4.820000000000000284e+00
1.280000000000000027e+00
4.429999999999999716e+00
5.480000000000000426e+00
4.549999999999999822e+00
3.149999999999999911e+00
5.899999999999999689e-01
1.699999999999999956e+00
6.800000000000000488e-01
3.870000000000000107e+00
2.990000000000000213e+00
1.439999999999999947e+00
6.160000000000000142e+00
