1.310000000000000053e+00
3.699999999999999956e-01
2.160000000000000142e+00
3.410000000000000142e+00
3.839999999999999858e+00
4.040000000000000036e+00
1.409999999999999920e+00
3.099999999999999978e-01
3.100000000000000089e+00
1.280000000000000027e+00
5.570000000000000284e+00
5.849999999999999645e+00
6.080000000000000071e+00
1.899999999999999911e+00
6.099999999999999867e-01
4.480000000000000426e+00
4.530000000000000249e+00
2.660000000000000142e+00
8.399999999999999689e-01
7.500000000000000000e-01
2.910000000000000142e+00
2.189999999999999947e+00
1.629999999999999893e+00
2.450000000000000178e+00
4.660000000000000142e+00
2.259999999999999787e+00
3.680000000000000160e+00
2.509999999999999787e+00
5.059999999999999609e+00
2.149999999999999911e+00
3.839999999999999858e+00
2.879999999999999893e+00
4.099999999999999756e-01
4.150000000000000355e+00
2.819999999999999840e+00
1.100000000000000089e+00
2.830000000000000071e+00
6.179999999999999716e+00
1.239999999999999991e+00
2.330000000000000071e+00
