4.530000000000000249e+00
4.320000000000000284e+00
4.360000000000000320e+00
2.970000000000000195e+00
3.689999999999999947e+00
4.120000000000000107e+00
3.609999999999999876e+00
9.699999999999999734e-01
3.899999999999999911e+00
3.169999999999999929e+00
7.199999999999999734e-01
9.100000000000000311e-01
3.700000000000000178e+00
4.509999999999999787e+00
1.050000000000000044e+00
1.260000000000000009e+00
4.459999999999999964e+00
1.600000000000000089e+00
2.109999999999999876e+00
5.540000000000000036e+00
4.419999999999999929e+00
4.309999999999999609e+00
5.929999999999999716e+00
2.970000000000000195e+00
5.410000000000000142e+00
1.889999999999999902e+00
4.099999999999999645e+00
2.049999999999999822e+00
3.350000000000000089e+00
3.400000000000000244e-01
2.209999999999999964e+00
2.299999999999999822e+00
3.370000000000000107e+00
3.350000000000000089e+00
5.389999999999999680e+00
4.610000000000000320e+00
4.610000000000000320e+00
3.399999999999999911e+00
2.120000000000000107e+00
1.209999999999999964e+00
