5.070000000000000284e+00
3.299999999999999822e+00
4.820000000000000284e+00
4.639999999999999680e+00
2.859999999999999876e+00
5.419999999999999929e+00
3.620000000000000107e+00
3.910000000000000142e+00
5.699999999999999512e-01
3.649999999999999911e+00
5.929999999999999716e+00
2.950000000000000178e+00
4.230000000000000426e+00
6.150000000000000355e+00
5.730000000000000426e+00
4.230000000000000426e+00
9.599999999999999645e-01
2.729999999999999982e+00
1.219999999999999973e+00
4.339999999999999858e+00
6.139999999999999680e+00
4.199999999999999845e-01
6.179999999999999716e+00
1.030000000000000027e+00
5.509999999999999787e+00
4.500000000000000000e+00
2.810000000000000053e+00
1.949999999999999956e+00
2.109999999999999876e+00
1.399999999999999911e+00
6.040000000000000036e+00
4.299999999999999933e-01
4.030000000000000249e+00
4.690000000000000391e+00
4.169999999999999929e+00
5.750000000000000000e+00
8.000000000000000444e-01
3.229999999999999982e+00
2.759999999999999787e+00
5.360000000000000320e+00
