5.019999999999999574e+00
4.699999999999999734e-01
5.379999999999999893e+00
2.310000000000000053e+00
1.229999999999999982e+00
1.540000000000000036e+00
5.450000000000000178e+00
2.009999999999999787e+00
4.690000000000000391e+00
2.229999999999999982e+00
2.120000000000000107e+00
3.740000000000000213e+00
3.680000000000000160e+00
2.040000000000000036e+00
1.439999999999999947e+00
1.199999999999999956e-01
2.000000000000000042e-02
5.500000000000000444e-01
3.109999999999999876e+00
1.120000000000000107e+00
5.940000000000000391e+00
3.099999999999999978e-01
2.310000000000000053e+00
1.399999999999999911e+00
3.750000000000000000e+00
4.490000000000000213e+00
4.600000000000000200e-01
3.900000000000000133e-01
3.669999999999999929e+00
5.620000000000000107e+00
4.199999999999999845e-01
1.040000000000000036e+00
4.469999999999999751e+00
5.700000000000000178e+00
2.160000000000000142e+00
3.939999999999999947e+00
1.280000000000000027e+00
1.399999999999999911e+00
4.849999999999999645e+00
4.769999999999999574e+00
