3.649999999999999911e+00
5.870000000000000107e+00
3.209999999999999964e+00
4.519999999999999574e+00
3.790000000000000036e+00
2.140000000000000124e+00
2.189999999999999947e+00
3.379999999999999893e+00
2.379999999999999893e+00
4.600000000000000200e-01
3.959999999999999964e+00
4.940000000000000391e+00
2.850000000000000089e+00
4.599999999999999645e+00
3.649999999999999911e+00
4.519999999999999574e+00
2.259999999999999787e+00
1.389999999999999902e+00
3.359999999999999876e+00
4.719999999999999751e+00
4.040000000000000036e+00
1.110000000000000098e+00
5.910000000000000142e+00
6.240000000000000213e+00
3.270000000000000018e+00
3.970000000000000195e+00
4.000000000000000083e-02
1.780000000000000027e+00
3.180000000000000160e+00
4.820000000000000284e+00
5.150000000000000355e+00
3.160000000000000142e+00
3.910000000000000142e+00
3.180000000000000160e+00
2.520000000000000018e+00
1.270000000000000018e+00
3.390000000000000124e+00
5.200000000000000178e+00
4.139999999999999680e+00
5.200000000000000178e-01
