1.790999999999999925e+00
1.443000000000000060e+00
4.919999999999999929e-01
1.457000000000000073e+00
8.129999999999999449e-01
8.279999999999999583e-01
7.710000000000000187e-01
1.131000000000000005e+00
5.590000000000000524e-01
9.509999999999999565e-01
1.207000000000000073e+00
1.118999999999999995e+00
2.205999999999999961e+00
3.300000000000000155e-01
8.970000000000000195e-01
1.326000000000000068e+00
1.526999999999999913e+00
1.635000000000000009e+00
9.200000000000000400e-01
1.374000000000000110e+00
1.296000000000000041e+00
2.278000000000000025e+00
1.078000000000000069e+00
7.299999999999999822e-01
9.010000000000000231e-01
1.358999999999999986e+00
2.878000000000000114e+00
1.467000000000000082e+00
7.359999999999999876e-01
1.903999999999999915e+00
1.213000000000000078e+00
9.929999999999999938e-01
1.943999999999999950e+00
1.495000000000000107e+00
7.469999999999999973e-01
1.252000000000000002e+00
1.284000000000000030e+00
9.320000000000000506e-01
8.259999999999999565e-01
1.794000000000000039e+00
