2.412999999999999812e+00
1.280000000000000027e+00
1.624000000000000110e+00
8.449999999999999734e-01
2.435000000000000053e+00
1.838000000000000078e+00
1.705000000000000071e+00
1.858999999999999986e+00
1.945000000000000062e+00
2.624000000000000110e+00
3.104999999999999982e+00
2.855999999999999872e+00
2.398000000000000131e+00
2.198999999999999844e+00
2.528000000000000025e+00
1.600000000000000033e-01
4.299999999999999933e-01
1.909000000000000030e+00
1.268999999999999906e+00
2.583000000000000185e+00
1.469999999999999973e+00
1.989000000000000101e+00
1.469000000000000083e+00
1.449999999999999956e+00
2.071000000000000174e+00
1.300999999999999934e+00
2.138999999999999790e+00
1.199000000000000066e+00
1.358999999999999986e+00
1.776999999999999913e+00
1.983000000000000096e+00
1.804999999999999938e+00
1.342999999999999972e+00
1.872000000000000108e+00
1.749000000000000110e+00
1.564999999999999947e+00
2.016000000000000014e+00
2.500000000000000000e+00
1.629000000000000004e+00
1.673999999999999932e+00
