1.675999999999999934e+00
3.269000000000000128e+00
2.021999999999999797e+00
1.580999999999999961e+00
1.304000000000000048e+00
2.446000000000000174e+00
2.811999999999999833e+00
8.880000000000000115e-01
8.930000000000000160e-01
4.527999999999999581e+00
2.314999999999999947e+00
2.775999999999999801e+00
1.830000000000000071e+00
2.463999999999999968e+00
3.551000000000000156e+00
1.502999999999999892e+00
3.255999999999999783e+00
4.110000000000000320e+00
1.431999999999999940e+00
1.481000000000000094e+00
2.125999999999999890e+00
1.645000000000000018e+00
1.445000000000000062e+00
1.197999999999999954e+00
2.358000000000000096e+00
1.508999999999999897e+00
2.967000000000000082e+00
2.995000000000000107e+00
3.600999999999999979e+00
1.933999999999999941e+00
2.133000000000000007e+00
3.273000000000000131e+00
1.477000000000000091e+00
2.306999999999999940e+00
9.240000000000000435e-01
3.531000000000000139e+00
1.542000000000000037e+00
2.903000000000000025e+00
3.169000000000000039e+00
1.560000000000000053e+00
