1.076000000000000068e+00
1.344999999999999973e+00
1.534999999999999920e+00
1.366999999999999993e+00
1.332000000000000073e+00
2.420999999999999819e+00
9.699999999999999734e-01
9.779999999999999805e-01
1.143000000000000016e+00
8.689999999999999947e-01
1.397999999999999909e+00
1.622000000000000108e+00
1.467999999999999972e+00
8.699999999999999956e-01
1.314999999999999947e+00
9.839999999999999858e-01
1.917000000000000037e+00
1.318999999999999950e+00
1.189999999999999947e+00
2.141999999999999904e+00
1.002000000000000002e+00
2.190999999999999837e+00
1.534000000000000030e+00
1.489999999999999991e+00
1.564999999999999947e+00
1.290999999999999925e+00
7.239999999999999769e-01
5.629999999999999449e-01
1.645000000000000018e+00
8.609999999999999876e-01
1.411000000000000032e+00
1.268999999999999906e+00
1.149999999999999911e+00
1.122000000000000108e+00
1.514000000000000012e+00
2.096000000000000085e+00
1.044000000000000039e+00
6.810000000000000497e-01
1.836999999999999966e+00
2.012000000000000011e+00
