2.665000000000000036e+00
8.149999999999999467e-01
1.856000000000000094e+00
1.778999999999999915e+00
8.920000000000000151e-01
1.405999999999999917e+00
1.909999999999999920e+00
2.282000000000000028e+00
1.610000000000000098e+00
7.610000000000000098e-01
2.246999999999999886e+00
6.680000000000000382e-01
1.300999999999999934e+00
2.354000000000000092e+00
2.337000000000000188e+00
1.453999999999999959e+00
2.036999999999999922e+00
2.839999999999999858e+00
1.846999999999999975e+00
1.485999999999999988e+00
2.331999999999999851e+00
2.634999999999999787e+00
1.106999999999999984e+00
2.112999999999999989e+00
1.812999999999999945e+00
1.965000000000000080e+00
2.521999999999999797e+00
1.362000000000000099e+00
3.000000000000000000e+00
1.080000000000000071e+00
9.679999999999999716e-01
1.497000000000000108e+00
1.199999999999999956e+00
1.687999999999999945e+00
1.743000000000000105e+00
7.610000000000000098e-01
1.167000000000000037e+00
1.437999999999999945e+00
2.040000000000000036e+00
2.302999999999999936e+00
