1.389999999999999902e+00
1.314999999999999947e+00
1.673999999999999932e+00
7.960000000000000409e-01
2.036000000000000032e+00
2.661999999999999922e+00
2.701999999999999957e+00
2.294000000000000039e+00
1.524000000000000021e+00
1.286000000000000032e+00
3.679999999999999938e-01
2.217000000000000082e+00
2.246999999999999886e+00
2.399999999999999911e+00
1.673999999999999932e+00
1.590000000000000024e-01
1.911000000000000032e+00
1.524999999999999911e+00
2.080999999999999961e+00
1.209999999999999964e+00
2.540000000000000036e+00
4.299999999999999656e-02
2.088999999999999968e+00
2.201000000000000068e+00
6.400000000000000133e-01
2.100999999999999979e+00
2.869000000000000217e+00
2.708000000000000185e+00
1.901999999999999913e+00
4.809999999999999831e-01
1.556999999999999940e+00
3.144000000000000128e+00
2.786000000000000032e+00
2.080999999999999961e+00
2.097999999999999865e+00
3.113999999999999879e+00
1.870000000000000107e+00
2.474000000000000199e+00
2.088000000000000078e+00
1.316999999999999948e+00
