1.038000000000000034e+00
1.625000000000000000e+00
9.929999999999999938e-01
1.852000000000000091e+00
9.310000000000000497e-01
1.106999999999999984e+00
1.310999999999999943e+00
2.629999999999999893e+00
1.439000000000000057e+00
1.483999999999999986e+00
1.358000000000000096e+00
9.300000000000000488e-01
1.727000000000000091e+00
1.635999999999999899e+00
1.449000000000000066e+00
1.080000000000000071e+00
1.514999999999999902e+00
1.995000000000000107e+00
8.249999999999999556e-01
1.915999999999999925e+00
1.485999999999999988e+00
1.479000000000000092e+00
6.850000000000000533e-01
1.467999999999999972e+00
1.173000000000000043e+00
3.008000000000000007e+00
1.455999999999999961e+00
1.179000000000000048e+00
5.939999999999999725e-01
-2.100000000000000130e-02
1.379999999999999893e+00
1.298000000000000043e+00
1.391999999999999904e+00
6.300000000000000044e-01
1.012000000000000011e+00
9.220000000000000417e-01
2.858000000000000096e+00
1.661000000000000032e+00
1.187000000000000055e+00
4.939999999999999947e-01
