2.263999999999999790e+00
1.756999999999999895e+00
2.060999999999999943e+00
1.258000000000000007e+00
1.489000000000000101e+00
1.711999999999999966e+00
1.048999999999999932e+00
2.649999999999999911e+00
2.129999999999999893e+00
1.701999999999999957e+00
1.987999999999999989e+00
1.256000000000000005e+00
2.260000000000000064e-01
1.370999999999999996e+00
7.670000000000000151e-01
1.070999999999999952e+00
2.251999999999999780e+00
1.072000000000000064e+00
1.296999999999999931e+00
4.590000000000000191e-01
1.540000000000000036e+00
5.879999999999999671e-01
1.497999999999999998e+00
1.548999999999999932e+00
1.566000000000000059e+00
2.105999999999999872e+00
5.779999999999999583e-01
2.450000000000000178e+00
1.614000000000000101e+00
1.745999999999999996e+00
1.784999999999999920e+00
1.145999999999999908e+00
1.899999999999999911e+00
1.131999999999999895e+00
1.655999999999999917e+00
1.711999999999999966e+00
4.979999999999999982e-01
1.304000000000000048e+00
1.225999999999999979e+00
3.750000000000000000e-01
