1.028999999999999915e+00
3.250000000000000111e-01
1.030000000000000027e+00
1.487000000000000099e+00
1.874000000000000110e+00
1.776999999999999913e+00
1.179999999999999938e+00
1.586000000000000076e+00
1.594000000000000083e+00
1.403999999999999915e+00
1.066000000000000059e+00
1.810999999999999943e+00
6.270000000000000018e-01
1.552999999999999936e+00
1.814000000000000057e+00
8.249999999999999556e-01
7.910000000000000364e-01
1.735000000000000098e+00
1.108999999999999986e+00
1.352000000000000091e+00
3.519999999999999796e-01
4.899999999999999911e-01
1.201999999999999957e+00
1.441000000000000059e+00
1.445999999999999952e+00
1.834999999999999964e+00
1.173000000000000043e+00
2.271999999999999797e+00
2.056000000000000050e+00
1.461999999999999966e+00
1.274000000000000021e+00
1.203000000000000069e+00
1.608000000000000096e+00
3.170000000000000040e-01
1.439000000000000057e+00
1.473999999999999977e+00
7.740000000000000213e-01
2.159999999999999976e-01
1.350999999999999979e+00
1.080000000000000071e+00
