1.987999999999999989e+00
2.766000000000000014e+00
1.834999999999999964e+00
9.939999999999999947e-01
2.023000000000000131e+00
2.299999999999999961e-02
1.737999999999999989e+00
1.818000000000000060e+00
1.479999999999999982e+00
8.750000000000000000e-01
1.497999999999999998e+00
1.499999999999999944e-02
1.096999999999999975e+00
1.957999999999999963e+00
1.431999999999999940e+00
2.270999999999999908e+00
1.661999999999999922e+00
2.237000000000000099e+00
1.747000000000000108e+00
1.403999999999999915e+00
7.109999999999999654e-01
9.160000000000000364e-01
1.536000000000000032e+00
8.840000000000000080e-01
1.290000000000000036e+00
9.499999999999999556e-01
9.869999999999999885e-01
-4.000000000000000083e-02
2.649000000000000021e+00
1.463000000000000078e+00
2.435999999999999943e+00
1.108999999999999986e+00
1.401000000000000023e+00
1.798000000000000043e+00
1.262000000000000011e+00
1.401000000000000023e+00
2.383000000000000007e+00
1.842000000000000082e+00
2.516000000000000014e+00
9.290000000000000480e-01
