1.423999999999999932e+00
3.245000000000000107e+00
1.836999999999999966e+00
1.981999999999999984e+00
2.250999999999999890e+00
3.112000000000000099e+00
1.949999999999999956e+00
3.097999999999999865e+00
1.461000000000000076e+00
2.217000000000000082e+00
1.286000000000000032e+00
2.966000000000000192e+00
2.604000000000000092e+00
2.040000000000000036e+00
1.395000000000000018e+00
1.445999999999999952e+00
1.314999999999999947e+00
1.604999999999999982e+00
1.479999999999999982e+00
1.875999999999999890e+00
2.499000000000000110e+00
2.806999999999999940e+00
2.314999999999999947e+00
2.169000000000000039e+00
2.669000000000000039e+00
1.977000000000000091e+00
1.229999999999999982e-01
3.758999999999999897e+00
1.576000000000000068e+00
2.499000000000000110e+00
2.213000000000000078e+00
3.209000000000000075e+00
1.282000000000000028e+00
2.383999999999999897e+00
2.245000000000000107e+00
1.362000000000000099e+00
2.383000000000000007e+00
1.026000000000000023e+00
2.420999999999999819e+00
8.629999999999999893e-01
