1.389999999999999902e+00
1.377999999999999892e+00
2.270000000000000018e+00
1.671999999999999931e+00
5.430000000000000382e-01
3.580999999999999961e+00
4.339999999999999969e-01
2.075000000000000178e+00
3.575000000000000178e+00
2.025999999999999801e+00
1.675999999999999934e+00
3.318000000000000060e+00
2.491999999999999993e+00
1.102999999999999980e+00
1.431000000000000050e+00
4.769999999999999796e-01
2.033999999999999808e+00
2.428999999999999826e+00
2.442000000000000171e+00
1.516999999999999904e+00
2.161000000000000032e+00
8.810000000000000053e-01
2.410000000000000142e+00
2.083000000000000185e+00
4.600000000000000200e-01
1.254999999999999893e+00
1.971999999999999975e+00
2.121999999999999886e+00
2.029999999999999805e+00
1.627000000000000002e+00
2.714999999999999858e+00
1.701999999999999957e+00
1.215999999999999970e+00
9.529999999999999583e-01
1.657999999999999918e+00
2.108000000000000096e+00
2.342999999999999972e+00
1.193000000000000060e+00
1.356999999999999984e+00
2.210999999999999854e+00
