7.620000000000000107e-01
1.167000000000000037e+00
4.179999999999999827e-01
1.441000000000000059e+00
1.213999999999999968e+00
2.104999999999999982e+00
1.919000000000000039e+00
1.274999999999999911e+00
2.521999999999999797e+00
1.197999999999999954e+00
1.701000000000000068e+00
1.657999999999999918e+00
2.065999999999999837e+00
1.828000000000000069e+00
7.840000000000000302e-01
1.971999999999999975e+00
1.629000000000000004e+00
3.138999999999999790e+00
2.290999999999999925e+00
1.778000000000000025e+00
1.641999999999999904e+00
1.572000000000000064e+00
1.762000000000000011e+00
1.711999999999999966e+00
1.713000000000000078e+00
9.929999999999999938e-01
1.352000000000000091e+00
1.163000000000000034e+00
1.929000000000000048e+00
1.282000000000000028e+00
8.569999999999999840e-01
9.949999999999999956e-01
1.308000000000000052e+00
2.500000000000000000e-01
2.447000000000000064e+00
1.491999999999999993e+00
1.368999999999999995e+00
1.552999999999999936e+00
1.330000000000000071e+00
1.209000000000000075e+00
