1.764000000000000012e+00
7.970000000000000417e-01
9.340000000000000524e-01
6.420000000000000151e-01
2.085999999999999854e+00
4.349999999999999978e-01
2.325000000000000178e+00
1.883000000000000007e+00
2.463999999999999968e+00
1.233999999999999986e+00
1.504000000000000004e+00
1.060999999999999943e+00
1.137000000000000011e+00
1.403999999999999915e+00
1.362999999999999989e+00
2.096999999999999975e+00
1.913999999999999924e+00
5.050000000000000044e-01
2.471999999999999975e+00
1.163999999999999924e+00
1.362999999999999989e+00
1.473999999999999977e+00
1.292000000000000037e+00
5.040000000000000036e-01
1.647000000000000020e+00
9.979999999999999982e-01
7.349999999999999867e-01
1.193999999999999950e+00
1.354999999999999982e+00
5.200000000000000178e-01
1.645999999999999908e+00
8.780000000000000027e-01
2.250999999999999890e+00
1.203000000000000069e+00
1.814999999999999947e+00
1.469000000000000083e+00
9.040000000000000258e-01
1.866999999999999993e+00
1.014999999999999902e+00
2.137000000000000011e+00
