2.725999999999999979e+00
-3.270000000000000129e-01
2.064000000000000057e+00
2.399999999999999911e+00
-3.150000000000000022e-01
2.045999999999999819e+00
3.672000000000000153e+00
1.631000000000000005e+00
2.607000000000000206e+00
2.567000000000000171e+00
9.909999999999999920e-01
2.341000000000000192e+00
2.940999999999999837e+00
1.665999999999999925e+00
1.572999999999999954e+00
2.786999999999999922e+00
2.814999999999999947e+00
1.127999999999999892e+00
2.532000000000000028e+00
1.512000000000000011e+00
1.780000000000000027e+00
2.027000000000000135e+00
1.877999999999999892e+00
2.706999999999999851e+00
1.443000000000000060e+00
1.731000000000000094e+00
2.077999999999999847e+00
1.455999999999999961e+00
2.232000000000000206e+00
1.895999999999999908e+00
2.043000000000000149e+00
2.345000000000000195e+00
1.794000000000000039e+00
2.443000000000000060e+00
2.379999999999999893e+00
2.994000000000000217e+00
1.897999999999999909e+00
3.161000000000000032e+00
1.729999999999999982e+00
1.419000000000000039e+00
