1.282999999999999918e+00
1.143000000000000016e+00
5.659999999999999476e-01
6.089999999999999858e-01
1.385999999999999899e+00
1.397000000000000020e+00
1.673000000000000043e+00
1.911999999999999922e+00
1.243000000000000105e+00
5.849999999999999645e-01
1.389999999999999902e+00
1.290999999999999925e+00
1.409999999999999920e+00
1.225000000000000089e+00
1.955000000000000071e+00
1.177999999999999936e+00
7.139999999999999680e-01
1.959999999999999964e+00
7.029999999999999583e-01
5.909999999999999698e-01
9.569999999999999618e-01
1.024000000000000021e+00
1.510999999999999899e+00
1.171999999999999931e+00
2.423000000000000043e+00
1.578999999999999959e+00
1.618000000000000105e+00
7.109999999999999654e-01
1.606999999999999984e+00
9.639999999999999680e-01
5.639999999999999458e-01
1.209000000000000075e+00
1.840999999999999970e+00
1.026000000000000023e+00
2.081999999999999851e+00
5.969999999999999751e-01
2.028999999999999915e+00
1.495000000000000107e+00
1.350000000000000089e+00
4.849999999999999867e-01
