2.492999999999999883e+00
2.790000000000000036e+00
1.457000000000000073e+00
1.679999999999999938e+00
1.516999999999999904e+00
1.737999999999999989e+00
1.036000000000000032e+00
2.653999999999999915e+00
1.864999999999999991e+00
1.731000000000000094e+00
1.812999999999999945e+00
1.548999999999999932e+00
9.360000000000000542e-01
1.796000000000000041e+00
1.116000000000000103e+00
2.295999999999999819e+00
6.889999999999999458e-01
2.685999999999999943e+00
2.341000000000000192e+00
6.790000000000000480e-01
1.096000000000000085e+00
1.911999999999999922e+00
2.612000000000000099e+00
1.524999999999999911e+00
3.410000000000000253e-01
1.957999999999999963e+00
2.529999999999999805e+00
1.981999999999999984e+00
1.133000000000000007e+00
1.179000000000000048e+00
1.231999999999999984e+00
2.668000000000000149e+00
1.383999999999999897e+00
2.991999999999999993e+00
9.699999999999999734e-01
3.200000000000000067e-02
1.187999999999999945e+00
1.280000000000000027e+00
2.081999999999999851e+00
1.010999999999999899e+00
