1.027900000000000000e+04
2.351500000000000000e+04
3.233900000000000000e+04
4.447200000000000000e+04
5.550200000000000000e+04
6.653200000000000000e+04
7.756200000000000000e+04
8.969500000000000000e+04
1.018280000000000000e+05
1.117550000000000000e+05
1.249910000000000000e+05
1.360210000000000000e+05
1.470510000000000000e+05
1.591840000000000000e+05
1.702140000000000000e+05
1.812440000000000000e+05
1.933770000000000000e+05
2.044070000000000000e+05
2.165400000000000000e+05
2.275700000000000000e+05
