1.804300000000000000e+04
3.569100000000000000e+04
5.444200000000000000e+04
7.209000000000000000e+04
9.084100000000000000e+04
1.084890000000000000e+05
1.272400000000000000e+05
1.448880000000000000e+05
1.647420000000000000e+05
1.823900000000000000e+05
2.000380000000000000e+05
2.187890000000000000e+05
2.375400000000000000e+05
2.551880000000000000e+05
2.739390000000000000e+05
2.915870000000000000e+05
3.103380000000000000e+05
3.279860000000000000e+05
3.478400000000000000e+05
3.654880000000000000e+05
