4.323000000000000000e+03
1.976500000000000000e+04
3.520700000000000000e+04
5.175200000000000000e+04
6.609100000000000000e+04
8.263600000000000000e+04
9.807800000000000000e+04
1.135200000000000000e+05
1.289620000000000000e+05
1.455070000000000000e+05
1.598460000000000000e+05
1.752880000000000000e+05
1.907300000000000000e+05
2.050690000000000000e+05
2.216140000000000000e+05
2.370560000000000000e+05
2.524980000000000000e+05
2.679400000000000000e+05
2.833820000000000000e+05
2.977210000000000000e+05
