6.606000000000000000e+03
2.315100000000000000e+04
3.969600000000000000e+04
5.624100000000000000e+04
7.278600000000000000e+04
8.712500000000000000e+04
1.036700000000000000e+05
1.191120000000000000e+05
1.367600000000000000e+05
1.510990000000000000e+05
1.676440000000000000e+05
1.830860000000000000e+05
1.985280000000000000e+05
2.150730000000000000e+05
2.305150000000000000e+05
2.459570000000000000e+05
2.625020000000000000e+05
2.790470000000000000e+05
2.933860000000000000e+05
3.099310000000000000e+05
