9.140000000000000000e+03
2.127300000000000000e+04
3.671500000000000000e+04
4.884800000000000000e+04
5.987800000000000000e+04
6.980500000000000000e+04
8.083500000000000000e+04
9.076200000000000000e+04
1.017920000000000000e+05
1.128220000000000000e+05
1.238520000000000000e+05
1.359850000000000000e+05
1.459120000000000000e+05
1.569420000000000000e+05
1.679720000000000000e+05
1.801050000000000000e+05
1.911350000000000000e+05
2.021650000000000000e+05
2.131950000000000000e+05
2.242250000000000000e+05
