8.401000000000000000e+03
2.604900000000000000e+04
4.921200000000000000e+04
6.134500000000000000e+04
8.340500000000000000e+04
9.995000000000000000e+04
1.098770000000000000e+05
1.198040000000000000e+05
1.341430000000000000e+05
1.484820000000000000e+05
1.672330000000000000e+05
1.859840000000000000e+05
2.036320000000000000e+05
2.179710000000000000e+05
2.323100000000000000e+05
2.532670000000000000e+05
2.720180000000000000e+05
2.885630000000000000e+05
3.006960000000000000e+05
3.117260000000000000e+05
