6.643000000000000000e+03
2.208500000000000000e+04
3.311500000000000000e+04
4.524800000000000000e+04
5.296900000000000000e+04
6.179300000000000000e+04
6.951400000000000000e+04
8.054400000000000000e+04
8.936800000000000000e+04
9.708900000000000000e+04
1.059130000000000000e+05
1.158400000000000000e+05
1.268700000000000000e+05
1.412090000000000000e+05
1.500330000000000000e+05
1.643720000000000000e+05
1.820200000000000000e+05
2.106980000000000000e+05
2.206250000000000000e+05
2.283460000000000000e+05
