3.830000000000000000e+03
2.147800000000000000e+04
3.692000000000000000e+04
4.574400000000000000e+04
6.228900000000000000e+04
9.758500000000000000e+04
1.075120000000000000e+05
1.196450000000000000e+05
1.328810000000000000e+05
1.560440000000000000e+05
1.703830000000000000e+05
1.792070000000000000e+05
1.957520000000000000e+05
2.067820000000000000e+05
2.233270000000000000e+05
2.398720000000000000e+05
2.751680000000000000e+05
2.917130000000000000e+05
3.082580000000000000e+05
3.237000000000000000e+05
