4.365000000000000000e+03
2.311600000000000000e+04
3.745500000000000000e+04
6.944200000000000000e+04
8.598700000000000000e+04
9.701700000000000000e+04
1.168710000000000000e+05
1.356220000000000000e+05
1.477550000000000000e+05
1.631970000000000000e+05
1.808450000000000000e+05
2.040080000000000000e+05
2.183470000000000000e+05
2.315830000000000000e+05
2.437160000000000000e+05
2.723940000000000000e+05
2.933510000000000000e+05
3.076900000000000000e+05
3.264410000000000000e+05
3.374710000000000000e+05
