7.870000000000000000e+03
1.779700000000000000e+04
2.882700000000000000e+04
3.875400000000000000e+04
4.868100000000000000e+04
5.860800000000000000e+04
6.963800000000000000e+04
7.956500000000000000e+04
8.949200000000000000e+04
1.005220000000000000e+05
1.104490000000000000e+05
1.203760000000000000e+05
1.303030000000000000e+05
1.413330000000000000e+05
1.512600000000000000e+05
1.611870000000000000e+05
1.711140000000000000e+05
1.821440000000000000e+05
1.920710000000000000e+05
2.019980000000000000e+05
