1.503900000000000000e+04
2.937800000000000000e+04
4.261400000000000000e+04
5.585000000000000000e+04
6.908600000000000000e+04
8.342500000000000000e+04
9.666100000000000000e+04
1.098970000000000000e+05
1.231330000000000000e+05
1.374720000000000000e+05
1.507080000000000000e+05
1.639440000000000000e+05
1.771800000000000000e+05
1.915190000000000000e+05
2.047550000000000000e+05
2.179910000000000000e+05
2.312270000000000000e+05
2.455660000000000000e+05
2.588020000000000000e+05
2.720380000000000000e+05
