9.366000000000000000e+03
2.922000000000000000e+04
4.797100000000000000e+04
6.782500000000000000e+04
8.657600000000000000e+04
1.053270000000000000e+05
1.251810000000000000e+05
1.439320000000000000e+05
1.637860000000000000e+05
1.825370000000000000e+05
2.012880000000000000e+05
2.211420000000000000e+05
2.398930000000000000e+05
2.597470000000000000e+05
2.784980000000000000e+05
2.972490000000000000e+05
3.171030000000000000e+05
3.358540000000000000e+05
3.546050000000000000e+05
3.744590000000000000e+05
