1.378800000000000000e+04
2.592100000000000000e+04
3.915700000000000000e+04
5.129000000000000000e+04
6.342300000000000000e+04
7.665900000000000000e+04
8.879200000000000000e+04
1.020280000000000000e+05
1.141610000000000000e+05
1.273970000000000000e+05
1.395300000000000000e+05
1.527660000000000000e+05
1.648990000000000000e+05
1.781350000000000000e+05
1.902680000000000000e+05
2.035040000000000000e+05
2.156370000000000000e+05
2.288730000000000000e+05
2.410060000000000000e+05
2.542420000000000000e+05
