3.330000000000000000e+03
1.987500000000000000e+04
3.642000000000000000e+04
5.186200000000000000e+04
6.840700000000000000e+04
8.384900000000000000e+04
1.003940000000000000e+05
1.158360000000000000e+05
1.323810000000000000e+05
1.478230000000000000e+05
1.643680000000000000e+05
1.809130000000000000e+05
1.963550000000000000e+05
2.129000000000000000e+05
2.283420000000000000e+05
2.448870000000000000e+05
2.603290000000000000e+05
2.768740000000000000e+05
2.934190000000000000e+05
3.088610000000000000e+05
