1.171700000000000000e+04
2.385000000000000000e+04
3.818900000000000000e+04
5.142500000000000000e+04
6.466100000000000000e+04
7.900000000000000000e+04
9.223600000000000000e+04
1.054720000000000000e+05
1.187080000000000000e+05
1.308410000000000000e+05
1.451800000000000000e+05
1.595190000000000000e+05
1.716520000000000000e+05
1.859910000000000000e+05
1.981240000000000000e+05
2.124630000000000000e+05
2.268020000000000000e+05
2.378320000000000000e+05
2.521710000000000000e+05
2.665100000000000000e+05
