5.639000000000000000e+03
2.218400000000000000e+04
3.872900000000000000e+04
5.417100000000000000e+04
7.071600000000000000e+04
8.946700000000000000e+04
1.071150000000000000e+05
1.236600000000000000e+05
1.379990000000000000e+05
1.567500000000000000e+05
1.732950000000000000e+05
1.909430000000000000e+05
2.218270000000000000e+05
2.405780000000000000e+05
2.571230000000000000e+05
2.758740000000000000e+05
2.891100000000000000e+05
3.056550000000000000e+05
3.255090000000000000e+05
3.431570000000000000e+05
