4.765000000000000000e+03
2.241300000000000000e+04
4.337000000000000000e+04
5.991500000000000000e+04
8.087200000000000000e+04
9.741700000000000000e+04
1.139620000000000000e+05
1.360220000000000000e+05
1.525670000000000000e+05
1.680090000000000000e+05
1.889660000000000000e+05
2.055110000000000000e+05
2.275710000000000000e+05
2.441160000000000000e+05
2.639700000000000000e+05
2.816180000000000000e+05
2.981630000000000000e+05
3.191200000000000000e+05
3.367680000000000000e+05
3.577250000000000000e+05
