nan
6.873943119520064648e+00
nan
7.594799602251507409e+00
6.543091284230090565e+00
7.390175041597196071e+00
6.087254524195722993e+00
5.551135691026152230e+00
5.034603812616028407e+00
5.082072517206606577e+00
8.196750548013977067e+00
8.175840316942291963e+00
7.092436531184839410e+00
6.212539405273108883e+00
6.605222064779159297e+00
6.589617595262391880e+00
5.551135691026152230e+00
5.034603812616028407e+00
6.589617595262391880e+00
5.551135691026152230e+00
5.819556789434065180e+00
7.092436531184839410e+00
5.881687569983134800e+00
5.819556789434065180e+00
nan
6.543091284230090565e+00
nan
nan
5.551135691026152230e+00
8.960793293760328737e+00
4.579253581284159935e+00
4.228328262532240700e+00
5.819556789434065180e+00
5.584435588273276352e+00
8.858154262260931944e+00
8.175840316942291963e+00
4.579253581284159935e+00
6.543091284230090565e+00
4.248938537270932514e+00
5.584435588273276352e+00
4.889731976779196465e+00
3.463985560452896184e+00
6.087254524195722993e+00
5.220283855736179035e+00
5.034603812616028407e+00
6.589617595262391880e+00
5.881687569983134800e+00
5.819556789434065180e+00
6.589617595262391880e+00
5.881687569983134800e+00
5.819556789434065180e+00
6.589617595262391880e+00
5.551135691026152230e+00
5.034603812616028407e+00
7.594799602251507409e+00
6.543091284230090565e+00
7.390175041597196071e+00
6.087254524195722993e+00
5.220283855736179035e+00
4.248938537270932514e+00
5.584435588273276352e+00
4.889731976779196465e+00
3.463985560452896184e+00
6.589617595262391880e+00
5.881687569983134800e+00
5.819556789434065180e+00
6.087254524195722993e+00
5.220283855736179035e+00
5.034603812616028407e+00
6.589617595262391880e+00
5.551135691026152230e+00
5.034603812616028407e+00
6.087254524195722993e+00
5.551135691026152230e+00
5.034603812616028407e+00
7.092436531184839410e+00
5.881687569983134800e+00
5.819556789434065180e+00
7.594799602251507409e+00
6.543091284230090565e+00
7.390175041597196071e+00
6.087254524195722993e+00
5.220283855736179035e+00
4.248938537270932514e+00
5.584435588273276352e+00
4.889731976779196465e+00
3.463985560452896184e+00
8.097618538173954050e+00
6.873943119520064648e+00
8.175840316942291963e+00
7.092436531184839410e+00
5.881687569983134800e+00
6.605222064779159297e+00
6.087254524195722993e+00
5.220283855736179035e+00
5.034603812616028407e+00
6.087254524195722993e+00
5.220283855736179035e+00
5.034603812616028407e+00
7.092436531184839410e+00
6.212539405273108883e+00
6.605222064779159297e+00
7.594799602251507409e+00
6.543091284230090565e+00
7.390175041597196071e+00
4.579253581284159935e+00
6.543091284230090565e+00
4.248938537270932514e+00
8.599981609240623825e+00
7.865898712724002095e+00
nan
9.102800545163070467e+00
nan
7.390175041597196071e+00
3.071708503228374187e+00
8.196750548013977067e+00
6.605222064779159297e+00
8.097618538173954050e+00
7.204494998477047218e+00
8.960793293760328737e+00
7.441772924512966014e+00
7.587181291331319244e+00
7.493048073167841494e+00
7.441772924512966014e+00
7.587181291331319244e+00
7.493048073167841494e+00
4.163912450775350216e+00
6.801738601704300891e+00
5.165614047871795123e+00
6.895710605229692369e+00
7.194281841599527993e+00
7.027392399323920458e+00
7.441772924512966014e+00
7.194281841599527993e+00
7.493048073167841494e+00
3.617354612146084669e+00
8.765167220853564700e+00
6.096503223597857790e+00
4.710470289404614874e+00
5.230853222450262408e+00
5.165614047871795123e+00
6.895710605229692369e+00
6.801738601704300891e+00
7.027392399323920458e+00
nan
7.194281841599527993e+00
7.958281575049982237e+00
5.803090447317154066e+00
6.408839151972508752e+00
6.096503223597857790e+00
5.803090447317154066e+00
6.408839151972508752e+00
6.096503223597857790e+00
9.080950921054769864e+00
nan
6.096503223597857790e+00
6.349152766600427711e+00
6.801738601704300891e+00
6.562158897441779715e+00
8.534393082425504318e+00
8.372623980958339374e+00
nan
5.803090447317154066e+00
6.408839151972508752e+00
6.096503223597857790e+00
5.256532608687888519e+00
6.016295912077282537e+00
5.631269721715717047e+00
5.256532608687888519e+00
6.016295912077282537e+00
6.096503223597857790e+00
nan
3.267068393464433118e+00
6.562158897441779715e+00
6.895710605229692369e+00
6.801738601704300891e+00
7.027392399323920458e+00
7.441772924512966014e+00
6.016295912077282537e+00
4.700380545989654379e+00
6.895710605229692369e+00
7.194281841599527993e+00
7.027392399323920458e+00
5.803090447317154066e+00
6.408839151972508752e+00
6.562158897441779715e+00
7.441772924512966014e+00
7.587181291331319244e+00
7.493048073167841494e+00
3.071292292862811468e+00
3.267068393464433118e+00
6.096503223597857790e+00
5.803090447317154066e+00
6.408839151972508752e+00
6.096503223597857790e+00
4.710470289404614874e+00
5.230853222450262408e+00
5.165614047871795123e+00
5.803090447317154066e+00
6.408839151972508752e+00
6.096503223597857790e+00
6.895710605229692369e+00
7.587181291331319244e+00
8.423937248893903273e+00
6.895710605229692369e+00
6.801738601704300891e+00
7.027392399323920458e+00
5.803090447317154066e+00
6.408839151972508752e+00
6.096503223597857790e+00
4.710470289404614874e+00
3.659967843196225257e+00
5.165614047871795123e+00
6.349152766600427711e+00
6.801738601704300891e+00
6.562158897441779715e+00
6.349152766600427711e+00
6.801738601704300891e+00
6.562158897441779715e+00
6.895710605229692369e+00
7.194281841599527993e+00
7.027392399323920458e+00
8.534393082425504318e+00
8.372623980958339374e+00
8.423937248893903273e+00
6.349152766600427711e+00
6.408839151972508752e+00
6.562158897441779715e+00
6.349152766600427711e+00
6.801738601704300891e+00
6.562158897441779715e+00
6.349152766600427711e+00
5.230853222450262408e+00
3.769491370263592156e+00
5.803090447317154066e+00
6.408839151972508752e+00
6.096503223597857790e+00
5.803090447317154066e+00
6.408839151972508752e+00
6.562158897441779715e+00
6.212923681284991062e+00
5.356015308309790335e+00
5.689028111270490129e+00
6.605422417666822810e+00
5.926931387507671900e+00
6.736225662467087538e+00
5.820068775450906173e+00
4.784581156444760452e+00
5.689028111270490129e+00
6.998277323500907698e+00
6.498365539372701782e+00
6.736225662467087538e+00
6.605422417666822810e+00
5.926931387507671900e+00
6.212389427106613127e+00
6.605422417666822810e+00
5.926931387507671900e+00
6.212389427106613127e+00
6.212923681284991062e+00
5.356015308309790335e+00
5.689028111270490129e+00
6.212923681284991062e+00
5.356015308309790335e+00
5.689028111270490129e+00
4.642216396853157789e+00
7.069281618570583348e+00
8.306784529499807945e+00
5.427213869616821285e+00
3.642230925381849449e+00
8.830620764860283245e+00
5.820068775450906173e+00
4.784581156444760452e+00
5.165191875910014829e+00
6.212923681284991062e+00
5.356015308309790335e+00
5.689028111270490129e+00
6.605422417666822810e+00
6.498365539372701782e+00
7.259586978303209648e+00
6.212923681284991062e+00
5.356015308309790335e+00
5.689028111270490129e+00
6.605422417666822810e+00
5.926931387507671900e+00
6.212389427106613127e+00
6.212923681284991062e+00
5.926931387507671900e+00
6.212389427106613127e+00
6.605422417666822810e+00
5.926931387507671900e+00
6.212389427106613127e+00
5.427213869616821285e+00
4.213665077246879775e+00
4.641830560073891832e+00
5.820068775450906173e+00
4.784581156444760452e+00
5.165191875910014829e+00
6.212923681284991062e+00
5.356015308309790335e+00
6.212389427106613127e+00
7.390776059882739446e+00
7.640715770435612342e+00
8.306784529499807945e+00
7.390776059882739446e+00
7.640715770435612342e+00
7.783423213663684948e+00
6.212923681284991062e+00
5.356015308309790335e+00
6.212389427106613127e+00
5.820068775450906173e+00
4.784581156444760452e+00
5.689028111270490129e+00
6.605422417666822810e+00
7.069281618570583348e+00
7.783423213663684948e+00
7.390776059882739446e+00
7.069281618570583348e+00
7.259586978303209648e+00
3.071509112421323628e+00
nan
7.259586978303209648e+00
6.605422417666822810e+00
5.926931387507671900e+00
6.212389427106613127e+00
7.390776059882739446e+00
nan
4.117994324713417420e+00
3.856862754637240709e+00
4.784581156444760452e+00
6.736225662467087538e+00
5.820068775450906173e+00
4.784581156444760452e+00
5.165191875910014829e+00
6.998277323500907698e+00
6.498365539372701782e+00
7.259586978303209648e+00
5.820068775450906173e+00
4.784581156444760452e+00
5.165191875910014829e+00
6.605422417666822810e+00
5.926931387507671900e+00
6.212389427106613127e+00
6.605422417666822810e+00
5.926931387507671900e+00
6.736225662467087538e+00
6.605422417666822810e+00
5.926931387507671900e+00
6.736225662467087538e+00
5.820068775450906173e+00
4.784581156444760452e+00
5.165191875910014829e+00
6.212923681284991062e+00
5.926931387507671900e+00
6.212389427106613127e+00
5.820068775450906173e+00
4.784581156444760452e+00
5.165191875910014829e+00
6.605422417666822810e+00
6.498365539372701782e+00
7.259586978303209648e+00
5.763997550471801290e+00
5.926931387507671900e+00
6.422132913413042488e+00
6.212592964045621002e+00
7.640715770435612342e+00
7.679073950916071922e+00
3.968801748420490938e+00
8.783066001498523789e+00
6.422132913413042488e+00
6.212592964045621002e+00
7.069281618570583348e+00
7.259966948387098995e+00
4.417397161994310650e+00
3.071314846183968328e+00
6.422132913413042488e+00
3.968801748420490938e+00
4.784581156444760452e+00
6.003405880967958907e+00
6.212592964045621002e+00
6.498365539372701782e+00
6.841239915942015415e+00
nan
8.211631849633494795e+00
nan
6.212592964045621002e+00
6.498365539372701782e+00
6.841239915942015415e+00
5.314995063019965826e+00
5.926931387507671900e+00
6.422132913413042488e+00
4.866399649446146114e+00
4.784581156444760452e+00
6.003405880967958907e+00
6.661595451497456466e+00
7.069281618570583348e+00
7.259966948387098995e+00
5.314995063019965826e+00
5.926931387507671900e+00
6.422132913413042488e+00
5.314995063019965826e+00
5.926931387507671900e+00
6.422132913413042488e+00
5.314995063019965826e+00
5.926931387507671900e+00
6.422132913413042488e+00
3.968801748420490938e+00
5.356015308309790335e+00
3.908630808490875630e+00
3.968801748420490938e+00
6.498365539372701782e+00
5.165571845993904176e+00
6.212592964045621002e+00
7.069281618570583348e+00
7.259966948387098995e+00
4.866399649446146114e+00
4.213665077246879775e+00
3.908630808490875630e+00
4.417397161994310650e+00
3.642230925381849449e+00
7.679073950916071922e+00
4.417397161994310650e+00
4.213665077246879775e+00
4.746464843464931249e+00
5.763997550471801290e+00
5.926931387507671900e+00
6.422132913413042488e+00
nan
7.069281618570583348e+00
7.679073950916071922e+00
6.212592964045621002e+00
7.069281618570583348e+00
7.259966948387098995e+00
5.314995063019965826e+00
5.926931387507671900e+00
6.422132913413042488e+00
6.212592964045621002e+00
7.069281618570583348e+00
7.259966948387098995e+00
4.417397161994310650e+00
7.069281618570583348e+00
5.584298878438987757e+00
5.763997550471801290e+00
6.498365539372701782e+00
6.841239915942015415e+00
5.763997550471801290e+00
5.926931387507671900e+00
6.422132913413042488e+00
5.314995063019965826e+00
5.356015308309790335e+00
6.422132913413042488e+00
3.519799260968655474e+00
7.069281618570583348e+00
6.003405880967958907e+00
6.212592964045621002e+00
6.498365539372701782e+00
6.841239915942015415e+00
6.661595451497456466e+00
7.069281618570583348e+00
7.259966948387098995e+00
6.212592964045621002e+00
6.498365539372701782e+00
7.259966948387098995e+00
5.314995063019965826e+00
5.926931387507671900e+00
6.422132913413042488e+00
5.763997550471801290e+00
5.926931387507671900e+00
6.422132913413042488e+00
5.763997550471801290e+00
5.926931387507671900e+00
6.422132913413042488e+00
5.763997550471801290e+00
6.498365539372701782e+00
6.841239915942015415e+00
nan
6.498365539372701782e+00
8.516907985890126653e+00
7.110190865071276178e+00
8.211631849633494795e+00
8.097800983361155502e+00
5.887735913799322596e+00
5.584162075975175554e+00
6.076100110221111628e+00
5.021076111326472358e+00
4.578907134578354743e+00
4.983307587557364471e+00
6.754395716272172834e+00
6.589417017371996366e+00
7.168892632884858784e+00
5.887735913799322596e+00
5.584162075975175554e+00
6.076100110221111628e+00
5.454209491065737936e+00
5.081762554243068664e+00
5.529456050131264178e+00
nan
6.087017495639889475e+00
8.261685155548606829e+00
6.754395716272172834e+00
6.589417017371996366e+00
7.168892632884858784e+00
nan
4.578907134578354743e+00
7.168892632884858784e+00
6.754395716272172834e+00
nan
3.343871004803769420e+00
6.320869293538589062e+00
5.081762554243068664e+00
4.983307587557364471e+00
5.887735913799322596e+00
5.584162075975175554e+00
6.076100110221111628e+00
8.487715321217875086e+00
nan
6.622248572795012223e+00
nan
4.578907134578354743e+00
7.715041095458758491e+00
6.320869293538589062e+00
6.087017495639889475e+00
6.622248572795012223e+00
6.320869293538589062e+00
6.087017495639889475e+00
6.622248572795012223e+00
6.320869293538589062e+00
5.584162075975175554e+00
6.076100110221111628e+00
7.187529096011438412e+00
7.092272437036710286e+00
7.715041095458758491e+00
7.187529096011438412e+00
7.594671958768817177e+00
7.715041095458758491e+00
5.021076111326472358e+00
4.578907134578354743e+00
5.529456050131264178e+00
5.454209491065737936e+00
5.081762554243068664e+00
5.529456050131264178e+00
6.320869293538589062e+00
5.081762554243068664e+00
4.983307587557364471e+00
5.887735913799322596e+00
5.081762554243068664e+00
6.076100110221111628e+00
8.920848700957140665e+00
nan
8.807833618122506536e+00
7.187529096011438412e+00
6.589417017371996366e+00
7.168892632884858784e+00
nan
8.097527378433531098e+00
nan
6.320869293538589062e+00
6.087017495639889475e+00
6.622248572795012223e+00
8.487715321217875086e+00
6.087017495639889475e+00
4.983307587557364471e+00
6.320869293538589062e+00
6.087017495639889475e+00
6.076100110221111628e+00
7.621055518745023960e+00
7.594671958768817177e+00
8.261685155548606829e+00
6.320869293538589062e+00
6.087017495639889475e+00
6.622248572795012223e+00
6.320869293538589062e+00
6.087017495639889475e+00
6.622248572795012223e+00
6.320869293538589062e+00
6.087017495639889475e+00
6.076100110221111628e+00
8.054188898484289538e+00
nan
3.343871004803769420e+00
nan
3.573652193181533043e+00
7.715041095458758491e+00
5.887735913799322596e+00
5.584162075975175554e+00
6.076100110221111628e+00
5.454209491065737936e+00
5.081762554243068664e+00
6.076100110221111628e+00
5.021076111326472358e+00
4.076507612846246964e+00
4.983307587557364471e+00
6.320869293538589062e+00
6.087017495639889475e+00
6.622248572795012223e+00
6.754395716272172834e+00
6.589417017371996366e+00
6.622248572795012223e+00
6.754395716272172834e+00
6.589417017371996366e+00
7.168892632884858784e+00
5.165191875910014829e+00
4.641355640549539530e+00
4.641355640549539530e+00
6.212389427106613127e+00
6.212389427106613127e+00
6.212389427106613127e+00
8.830145845335930943e+00
nan
7.259586978303209648e+00
7.782948294139332646e+00
nan
6.212389427106613127e+00
6.735750742942736125e+00
6.735750742942736125e+00
6.735750742942736125e+00
6.212389427106613127e+00
6.212389427106613127e+00
6.212389427106613127e+00
nan
7.782948294139332646e+00
nan
7.259586978303209648e+00
7.259586978303209648e+00
6.735750742942736125e+00
6.735750742942736125e+00
6.735750742942736125e+00
6.735750742942736125e+00
7.259586978303209648e+00
7.259586978303209648e+00
6.735750742942736125e+00
7.782948294139332646e+00
7.782948294139332646e+00
7.259586978303209648e+00
6.212389427106613127e+00
6.212389427106613127e+00
6.212389427106613127e+00
6.212389427106613127e+00
6.212389427106613127e+00
6.212389427106613127e+00
nan
4.117994324713417420e+00
nan
7.259586978303209648e+00
7.259586978303209648e+00
7.259586978303209648e+00
6.212389427106613127e+00
6.212389427106613127e+00
5.688553191746137827e+00
8.306309609975455643e+00
8.306784529499807945e+00
8.830145845335930943e+00
8.830145845335930943e+00
6.735750742942736125e+00
5.688553191746137827e+00
nan
4.117994324713417420e+00
7.259586978303209648e+00
5.688553191746137827e+00
5.688553191746137827e+00
5.688553191746137827e+00
7.782948294139332646e+00
8.306784529499807945e+00
7.782948294139332646e+00
6.212389427106613127e+00
5.688553191746137827e+00
5.688553191746137827e+00
7.259586978303209648e+00
7.259586978303209648e+00
7.259586978303209648e+00
6.735750742942736125e+00
6.735750742942736125e+00
6.735750742942736125e+00
6.212389427106613127e+00
6.212389427106613127e+00
6.212389427106613127e+00
6.212389427106613127e+00
6.212389427106613127e+00
6.212389427106613127e+00
6.735750742942736125e+00
6.735750742942736125e+00
6.212389427106613127e+00
6.735750742942736125e+00
5.688553191746137827e+00
5.165191875910014829e+00
7.782948294139332646e+00
7.782948294139332646e+00
7.259586978303209648e+00
8.830145845335930943e+00
nan
6.735750742942736125e+00
6.735750742942736125e+00
6.735750742942736125e+00
6.735750742942736125e+00
7.259586978303209648e+00
7.259586978303209648e+00
7.259586978303209648e+00
5.688553191746137827e+00
5.688553191746137827e+00
5.165191875910014829e+00
6.735750742942736125e+00
6.735750742942736125e+00
6.735750742942736125e+00
6.735750742942736125e+00
6.735750742942736125e+00
6.735750742942736125e+00
5.165191875910014829e+00
5.165191875910014829e+00
5.165191875910014829e+00
5.165191875910014829e+00
8.306784529499807945e+00
6.212389427106613127e+00
5.688553191746137827e+00
4.641355640549539530e+00
8.306784529499807945e+00
6.212389427106613127e+00
6.212389427106613127e+00
6.212389427106613127e+00
6.212389427106613127e+00
6.212389427106613127e+00
5.688553191746137827e+00
7.259586978303211424e+00
7.343326307917799056e+00
7.259767919564756866e+00
6.660955779044414271e+00
6.840434399216030137e+00
6.661576108894180948e+00
4.267516442026018098e+00
3.824450740048120245e+00
7.858502554019969111e+00
6.660955779044414271e+00
6.337998421528496351e+00
6.661576108894180948e+00
6.062867309794012449e+00
5.835106512826726544e+00
6.062841474438968703e+00
nan
5.332670535139192758e+00
6.661576108894180948e+00
5.464236110535216184e+00
5.332670535139192758e+00
5.464649663768394561e+00
6.062867309794012449e+00
6.337998421528496351e+00
6.062841474438968703e+00
4.267516442026018098e+00
3.824450740048120245e+00
7.858502554019969111e+00
6.062867309794012449e+00
6.337998421528496351e+00
6.062841474438968703e+00
8.455763916804015068e+00
nan
3.668988584187394597e+00
6.660955779044414271e+00
6.840434399216030137e+00
6.661576108894180948e+00
nan
3.322014762360586460e+00
6.062841474438968703e+00
3.070796773516819567e+00
6.337998421528496351e+00
4.865915029313181428e+00
6.062867309794012449e+00
4.829778626437423839e+00
3.070796773516819567e+00
4.866147641284814362e+00
4.829778626437423839e+00
4.865915029313181428e+00
6.062867309794012449e+00
5.835106512826726544e+00
6.062841474438968703e+00
6.062867309794012449e+00
5.835106512826726544e+00
6.062841474438968703e+00
nan
4.327342648749889165e+00
7.259767919564756866e+00
6.062867309794012449e+00
6.337998421528496351e+00
6.062841474438968703e+00
6.660955779044414271e+00
6.840434399216030137e+00
6.661576108894180948e+00
5.464236110535216184e+00
5.332670535139192758e+00
5.464649663768394561e+00
6.660955779044414271e+00
8.348654194307101761e+00
nan
6.062867309794012449e+00
6.337998421528496351e+00
6.062841474438968703e+00
5.464236110535216184e+00
5.332670535139192758e+00
5.464649663768394561e+00
6.660955779044414271e+00
6.337998421528496351e+00
6.661576108894180948e+00
4.866147641284814362e+00
3.824450740048120245e+00
6.062841474438968703e+00
4.267516442026018098e+00
4.327342648749889165e+00
3.070796773516819567e+00
5.464236110535216184e+00
5.332670535139192758e+00
5.464649663768394561e+00
4.866147641284814362e+00
5.332670535139192758e+00
4.865915029313181428e+00
4.267516442026018098e+00
8.851090171994636435e+00
7.259767919564756866e+00
4.866147641284814362e+00
4.829778626437423839e+00
4.865915029313181428e+00
5.464236110535216184e+00
5.835106512826726544e+00
5.464649663768394561e+00
6.062867309794012449e+00
5.835106512826726544e+00
6.062841474438968703e+00
4.866147641284814362e+00
4.829778626437423839e+00
4.267723218642606398e+00
6.660955779044414271e+00
7.845762285605333730e+00
nan
4.866147641284814362e+00
5.332670535139192758e+00
4.865915029313181428e+00
6.660955779044414271e+00
6.840434399216030137e+00
6.661576108894180948e+00
8.455763916804015068e+00
5.835106512826726544e+00
8.456694364690543253e+00
3.070796773516819567e+00
6.337998421528496351e+00
4.865915029313181428e+00
nan
5.529757692692236049e+00
7.259713627338850728e+00
6.212389427106613127e+00
6.622464026183125796e+00
6.421930256574444940e+00
5.245711810421503252e+00
4.983156746732848141e+00
5.165445173981296989e+00
8.145744660476831100e+00
6.075863080223737001e+00
4.327661803216890313e+00
5.245711810421503252e+00
5.529757692692236049e+00
5.165445173981296989e+00
6.695947436722791579e+00
7.168569413714626748e+00
6.421930256574444940e+00
5.728831417490432898e+00
5.529757692692236049e+00
5.584146885810038263e+00
nan
6.075863080223737001e+00
7.678795286274516130e+00
nan
6.622464026183125796e+00
7.678795286274516130e+00
5.728831417490432898e+00
5.529757692692236049e+00
5.584146885810038263e+00
6.695947436722791579e+00
7.168569413714626748e+00
6.421930256574444940e+00
6.212389427106613127e+00
6.622464026183125796e+00
6.003228544745702777e+00
7.179067043791722114e+00
7.715170359674015543e+00
6.841011915510108565e+00
7.179067043791722114e+00
7.715170359674015543e+00
7.259713627338850728e+00
6.695947436722791579e+00
6.622464026183125796e+00
6.421930256574444940e+00
6.212389427106613127e+00
6.075863080223737001e+00
6.003228544745702777e+00
5.245711810421503252e+00
5.529757692692236049e+00
5.165445173981296989e+00
6.695947436722791579e+00
6.622464026183125796e+00
6.421930256574444940e+00
6.212389427106613127e+00
6.075863080223737001e+00
6.003228544745702777e+00
5.728831417490432898e+00
6.075863080223737001e+00
5.584146885810038263e+00
5.728831417490432898e+00
4.437051359201346301e+00
6.421930256574444940e+00
6.212389427106613127e+00
6.075863080223737001e+00
6.003228544745702777e+00
7.179067043791722114e+00
7.168569413714626748e+00
6.841011915510108565e+00
6.212389427106613127e+00
6.075863080223737001e+00
6.003228544745702777e+00
7.179067043791722114e+00
7.168569413714626748e+00
6.841011915510108565e+00
6.695947436722791579e+00
6.622464026183125796e+00
6.421930256574444940e+00
8.629302670093011329e+00
nan
6.421930256574444940e+00
6.212389427106613127e+00
6.622464026183125796e+00
6.003228544745702777e+00
6.695947436722791579e+00
7.168569413714626748e+00
6.841011915510108565e+00
4.279034193736394265e+00
3.344345025710457442e+00
3.070796773516819567e+00
5.728831417490432898e+00
8.261275747205516495e+00
5.584146885810038263e+00
6.212389427106613127e+00
6.075863080223737001e+00
6.003228544745702777e+00
6.695947436722791579e+00
6.622464026183125796e+00
6.421930256574444940e+00
4.762592203352573605e+00
5.529757692692236049e+00
3.908580144281225799e+00
7.179067043791722114e+00
7.715170359674015543e+00
6.841011915510108565e+00
6.212389427106613127e+00
6.075863080223737001e+00
6.003228544745702777e+00
5.728831417490432898e+00
5.529757692692236049e+00
5.584146885810038263e+00
5.728831417490432898e+00
4.437051359201346301e+00
3.908580144281225799e+00
4.762592203352573605e+00
7.168569413714626748e+00
5.165445173981296989e+00
nan
5.529757692692236049e+00
7.259713627338850728e+00
7.179067043791722114e+00
7.179218785578989070e+00
7.179353713966188266e+00
6.695947436722791579e+00
6.695694513352722588e+00
6.696200395390240701e+00
6.695947436722791579e+00
6.695694513352722588e+00
6.696200395390240701e+00
7.179067043791722114e+00
7.179218785578989070e+00
7.179353713966188266e+00
6.212389427106613127e+00
6.212608613086770148e+00
6.212608643675839204e+00
7.662625053407902342e+00
8.628914858337161320e+00
nan
7.662625053407902342e+00
7.662304685844942398e+00
7.662945465680589763e+00
5.729269820037682592e+00
5.729084340860502778e+00
6.212608643675839204e+00
6.695947436722791579e+00
6.212608613086770148e+00
6.696200395390240701e+00
6.212389427106613127e+00
6.212608613086770148e+00
6.696200395390240701e+00
6.695947436722791579e+00
6.695694513352722588e+00
7.179353713966188266e+00
5.729269820037682592e+00
8.628914858337161320e+00
6.212608643675839204e+00
6.212389427106613127e+00
6.212608613086770148e+00
6.696200395390240701e+00
6.212389427106613127e+00
6.212608613086770148e+00
6.212608643675839204e+00
5.729269820037682592e+00
5.729084340860502778e+00
5.729455325099891638e+00
6.212389427106613127e+00
6.212608613086770148e+00
6.212608643675839204e+00
6.212389427106613127e+00
6.212608613086770148e+00
6.212608643675839204e+00
6.212389427106613127e+00
6.212608613086770148e+00
6.212608643675839204e+00
7.179067043791722114e+00
7.179218785578989070e+00
7.662945465680589763e+00
6.212389427106613127e+00
6.212608613086770148e+00
6.212608643675839204e+00
6.695947436722791579e+00
6.695694513352722588e+00
7.179353713966188266e+00
5.245711810421503252e+00
3.795863995876063157e+00
5.729455325099891638e+00
8.145744660476831100e+00
8.145828958071209769e+00
7.662945465680589763e+00
7.179067043791722114e+00
7.179218785578989070e+00
7.179353713966188266e+00
6.695947436722791579e+00
6.695694513352722588e+00
6.696200395390240701e+00
6.212389427106613127e+00
6.212608613086770148e+00
6.212608643675839204e+00
7.179067043791722114e+00
7.662304685844942398e+00
7.662945465680589763e+00
6.212389427106613127e+00
6.212608613086770148e+00
6.212608643675839204e+00
5.729269820037682592e+00
5.245998440594549450e+00
5.245863573385491030e+00
6.695947436722791579e+00
7.662304685844942398e+00
8.146098784256537328e+00
7.179067043791722114e+00
7.179218785578989070e+00
7.179353713966188266e+00
5.245711810421503252e+00
4.762474168368282967e+00
3.312373432804793350e+00
3.795914586667463730e+00
5.729084340860502778e+00
8.146098784256537328e+00
7.179067043791722114e+00
7.662304685844942398e+00
8.146098784256537328e+00
6.212389427106613127e+00
6.212608613086770148e+00
6.212608643675839204e+00
4.762592203352573605e+00
8.145828958071209769e+00
6.212608643675839204e+00
7.179067043791722114e+00
7.179218785578989070e+00
7.179353713966188266e+00
6.212389427106613127e+00
6.212608613086770148e+00
6.212608643675839204e+00
5.245711810421503252e+00
3.312778095610109830e+00
8.146098784256537328e+00
7.662625053407902342e+00
7.662304685844942398e+00
7.662945465680589763e+00
5.004455490461573675e+00
7.595000227775802415e+00
5.230608331973654046e+00
nan
3.070796773516819567e+00
7.194170522239572207e+00
5.004455490461573675e+00
6.086780432684729014e+00
6.015961974189570682e+00
6.454151563219745924e+00
7.092108319074032607e+00
6.801315616405487319e+00
6.454151563219745924e+00
7.092108319074032607e+00
6.801315616405487319e+00
5.971065662953792597e+00
6.589672341386497934e+00
6.408816880023654683e+00
5.487541390727526114e+00
6.589672341386497934e+00
6.408816880023654683e+00
5.971065662953792597e+00
6.589672341386497934e+00
6.801315616405487319e+00
5.487541390727526114e+00
6.589672341386497934e+00
6.408816880023654683e+00
4.037845317969352976e+00
5.081452546295425421e+00
5.623463237807738047e+00
5.971065662953792597e+00
6.589672341386497934e+00
6.801315616405487319e+00
5.487541390727526114e+00
6.086780432684729014e+00
6.408816880023654683e+00
4.520931218235306304e+00
5.584344454997195228e+00
6.015961974189570682e+00
5.971065662953792597e+00
7.092108319074032607e+00
6.801315616405487319e+00
4.520931218235306304e+00
5.584344454997195228e+00
5.623463237807738047e+00
6.937675835446013295e+00
8.097436205463335313e+00
7.586669258621403955e+00
5.971065662953792597e+00
6.589672341386497934e+00
6.408816880023654683e+00
4.037845317969352976e+00
4.076124659906122716e+00
3.267402311159987693e+00
5.004455490461573675e+00
6.086780432684729014e+00
6.015961974189570682e+00
5.004455490461573675e+00
6.086780432684729014e+00
6.015961974189570682e+00
5.004455490461573675e+00
6.086780432684729014e+00
6.015961974189570682e+00
5.971065662953792597e+00
6.589672341386497934e+00
6.408816880023654683e+00
7.904286007938232217e+00
6.086780432684729014e+00
5.230608331973654046e+00
5.004455490461573675e+00
5.584344454997195228e+00
6.015961974189570682e+00
4.520931218235306304e+00
5.584344454997195228e+00
5.623463237807738047e+00
5.487541390727526114e+00
6.086780432684729014e+00
6.408816880023654683e+00
4.520931218235306304e+00
4.579016568607892523e+00
5.230608331973654046e+00
4.037845317969352976e+00
5.081452546295425421e+00
5.623463237807738047e+00
nan
6.086780432684729014e+00
7.194170522239572207e+00
7.904286007938232217e+00
6.086780432684729014e+00
5.230608331973654046e+00
5.971065662953792597e+00
7.092108319074032607e+00
6.801315616405487319e+00
7.420761735711966622e+00
5.584344454997195228e+00
4.838109595591821410e+00
5.971065662953792597e+00
6.589672341386497934e+00
6.408816880023654683e+00
5.004455490461573675e+00
5.584344454997195228e+00
6.015961974189570682e+00
6.454151563219745924e+00
nan
6.015961974189570682e+00
4.037845317969352976e+00
4.579016568607892523e+00
5.230608331973654046e+00
4.520931218235306304e+00
7.595000227775802415e+00
5.230608331973654046e+00
7.904286007938232217e+00
6.086780432684729014e+00
5.230608331973654046e+00
5.487541390727526114e+00
6.589672341386497934e+00
6.408816880023654683e+00
5.004455490461573675e+00
5.584344454997195228e+00
6.015961974189570682e+00
6.320869293538589062e+00
5.763997550471801290e+00
6.087017495639889475e+00
6.320869293538589062e+00
5.763997550471801290e+00
6.087017495639889475e+00
6.320869293538589062e+00
6.212592964045621002e+00
6.087017495639889475e+00
6.754395716272172834e+00
6.212592964045621002e+00
6.087017495639889475e+00
7.621055518745023960e+00
7.110190865071276178e+00
7.594671958768817177e+00
3.287756506380771437e+00
7.110190865071276178e+00
8.599926900165637988e+00
6.754395716272172834e+00
6.212592964045621002e+00
6.589417017371996366e+00
5.454209491065737936e+00
3.968801748420490938e+00
5.584162075975175554e+00
7.187529096011438412e+00
6.661595451497456466e+00
7.092272437036710286e+00
5.887735913799322596e+00
5.314995063019965826e+00
5.584162075975175554e+00
5.887735913799322596e+00
5.763997550471801290e+00
5.584162075975175554e+00
7.187529096011438412e+00
6.661595451497456466e+00
7.092272437036710286e+00
6.320869293538589062e+00
6.212592964045621002e+00
6.087017495639889475e+00
6.320869293538589062e+00
5.763997550471801290e+00
6.087017495639889475e+00
5.454209491065737936e+00
7.110190865071276178e+00
7.594671958768817177e+00
5.454209491065737936e+00
5.314995063019965826e+00
5.081762554243068664e+00
6.320869293538589062e+00
4.417397161994310650e+00
7.092272437036710286e+00
7.621055518745023960e+00
5.314995063019965826e+00
4.578907134578354743e+00
8.487715321217875086e+00
5.763997550471801290e+00
3.573652193181533043e+00
6.754395716272172834e+00
6.212592964045621002e+00
6.589417017371996366e+00
5.454209491065737936e+00
5.314995063019965826e+00
5.081762554243068664e+00
5.454209491065737936e+00
5.314995063019965826e+00
5.081762554243068664e+00
6.754395716272172834e+00
6.212592964045621002e+00
6.589417017371996366e+00
5.887735913799322596e+00
5.763997550471801290e+00
5.584162075975175554e+00
6.754395716272172834e+00
6.661595451497456466e+00
6.589417017371996366e+00
6.320869293538589062e+00
6.212592964045621002e+00
6.087017495639889475e+00
6.754395716272172834e+00
6.212592964045621002e+00
6.589417017371996366e+00
6.320869293538589062e+00
6.212592964045621002e+00
6.087017495639889475e+00
6.754395716272172834e+00
6.212592964045621002e+00
6.589417017371996366e+00
6.754395716272172834e+00
4.866399649446146114e+00
4.076507612846246964e+00
5.887735913799322596e+00
5.314995063019965826e+00
5.584162075975175554e+00
5.887735913799322596e+00
4.417397161994310650e+00
8.599926900165637988e+00
5.454209491065737936e+00
4.417397161994310650e+00
7.594671958768817177e+00
6.320869293538589062e+00
6.212592964045621002e+00
6.087017495639889475e+00
8.054188898484289538e+00
8.456791253548766818e+00
nan
6.754395716272172834e+00
4.866399649446146114e+00
4.076507612846246964e+00
7.621055518745023960e+00
7.110190865071276178e+00
7.594671958768817177e+00
5.887735913799322596e+00
5.763997550471801290e+00
5.584162075975175554e+00
6.754395716272172834e+00
6.212592964045621002e+00
6.087017495639889475e+00
6.320869293538589062e+00
5.763997550471801290e+00
6.087017495639889475e+00
6.622464026183125796e+00
6.794103304645814134e+00
6.695947436722791579e+00
6.075863080223737001e+00
6.328901060053507166e+00
6.212389427106613127e+00
3.890450413241958394e+00
3.070796773516819567e+00
5.245711810421503252e+00
8.261275747205516495e+00
8.655756570210311196e+00
nan
6.622464026183125796e+00
6.794103304645814134e+00
6.695947436722791579e+00
7.715170359674015543e+00
7.724929937428061777e+00
7.662625053407902342e+00
7.168569413714626748e+00
7.259727692835754809e+00
7.179067043791722114e+00
6.075863080223737001e+00
6.328901060053507166e+00
6.212389427106613127e+00
5.529757692692236049e+00
5.863276671863565603e+00
5.729269820037682592e+00
nan
8.190554325618004228e+00
9.112422277161940087e+00
6.622464026183125796e+00
6.794103304645814134e+00
6.695947436722791579e+00
7.168569413714626748e+00
6.794103304645814134e+00
6.695947436722791579e+00
6.075863080223737001e+00
6.328901060053507166e+00
6.212389427106613127e+00
7.168569413714626748e+00
7.259727692835754809e+00
7.179067043791722114e+00
6.622464026183125796e+00
6.794103304645814134e+00
6.212389427106613127e+00
6.075863080223737001e+00
6.328901060053507166e+00
6.212389427106613127e+00
6.075863080223737001e+00
6.328901060053507166e+00
6.212389427106613127e+00
7.168569413714626748e+00
7.259727692835754809e+00
7.179067043791722114e+00
6.075863080223737001e+00
6.328901060053507166e+00
6.212389427106613127e+00
3.890450413241958394e+00
3.536421161706760685e+00
5.729269820037682592e+00
6.075863080223737001e+00
6.328901060053507166e+00
6.212389427106613127e+00
4.983156746732848141e+00
4.001623406299068542e+00
5.245711810421503252e+00
7.715170359674015543e+00
7.259727692835754809e+00
7.179067043791722114e+00
7.168569413714626748e+00
7.259727692835754809e+00
7.179067043791722114e+00
7.715170359674015543e+00
7.724929937428061777e+00
7.179067043791722114e+00
5.529757692692236049e+00
7.724929937428061777e+00
5.245711810421503252e+00
5.529757692692236049e+00
5.398074427271257747e+00
5.245711810421503252e+00
7.715170359674015543e+00
7.724929937428061777e+00
7.662625053407902342e+00
nan
7.724929937428061777e+00
8.629302670093011329e+00
6.622464026183125796e+00
6.794103304645814134e+00
6.695947436722791579e+00
6.622464026183125796e+00
6.794103304645814134e+00
6.695947436722791579e+00
6.075863080223737001e+00
5.863276671863565603e+00
6.212389427106613127e+00
6.075863080223737001e+00
6.328901060053507166e+00
6.212389427106613127e+00
6.622464026183125796e+00
6.794103304645814134e+00
6.695947436722791579e+00
8.807876693164905291e+00
8.655756570210311196e+00
8.629302670093011329e+00
8.261275747205516495e+00
8.190554325618004228e+00
7.662625053407902342e+00
7.168569413714626748e+00
7.259727692835754809e+00
7.179067043791722114e+00
6.075863080223737001e+00
6.328901060053507166e+00
6.212389427106613127e+00
6.622464026183125796e+00
6.328901060053507166e+00
6.212389427106613127e+00
7.168569413714626748e+00
7.259727692835754809e+00
6.695947436722791579e+00
