3.151163253302148526e+00
7.296221260672680842e+00
8.580930443901454652e+00
7.610577544352828738e+00
7.296221260672680842e+00
6.785618327492100477e+00
6.394239939241050052e+00
5.996035035466245944e+00
5.887962269287423389e+00
4.772701596271599733e+00
6.862694837939095294e+00
5.439337790311661536e+00
7.205009110725775656e+00
6.862694837939095294e+00
6.336993848516339511e+00
6.799440677098722574e+00
5.996035035466245944e+00
5.887962269287423389e+00
6.799440677098722574e+00
6.429561458199829715e+00
5.887962269287423389e+00
7.205009110725775656e+00
6.429561458199829715e+00
6.336993848516339511e+00
5.178270029898652815e+00
7.729354640411946420e+00
8.580930443901454652e+00
nan
5.996035035466245944e+00
7.683274385696778452e+00
3.961932424786874130e+00
5.562901655726979477e+00
4.990306211082746302e+00
3.151163253302148526e+00
3.396055628047693897e+00
8.132305964925693686e+00
5.178270029898652815e+00
3.396055628047693897e+00
4.990306211082746302e+00
5.583470767756324449e+00
5.129375232993394818e+00
4.990306211082746302e+00
6.394239939241050052e+00
5.996035035466245944e+00
5.887962269287423389e+00
6.799440677098722574e+00
6.429561458199829715e+00
6.336993848516339511e+00
6.799440677098722574e+00
6.429561458199829715e+00
6.336993848516339511e+00
6.799440677098722574e+00
5.996035035466245944e+00
5.887962269287423389e+00
7.610577544352828738e+00
7.296221260672680842e+00
6.785618327492100477e+00
7.205009110725775656e+00
5.996035035466245944e+00
5.439337790311661536e+00
5.583470767756324449e+00
5.129375232993394818e+00
4.990306211082746302e+00
5.989039201383377531e+00
6.429561458199829715e+00
6.336993848516339511e+00
6.394239939241050052e+00
5.996035035466245944e+00
5.887962269287423389e+00
6.394239939241050052e+00
5.996035035466245944e+00
5.887962269287423389e+00
6.394239939241050052e+00
5.996035035466245944e+00
5.887962269287423389e+00
7.205009110725775656e+00
6.429561458199829715e+00
6.336993848516339511e+00
7.610577544352828738e+00
7.296221260672680842e+00
6.785618327492100477e+00
6.394239939241050052e+00
5.562901655726979477e+00
5.439337790311661536e+00
5.989039201383377531e+00
5.562901655726979477e+00
5.439337790311661536e+00
8.015778282210501260e+00
7.296221260672680842e+00
7.234242806467861442e+00
4.367500858413927212e+00
5.996035035466245944e+00
6.336993848516339511e+00
6.394239939241050052e+00
5.996035035466245944e+00
5.887962269287423389e+00
6.394239939241050052e+00
5.996035035466245944e+00
5.887962269287423389e+00
7.205009110725775656e+00
6.862694837939095294e+00
6.336993848516339511e+00
7.610577544352828738e+00
7.296221260672680842e+00
6.785618327492100477e+00
3.151163253302148526e+00
5.129375232993394818e+00
4.541681732106984448e+00
8.015778282210501260e+00
7.729354640411946420e+00
7.683274385696778452e+00
8.826547453695226864e+00
nan
6.785618327492100477e+00
4.772701596271599733e+00
5.996035035466245944e+00
4.541681732106984448e+00
8.015778282210501260e+00
7.729354640411946420e+00
7.234242806467861442e+00
8.131549921598407948e+00
7.054599928702442568e+00
6.364035523674159478e+00
8.580552409050243412e+00
7.413815882355013542e+00
6.744667166162857441e+00
3.194965002896312356e+00
8.850028353441002693e+00
5.983058480420952563e+00
7.682954508024588236e+00
6.695709646812019855e+00
5.983058480420952563e+00
8.131549921598407948e+00
7.054599928702442568e+00
6.364035523674159478e+00
5.887758705973277884e+00
3.464068750987470580e+00
3.317600780706540853e+00
6.336354119547097596e+00
5.618387457616453418e+00
4.840818152190349721e+00
7.682954508024588236e+00
6.695709646812019855e+00
5.983058480420952563e+00
nan
8.490812399788429943e+00
8.648861580899874113e+00
7.233952020572752772e+00
6.336493693159447105e+00
5.221449794679047685e+00
6.785356606998933060e+00
6.336493693159447105e+00
5.221449794679047685e+00
4.092562903921967532e+00
7.054599928702442568e+00
7.125644209416064356e+00
7.233952020572752772e+00
6.695709646812019855e+00
5.602081437167745648e+00
nan
2.745962515444476448e+00
7.125644209416064356e+00
6.785356606998933060e+00
6.336493693159447105e+00
5.221449794679047685e+00
6.785356606998933060e+00
5.977603411269026168e+00
4.840818152190349721e+00
6.785356606998933060e+00
5.977603411269026168e+00
5.221449794679047685e+00
3.643560416470131624e+00
7.054599928702442568e+00
7.125644209416064356e+00
7.682954508024588236e+00
6.695709646812019855e+00
5.983058480420952563e+00
6.785356606998933060e+00
5.618387457616453418e+00
8.267884537646667198e+00
8.131549921598407948e+00
7.054599928702442568e+00
6.364035523674159478e+00
7.233952020572752772e+00
6.336493693159447105e+00
5.602081437167745648e+00
8.131549921598407948e+00
7.054599928702442568e+00
6.364035523674159478e+00
5.438756218521442420e+00
5.259497175726031593e+00
4.079209466448445731e+00
6.785356606998933060e+00
6.336493693159447105e+00
5.221449794679047685e+00
5.887758705973277884e+00
5.618387457616453418e+00
4.459841108937143694e+00
6.785356606998933060e+00
6.336493693159447105e+00
5.221449794679047685e+00
2.745962515444476448e+00
3.105178469097049199e+00
2.936623737453334382e+00
7.682954508024588236e+00
6.695709646812019855e+00
5.983058480420952563e+00
6.785356606998933060e+00
6.336493693159447105e+00
5.221449794679047685e+00
6.785356606998933060e+00
4.900281222073459730e+00
5.983058480420952563e+00
7.682954508024588236e+00
6.695709646812019855e+00
5.983058480420952563e+00
7.682954508024588236e+00
6.695709646812019855e+00
5.983058480420952563e+00
8.131549921598407948e+00
7.054599928702442568e+00
6.364035523674159478e+00
8.580552409050243412e+00
7.772706164245436256e+00
7.125644209416064356e+00
7.233952020572752772e+00
6.336493693159447105e+00
5.602081437167745648e+00
7.233952020572752772e+00
6.695709646812019855e+00
5.602081437167745648e+00
4.092562903921967532e+00
5.977603411269026168e+00
7.887252895157969235e+00
6.785356606998933060e+00
6.336493693159447105e+00
5.221449794679047685e+00
7.233952020572752772e+00
6.336493693159447105e+00
5.602081437167745648e+00
5.996224759165948548e+00
5.364193853198147011e+00
6.236832126690710076e+00
7.295936638245381189e+00
6.410916484870393006e+00
7.633939957316469460e+00
5.129619166976608469e+00
4.840357617837671711e+00
5.538911533150551847e+00
7.729042925135473752e+00
6.934752720230866530e+00
8.331860550856628578e+00
6.862830351355288627e+00
6.410916484870393006e+00
6.935386042003589324e+00
6.429331046056040222e+00
5.887555169034270008e+00
6.935386042003589324e+00
5.996224759165948548e+00
5.364193853198147011e+00
6.236832126690710076e+00
5.996224759165948548e+00
5.364193853198147011e+00
6.236832126690710076e+00
4.696119861677360063e+00
6.934752720230866530e+00
nan
3.829514269488019096e+00
5.364193853198147011e+00
5.538911533150551847e+00
5.562725453866700143e+00
4.840357617837671711e+00
5.538911533150551847e+00
5.996224759165948548e+00
5.364193853198147011e+00
6.236832126690710076e+00
8.162542230434722157e+00
nan
4.142437024297514370e+00
5.996224759165948548e+00
5.364193853198147011e+00
6.236832126690710076e+00
6.429331046056040222e+00
5.887555169034270008e+00
6.935386042003589324e+00
6.429331046056040222e+00
5.887555169034270008e+00
6.935386042003589324e+00
6.862830351355288627e+00
6.410916484870393006e+00
7.633939957316469460e+00
3.829514269488019096e+00
5.887555169034270008e+00
5.538911533150551847e+00
5.129619166976608469e+00
4.316996302001548713e+00
4.840990939610394506e+00
6.429331046056040222e+00
5.887555169034270008e+00
6.236832126690710076e+00
3.396407982597926978e+00
4.840357617837671711e+00
8.331860550856628578e+00
3.396407982597926978e+00
5.364193853198147011e+00
8.331860550856628578e+00
6.429331046056040222e+00
5.887555169034270008e+00
6.935386042003589324e+00
5.996224759165948548e+00
4.840357617837671711e+00
5.538911533150551847e+00
7.729042925135473752e+00
8.505786506787940127e+00
nan
3.396407982597926978e+00
5.364193853198147011e+00
7.633939957316469460e+00
3.396407982597926978e+00
5.887555169034270008e+00
nan
6.429331046056040222e+00
5.887555169034270008e+00
6.935386042003589324e+00
6.429331046056040222e+00
8.505786506787940127e+00
nan
7.729042925135473752e+00
7.981950271427464827e+00
nan
5.562725453866700143e+00
4.840357617837671711e+00
5.538911533150551847e+00
8.596041535733970562e+00
nan
6.236832126690710076e+00
5.562725453866700143e+00
4.840357617837671711e+00
5.538911533150551847e+00
6.862830351355288627e+00
6.410916484870393006e+00
7.633939957316469460e+00
6.862830351355288627e+00
6.410916484870393006e+00
7.633939957316469460e+00
7.295936638245381189e+00
6.410916484870393006e+00
7.633939957316469460e+00
5.562725453866700143e+00
4.840357617837671711e+00
5.538911533150551847e+00
6.429331046056040222e+00
5.887555169034270008e+00
6.935386042003589324e+00
5.562725453866700143e+00
4.840357617837671711e+00
5.538911533150551847e+00
8.162542230434722157e+00
nan
3.444516430757356584e+00
6.714384800926212371e+00
5.761946174612385896e+00
5.996035035466245944e+00
8.036892273087133276e+00
nan
3.396055628047693897e+00
6.383532965636238288e+00
4.756618288223082303e+00
4.262715430520544579e+00
7.375788515173168136e+00
6.767274061001689489e+00
6.862694837939095294e+00
5.722129251389282523e+00
2.745962515444476448e+00
5.562901655726979477e+00
6.714384800926212371e+00
2.745962515444476448e+00
6.862694837939095294e+00
7.044936679883194941e+00
6.767274061001689489e+00
6.429561458199829715e+00
3.737918108648414339e+00
6.264382152299919682e+00
8.162881063145531968e+00
7.044936679883194941e+00
6.767274061001689489e+00
6.429561458199829715e+00
6.714384800926212371e+00
5.761946174612385896e+00
5.996035035466245944e+00
6.052981086679256606e+00
4.756618288223082303e+00
5.129375232993394818e+00
8.036892273087133276e+00
7.772601947390992194e+00
6.862694837939095294e+00
6.714384800926212371e+00
5.761946174612385896e+00
5.996035035466245944e+00
6.714384800926212371e+00
5.761946174612385896e+00
5.562901655726979477e+00
6.714384800926212371e+00
5.761946174612385896e+00
5.562901655726979477e+00
8.036892273087133276e+00
5.259510196924852110e+00
2.962922248308428319e+00
6.052981086679256606e+00
3.248854424146245812e+00
5.129375232993394818e+00
7.375788515173168136e+00
6.767274061001689489e+00
6.862694837939095294e+00
5.722129251389282523e+00
8.275493856092762002e+00
5.996035035466245944e+00
2.745962515444476448e+00
4.756618288223082303e+00
4.262715430520544579e+00
6.714384800926212371e+00
5.259510196924852110e+00
4.695848810259810158e+00
6.714384800926212371e+00
5.761946174612385896e+00
5.996035035466245944e+00
7.706340394130149818e+00
8.275493856092762002e+00
8.596014442884797546e+00
4.399321822895370104e+00
3.751290401833779597e+00
6.429561458199829715e+00
6.714384800926212371e+00
5.761946174612385896e+00
5.996035035466245944e+00
7.375788515173168136e+00
6.767274061001689489e+00
6.429561458199829715e+00
3.737918108648414339e+00
3.751290401833779597e+00
5.996035035466245944e+00
7.044936679883194941e+00
6.264382152299919682e+00
5.996035035466245944e+00
6.714384800926212371e+00
5.761946174612385896e+00
5.996035035466245944e+00
6.714384800926212371e+00
5.761946174612385896e+00
5.562901655726979477e+00
3.737918108648414339e+00
4.756618288223082303e+00
4.262715430520544579e+00
2.745962515444476448e+00
6.767274061001689489e+00
6.429561458199829715e+00
3.076514394401458574e+00
7.270165969703459297e+00
6.862694837939095294e+00
2.745962515444476448e+00
6.767274061001689489e+00
6.429561458199829715e+00
6.714384800926212371e+00
5.761946174612385896e+00
5.996035035466245944e+00
6.714384800926212371e+00
5.761946174612385896e+00
5.996035035466245944e+00
6.714384800926212371e+00
6.264382152299919682e+00
5.996035035466245944e+00
7.044936679883194941e+00
6.264382152299919682e+00
6.429561458199829715e+00
8.367744108377106471e+00
nan
7.296221260672680842e+00
8.698595943667079666e+00
nan
6.429561458199829715e+00
6.476837527785395565e+00
5.562684812050601835e+00
5.259783715835438578e+00
5.691483885569478929e+00
4.695970792511597658e+00
4.756928296170725545e+00
7.261835000549060837e+00
6.429398831589606900e+00
6.767438178964367168e+00
6.476837527785395565e+00
5.562684812050601835e+00
5.259783715835438578e+00
6.083982621951311565e+00
5.129131268489821593e+00
5.259783715835438578e+00
5.298628979735394928e+00
7.296112851128610188e+00
8.275092642093294870e+00
7.261835000549060837e+00
6.429398831589606900e+00
6.767438178964367168e+00
2.942568053087644575e+00
7.729666394689392206e+00
8.777948061758008791e+00
6.083982621951311565e+00
7.729666394689392206e+00
nan
5.691483885569478929e+00
4.262810316533373722e+00
8.275092642093294870e+00
6.476837527785395565e+00
5.562684812050601835e+00
5.762183237567546357e+00
8.047544812217228838e+00
7.729666394689392206e+00
8.275092642093294870e+00
6.869336264167229089e+00
7.296112851128610188e+00
8.275092642093294870e+00
6.869336264167229089e+00
5.996238355611382964e+00
6.265038657232260277e+00
6.869336264167229089e+00
5.996238355611382964e+00
5.762183237567546357e+00
6.476837527785395565e+00
5.562684812050601835e+00
5.762183237567546357e+00
7.654689906383145725e+00
6.862952375150387141e+00
6.767438178964367168e+00
7.654689906383145725e+00
6.862952375150387141e+00
7.270293598629081089e+00
6.083982621951311565e+00
5.129131268489821593e+00
4.756928296170725545e+00
6.083982621951311565e+00
5.129131268489821593e+00
5.259783715835438578e+00
5.298628979735394928e+00
3.829256772972592593e+00
7.772693120361187979e+00
6.083982621951311565e+00
5.562684812050601835e+00
5.259783715835438578e+00
6.476837527785395565e+00
nan
2.746418413377082590e+00
7.261835000549060837e+00
6.429398831589606900e+00
6.767438178964367168e+00
nan
nan
4.756928296170725545e+00
6.869336264167229089e+00
5.996238355611382964e+00
5.762183237567546357e+00
4.906130243353562292e+00
2.962542753433588416e+00
4.756928296170725545e+00
6.476837527785395565e+00
5.996238355611382964e+00
5.762183237567546357e+00
7.654689906383145725e+00
6.862952375150387141e+00
7.270293598629081089e+00
6.869336264167229089e+00
5.996238355611382964e+00
6.265038657232260277e+00
6.476837527785395565e+00
5.996238355611382964e+00
5.762183237567546357e+00
6.476837527785395565e+00
5.996238355611382964e+00
5.762183237567546357e+00
3.335422958921729020e+00
5.129131268489821593e+00
7.270293598629081089e+00
2.942568053087644575e+00
4.262810316533373722e+00
7.772693120361187979e+00
6.476837527785395565e+00
5.562684812050601835e+00
5.259783715835438578e+00
6.083982621951311565e+00
5.562684812050601835e+00
5.259783715835438578e+00
5.691483885569478929e+00
4.695970792511597658e+00
4.254528774438617766e+00
6.869336264167229089e+00
5.996238355611382964e+00
5.762183237567546357e+00
7.261835000549060837e+00
6.429398831589606900e+00
6.265038657232260277e+00
7.261835000549060837e+00
6.429398831589606900e+00
6.767438178964367168e+00
6.336354119547097596e+00
5.162268760694868952e+00
4.840357617837671711e+00
6.785356606998933060e+00
6.129317305147402806e+00
5.887555169034270008e+00
8.580552409050243412e+00
nan
5.887555169034270008e+00
7.233952020572752772e+00
nan
2.745962515444476448e+00
7.233952020572752772e+00
6.612403205413356133e+00
6.410916484870393006e+00
6.785356606998933060e+00
6.129317305147402806e+00
5.887555169034270008e+00
3.643560416470131624e+00
7.095927477639623504e+00
9.028672903099710823e+00
7.233952020572752772e+00
6.612403205413356133e+00
6.410916484870393006e+00
7.233952020572752772e+00
6.612403205413356133e+00
6.410916484870393006e+00
7.233952020572752772e+00
6.612403205413356133e+00
6.934752720230866530e+00
7.682954508024588236e+00
7.095927477639623504e+00
7.458114036066989527e+00
6.785356606998933060e+00
6.129317305147402806e+00
5.887555169034270008e+00
6.785356606998933060e+00
6.129317305147402806e+00
5.887555169034270008e+00
nan
2.745962515444476448e+00
nan
7.682954508024588236e+00
7.095927477639623504e+00
6.934752720230866530e+00
6.785356606998933060e+00
6.129317305147402806e+00
5.887555169034270008e+00
8.131549921598407948e+00
8.062537650131842426e+00
7.981950271427464827e+00
5.887758705973277884e+00
4.679182860428916513e+00
4.316521382477196411e+00
7.682954508024588236e+00
7.579013377905575055e+00
8.505311587263587825e+00
6.336354119547097596e+00
5.645793032921135435e+00
5.363718933673794709e+00
8.131549921598407948e+00
7.579013377905575055e+00
7.458114036066989527e+00
6.785356606998933060e+00
6.129317305147402806e+00
5.887555169034270008e+00
7.682954508024588236e+00
7.095927477639623504e+00
6.934752720230866530e+00
7.233952020572752772e+00
6.612403205413356133e+00
6.410916484870393006e+00
6.785356606998933060e+00
6.129317305147402806e+00
5.887555169034270008e+00
6.785356606998933060e+00
6.129317305147402806e+00
5.887555169034270008e+00
7.233952020572752772e+00
6.129317305147402806e+00
6.410916484870393006e+00
5.438756218521442420e+00
4.679182860428916513e+00
3.792685147116722000e+00
2.745962515444476448e+00
7.095927477639623504e+00
7.458114036066989527e+00
3.643560416470131624e+00
6.129317305147402806e+00
7.458114036066989527e+00
7.233952020572752772e+00
6.612403205413356133e+00
6.410916484870393006e+00
7.682954508024588236e+00
7.095927477639623504e+00
6.934752720230866530e+00
6.336354119547097596e+00
5.645793032921135435e+00
5.363718933673794709e+00
7.233952020572752772e+00
6.612403205413356133e+00
6.410916484870393006e+00
7.233952020572752772e+00
6.612403205413356133e+00
6.410916484870393006e+00
6.336354119547097596e+00
5.645793032921135435e+00
4.840357617837671711e+00
6.785356606998933060e+00
4.679182860428916513e+00
2.745962515444476448e+00
5.438756218521442420e+00
8.062537650131842426e+00
5.887555169034270008e+00
6.785356606998933060e+00
6.129317305147402806e+00
5.887555169034270008e+00
6.785356606998933060e+00
6.129317305147402806e+00
5.887555169034270008e+00
7.210512575694677295e+00
6.830460392683123771e+00
6.516238418098312835e+00
2.911538411255959247e+00
6.202426813679776885e+00
6.516238418098312835e+00
7.210512575694677295e+00
4.945789752243859638e+00
4.505728535304671212e+00
6.879960696737695613e+00
6.202426813679776885e+00
6.013382998433599802e+00
6.549108861447721530e+00
5.573823331247206525e+00
5.510983476701492023e+00
7.871916289941633949e+00
8.087097454119041018e+00
8.023892881227242313e+00
6.218556982490738960e+00
4.945789752243859638e+00
5.510983476701492023e+00
6.879960696737695613e+00
5.573823331247206525e+00
6.013382998433599802e+00
4.234345839749870777e+00
4.945789752243859638e+00
4.505728535304671212e+00
6.879960696737695613e+00
5.573823331247206525e+00
6.013382998433599802e+00
3.572942125502915456e+00
7.459063875115694131e+00
7.521493359495133646e+00
7.210512575694677295e+00
6.202426813679776885e+00
6.516238418098312835e+00
3.903494004459897582e+00
7.459063875115694131e+00
7.521493359495133646e+00
6.549108861447721530e+00
4.317186269811290167e+00
4.002873115639957291e+00
4.564897718706853347e+00
4.317186269811290167e+00
8.023892881227242313e+00
5.887705147200765765e+00
4.317186269811290167e+00
5.008128057036778102e+00
6.549108861447721530e+00
5.573823331247206525e+00
6.013382998433599802e+00
6.549108861447721530e+00
5.573823331247206525e+00
6.013382998433599802e+00
4.234345839749870777e+00
4.945789752243859638e+00
7.018637939830421502e+00
6.879960696737695613e+00
5.573823331247206525e+00
6.013382998433599802e+00
6.879960696737695613e+00
6.202426813679776885e+00
6.516238418098312835e+00
6.218556982490738960e+00
4.945789752243859638e+00
5.008128057036778102e+00
7.871916289941633949e+00
nan
3.500017695975243814e+00
6.549108861447721530e+00
5.573823331247206525e+00
6.013382998433599802e+00
6.218556982490738960e+00
4.945789752243859638e+00
5.008128057036778102e+00
6.879960696737695613e+00
6.202426813679776885e+00
6.013382998433599802e+00
3.242090290212941373e+00
8.715700936551611377e+00
6.516238418098312835e+00
7.541364410984650490e+00
4.945789752243859638e+00
5.008128057036778102e+00
6.218556982490738960e+00
4.945789752243859638e+00
5.510983476701492023e+00
5.887705147200765765e+00
4.317186269811290167e+00
5.008128057036778102e+00
6.879960696737695613e+00
4.945789752243859638e+00
4.505728535304671212e+00
5.557153268243783195e+00
3.688582787378719807e+00
4.505728535304671212e+00
6.549108861447721530e+00
5.573823331247206525e+00
5.510983476701492023e+00
6.549108861447721530e+00
5.573823331247206525e+00
6.013382998433599802e+00
4.895749553996827430e+00
6.202426813679776885e+00
5.510983476701492023e+00
3.242090290212941373e+00
8.715700936551611377e+00
nan
5.887705147200765765e+00
4.317186269811290167e+00
5.008128057036778102e+00
6.879960696737695613e+00
6.202426813679776885e+00
6.516238418098312835e+00
6.218556982490738960e+00
8.087097454119041018e+00
5.510983476701492023e+00
3.572942125502915456e+00
4.317186269811290167e+00
4.002873115639957291e+00
5.050063058889920242e+00
7.458555045955742813e+00
8.304080600264818202e+00
7.144078260121789370e+00
6.111867408522149603e+00
5.887774355014427030e+00
6.725427180339945465e+00
5.663242929546388638e+00
4.921164182522206332e+00
5.887745119614932854e+00
7.458555045955742813e+00
5.404250082788159659e+00
6.306396199396775870e+00
5.663242929546388638e+00
4.921164182522206332e+00
7.563109241064958965e+00
6.560898987751065725e+00
6.370860255280379469e+00
6.306396199396775870e+00
5.663242929546388638e+00
5.404250082788159659e+00
4.212380998164906742e+00
7.009523466726827579e+00
8.304080600264818202e+00
7.144078260121789370e+00
7.458555045955742813e+00
8.304080600264818202e+00
6.725427180339945465e+00
5.663242929546388638e+00
5.404250082788159659e+00
7.981760320846801093e+00
7.009523466726827579e+00
6.370860255280379469e+00
7.144078260121789370e+00
6.111867408522149603e+00
5.887774355014427030e+00
7.981760320846801093e+00
7.009523466726827579e+00
6.853946155546331909e+00
7.563109241064958965e+00
7.009523466726827579e+00
6.853946155546331909e+00
7.144078260121789370e+00
6.560898987751065725e+00
6.370860255280379469e+00
6.725427180339945465e+00
6.111867408522149603e+00
5.887774355014427030e+00
5.887745119614932854e+00
5.214211350317473403e+00
4.921164182522206332e+00
7.144078260121789370e+00
6.560898987751065725e+00
6.370860255280379469e+00
6.725427180339945465e+00
6.111867408522149603e+00
5.887774355014427030e+00
6.725427180339945465e+00
5.663242929546388638e+00
5.404250082788159659e+00
6.725427180339945465e+00
4.765586871341711550e+00
7.337470427772599280e+00
7.144078260121789370e+00
6.111867408522149603e+00
5.887774355014427030e+00
2.955667956496724535e+00
7.009523466726827579e+00
6.853946155546331909e+00
6.725427180339945465e+00
6.111867408522149603e+00
5.887774355014427030e+00
7.981760320846801093e+00
7.009523466726827579e+00
6.853946155546331909e+00
7.563109241064958965e+00
6.560898987751065725e+00
6.370860255280379469e+00
3.793350017221737147e+00
6.111867408522149603e+00
7.337470427772599280e+00
7.144078260121789370e+00
6.111867408522149603e+00
5.887774355014427030e+00
7.563109241064958965e+00
6.560898987751065725e+00
6.370860255280379469e+00
6.306396199396775870e+00
5.214211350317473403e+00
4.437639910295939849e+00
5.468714138671762370e+00
6.560898987751065725e+00
3.954554010029986522e+00
6.725427180339945465e+00
6.111867408522149603e+00
5.887774355014427030e+00
7.563109241064958965e+00
6.560898987751065725e+00
6.370860255280379469e+00
5.468714138671762370e+00
5.663242929546388638e+00
2.987943837537766711e+00
7.981760320846801093e+00
7.009523466726827579e+00
6.853946155546331909e+00
6.725427180339945465e+00
6.111867408522149603e+00
5.887774355014427030e+00
6.306396199396775870e+00
5.663242929546388638e+00
5.404250082788159659e+00
3.374698937439894131e+00
5.214211350317473403e+00
3.471029737803720039e+00
6.306396199396775870e+00
8.355804003907266519e+00
5.887774355014427030e+00
5.887745119614932854e+00
7.458555045955742813e+00
8.304080600264818202e+00
7.096534548320272862e+00
6.935034130389066576e+00
6.854384527506645952e+00
6.612942796605871365e+00
6.935034130389066576e+00
6.370860255280379469e+00
6.612942796605871365e+00
6.935034130389066576e+00
6.370860255280379469e+00
7.096534548320272862e+00
7.400627237128675873e+00
6.854384527506645952e+00
6.129351044891469869e+00
6.004270032147145386e+00
5.887774355014427030e+00
8.063279618610621924e+00
nan
3.471029737803720039e+00
8.063279618610621924e+00
7.865798228630985989e+00
7.820556328038552607e+00
6.129351044891469869e+00
6.004270032147145386e+00
5.887774355014427030e+00
6.612942796605871365e+00
6.469863138886754683e+00
6.370860255280379469e+00
6.612942796605871365e+00
6.469863138886754683e+00
6.370860255280379469e+00
7.096534548320272862e+00
6.935034130389066576e+00
6.854384527506645952e+00
4.196299337449226563e+00
5.539099040644833494e+00
3.954554010029986522e+00
6.612942796605871365e+00
6.469863138886754683e+00
6.370860255280379469e+00
6.129351044891469869e+00
6.004270032147145386e+00
5.887774355014427030e+00
5.646197726315522303e+00
5.539099040644833494e+00
5.404250082788159659e+00
6.129351044891469869e+00
6.004270032147145386e+00
5.887774355014427030e+00
6.129351044891469869e+00
6.004270032147145386e+00
5.887774355014427030e+00
6.129351044891469869e+00
6.004270032147145386e+00
5.887774355014427030e+00
7.579687866896220427e+00
7.400627237128675873e+00
7.337470427772599280e+00
6.129351044891469869e+00
6.004270032147145386e+00
5.887774355014427030e+00
7.096534548320272862e+00
6.935034130389066576e+00
6.854384527506645952e+00
6.612942796605871365e+00
4.607912827165615788e+00
6.370860255280379469e+00
8.063279618610621924e+00
7.865798228630985989e+00
7.820556328038552607e+00
7.579687866896220427e+00
7.400627237128675873e+00
7.337470427772599280e+00
6.612942796605871365e+00
6.935034130389066576e+00
6.370860255280379469e+00
6.129351044891469869e+00
6.469863138886754683e+00
6.370860255280379469e+00
2.745962515444476448e+00
3.211977737421383594e+00
5.887774355014427030e+00
6.129351044891469869e+00
6.004270032147145386e+00
5.887774355014427030e+00
4.679452656025174129e+00
3.677570844160992891e+00
6.370860255280379469e+00
8.546432937186569490e+00
8.796562326872907178e+00
nan
7.096534548320272862e+00
7.400627237128675873e+00
7.337470427772599280e+00
5.163044407739574737e+00
8.331391335370595286e+00
5.887774355014427030e+00
5.163044407739574737e+00
6.935034130389066576e+00
4.921164182522206332e+00
8.546432937186569490e+00
nan
2.987505465577453112e+00
6.612942796605871365e+00
6.469863138886754683e+00
6.370860255280379469e+00
4.679452656025174129e+00
6.935034130389066576e+00
5.404250082788159659e+00
7.096534548320272862e+00
7.400627237128675873e+00
7.337470427772599280e+00
6.129351044891469869e+00
6.004270032147145386e+00
5.887774355014427030e+00
5.163044407739574737e+00
2.746806745919072146e+00
3.954554010029986522e+00
7.579687866896220427e+00
7.865798228630985989e+00
7.820556328038552607e+00
6.202013647263335372e+00
6.072611101675563283e+00
3.531672327112645338e+00
4.631003596989805793e+00
6.812164339731168639e+00
6.673443065428564580e+00
6.830360674445111968e+00
5.703169728902545366e+00
5.102735780996731307e+00
2.745962515444476448e+00
6.812164339731168639e+00
5.888089423212647944e+00
7.458707701626888564e+00
6.442387720703366405e+00
5.888089423212647944e+00
6.830360674445111968e+00
6.072611101675563283e+00
5.495234517378563055e+00
7.772738732898687886e+00
6.442387720703366405e+00
5.495234517378563055e+00
8.401085760080464482e+00
7.181605712504186556e+00
5.888089423212647944e+00
2.745962515444476448e+00
6.072611101675563283e+00
5.495234517378563055e+00
5.887697651353358097e+00
4.224733745300903287e+00
3.924527232946729782e+00
8.401085760080464482e+00
6.812164339731168639e+00
5.888089423212647944e+00
6.830360674445111968e+00
5.703169728902545366e+00
5.102735780996731307e+00
6.202013647263335372e+00
4.963951737101724326e+00
4.709880875162646419e+00
7.772738732898687886e+00
6.812164339731168639e+00
5.888089423212647944e+00
6.202013647263335372e+00
4.963951737101724326e+00
4.317382138780814671e+00
5.887697651353358097e+00
6.442387720703366405e+00
6.280588159594479691e+00
7.144391705716911289e+00
6.072611101675563283e+00
5.495234517378563055e+00
4.002656569808029197e+00
4.224733745300903287e+00
5.888089423212647944e+00
6.830360674445111968e+00
5.703169728902545366e+00
5.102735780996731307e+00
5.887697651353358097e+00
4.963951737101724326e+00
4.709880875162646419e+00
6.516044678535134693e+00
5.333728356129527448e+00
4.709880875162646419e+00
5.259350624171581501e+00
5.703169728902545366e+00
5.495234517378563055e+00
3.060278511354453279e+00
6.812164339731168639e+00
4.317382138780814671e+00
6.516044678535134693e+00
5.333728356129527448e+00
4.709880875162646419e+00
6.202013647263335372e+00
4.594510364328706409e+00
4.317382138780814671e+00
6.830360674445111968e+00
5.703169728902545366e+00
5.102735780996731307e+00
5.573666620081558776e+00
7.551382331531989678e+00
5.102735780996731307e+00
4.316972565718006472e+00
5.703169728902545366e+00
4.317382138780814671e+00
6.516044678535134693e+00
7.181605712504186556e+00
7.065941801810396328e+00
7.458707701626888564e+00
4.963951737101724326e+00
8.636649086242229600e+00
7.772738732898687886e+00
6.442387720703366405e+00
5.888089423212647944e+00
5.887697651353358097e+00
3.116074380727064330e+00
8.636649086242229600e+00
7.458707701626888564e+00
6.072611101675563283e+00
5.495234517378563055e+00
6.516044678535134693e+00
5.333728356129527448e+00
4.709880875162646419e+00
4.002656569808029197e+00
7.181605712504186556e+00
nan
4.945319592899782180e+00
2.746297761699261208e+00
4.709880875162646419e+00
8.401085760080464482e+00
5.333728356129527448e+00
3.139173590730813146e+00
5.573666620081558776e+00
6.072611101675563283e+00
8.636649086242229600e+00
7.458707701626888564e+00
6.072611101675563283e+00
5.495234517378563055e+00
6.516044678535134693e+00
5.333728356129527448e+00
4.709880875162646419e+00
6.191805613278585696e+00
5.762183237567546357e+00
5.887555169034270008e+00
5.786628586623315584e+00
5.762183237567546357e+00
5.887555169034270008e+00
6.191805613278585696e+00
5.762183237567546357e+00
5.887555169034270008e+00
6.191805613278585696e+00
6.264582759299653247e+00
6.370674776103199655e+00
6.597350314186718023e+00
6.767438178964367168e+00
7.337790795335559224e+00
5.786628586623315584e+00
7.269837700696474059e+00
nan
6.191805613278585696e+00
6.264582759299653247e+00
6.370674776103199655e+00
3.354463403933107379e+00
4.254072876506011625e+00
7.337790795335559224e+00
6.597350314186718023e+00
6.767438178964367168e+00
6.854232785719378995e+00
5.381083885715182369e+00
5.259327817902832436e+00
5.404435561965339474e+00
5.786628586623315584e+00
5.259327817902832436e+00
5.404435561965339474e+00
7.002527340841988135e+00
6.767438178964367168e+00
7.337790795335559224e+00
6.191805613278585696e+00
5.762183237567546357e+00
6.370674776103199655e+00
5.786628586623315584e+00
5.762183237567546357e+00
5.887555169034270008e+00
7.408072041750120462e+00
8.275092642093294870e+00
nan
4.975539184807049153e+00
4.756928296170725545e+00
5.404435561965339474e+00
4.165185131496509818e+00
5.259327817902832436e+00
8.787588019089596969e+00
3.759640430588377491e+00
5.762183237567546357e+00
4.437757945280230487e+00
5.786628586623315584e+00
8.777948061758008791e+00
5.887555169034270008e+00
6.597350314186718023e+00
6.264582759299653247e+00
6.370674776103199655e+00
4.975539184807049153e+00
4.756928296170725545e+00
4.920877552349160133e+00
4.975539184807049153e+00
4.756928296170725545e+00
4.920877552349160133e+00
6.597350314186718023e+00
6.264582759299653247e+00
6.370674776103199655e+00
5.786628586623315584e+00
5.259327817902832436e+00
5.404435561965339474e+00
6.597350314186718023e+00
6.264582759299653247e+00
6.854232785719378995e+00
6.191805613278585696e+00
5.762183237567546357e+00
5.887555169034270008e+00
6.597350314186718023e+00
6.264582759299653247e+00
6.854232785719378995e+00
6.191805613278585696e+00
5.762183237567546357e+00
5.887555169034270008e+00
6.597350314186718023e+00
6.264582759299653247e+00
6.370674776103199655e+00
5.381083885715182369e+00
4.254072876506011625e+00
8.787588019089596969e+00
5.381083885715182369e+00
5.259327817902832436e+00
5.404435561965339474e+00
5.381083885715182369e+00
3.751673354773903846e+00
3.471080328595120612e+00
5.381083885715182369e+00
3.751673354773903846e+00
2.987522318978941271e+00
6.191805613278585696e+00
5.762183237567546357e+00
5.887555169034270008e+00
8.623970795968793013e+00
nan
7.337790795335559224e+00
6.191805613278585696e+00
4.254072876506011625e+00
8.787588019089596969e+00
7.002527340841988135e+00
6.767438178964367168e+00
7.337790795335559224e+00
5.786628586623315584e+00
5.259327817902832436e+00
5.404435561965339474e+00
6.191805613278585696e+00
5.762183237567546357e+00
6.370674776103199655e+00
5.786628586623315584e+00
5.762183237567546357e+00
5.887555169034270008e+00
6.862830351355288627e+00
6.003863544504804750e+00
5.887774355014427030e+00
6.429331046056040222e+00
6.003863544504804750e+00
5.404688454748473703e+00
5.129619166976608469e+00
3.211618189288397929e+00
4.921164182522206332e+00
8.596041535733970562e+00
nan
5.887774355014427030e+00
6.862830351355288627e+00
6.003863544504804750e+00
5.887774355014427030e+00
4.263013574787267501e+00
6.935174892192646823e+00
6.854384527506645952e+00
7.295936638245381189e+00
6.935174892192646823e+00
6.371298627240692625e+00
6.429331046056040222e+00
6.003863544504804750e+00
5.887774355014427030e+00
5.562725453866700143e+00
5.538630042622664007e+00
4.921164182522206332e+00
3.829514269488019096e+00
7.400408394074789342e+00
8.787604872491085573e+00
6.862830351355288627e+00
6.469519218348725786e+00
6.371298627240692625e+00
7.295936638245381189e+00
6.469519218348725786e+00
6.371298627240692625e+00
6.429331046056040222e+00
6.003863544504804750e+00
5.887774355014427030e+00
7.295936638245381189e+00
6.935174892192646823e+00
6.371298627240692625e+00
6.862830351355288627e+00
6.003863544504804750e+00
5.887774355014427030e+00
6.429331046056040222e+00
6.003863544504804750e+00
5.404688454748473703e+00
6.429331046056040222e+00
6.003863544504804750e+00
5.404688454748473703e+00
7.295936638245381189e+00
6.935174892192646823e+00
6.371298627240692625e+00
6.429331046056040222e+00
6.003863544504804750e+00
5.404688454748473703e+00
5.562725453866700143e+00
4.607740866896601339e+00
4.437639910295939849e+00
6.429331046056040222e+00
6.003863544504804750e+00
5.887774355014427030e+00
3.829514269488019096e+00
4.607740866896601339e+00
6.371298627240692625e+00
7.729042925135473752e+00
6.935174892192646823e+00
6.854384527506645952e+00
7.295936638245381189e+00
6.935174892192646823e+00
6.371298627240692625e+00
8.162542230434722157e+00
7.400408394074789342e+00
6.854384527506645952e+00
7.729042925135473752e+00
5.073396540740523264e+00
3.471468109764033638e+00
8.596041535733970562e+00
6.469519218348725786e+00
5.404688454748473703e+00
6.862830351355288627e+00
6.935174892192646823e+00
6.854384527506645952e+00
7.295936638245381189e+00
7.866064067918710379e+00
8.787604872491085573e+00
6.862830351355288627e+00
6.003863544504804750e+00
5.887774355014427030e+00
6.862830351355288627e+00
6.469519218348725786e+00
5.887774355014427030e+00
5.996224759165948548e+00
5.538630042622664007e+00
5.404688454748473703e+00
6.429331046056040222e+00
6.003863544504804750e+00
5.404688454748473703e+00
6.862830351355288627e+00
6.469519218348725786e+00
5.887774355014427030e+00
7.729042925135473752e+00
7.400408394074789342e+00
7.337908799732913323e+00
5.129619166976608469e+00
6.935174892192646823e+00
7.337908799732913323e+00
7.295936638245381189e+00
6.935174892192646823e+00
6.371298627240692625e+00
6.429331046056040222e+00
6.003863544504804750e+00
5.404688454748473703e+00
6.429331046056040222e+00
6.003863544504804750e+00
5.887774355014427030e+00
7.295936638245381189e+00
6.469519218348725786e+00
6.371298627240692625e+00
