4.072882292962356487e+00
8.509032080090140227e+00
nan
7.663506525781064838e+00
8.025946179824188675e+00
7.500779697503683785e+00
6.316818888347471628e+00
6.092725834839748167e+00
6.200986515291567081e+00
6.316818888347471628e+00
5.609201562613481684e+00
4.900800290085132183e+00
7.214474946552148715e+00
7.542421907597920416e+00
7.067646317764417319e+00
6.765443367323233481e+00
6.575811735105700606e+00
6.634119895030833547e+00
6.765443367323233481e+00
6.575811735105700606e+00
6.634119895030833547e+00
7.214474946552148715e+00
7.059336007331967977e+00
6.634119895030833547e+00
3.175226234757678956e+00
8.025946179824188675e+00
nan
nan
7.542421907597920416e+00
8.800965922710119571e+00
5.868194409371710663e+00
5.125677290387214313e+00
4.900800290085132183e+00
5.868194409371710663e+00
3.675981217629041176e+00
8.367439499976534023e+00
4.970538351167032687e+00
4.159505489855308547e+00
6.200986515291567081e+00
5.868194409371710663e+00
5.609201562613481684e+00
5.767460092557982421e+00
6.316818888347471628e+00
6.092725834839748167e+00
6.200986515291567081e+00
6.765443367323233481e+00
6.575811735105700606e+00
6.634119895030833547e+00
6.765443367323233481e+00
6.575811735105700606e+00
6.634119895030833547e+00
6.765443367323233481e+00
6.575811735105700606e+00
6.634119895030833547e+00
7.663506525781064838e+00
7.542421907597920416e+00
7.500779697503683785e+00
6.316818888347471628e+00
6.092725834839748167e+00
6.200986515291567081e+00
5.868194409371710663e+00
5.609201562613481684e+00
5.767460092557982421e+00
6.765443367323233481e+00
6.575811735105700606e+00
6.634119895030833547e+00
6.316818888347471628e+00
6.092725834839748167e+00
6.200986515291567081e+00
6.765443367323233481e+00
6.575811735105700606e+00
6.200986515291567081e+00
6.316818888347471628e+00
6.092725834839748167e+00
6.200986515291567081e+00
7.214474946552148715e+00
7.059336007331967977e+00
6.634119895030833547e+00
7.663506525781064838e+00
7.542421907597920416e+00
7.500779697503683785e+00
6.316818888347471628e+00
6.092725834839748167e+00
6.200986515291567081e+00
5.868194409371710663e+00
5.609201562613481684e+00
5.767460092557982421e+00
8.561162583985741037e+00
nan
3.600614064878696841e+00
7.214474946552148715e+00
7.059336007331967977e+00
7.067646317764417319e+00
6.316818888347471628e+00
6.092725834839748167e+00
6.200986515291567081e+00
6.316818888347471628e+00
6.092725834839748167e+00
6.200986515291567081e+00
7.214474946552148715e+00
7.059336007331967977e+00
7.067646317764417319e+00
7.663506525781064838e+00
8.025946179824188675e+00
7.500779697503683785e+00
5.419162830142794540e+00
4.642591390121260986e+00
4.034140487612281945e+00
6.765443367323233481e+00
8.025946179824188675e+00
7.933913077242949363e+00
nan
4.642591390121260986e+00
7.933913077242949363e+00
5.419162830142794540e+00
8.509032080090140227e+00
5.767460092557982421e+00
nan
3.192895317363088292e+00
7.067646317764417319e+00
7.409913152181692553e+00
7.372618048629010268e+00
7.410174064946872363e+00
7.409913152181692553e+00
7.372618048629010268e+00
7.410174064946872363e+00
7.409913152181692553e+00
5.510714594478898221e+00
7.815327383174602183e+00
6.599286295805179670e+00
6.907353285256352393e+00
7.004653093980278911e+00
7.004783539607126741e+00
7.372618048629010268e+00
7.410174064946872363e+00
3.762276114101074320e+00
4.579762867403841753e+00
9.031522643335518907e+00
5.383529826854100975e+00
5.510714594478898221e+00
5.383304515591632367e+00
6.599286295805179670e+00
6.907353285256352393e+00
7.004653093980278911e+00
7.815042764756258364e+00
8.303569775704065847e+00
8.220480701402332002e+00
6.194156683230613858e+00
6.441666321553954688e+00
6.193978804785954750e+00
6.194156683230613858e+00
5.975979357851556983e+00
6.193978804785954750e+00
7.409913152181692553e+00
8.303569775704065847e+00
8.626001672368925455e+00
6.194156683230613858e+00
6.441666321553954688e+00
6.599499775752548203e+00
2.951649257724561437e+00
6.441666321553954688e+00
7.410174064946872363e+00
6.194156683230613858e+00
5.975979357851556983e+00
6.193978804785954750e+00
5.788659439428666786e+00
5.975979357851556983e+00
5.788825486558225819e+00
5.788659439428666786e+00
5.975979357851556983e+00
5.788825486558225819e+00
7.815042764756258364e+00
8.303569775704065847e+00
9.031522643335518907e+00
6.599286295805179670e+00
6.907353285256352393e+00
7.004653093980278911e+00
9.031166864934718319e+00
6.907353285256352393e+00
5.788825486558225819e+00
7.004783539607126741e+00
6.907353285256352393e+00
7.004653093980278911e+00
6.194156683230613858e+00
6.441666321553954688e+00
6.599499775752548203e+00
7.004783539607126741e+00
7.372618048629010268e+00
7.410174064946872363e+00
5.383529826854100975e+00
5.045449831106239458e+00
5.383304515591632367e+00
6.194156683230613858e+00
5.975979357851556983e+00
6.193978804785954750e+00
4.978032583052153015e+00
5.045449831106239458e+00
5.383304515591632367e+00
6.194156683230613858e+00
5.975979357851556983e+00
6.193978804785954750e+00
8.220540008558206324e+00
8.769256739406465329e+00
9.031522643335518907e+00
6.599286295805179670e+00
6.907353285256352393e+00
7.004653093980278911e+00
6.194156683230613858e+00
5.975979357851556983e+00
6.193978804785954750e+00
4.167405726675640132e+00
5.975979357851556983e+00
8.626001672368925455e+00
6.599286295805179670e+00
6.907353285256352393e+00
6.599499775752548203e+00
6.599286295805179670e+00
6.907353285256352393e+00
6.599499775752548203e+00
7.004783539607126741e+00
7.372618048629010268e+00
7.004653093980278911e+00
8.220540008558206324e+00
8.303569775704065847e+00
8.220480701402332002e+00
6.194156683230613858e+00
6.441666321553954688e+00
6.599499775752548203e+00
6.599286295805179670e+00
6.441666321553954688e+00
6.599499775752548203e+00
5.788659439428666786e+00
4.579762867403841753e+00
3.761955937202984934e+00
6.194156683230613858e+00
5.975979357851556983e+00
6.193978804785954750e+00
6.194156683230613858e+00
6.441666321553954688e+00
6.599499775752548203e+00
6.541073000797393178e+00
6.720551620969008155e+00
5.882965819391758444e+00
7.139704200056189443e+00
7.725879507358311749e+00
6.720749190156165120e+00
5.942984531546990468e+00
6.218115643281475258e+00
5.882965819391758444e+00
7.737792669306591264e+00
7.725879507358311749e+00
7.139830849091829634e+00
7.139704200056189443e+00
7.222987598656541941e+00
6.720749190156165120e+00
6.541073000797393178e+00
7.222987598656541941e+00
6.302047478327422958e+00
6.541073000797393178e+00
6.720551620969008155e+00
5.882965819391758444e+00
5.942984531546990468e+00
6.720551620969008155e+00
5.882965819391758444e+00
nan
5.212787756892170776e+00
7.558532560920570909e+00
7.139704200056189443e+00
6.218115643281475258e+00
5.045182448627352656e+00
5.942984531546990468e+00
6.218115643281475258e+00
5.463884160456094818e+00
6.541073000797393178e+00
6.720551620969008155e+00
5.882965819391758444e+00
7.737792669306591264e+00
8.228771416060080668e+00
7.558532560920570909e+00
5.942984531546990468e+00
6.720551620969008155e+00
5.882965819391758444e+00
7.139704200056189443e+00
7.222987598656541941e+00
6.302047478327422958e+00
6.541073000797393178e+00
7.222987598656541941e+00
6.302047478327422958e+00
7.139704200056189443e+00
7.725879507358311749e+00
6.720749190156165120e+00
4.147633663778996116e+00
8.731207393747615342e+00
6.302047478327422958e+00
5.942984531546990468e+00
6.218115643281475258e+00
5.463884160456094818e+00
6.541073000797393178e+00
7.222987598656541941e+00
6.302047478327422958e+00
8.934512337815789351e+00
nan
3.369615707098539747e+00
8.934512337815789351e+00
nan
8.396315931684977585e+00
6.541073000797393178e+00
7.222987598656541941e+00
6.302047478327422958e+00
5.942984531546990468e+00
6.720551620969008155e+00
5.882965819391758444e+00
8.934512337815789351e+00
nan
3.369615707098539747e+00
8.336423868565386641e+00
8.731207393747615342e+00
7.558532560920570909e+00
8.934512337815789351e+00
nan
3.369615707098539747e+00
7.139704200056189443e+00
7.222987598656541941e+00
6.302047478327422958e+00
8.934512337815789351e+00
nan
6.302047478327422958e+00
7.737792669306591264e+00
8.228771416060080668e+00
7.139830849091829634e+00
5.942984531546990468e+00
6.218115643281475258e+00
5.463884160456094818e+00
8.336423868565386641e+00
8.228771416060080668e+00
7.558532560920570909e+00
5.942984531546990468e+00
6.218115643281475258e+00
5.463884160456094818e+00
7.139704200056189443e+00
7.725879507358311749e+00
6.720749190156165120e+00
7.139704200056189443e+00
7.725879507358311749e+00
6.720749190156165120e+00
7.139704200056189443e+00
7.725879507358311749e+00
6.720749190156165120e+00
5.942984531546990468e+00
6.218115643281475258e+00
5.463884160456094818e+00
6.541073000797393178e+00
7.222987598656541941e+00
6.302047478327422958e+00
5.942984531546990468e+00
6.218115643281475258e+00
5.463884160456094818e+00
7.737792669306591264e+00
8.228771416060080668e+00
7.558532560920570909e+00
6.092913696365886977e+00
5.967134717392867493e+00
6.200986515291567081e+00
7.439426847191882963e+00
7.977644600186510004e+00
7.934306120237268445e+00
5.195373944983987968e+00
4.961879775996046682e+00
4.467666910345865716e+00
6.990453447747785987e+00
6.971933760857082163e+00
7.067646317764417319e+00
4.746807593046186824e+00
8.480044121918616895e+00
6.200986515291567081e+00
2.951728090282389250e+00
6.469534239124975272e+00
4.034140487612281945e+00
6.541887095809983954e+00
6.469534239124975272e+00
6.634119895030833547e+00
2.951728090282389250e+00
7.977644600186510004e+00
nan
6.541887095809983954e+00
6.469534239124975272e+00
6.634119895030833547e+00
6.092913696365886977e+00
5.967134717392867493e+00
6.200986515291567081e+00
5.195373944983987968e+00
5.464279297728154461e+00
5.767460092557982421e+00
6.990453447747785987e+00
6.971933760857082163e+00
7.067646317764417319e+00
6.092913696365886977e+00
5.967134717392867493e+00
6.200986515291567081e+00
6.092913696365886977e+00
5.967134717392867493e+00
6.200986515291567081e+00
6.092913696365886977e+00
5.967134717392867493e+00
6.200986515291567081e+00
7.439426847191882963e+00
4.961879775996046682e+00
6.200986515291567081e+00
3.400294442220190838e+00
4.961879775996046682e+00
4.034140487612281945e+00
6.990453447747785987e+00
6.971933760857082163e+00
7.067646317764417319e+00
5.644347344428085833e+00
4.961879775996046682e+00
4.467666910345865716e+00
5.644347344428085833e+00
4.961879775996046682e+00
4.900800290085132183e+00
3.849267841664287815e+00
6.971933760857082163e+00
5.767460092557982421e+00
6.092913696365886977e+00
5.967134717392867493e+00
6.200986515291567081e+00
7.439426847191882963e+00
7.977644600186510004e+00
7.934306120237268445e+00
6.990453447747785987e+00
6.971933760857082163e+00
7.067646317764417319e+00
6.092913696365886977e+00
5.967134717392867493e+00
6.200986515291567081e+00
6.541887095809983954e+00
6.971933760857082163e+00
7.067646317764417319e+00
7.439426847191882963e+00
5.464279297728154461e+00
4.034140487612281945e+00
6.092913696365886977e+00
6.469534239124975272e+00
6.634119895030833547e+00
6.092913696365886977e+00
5.967134717392867493e+00
6.200986515291567081e+00
5.644347344428085833e+00
5.967134717392867493e+00
6.200986515291567081e+00
4.746807593046186824e+00
3.956624834599225427e+00
3.601007107873015478e+00
6.541887095809983954e+00
6.971933760857082163e+00
7.067646317764417319e+00
6.990453447747785987e+00
6.971933760857082163e+00
7.067646317764417319e+00
6.541887095809983954e+00
6.971933760857082163e+00
7.067646317764417319e+00
6.092913696365886977e+00
5.967134717392867493e+00
6.200986515291567081e+00
6.092913696365886977e+00
5.967134717392867493e+00
6.200986515291567081e+00
6.092913696365886977e+00
6.469534239124975272e+00
6.200986515291567081e+00
6.541887095809983954e+00
6.469534239124975272e+00
6.634119895030833547e+00
nan
6.971933760857082163e+00
8.800965922710119571e+00
7.887993199129684108e+00
8.480044121918616895e+00
8.800965922710119571e+00
5.883168451722334602e+00
5.966897654437707033e+00
6.092725834839748167e+00
5.464492057447820628e+00
4.961569768048404327e+00
5.125677290387214313e+00
6.720901164404097017e+00
6.972225540827010626e+00
7.059336007331967977e+00
5.883168451722334602e+00
5.966897654437707033e+00
6.092725834839748167e+00
5.883168451722334602e+00
5.464461676750174135e+00
5.609201562613481684e+00
7.977310271360372518e+00
nan
4.642591390121260986e+00
6.720901164404097017e+00
6.972225540827010626e+00
7.059336007331967977e+00
7.139957482811346345e+00
7.475117449528780433e+00
8.025946179824188675e+00
7.977310271360372518e+00
nan
5.125677290387214313e+00
5.045435739040572187e+00
3.956241881659101178e+00
8.509032080090140227e+00
6.302224770129583931e+00
5.966897654437707033e+00
6.092725834839748167e+00
7.139957482811346345e+00
7.475117449528780433e+00
8.025946179824188675e+00
7.558633877085859432e+00
8.480445335918084027e+00
nan
6.302224770129583931e+00
6.469333632125241706e+00
6.575811735105700606e+00
6.302224770129583931e+00
5.966897654437707033e+00
6.575811735105700606e+00
6.302224770129583931e+00
5.966897654437707033e+00
6.092725834839748167e+00
7.139957482811346345e+00
6.972225540827010626e+00
7.542421907597920416e+00
7.139957482811346345e+00
7.475117449528780433e+00
7.542421907597920416e+00
5.464492057447820628e+00
5.464461676750174135e+00
5.609201562613481684e+00
5.883168451722334602e+00
5.464461676750174135e+00
5.609201562613481684e+00
5.464492057447820628e+00
4.459133790360870542e+00
4.642591390121260986e+00
5.883168451722334602e+00
5.464461676750174135e+00
5.609201562613481684e+00
nan
7.977553427216314219e+00
nan
6.720901164404097017e+00
6.972225540827010626e+00
7.059336007331967977e+00
nan
7.475117449528780433e+00
nan
6.302224770129583931e+00
6.469333632125241706e+00
6.575811735105700606e+00
4.626759344766058213e+00
6.972225540827010626e+00
5.609201562613481684e+00
6.302224770129583931e+00
5.966897654437707033e+00
6.092725834839748167e+00
7.558633877085859432e+00
7.475117449528780433e+00
7.542421907597920416e+00
6.302224770129583931e+00
6.469333632125241706e+00
6.575811735105700606e+00
6.302224770129583931e+00
5.966897654437707033e+00
6.575811735105700606e+00
6.302224770129583931e+00
5.966897654437707033e+00
6.575811735105700606e+00
7.139957482811346345e+00
7.475117449528780433e+00
8.509032080090140227e+00
8.396366589767621846e+00
nan
6.092725834839748167e+00
5.883168451722334602e+00
5.966897654437707033e+00
6.092725834839748167e+00
5.883168451722334602e+00
5.464461676750174135e+00
5.609201562613481684e+00
5.464492057447820628e+00
4.961569768048404327e+00
5.125677290387214313e+00
6.302224770129583931e+00
6.469333632125241706e+00
6.575811735105700606e+00
6.720901164404097017e+00
6.469333632125241706e+00
7.059336007331967977e+00
6.720901164404097017e+00
6.972225540827010626e+00
7.059336007331967977e+00
4.521472862302518436e+00
4.521591583208635967e+00
4.746419955545373881e+00
6.092506648859591145e+00
6.092744126571707497e+00
5.943243003431603277e+00
nan
3.474314872774666441e+00
8.336889099204061182e+00
8.710263067088909850e+00
nan
7.738748963707179129e+00
6.615867964695714143e+00
6.616145004076576797e+00
7.140066051317831786e+00
6.092506648859591145e+00
6.092744126571707497e+00
5.943243003431603277e+00
3.474275311105921027e+00
7.663421714510546323e+00
nan
6.615867964695714143e+00
6.616145004076576797e+00
7.140066051317831786e+00
6.615867964695714143e+00
6.092744126571707497e+00
6.541925915820950621e+00
6.615867964695714143e+00
6.616145004076576797e+00
7.140066051317831786e+00
7.139704200056188554e+00
7.140020837005677912e+00
7.738748963707179129e+00
6.092506648859591145e+00
5.568868293642606382e+00
5.943243003431603277e+00
6.092506648859591145e+00
6.092744126571707497e+00
6.541925915820950621e+00
nan
6.616145004076576797e+00
nan
7.139704200056188554e+00
7.140020837005677912e+00
7.140066051317831786e+00
5.568670413499116734e+00
5.568868293642606382e+00
5.943243003431603277e+00
8.710263067088909850e+00
nan
4.147737043156027426e+00
5.045309097662993736e+00
5.045467416137737970e+00
4.746419955545373881e+00
7.663065515892311552e+00
nan
2.951456772162263320e+00
5.568670413499116734e+00
5.045467416137737970e+00
5.345102867934721225e+00
7.663065515892311552e+00
7.663421714510546323e+00
8.935572011593407638e+00
5.568670413499116734e+00
5.568868293642606382e+00
5.943243003431603277e+00
7.139704200056188554e+00
7.140020837005677912e+00
7.140066051317831786e+00
6.615867964695714143e+00
6.616145004076576797e+00
6.541925915820950621e+00
6.092506648859591145e+00
6.092744126571707497e+00
5.943243003431603277e+00
6.092506648859591145e+00
6.092744126571707497e+00
5.943243003431603277e+00
6.092506648859591145e+00
6.092744126571707497e+00
6.541925915820950621e+00
5.045309097662993736e+00
4.521591583208635967e+00
4.147737043156027426e+00
7.139704200056188554e+00
7.140020837005677912e+00
7.738748963707179129e+00
7.663065515892311552e+00
nan
2.951456772162263320e+00
6.615867964695714143e+00
6.616145004076576797e+00
6.541925915820950621e+00
7.139704200056188554e+00
7.140020837005677912e+00
7.738748963707179129e+00
5.568670413499116734e+00
5.045467416137737970e+00
5.345102867934721225e+00
6.615867964695714143e+00
6.616145004076576797e+00
6.541925915820950621e+00
6.615867964695714143e+00
6.616145004076576797e+00
7.140066051317831786e+00
5.045309097662993736e+00
5.045467416137737970e+00
5.345102867934721225e+00
4.521472862302518436e+00
7.140020837005677912e+00
5.345102867934721225e+00
6.092506648859591145e+00
5.045467416137737970e+00
4.746419955545373881e+00
6.092506648859591145e+00
6.092744126571707497e+00
5.943243003431603277e+00
6.092506648859591145e+00
5.568868293642606382e+00
5.943243003431603277e+00
6.721189897923634859e+00
7.139704200056189443e+00
6.720825179577549768e+00
6.721189897923634859e+00
6.541073000797393178e+00
6.720825179577549768e+00
5.715934956526814048e+00
4.746264863037792381e+00
4.710023495639815927e+00
6.721189897923634859e+00
6.541073000797393178e+00
6.720825179577549768e+00
6.218334478258920939e+00
5.942984531546990468e+00
6.218352740643449117e+00
6.721189897923634859e+00
7.139704200056189443e+00
7.223753582612316038e+00
5.715934956526814048e+00
5.344353332288195091e+00
5.715424337608682848e+00
6.218334478258920939e+00
5.942984531546990468e+00
6.218352740643449117e+00
6.218334478258920939e+00
4.746264863037792381e+00
4.710023495639815927e+00
6.218334478258920939e+00
5.942984531546990468e+00
6.218352740643449117e+00
6.218334478258920939e+00
6.541073000797393178e+00
7.223753582612316038e+00
6.721189897923634859e+00
6.541073000797393178e+00
6.720825179577549768e+00
6.721189897923634859e+00
7.139704200056189443e+00
7.223753582612316038e+00
4.207824595465279316e+00
8.934512337815789351e+00
6.720825179577549768e+00
5.715934956526814048e+00
4.147633663778996116e+00
7.726226021546416689e+00
5.213079536862100127e+00
5.344353332288195091e+00
5.212495934573915690e+00
6.218334478258920939e+00
5.942984531546990468e+00
6.218352740643449117e+00
6.218334478258920939e+00
5.942984531546990468e+00
6.218352740643449117e+00
8.228844361052562562e+00
nan
6.218352740643449117e+00
6.218334478258920939e+00
5.942984531546990468e+00
6.218352740643449117e+00
6.721189897923634859e+00
6.541073000797393178e+00
6.720825179577549768e+00
5.715934956526814048e+00
5.344353332288195091e+00
5.715424337608682848e+00
5.715934956526814048e+00
7.139704200056189443e+00
7.726226021546416689e+00
6.218334478258920939e+00
5.942984531546990468e+00
6.218352740643449117e+00
5.213079536862100127e+00
5.344353332288195091e+00
5.715424337608682848e+00
6.218334478258920939e+00
6.541073000797393178e+00
6.218352740643449117e+00
4.710680015129993237e+00
8.934512337815789351e+00
6.218352740643449117e+00
6.721189897923634859e+00
5.344353332288195091e+00
4.710023495639815927e+00
5.715934956526814048e+00
5.344353332288195091e+00
5.715424337608682848e+00
5.213079536862100127e+00
5.344353332288195091e+00
5.212495934573915690e+00
5.715934956526814048e+00
4.746264863037792381e+00
4.710023495639815927e+00
4.710680015129993237e+00
4.746264863037792381e+00
5.212495934573915690e+00
5.715934956526814048e+00
5.942984531546990468e+00
5.715424337608682848e+00
6.218334478258920939e+00
5.942984531546990468e+00
6.218352740643449117e+00
4.207824595465279316e+00
3.549545194528594294e+00
3.704622653670948562e+00
3.705425073733171537e+00
7.139704200056189443e+00
7.726226021546416689e+00
5.213079536862100127e+00
5.344353332288195091e+00
5.212495934573915690e+00
6.721189897923634859e+00
6.541073000797393178e+00
6.720825179577549768e+00
5.715934956526814048e+00
4.147633663778996116e+00
6.218352740643449117e+00
4.207824595465279316e+00
3.549545194528594294e+00
3.202150214736848355e+00
8.663183223251502696e+00
nan
5.464552810026254370e+00
6.378482761125679801e+00
6.302250135166021394e+00
5.464552810026254370e+00
4.664698378197739359e+00
5.045689067746882195e+00
3.956551867114691312e+00
5.807048609260650807e+00
4.626582065217910156e+00
5.967371745948701012e+00
5.236132530062768353e+00
5.464416100191965775e+00
4.459370803037137954e+00
6.949398840323561366e+00
6.302250135166021394e+00
5.967371745948701012e+00
5.236132530062768353e+00
5.464416100191965775e+00
4.459370803037137954e+00
nan
2.950913995269798029e+00
5.967371745948701012e+00
8.663183223251502696e+00
nan
5.464552810026254370e+00
5.807048609260650807e+00
5.464416100191965775e+00
4.459370803037137954e+00
6.378482761125679801e+00
6.302250135166021394e+00
5.967371745948701012e+00
6.378482761125679801e+00
5.883143132637049355e+00
5.464552810026254370e+00
6.949398840323561366e+00
6.721357137694994321e+00
6.469734817015369899e+00
6.949398840323561366e+00
6.721357137694994321e+00
6.469734817015369899e+00
6.378482761125679801e+00
6.302250135166021394e+00
5.464552810026254370e+00
5.807048609260650807e+00
5.883143132637049355e+00
4.962189738959585483e+00
5.236132530062768353e+00
5.464416100191965775e+00
4.459370803037137954e+00
6.378482761125679801e+00
6.302250135166021394e+00
5.464552810026254370e+00
5.807048609260650807e+00
5.883143132637049355e+00
4.962189738959585483e+00
5.807048609260650807e+00
5.464416100191965775e+00
4.962189738959585483e+00
4.664698378197739359e+00
7.977918205114133521e+00
5.464552810026254370e+00
5.807048609260650807e+00
5.883143132637049355e+00
5.464552810026254370e+00
6.949398840323561366e+00
6.721357137694994321e+00
5.967371745948701012e+00
5.807048609260650807e+00
5.883143132637049355e+00
4.962189738959585483e+00
6.949398840323561366e+00
6.721357137694994321e+00
6.469734817015369899e+00
6.378482761125679801e+00
6.302250135166021394e+00
5.967371745948701012e+00
7.520832992188591248e+00
7.977918205114133521e+00
nan
6.378482761125679801e+00
5.883143132637049355e+00
5.464552810026254370e+00
6.949398840323561366e+00
6.302250135166021394e+00
5.967371745948701012e+00
5.236132530062768353e+00
5.045689067746882195e+00
3.454188796048021981e+00
6.949398840323561366e+00
5.045689067746882195e+00
5.967371745948701012e+00
5.807048609260650807e+00
5.883143132637049355e+00
4.962189738959585483e+00
6.378482761125679801e+00
6.302250135166021394e+00
5.967371745948701012e+00
4.093782298999857794e+00
8.815752240088189140e+00
5.967371745948701012e+00
6.949398840323561366e+00
6.721357137694994321e+00
6.469734817015369899e+00
5.807048609260650807e+00
5.883143132637049355e+00
4.962189738959585483e+00
5.236132530062768353e+00
5.464416100191965775e+00
4.459370803037137954e+00
5.236132530062768353e+00
8.815752240088189140e+00
6.972553752937817428e+00
7.520832992188591248e+00
5.045689067746882195e+00
6.972553752937817428e+00
8.663183223251502696e+00
nan
4.962189738959585483e+00
7.059487727946947899e+00
7.059184265544700132e+00
7.059336007331967977e+00
6.575997188403269078e+00
6.575626255928520791e+00
6.575811735105700606e+00
6.575997188403269078e+00
6.575626255928520791e+00
6.575811735105700606e+00
7.059487727946947899e+00
7.059184265544700132e+00
7.059336007331967977e+00
6.092944990237237235e+00
6.092506648859591145e+00
6.092725834839748167e+00
7.059487727946947899e+00
8.509419891845990236e+00
nan
7.542539926112979742e+00
7.542742275160880361e+00
7.542421907597920416e+00
6.092944990237237235e+00
5.609387041790661499e+00
6.092725834839748167e+00
6.575997188403269078e+00
6.575626255928520791e+00
6.575811735105700606e+00
6.092944990237237235e+00
6.092506648859591145e+00
6.575811735105700606e+00
6.575997188403269078e+00
7.059184265544700132e+00
7.059336007331967977e+00
4.642911712983848638e+00
7.059184265544700132e+00
5.125677290387214313e+00
6.092944990237237235e+00
6.092506648859591145e+00
6.575811735105700606e+00
6.092944990237237235e+00
6.092506648859591145e+00
6.092725834839748167e+00
5.609454450693558414e+00
5.609387041790661499e+00
5.609201562613481684e+00
6.092944990237237235e+00
6.092506648859591145e+00
6.092725834839748167e+00
6.092944990237237235e+00
6.092506648859591145e+00
6.092725834839748167e+00
6.092944990237237235e+00
6.092506648859591145e+00
6.092725834839748167e+00
7.059487727946947899e+00
7.542742275160880361e+00
7.542421907597920416e+00
6.092944990237237235e+00
6.092506648859591145e+00
6.092725834839748167e+00
6.575997188403269078e+00
7.059184265544700132e+00
7.059336007331967977e+00
8.992573203366369228e+00
6.575626255928520791e+00
5.125677290387214313e+00
7.542539926112979742e+00
7.542742275160880361e+00
7.542421907597920416e+00
7.059487727946947899e+00
7.059184265544700132e+00
7.542421907597920416e+00
6.575997188403269078e+00
6.575626255928520791e+00
6.575811735105700606e+00
6.092944990237237235e+00
6.092506648859591145e+00
6.092725834839748167e+00
7.542539926112979742e+00
7.542742275160880361e+00
7.542421907597920416e+00
6.092944990237237235e+00
6.092506648859591145e+00
6.092725834839748167e+00
5.126402252527526571e+00
5.125829032174481270e+00
5.125677290387214313e+00
8.025592124279011585e+00
8.025861882229810007e+00
8.509032080090140227e+00
7.059487727946947899e+00
7.059184265544700132e+00
7.059336007331967977e+00
5.609454450693558414e+00
4.642709425105551624e+00
3.675981217629041176e+00
5.609454450693558414e+00
4.159151415489372283e+00
6.092725834839748167e+00
8.025592124279011585e+00
8.509419891845990236e+00
8.992556352316407597e+00
6.092944990237237235e+00
6.092506648859591145e+00
6.575811735105700606e+00
5.126402252527526571e+00
8.509419891845990236e+00
6.092725834839748167e+00
7.059487727946947899e+00
7.059184265544700132e+00
7.059336007331967977e+00
6.092944990237237235e+00
6.092506648859591145e+00
6.092725834839748167e+00
5.609454450693558414e+00
7.059184265544700132e+00
4.642591390121260986e+00
7.542539926112979742e+00
7.542742275160880361e+00
7.542421907597920416e+00
6.930340683833646764e+00
4.417332477990228767e+00
5.975979357851556983e+00
7.349447686362619692e+00
nan
3.183546376956127411e+00
5.673399646330619106e+00
5.255014538715241379e+00
5.510714594478898221e+00
6.511613651388563184e+00
6.511347679222097895e+00
6.441666321553954688e+00
6.511613651388563184e+00
6.511347679222097895e+00
6.441666321553954688e+00
6.092506648859591145e+00
6.092696599440253991e+00
5.975979357851556983e+00
6.092506648859591145e+00
6.092696599440253991e+00
5.975979357851556983e+00
6.092506648859591145e+00
6.092696599440253991e+00
5.975979357851556983e+00
5.673399646330619106e+00
5.673665618497084395e+00
5.975979357851556983e+00
4.835945581440451946e+00
4.835983557772071784e+00
4.579762867403841753e+00
6.092506648859591145e+00
6.092696599440253991e+00
5.975979357851556983e+00
5.673399646330619106e+00
5.673665618497084395e+00
5.510714594478898221e+00
5.254672613885535526e+00
4.835983557772071784e+00
5.045449831106239458e+00
6.092506648859591145e+00
6.092696599440253991e+00
6.441666321553954688e+00
5.254672613885535526e+00
4.835983557772071784e+00
5.045449831106239458e+00
6.930340683833646764e+00
6.930378660165267490e+00
7.372618048629010268e+00
6.092506648859591145e+00
6.092696599440253991e+00
5.975979357851556983e+00
4.416838578911479019e+00
3.579270516103889133e+00
5.510714594478898221e+00
5.673399646330619106e+00
5.255014538715241379e+00
5.510714594478898221e+00
5.254672613885535526e+00
5.255014538715241379e+00
5.045449831106239458e+00
5.254672613885535526e+00
5.255014538715241379e+00
5.045449831106239458e+00
6.092506648859591145e+00
6.092696599440253991e+00
5.975979357851556983e+00
8.187281721336674423e+00
5.673665618497084395e+00
4.114498104031182990e+00
5.254672613885535526e+00
5.255014538715241379e+00
5.045449831106239458e+00
5.254672613885535526e+00
4.835983557772071784e+00
5.045449831106239458e+00
5.673399646330619106e+00
5.673665618497084395e+00
5.510714594478898221e+00
4.416838578911479019e+00
3.998301497047059172e+00
4.114498104031182990e+00
4.835945581440451946e+00
4.417332477990228767e+00
4.579762867403841753e+00
7.768174718807703272e+00
nan
5.045449831106239458e+00
4.416838578911479019e+00
3.160619436322046116e+00
5.510714594478898221e+00
6.092506648859591145e+00
6.092696599440253991e+00
5.975979357851556983e+00
8.187281721336674423e+00
5.255014538715241379e+00
4.114498104031182990e+00
6.092506648859591145e+00
6.092696599440253991e+00
5.975979357851556983e+00
5.254672613885535526e+00
5.255014538715241379e+00
5.045449831106239458e+00
8.187281721336674423e+00
nan
7.372618048629010268e+00
4.835945581440451946e+00
4.417332477990228767e+00
4.114498104031182990e+00
7.349447686362619692e+00
4.835983557772071784e+00
7.372618048629010268e+00
3.998111546466395883e+00
6.092696599440253991e+00
4.114498104031182990e+00
5.673399646330619106e+00
5.673665618497084395e+00
5.510714594478898221e+00
5.254672613885535526e+00
5.255014538715241379e+00
5.045449831106239458e+00
5.896413133830260556e+00
5.643940296921790001e+00
6.302047478327422958e+00
5.503513684098468417e+00
5.643940296921790001e+00
6.302047478327422958e+00
5.896413133830260556e+00
5.643940296921790001e+00
6.302047478327422958e+00
5.896413133830260556e+00
6.242571496180586266e+00
6.302047478327422958e+00
6.681855823457279797e+00
7.439291164689784353e+00
7.139830849091829634e+00
nan
5.643940296921790001e+00
7.558912508027494148e+00
6.288956373725486770e+00
6.242571496180586266e+00
6.720749190156165120e+00
7.467298513084298150e+00
5.045851827671388179e+00
4.626480736798610494e+00
6.288956373725486770e+00
6.840659965430988088e+00
6.720749190156165120e+00
5.110614234366675390e+00
5.045851827671388179e+00
5.883345766498681684e+00
5.503513684098468417e+00
5.045851827671388179e+00
5.883345766498681684e+00
6.681855823457279797e+00
6.840659965430988088e+00
7.139830849091829634e+00
5.896413133830260556e+00
6.242571496180586266e+00
6.302047478327422958e+00
5.896413133830260556e+00
5.643940296921790001e+00
6.302047478327422958e+00
7.467298513084298150e+00
8.635468103190589773e+00
nan
5.110614234366675390e+00
5.045851827671388179e+00
5.464264107563016282e+00
4.718070994471449175e+00
7.439291164689784353e+00
5.464264107563016282e+00
7.074399063352506012e+00
5.045851827671388179e+00
5.045562395734275007e+00
9.037827682501770710e+00
8.037379633940187063e+00
5.464264107563016282e+00
6.288956373725486770e+00
6.242571496180586266e+00
6.720749190156165120e+00
5.110614234366675390e+00
4.447220628412591026e+00
5.464264107563016282e+00
5.110614234366675390e+00
5.045851827671388179e+00
5.464264107563016282e+00
6.288956373725486770e+00
6.242571496180586266e+00
6.720749190156165120e+00
5.503513684098468417e+00
5.045851827671388179e+00
5.883345766498681684e+00
6.288956373725486770e+00
6.840659965430988088e+00
6.720749190156165120e+00
5.896413133830260556e+00
5.643940296921790001e+00
6.302047478327422958e+00
6.288956373725486770e+00
6.242571496180586266e+00
6.720749190156165120e+00
5.896413133830260556e+00
5.643940296921790001e+00
6.302047478327422958e+00
6.288956373725486770e+00
6.242571496180586266e+00
6.720749190156165120e+00
3.540085064949203719e+00
5.045851827671388179e+00
5.045562395734275007e+00
5.110614234366675390e+00
5.045851827671388179e+00
5.464264107563016282e+00
5.503513684098468417e+00
3.849132159162189648e+00
8.396695878791899048e+00
5.110614234366675390e+00
3.250500959903393383e+00
3.369995654205462543e+00
5.896413133830260556e+00
5.643940296921790001e+00
6.302047478327422958e+00
6.288956373725486770e+00
8.037379633940187063e+00
8.396695878791899048e+00
6.288956373725486770e+00
4.447220628412591026e+00
4.626480736798610494e+00
6.681855823457279797e+00
7.439291164689784353e+00
7.139830849091829634e+00
5.503513684098468417e+00
5.643940296921790001e+00
5.883345766498681684e+00
5.896413133830260556e+00
6.242571496180586266e+00
6.302047478327422958e+00
5.503513684098468417e+00
5.643940296921790001e+00
5.883345766498681684e+00
6.502581247936104702e+00
6.674220526398793041e+00
6.092506648859591145e+00
5.955980301976715907e+00
6.209018281806485184e+00
5.609387041790661499e+00
3.770567634994936856e+00
6.209018281806485184e+00
4.642709425105551624e+00
3.770567634994936856e+00
7.605047159181040684e+00
8.025861882229810007e+00
6.502581247936104702e+00
6.674220526398793041e+00
6.092506648859591145e+00
8.141392968958495402e+00
7.605047159181040684e+00
7.542303872613630666e+00
7.595287581426993562e+00
7.139844914588733715e+00
6.576064658475770486e+00
6.502581247936104702e+00
6.209018281806485184e+00
6.092506648859591145e+00
5.409874914445214955e+00
5.743393893616543622e+00
5.609387041790661499e+00
nan
7.605047159181040684e+00
8.992539498914918994e+00
7.048686635467605655e+00
6.674220526398793041e+00
6.576064658475770486e+00
7.048686635467605655e+00
6.674220526398793041e+00
6.576064658475770486e+00
5.955980301976715907e+00
6.209018281806485184e+00
6.092506648859591145e+00
7.048686635467605655e+00
7.139844914588733715e+00
6.576064658475770486e+00
6.502581247936104702e+00
6.209018281806485184e+00
6.092506648859591145e+00
5.955980301976715907e+00
6.209018281806485184e+00
5.609387041790661499e+00
5.955980301976715907e+00
6.209018281806485184e+00
5.609387041790661499e+00
7.048686635467605655e+00
7.139844914588733715e+00
6.576064658475770486e+00
5.955980301976715907e+00
6.209018281806485184e+00
6.092506648859591145e+00
5.409874914445214955e+00
4.812567260834295091e+00
4.642709425105551624e+00
5.955980301976715907e+00
6.209018281806485184e+00
6.092506648859591145e+00
3.770567634994936856e+00
5.743393893616543622e+00
4.159151415489372283e+00
7.595287581426993562e+00
7.139844914588733715e+00
7.059184265544700132e+00
7.048686635467605655e+00
7.139844914588733715e+00
6.576064658475770486e+00
7.595287581426993562e+00
7.139844914588733715e+00
7.059184265544700132e+00
8.141392968958495402e+00
5.743393893616543622e+00
8.025861882229810007e+00
5.409874914445214955e+00
5.278191649024236654e+00
5.125829032174481270e+00
8.141392968958495402e+00
7.605047159181040684e+00
7.059184265544700132e+00
nan
6.674220526398793041e+00
8.025861882229810007e+00
6.502581247936104702e+00
6.674220526398793041e+00
6.092506648859591145e+00
6.502581247936104702e+00
6.674220526398793041e+00
6.092506648859591145e+00
5.955980301976715907e+00
6.209018281806485184e+00
5.609387041790661499e+00
5.955980301976715907e+00
6.209018281806485184e+00
6.092506648859591145e+00
6.502581247936104702e+00
6.674220526398793041e+00
6.092506648859591145e+00
nan
6.209018281806485184e+00
7.542303872613630666e+00
8.687993914917882421e+00
8.535873791963290103e+00
8.509419891845990236e+00
7.048686635467605655e+00
7.139844914588733715e+00
6.576064658475770486e+00
5.955980301976715907e+00
6.209018281806485184e+00
5.609387041790661499e+00
6.502581247936104702e+00
6.209018281806485184e+00
6.092506648859591145e+00
7.048686635467605655e+00
6.674220526398793041e+00
6.576064658475770486e+00
