6.739459303513847921e+00
7.113429854154773579e+00
6.739709475289103580e+00
6.739459303513847921e+00
7.113429854154773579e+00
7.204942977171244323e+00
6.274257058921540064e+00
6.567324466623272627e+00
6.739709475289103580e+00
6.274257058921540064e+00
6.567324466623272627e+00
6.739709475289103580e+00
5.343430426139291534e+00
5.474618133132382880e+00
5.808398127601259731e+00
6.274257058921540064e+00
6.567324466623272627e+00
6.274053801445181655e+00
6.739459303513847921e+00
7.113429854154773579e+00
7.204942977171244323e+00
7.205083691703789484e+00
7.113429854154773579e+00
7.204942977171244323e+00
5.808632670731599390e+00
6.021219079091771675e+00
5.808398127601259731e+00
6.739459303513847921e+00
7.113429854154773579e+00
7.204942977171244323e+00
6.274257058921540064e+00
6.567324466623272627e+00
6.739709475289103580e+00
6.274257058921540064e+00
8.206631746073551170e+00
8.135832152897306102e+00
5.808632670731599390e+00
6.021219079091771675e+00
6.274053801445181655e+00
5.808632670731599390e+00
6.021219079091771675e+00
6.274053801445181655e+00
6.274257058921540064e+00
6.021219079091771675e+00
6.274053801445181655e+00
6.739459303513847921e+00
6.567324466623272627e+00
6.739709475289103580e+00
6.739459303513847921e+00
7.113429854154773579e+00
6.739709475289103580e+00
6.274257058921540064e+00
6.567324466623272627e+00
6.739709475289103580e+00
6.274257058921540064e+00
6.567324466623272627e+00
6.739709475289103580e+00
6.274257058921540064e+00
6.021219079091771675e+00
6.274053801445181655e+00
6.274257058921540064e+00
6.021219079091771675e+00
6.274053801445181655e+00
6.274257058921540064e+00
6.021219079091771675e+00
6.274053801445181655e+00
5.343430426139291534e+00
5.474618133132382880e+00
5.343164625719118987e+00
6.274257058921540064e+00
6.567324466623272627e+00
6.739709475289103580e+00
6.274257058921540064e+00
6.567324466623272627e+00
6.739709475289103580e+00
7.205083691703789484e+00
7.113429854154773579e+00
7.204942977171244323e+00
6.274257058921540064e+00
6.567324466623272627e+00
6.274053801445181655e+00
5.343430426139291534e+00
5.474618133132382880e+00
5.808398127601259731e+00
6.739459303513847921e+00
6.567324466623272627e+00
6.739709475289103580e+00
7.205083691703789484e+00
7.660030800114162375e+00
7.670598651015165359e+00
5.808632670731599390e+00
6.021219079091771675e+00
6.274053801445181655e+00
7.670285936296096452e+00
7.660030800114162375e+00
7.670598651015165359e+00
6.274257058921540064e+00
6.021219079091771675e+00
6.274053801445181655e+00
6.739459303513847921e+00
7.113429854154773579e+00
6.739709475289103580e+00
5.343430426139291534e+00
5.474618133132382880e+00
5.343164625719118987e+00
5.808632670731599390e+00
6.021219079091771675e+00
6.274053801445181655e+00
6.274257058921540064e+00
6.567324466623272627e+00
6.274053801445181655e+00
5.808632670731599390e+00
6.021219079091771675e+00
5.808398127601259731e+00
5.808632670731599390e+00
6.021219079091771675e+00
6.274053801445181655e+00
6.739459303513847921e+00
7.113429854154773579e+00
7.204942977171244323e+00
6.157964611954803047e+00
5.832698869673038189e+00
5.529700453865229015e+00
6.157964611954803047e+00
5.399172446939452641e+00
5.026808545163460096e+00
7.124136412486709702e+00
6.699358672145888427e+00
6.032136431552762801e+00
6.157964611954803047e+00
5.832698869673038189e+00
5.529700453865229015e+00
7.124136412486709702e+00
6.699358672145888427e+00
6.535028340254532608e+00
6.157964611954803047e+00
5.832698869673038189e+00
5.529700453865229015e+00
6.641050512220756374e+00
6.266225292406621961e+00
6.032136431552762801e+00
6.641050512220756374e+00
6.266225292406621961e+00
6.032136431552762801e+00
8.574270857205195995e+00
nan
6.535028340254532608e+00
6.641050512220756374e+00
6.266225292406621961e+00
6.032136431552762801e+00
6.641050512220756374e+00
6.266225292406621961e+00
6.032136431552762801e+00
7.124136412486709702e+00
6.699358672145888427e+00
6.535028340254532608e+00
6.157964611954803047e+00
5.832698869673038189e+00
5.026808545163460096e+00
7.124136412486709702e+00
6.699358672145888427e+00
6.032136431552762801e+00
6.157964611954803047e+00
5.399172446939452641e+00
5.026808545163460096e+00
6.157964611954803047e+00
5.832698869673038189e+00
5.529700453865229015e+00
7.124136412486709702e+00
6.266225292406621961e+00
6.032136431552762801e+00
6.157964611954803047e+00
5.399172446939452641e+00
5.026808545163460096e+00
5.191354439462583237e+00
4.532905687460921484e+00
3.518588750072387139e+00
6.641050512220756374e+00
6.266225292406621961e+00
6.032136431552762801e+00
6.157964611954803047e+00
5.832698869673038189e+00
5.529700453865229015e+00
6.157964611954803047e+00
5.832698869673038189e+00
5.529700453865229015e+00
6.641050512220756374e+00
6.266225292406621961e+00
6.032136431552762801e+00
5.674440339728536564e+00
5.399172446939452641e+00
5.026808545163460096e+00
6.641050512220756374e+00
6.266225292406621961e+00
5.529700453865229015e+00
6.641050512220756374e+00
6.266225292406621961e+00
6.032136431552762801e+00
6.157964611954803047e+00
5.832698869673038189e+00
5.529700453865229015e+00
7.124136412486709702e+00
6.699358672145888427e+00
6.535028340254532608e+00
7.124136412486709702e+00
6.699358672145888427e+00
6.535028340254532608e+00
7.124136412486709702e+00
6.699358672145888427e+00
6.535028340254532608e+00
6.157964611954803047e+00
5.832698869673038189e+00
5.026808545163460096e+00
6.157964611954803047e+00
5.832698869673038189e+00
5.529700453865229015e+00
6.157964611954803047e+00
5.832698869673038189e+00
5.529700453865229015e+00
6.641050512220756374e+00
6.266225292406621961e+00
6.032136431552762801e+00
6.641050512220756374e+00
6.266225292406621961e+00
6.032136431552762801e+00
6.157964611954803047e+00
5.832698869673038189e+00
5.529700453865229015e+00
4.707830167236316754e+00
4.099379264727336825e+00
5.529700453865229015e+00
6.157964611954803047e+00
5.399172446939452641e+00
5.026808545163460096e+00
6.641050512220756374e+00
6.266225292406621961e+00
6.032136431552762801e+00
6.641050512220756374e+00
6.266225292406621961e+00
6.032136431552762801e+00
6.157745425974646025e+00
6.157964611954803047e+00
6.641303435590826254e+00
6.641303435590826254e+00
6.641050512220756374e+00
6.641303435590826254e+00
6.157745425974646025e+00
6.157964611954803047e+00
6.641303435590826254e+00
6.157745425974646025e+00
6.157964611954803047e+00
6.157745425974646025e+00
6.157745425974646025e+00
6.157964611954803047e+00
6.157745425974646025e+00
6.157745425974646025e+00
6.157964611954803047e+00
6.157745425974646025e+00
5.674625818905716379e+00
5.674440339728536564e+00
5.674625818905716379e+00
6.641303435590826254e+00
6.641050512220756374e+00
6.641303435590826254e+00
5.674625818905716379e+00
5.674440339728536564e+00
5.674625818905716379e+00
6.641303435590826254e+00
6.641050512220756374e+00
6.641303435590826254e+00
6.157745425974646025e+00
6.157964611954803047e+00
6.157745425974646025e+00
5.674625818905716379e+00
5.674440339728536564e+00
5.674625818905716379e+00
6.157745425974646025e+00
5.674440339728536564e+00
6.157745425974646025e+00
6.641303435590826254e+00
6.641050512220756374e+00
6.641303435590826254e+00
5.674625818905716379e+00
5.674440339728536564e+00
5.674625818905716379e+00
5.674625818905716379e+00
5.674440339728536564e+00
5.674625818905716379e+00
5.674625818905716379e+00
5.674440339728536564e+00
5.674625818905716379e+00
6.157745425974646025e+00
6.157964611954803047e+00
6.157745425974646025e+00
6.641303435590826254e+00
6.641050512220756374e+00
6.641303435590826254e+00
6.157745425974646025e+00
6.157964611954803047e+00
6.157745425974646025e+00
6.157745425974646025e+00
6.157964611954803047e+00
6.157745425974646025e+00
6.641303435590826254e+00
6.641050512220756374e+00
6.641303435590826254e+00
5.191067809289537038e+00
4.224744266970363427e+00
5.674625818905716379e+00
5.191067809289537038e+00
5.190916067502270081e+00
5.191067809289537038e+00
6.641303435590826254e+00
6.641050512220756374e+00
6.641303435590826254e+00
7.124423042659755012e+00
7.124574784447023745e+00
7.124423042659755012e+00
5.191067809289537038e+00
5.190916067502270081e+00
5.191067809289537038e+00
6.157745425974646025e+00
6.157964611954803047e+00
6.157745425974646025e+00
6.157745425974646025e+00
6.157964611954803047e+00
6.157745425974646025e+00
6.641303435590826254e+00
6.641050512220756374e+00
6.641303435590826254e+00
7.124423042659755012e+00
7.124574784447023745e+00
7.124423042659755012e+00
5.191067809289537038e+00
5.190916067502270081e+00
5.191067809289537038e+00
6.157745425974646025e+00
5.674440339728536564e+00
6.157745425974646025e+00
5.674625818905716379e+00
5.674440339728536564e+00
5.674625818905716379e+00
6.157745425974646025e+00
6.157964611954803047e+00
6.157745425974646025e+00
6.157745425974646025e+00
6.157964611954803047e+00
6.157745425974646025e+00
6.157745425974646025e+00
6.157964611954803047e+00
6.641303435590826254e+00
6.157745425974646025e+00
6.157964611954803047e+00
6.157745425974646025e+00
6.641303435590826254e+00
6.641050512220756374e+00
6.641303435590826254e+00
6.641303435590826254e+00
6.641050512220756374e+00
6.641303435590826254e+00
7.315332177641122868e+00
6.841476129710091669e+00
7.315710985450559534e+00
7.315332177641122868e+00
6.841476129710091669e+00
7.315710985450559534e+00
nan
4.109031497819182199e+00
nan
5.992461595923279205e+00
6.294788948687839891e+00
5.993092980454761687e+00
6.653596916128750038e+00
6.841476129710091669e+00
6.654701896332477773e+00
5.992461595923279205e+00
6.294788948687839891e+00
5.993092980454761687e+00
6.653596916128750038e+00
6.294788948687839891e+00
6.654701896332477773e+00
6.653596916128750038e+00
6.841476129710091669e+00
6.654701896332477773e+00
5.992461595923279205e+00
6.294788948687839891e+00
5.993092980454761687e+00
5.992461595923279205e+00
6.294788948687839891e+00
5.993092980454761687e+00
5.992461595923279205e+00
6.294788948687839891e+00
5.993092980454761687e+00
7.976467497846595478e+00
7.387667674122168293e+00
7.977319901328275620e+00
7.315332177641122868e+00
6.841476129710091669e+00
7.315710985450559534e+00
7.315332177641122868e+00
6.841476129710091669e+00
7.315710985450559534e+00
5.992461595923279205e+00
5.748597404275763267e+00
5.993092980454761687e+00
5.992461595923279205e+00
5.748597404275763267e+00
5.993092980454761687e+00
6.653596916128750038e+00
6.841476129710091669e+00
6.654701896332477773e+00
6.653596916128750038e+00
6.294788948687839891e+00
6.654701896332477773e+00
5.992461595923279205e+00
6.294788948687839891e+00
5.993092980454761687e+00
6.653596916128750038e+00
6.294788948687839891e+00
6.654701896332477773e+00
6.653596916128750038e+00
6.841476129710091669e+00
6.654701896332477773e+00
6.653596916128750038e+00
6.294788948687839891e+00
6.654701896332477773e+00
5.992461595923279205e+00
5.748597404275763267e+00
5.993092980454761687e+00
5.992461595923279205e+00
5.748597404275763267e+00
5.993092980454761687e+00
5.992461595923279205e+00
6.294788948687839891e+00
5.993092980454761687e+00
5.992461595923279205e+00
5.748597404275763267e+00
5.993092980454761687e+00
6.653596916128750038e+00
6.841476129710091669e+00
6.654701896332477773e+00
6.653596916128750038e+00
6.294788948687839891e+00
6.654701896332477773e+00
5.992461595923279205e+00
6.294788948687839891e+00
5.993092980454761687e+00
5.992461595923279205e+00
6.294788948687839891e+00
5.993092980454761687e+00
7.315332177641122868e+00
6.841476129710091669e+00
7.315710985450559534e+00
6.653596916128750038e+00
6.294788948687839891e+00
6.654701896332477773e+00
6.653596916128750038e+00
6.841476129710091669e+00
6.654701896332477773e+00
6.653596916128750038e+00
6.294788948687839891e+00
6.654701896332477773e+00
5.992461595923279205e+00
5.748597404275763267e+00
5.993092980454761687e+00
7.315332177641122868e+00
6.841476129710091669e+00
7.315710985450559534e+00
6.653596916128750038e+00
6.294788948687839891e+00
6.654701896332477773e+00
7.315332177641122868e+00
6.841476129710091669e+00
7.315710985450559534e+00
5.992461595923279205e+00
5.748597404275763267e+00
5.993092980454761687e+00
6.653596916128750038e+00
6.841476129710091669e+00
6.654701896332477773e+00
6.664797891950808406e+00
6.419643747863357675e+00
6.699358672145888427e+00
6.259229458323755324e+00
6.419643747863357675e+00
6.699358672145888427e+00
5.854028720466082802e+00
5.896321987715833046e+00
6.266225292406621961e+00
6.664797891950808406e+00
6.419643747863357675e+00
6.699358672145888427e+00
5.854028720466082802e+00
5.896321987715833046e+00
6.266225292406621961e+00
6.664797891950808406e+00
6.419643747863357675e+00
6.699358672145888427e+00
5.448460286839029720e+00
5.372525343938409748e+00
5.832698869673038189e+00
5.854028720466082802e+00
5.372525343938409748e+00
5.832698869673038189e+00
5.854028720466082802e+00
5.896321987715833046e+00
6.266225292406621961e+00
5.854028720466082802e+00
5.896321987715833046e+00
6.266225292406621961e+00
6.259229458323755324e+00
5.896321987715833046e+00
6.266225292406621961e+00
6.664797891950808406e+00
6.419643747863357675e+00
6.699358672145888427e+00
5.854028720466082802e+00
5.896321987715833046e+00
6.266225292406621961e+00
6.259229458323755324e+00
6.419643747863357675e+00
6.699358672145888427e+00
6.664797891950808406e+00
6.419643747863357675e+00
6.699358672145888427e+00
6.259229458323755324e+00
5.896321987715833046e+00
6.266225292406621961e+00
5.448460286839029720e+00
5.372525343938409748e+00
5.832698869673038189e+00
5.448460286839029720e+00
5.372525343938409748e+00
5.832698869673038189e+00
5.854028720466082802e+00
5.896321987715833046e+00
5.832698869673038189e+00
6.259229458323755324e+00
6.419643747863357675e+00
6.699358672145888427e+00
5.854028720466082802e+00
5.896321987715833046e+00
6.266225292406621961e+00
5.854028720466082802e+00
5.896321987715833046e+00
6.266225292406621961e+00
6.664797891950808406e+00
6.419643747863357675e+00
6.699358672145888427e+00
5.854028720466082802e+00
5.896321987715833046e+00
6.266225292406621961e+00
6.259229458323755324e+00
6.419643747863357675e+00
6.699358672145888427e+00
6.259229458323755324e+00
6.419643747863357675e+00
6.699358672145888427e+00
6.259229458323755324e+00
6.419643747863357675e+00
6.699358672145888427e+00
6.259229458323755324e+00
5.896321987715833046e+00
6.266225292406621961e+00
5.854028720466082802e+00
5.896321987715833046e+00
6.266225292406621961e+00
5.448460286839029720e+00
5.372525343938409748e+00
5.832698869673038189e+00
5.448460286839029720e+00
5.372525343938409748e+00
5.832698869673038189e+00
5.448460286839029720e+00
5.372525343938409748e+00
5.399172446939452641e+00
6.259229458323755324e+00
6.419643747863357675e+00
6.699358672145888427e+00
5.448460286839029720e+00
5.372525343938409748e+00
5.832698869673038189e+00
6.259229458323755324e+00
5.896321987715833046e+00
6.266225292406621961e+00
5.854028720466082802e+00
5.896321987715833046e+00
6.266225292406621961e+00
5.854028720466082802e+00
5.896321987715833046e+00
6.266225292406621961e+00
6.259229458323755324e+00
6.419643747863357675e+00
6.699358672145888427e+00
6.259229458323755324e+00
6.419643747863357675e+00
6.699358672145888427e+00
nan
3.802085179865936748e+00
8.866204699825173563e+00
6.008223308662046236e+00
6.158004526399684764e+00
5.781428987530421892e+00
6.008223308662046236e+00
6.158004526399684764e+00
6.283792058597091668e+00
7.204942977171244323e+00
7.300637400818736467e+00
6.786610994519538309e+00
6.008223308662046236e+00
6.158004526399684764e+00
6.283792058597091668e+00
6.008223308662046236e+00
6.158004526399684764e+00
5.781428987530421892e+00
6.008223308662046236e+00
6.158004526399684764e+00
5.781428987530421892e+00
7.204942977171244323e+00
7.300637400818736467e+00
6.786610994519538309e+00
6.008223308662046236e+00
6.729580064034248466e+00
6.283792058597091668e+00
6.606311777912448946e+00
7.300637400818736467e+00
6.786610994519538309e+00
6.008223308662046236e+00
6.729580064034248466e+00
6.283792058597091668e+00
6.606311777912448946e+00
7.300637400818736467e+00
6.786610994519538309e+00
6.008223308662046236e+00
6.729580064034248466e+00
6.283792058597091668e+00
6.008223308662046236e+00
6.158004526399684764e+00
6.283792058597091668e+00
6.606311777912448946e+00
6.729580064034248466e+00
6.283792058597091668e+00
5.409592109403249971e+00
5.586947189615198539e+00
5.781428987530421892e+00
6.606311777912448946e+00
6.729580064034248466e+00
6.283792058597091668e+00
7.204942977171244323e+00
7.872212938453300168e+00
7.288974065586206308e+00
6.008223308662046236e+00
6.158004526399684764e+00
5.781428987530421892e+00
7.204942977171244323e+00
7.300637400818736467e+00
6.786610994519538309e+00
6.008223308662046236e+00
6.729580064034248466e+00
6.283792058597091668e+00
6.008223308662046236e+00
6.158004526399684764e+00
6.283792058597091668e+00
6.008223308662046236e+00
6.729580064034248466e+00
6.283792058597091668e+00
6.008223308662046236e+00
6.158004526399684764e+00
5.781428987530421892e+00
6.008223308662046236e+00
6.158004526399684764e+00
6.283792058597091668e+00
6.008223308662046236e+00
6.729580064034248466e+00
6.283792058597091668e+00
4.811503640152848149e+00
5.015371651980634837e+00
4.775791115685528609e+00
6.008223308662046236e+00
6.729580064034248466e+00
6.283792058597091668e+00
6.606311777912448946e+00
6.729580064034248466e+00
6.786610994519538309e+00
6.008223308662046236e+00
6.158004526399684764e+00
6.283792058597091668e+00
6.606311777912448946e+00
6.729580064034248466e+00
6.786610994519538309e+00
6.008223308662046236e+00
6.729580064034248466e+00
6.283792058597091668e+00
6.008223308662046236e+00
6.158004526399684764e+00
5.781428987530421892e+00
7.204942977171244323e+00
7.300637400818736467e+00
6.786610994519538309e+00
6.008223308662046236e+00
6.158004526399684764e+00
6.283792058597091668e+00
7.204942977171244323e+00
7.300637400818736467e+00
6.786610994519538309e+00
6.606311777912448946e+00
6.729580064034248466e+00
6.283792058597091668e+00
6.008223308662046236e+00
6.158004526399684764e+00
5.781428987530421892e+00
6.008223308662046236e+00
6.158004526399684764e+00
5.781428987530421892e+00
6.008223308662046236e+00
6.729580064034248466e+00
6.283792058597091668e+00
6.606311777912448946e+00
6.729580064034248466e+00
6.786610994519538309e+00
6.158152526227800294e+00
6.158152473480942746e+00
6.157948962913654789e+00
6.158152526227800294e+00
6.158152473480942746e+00
6.157948962913654789e+00
5.709120946998885060e+00
5.709586121543140713e+00
5.709353549339835077e+00
6.158152526227800294e+00
6.158152473480942746e+00
6.157948962913654789e+00
6.158152526227800294e+00
6.158152473480942746e+00
6.157948962913654789e+00
6.158152526227800294e+00
6.607125872925038834e+00
6.606544376487473613e+00
6.158152526227800294e+00
6.158152473480942746e+00
6.157948962913654789e+00
6.158152526227800294e+00
6.158152473480942746e+00
6.157948962913654789e+00
5.709120946998885060e+00
5.709586121543140713e+00
6.157948962913654789e+00
7.504840163661393504e+00
7.504665624306937843e+00
7.504549351391146317e+00
6.607184105456715528e+00
6.607125872925038834e+00
7.055546863939309077e+00
6.607184105456715528e+00
6.607125872925038834e+00
7.055546863939309077e+00
6.158152526227800294e+00
6.158152473480942746e+00
6.157948962913654789e+00
5.709120946998885060e+00
5.709586121543140713e+00
5.709353549339835077e+00
6.607184105456715528e+00
7.055692224862841755e+00
7.055546863939309077e+00
5.260496468023123207e+00
5.260612722099043737e+00
5.260351061887999613e+00
6.158152526227800294e+00
6.158152473480942746e+00
6.157948962913654789e+00
5.709120946998885060e+00
5.709586121543140713e+00
5.709353549339835077e+00
5.709120946998885060e+00
5.709586121543140713e+00
5.709353549339835077e+00
6.607184105456715528e+00
6.607125872925038834e+00
6.606544376487473613e+00
6.158152526227800294e+00
6.158152473480942746e+00
6.157948962913654789e+00
6.607184105456715528e+00
7.055692224862841755e+00
7.055546863939309077e+00
6.158152526227800294e+00
6.158152473480942746e+00
6.157948962913654789e+00
6.158152526227800294e+00
6.158152473480942746e+00
6.157948962913654789e+00
6.607184105456715528e+00
6.607125872925038834e+00
6.606544376487473613e+00
6.158152526227800294e+00
6.158152473480942746e+00
6.157948962913654789e+00
6.607184105456715528e+00
7.055692224862841755e+00
7.055546863939309077e+00
5.260496468023123207e+00
5.260612722099043737e+00
5.260351061887999613e+00
5.709120946998885060e+00
5.709586121543140713e+00
5.709353549339835077e+00
6.607184105456715528e+00
6.607125872925038834e+00
6.606544376487473613e+00
6.607184105456715528e+00
6.607125872925038834e+00
6.606544376487473613e+00
6.158152526227800294e+00
6.158152473480942746e+00
6.157948962913654789e+00
6.607184105456715528e+00
6.607125872925038834e+00
6.606544376487473613e+00
7.055808584432478270e+00
7.055692224862841755e+00
7.055546863939309077e+00
6.158152526227800294e+00
6.158152473480942746e+00
6.157948962913654789e+00
5.709120946998885060e+00
5.709586121543140713e+00
5.709353549339835077e+00
5.709120946998885060e+00
5.709586121543140713e+00
5.709353549339835077e+00
6.607184105456715528e+00
6.607125872925038834e+00
6.606544376487473613e+00
7.055808584432478270e+00
7.055692224862841755e+00
7.055546863939309077e+00
6.158152526227800294e+00
6.158152473480942746e+00
6.606544376487473613e+00
6.157745425974646025e+00
6.606621916043540210e+00
6.382246669700564645e+00
6.681581661335121325e+00
7.205304828432886666e+00
6.831249157152400109e+00
6.681581661335121325e+00
7.205304828432886666e+00
6.831249157152400109e+00
6.157745425974646025e+00
7.205304828432886666e+00
6.831249157152400109e+00
6.681581661335121325e+00
7.205304828432886666e+00
6.831249157152400109e+00
5.110547874778048616e+00
5.409798868157311702e+00
5.933651256126744933e+00
5.634384110138523916e+00
6.008481780546658158e+00
6.382246669700564645e+00
6.157745425974646025e+00
7.205304828432886666e+00
6.831249157152400109e+00
6.157745425974646025e+00
6.606621916043540210e+00
6.831249157152400109e+00
6.157745425974646025e+00
6.606621916043540210e+00
6.831249157152400109e+00
6.157745425974646025e+00
6.606621916043540210e+00
6.382246669700564645e+00
6.157745425974646025e+00
7.205304828432886666e+00
6.831249157152400109e+00
7.204942977171244323e+00
7.803444963929768718e+00
7.279844570726218933e+00
6.157745425974646025e+00
7.205304828432886666e+00
6.831249157152400109e+00
5.634384110138523916e+00
6.008481780546658158e+00
5.933651256126744933e+00
5.634384110138523916e+00
6.008481780546658158e+00
6.382246669700564645e+00
5.634384110138523916e+00
6.008481780546658158e+00
6.382246669700564645e+00
6.157745425974646025e+00
7.205304828432886666e+00
6.831249157152400109e+00
5.634384110138523916e+00
6.008481780546658158e+00
5.933651256126744933e+00
5.634384110138523916e+00
6.008481780546658158e+00
5.933651256126744933e+00
5.634384110138523916e+00
6.008481780546658158e+00
6.382246669700564645e+00
5.634384110138523916e+00
6.008481780546658158e+00
6.382246669700564645e+00
6.157745425974646025e+00
7.205304828432886666e+00
6.831249157152400109e+00
5.634384110138523916e+00
6.008481780546658158e+00
5.933651256126744933e+00
6.681581661335121325e+00
7.205304828432886666e+00
6.831249157152400109e+00
5.634384110138523916e+00
6.008481780546658158e+00
6.382246669700564645e+00
5.634384110138523916e+00
6.606621916043540210e+00
6.382246669700564645e+00
6.157745425974646025e+00
6.606621916043540210e+00
6.382246669700564645e+00
6.157745425974646025e+00
7.205304828432886666e+00
6.831249157152400109e+00
5.110547874778048616e+00
6.008481780546658158e+00
5.933651256126744933e+00
6.157745425974646025e+00
6.606621916043540210e+00
6.382246669700564645e+00
6.157745425974646025e+00
6.606621916043540210e+00
6.382246669700564645e+00
5.634384110138523916e+00
6.008481780546658158e+00
6.382246669700564645e+00
6.157745425974646025e+00
7.205304828432886666e+00
6.831249157152400109e+00
6.157745425974646025e+00
6.606621916043540210e+00
6.382246669700564645e+00
6.157745425974646025e+00
6.606621916043540210e+00
6.831249157152400109e+00
5.634384110138523916e+00
6.008481780546658158e+00
6.382246669700564645e+00
6.157745425974646025e+00
6.606621916043540210e+00
6.831249157152400109e+00
5.634384110138523916e+00
6.606621916043540210e+00
6.382246669700564645e+00
6.157745425974646025e+00
6.606621916043540210e+00
6.382246669700564645e+00
6.157982903686763265e+00
6.157982867789595360e+00
6.157745425974646025e+00
6.157982903686763265e+00
6.157982867789595360e+00
6.157745425974646025e+00
5.634107070757661262e+00
5.634186224012172062e+00
6.157745425974646025e+00
5.634107070757661262e+00
6.157982867789595360e+00
6.157745425974646025e+00
6.157982903686763265e+00
6.157982867789595360e+00
6.157745425974646025e+00
6.157982903686763265e+00
6.157982867789595360e+00
6.157745425974646025e+00
5.634107070757661262e+00
5.634186224012172062e+00
5.633909190614171614e+00
6.157982903686763265e+00
6.157982867789595360e+00
6.157745425974646025e+00
6.157982903686763265e+00
6.157982867789595360e+00
6.681106741810769023e+00
6.157982903686763265e+00
6.157982867789595360e+00
6.157745425974646025e+00
6.681383781191631677e+00
6.681304627937119989e+00
6.681106741810769023e+00
6.681383781191631677e+00
6.681304627937119989e+00
6.681106741810769023e+00
6.681383781191631677e+00
6.681304627937119989e+00
6.681106741810769023e+00
6.681383781191631677e+00
6.681304627937119989e+00
6.681106741810769023e+00
7.205259614120732792e+00
7.205101271714543287e+00
7.204942977171244323e+00
6.681383781191631677e+00
7.205101271714543287e+00
7.204942977171244323e+00
6.681383781191631677e+00
6.681304627937119989e+00
6.681106741810769023e+00
6.681383781191631677e+00
6.681304627937119989e+00
6.681106741810769023e+00
6.681383781191631677e+00
6.681304627937119989e+00
6.681106741810769023e+00
6.157982903686763265e+00
6.157982867789595360e+00
6.157745425974646025e+00
6.157982903686763265e+00
6.157982867789595360e+00
6.157745425974646025e+00
6.157982903686763265e+00
6.157982867789595360e+00
6.157745425974646025e+00
5.110706193252793739e+00
4.587067820087224135e+00
4.063350323581451207e+00
6.157982903686763265e+00
6.157982867789595360e+00
6.157745425974646025e+00
6.157982903686763265e+00
6.157982867789595360e+00
6.681106741810769023e+00
6.157982903686763265e+00
6.157982867789595360e+00
6.157745425974646025e+00
6.681383781191631677e+00
6.681304627937119989e+00
6.681106741810769023e+00
6.157982903686763265e+00
6.157982867789595360e+00
6.681106741810769023e+00
6.157982903686763265e+00
6.157982867789595360e+00
6.157745425974646025e+00
6.157982903686763265e+00
6.157982867789595360e+00
6.157745425974646025e+00
6.157982903686763265e+00
6.157982867789595360e+00
6.157745425974646025e+00
6.157982903686763265e+00
6.157982867789595360e+00
6.157745425974646025e+00
6.681383781191631677e+00
6.681304627937119989e+00
6.681106741810769023e+00
5.634107070757661262e+00
5.634186224012172062e+00
5.633909190614171614e+00
6.157982903686763265e+00
6.157982867789595360e+00
6.157745425974646025e+00
6.157982903686763265e+00
6.157982867789595360e+00
6.681106741810769023e+00
6.681383781191631677e+00
6.681304627937119989e+00
6.681106741810769023e+00
6.681383781191631677e+00
6.681304627937119989e+00
6.681106741810769023e+00
6.681383781191631677e+00
6.681304627937119989e+00
6.681106741810769023e+00
7.205259614120732792e+00
7.205101271714543287e+00
7.728304293007367320e+00
6.032355298291454559e+00
5.833308729216232891e+00
5.708946475461818437e+00
5.529882859357353908e+00
5.833308729216232891e+00
5.708946475461818437e+00
6.032355298291454559e+00
6.266415016106325453e+00
5.708946475461818437e+00
6.535283701326220829e+00
6.699914321405573858e+00
6.606951450365490253e+00
5.529882859357353908e+00
5.833308729216232891e+00
5.708946475461818437e+00
6.032355298291454559e+00
6.266415016106325453e+00
6.157948962913654789e+00
6.535283701326220829e+00
6.699914321405573858e+00
6.606951450365490253e+00
6.535283701326220829e+00
6.266415016106325453e+00
6.157948962913654789e+00
6.535283701326220829e+00
6.699914321405573858e+00
6.157948962913654789e+00
5.529882859357353908e+00
5.833308729216232891e+00
5.708946475461818437e+00
6.535283701326220829e+00
6.699914321405573858e+00
6.606951450365490253e+00
6.032355298291454559e+00
6.266415016106325453e+00
5.708946475461818437e+00
6.535283701326220829e+00
6.699914321405573858e+00
6.157948962913654789e+00
7.037756140260320592e+00
7.133020608295666420e+00
7.055546863939309077e+00
6.535283701326220829e+00
6.699914321405573858e+00
6.157948962913654789e+00
6.032355298291454559e+00
6.266415016106325453e+00
6.157948962913654789e+00
6.032355298291454559e+00
5.833308729216232891e+00
5.708946475461818437e+00
6.535283701326220829e+00
6.699914321405573858e+00
6.606951450365490253e+00
7.037756140260320592e+00
6.699914321405573858e+00
6.606951450365490253e+00
6.032355298291454559e+00
6.266415016106325453e+00
6.157948962913654789e+00
6.032355298291454559e+00
6.266415016106325453e+00
6.157948962913654789e+00
6.032355298291454559e+00
6.266415016106325453e+00
6.157948962913654789e+00
5.529882859357353908e+00
5.833308729216232891e+00
5.260351061887999613e+00
7.037756140260320592e+00
7.133020608295666420e+00
7.055546863939309077e+00
6.535283701326220829e+00
6.699914321405573858e+00
6.157948962913654789e+00
6.032355298291454559e+00
6.266415016106325453e+00
5.708946475461818437e+00
5.529882859357353908e+00
5.833308729216232891e+00
5.708946475461818437e+00
6.032355298291454559e+00
5.833308729216232891e+00
5.708946475461818437e+00
6.535283701326220829e+00
6.266415016106325453e+00
6.157948962913654789e+00
6.535283701326220829e+00
6.699914321405573858e+00
6.157948962913654789e+00
7.037756140260320592e+00
6.699914321405573858e+00
6.606951450365490253e+00
5.529882859357353908e+00
5.833308729216232891e+00
5.708946475461818437e+00
6.032355298291454559e+00
6.266415016106325453e+00
6.157948962913654789e+00
6.535283701326220829e+00
6.266415016106325453e+00
6.157948962913654789e+00
7.037756140260320592e+00
6.699914321405573858e+00
6.606951450365490253e+00
6.032355298291454559e+00
6.266415016106325453e+00
6.157948962913654789e+00
6.535283701326220829e+00
6.699914321405573858e+00
6.606951450365490253e+00
6.535283701326220829e+00
6.699914321405573858e+00
6.157948962913654789e+00
7.037756140260320592e+00
7.133020608295666420e+00
7.055546863939309077e+00
6.032355298291454559e+00
6.266415016106325453e+00
5.708946475461818437e+00
6.641556394258274487e+00
6.641235965518324846e+00
6.640865033043576560e+00
6.157964642543873879e+00
6.158183767352293003e+00
6.157745425974646025e+00
6.641556394258274487e+00
6.641235965518324846e+00
6.640865033043576560e+00
5.674811323967926313e+00
5.674693227808614182e+00
5.674625818905716379e+00
6.641556394258274487e+00
6.641235965518324846e+00
6.640865033043576560e+00
6.157964642543873879e+00
6.158183767352293003e+00
6.157745425974646025e+00
6.157964642543873879e+00
6.158183767352293003e+00
6.157745425974646025e+00
6.157964642543873879e+00
6.158183767352293003e+00
6.157745425974646025e+00
6.157964642543873879e+00
6.158183767352293003e+00
6.157745425974646025e+00
6.157964642543873879e+00
6.158183767352293003e+00
6.157745425974646025e+00
6.157964642543873879e+00
6.158183767352293003e+00
6.157745425974646025e+00
6.641556394258274487e+00
6.641235965518324846e+00
6.640865033043576560e+00
6.641556394258274487e+00
6.641235965518324846e+00
6.640865033043576560e+00
6.157964642543873879e+00
6.158183767352293003e+00
6.157745425974646025e+00
6.157964642543873879e+00
6.158183767352293003e+00
6.157745425974646025e+00
6.157964642543873879e+00
6.158183767352293003e+00
6.157745425974646025e+00
5.674811323967926313e+00
5.674693227808614182e+00
5.674625818905716379e+00
6.157964642543873879e+00
6.158183767352293003e+00
6.157745425974646025e+00
6.641556394258274487e+00
6.641235965518324846e+00
6.640865033043576560e+00
6.641556394258274487e+00
6.641235965518324846e+00
6.640865033043576560e+00
7.124709712834222941e+00
7.124726505062003667e+00
7.124423042659755012e+00
6.641556394258274487e+00
6.641235965518324846e+00
6.640865033043576560e+00
5.674811323967926313e+00
5.674693227808614182e+00
5.674625818905716379e+00
5.674811323967926313e+00
5.674693227808614182e+00
5.674625818905716379e+00
6.641556394258274487e+00
6.641235965518324846e+00
6.640865033043576560e+00
6.641556394258274487e+00
6.641235965518324846e+00
6.640865033043576560e+00
6.157964642543873879e+00
6.158183767352293003e+00
6.157745425974646025e+00
6.641556394258274487e+00
6.641235965518324846e+00
6.640865033043576560e+00
6.157964642543873879e+00
6.158183767352293003e+00
6.157745425974646025e+00
7.124709712834222941e+00
7.124726505062003667e+00
7.124423042659755012e+00
6.157964642543873879e+00
6.158183767352293003e+00
6.157745425974646025e+00
5.674811323967926313e+00
5.674693227808614182e+00
5.674625818905716379e+00
6.157964642543873879e+00
6.158183767352293003e+00
6.157745425974646025e+00
6.157964642543873879e+00
6.158183767352293003e+00
6.157745425974646025e+00
6.157964642543873879e+00
6.158183767352293003e+00
6.157745425974646025e+00
6.157964642543873879e+00
6.158183767352293003e+00
6.157745425974646025e+00
6.641556394258274487e+00
6.641235965518324846e+00
6.640865033043576560e+00
6.157964642543873879e+00
6.158183767352293003e+00
6.157745425974646025e+00
6.157964642543873879e+00
6.158183767352293003e+00
6.157745425974646025e+00
5.674811323967926313e+00
5.674693227808614182e+00
5.674625818905716379e+00
6.266428612551759869e+00
5.709586121543140713e+00
6.032373494507922373e+00
5.832875068990978740e+00
5.709586121543140713e+00
5.529518074843209341e+00
5.832875068990978740e+00
5.709586121543140713e+00
6.032373494507922373e+00
5.832875068990978740e+00
5.709586121543140713e+00
5.529518074843209341e+00
6.266428612551759869e+00
5.709586121543140713e+00
6.032373494507922373e+00
6.699982156112540110e+00
6.158152473480942746e+00
6.534773016240030152e+00
6.266428612551759869e+00
6.158152473480942746e+00
6.032373494507922373e+00
5.832875068990978740e+00
5.260612722099043737e+00
5.529518074843209341e+00
6.266428612551759869e+00
5.709586121543140713e+00
6.032373494507922373e+00
7.566696175651545175e+00
7.055692224862841755e+00
7.540027957636851852e+00
6.266428612551759869e+00
6.158152473480942746e+00
6.534773016240030152e+00
6.266428612551759869e+00
6.158152473480942746e+00
6.032373494507922373e+00
6.266428612551759869e+00
5.709586121543140713e+00
6.032373494507922373e+00
6.266428612551759869e+00
6.158152473480942746e+00
6.032373494507922373e+00
6.699982156112540110e+00
6.158152473480942746e+00
6.534773016240030152e+00
6.266428612551759869e+00
5.709586121543140713e+00
6.032373494507922373e+00
6.266428612551759869e+00
5.709586121543140713e+00
6.032373494507922373e+00
6.699982156112540110e+00
6.158152473480942746e+00
6.534773016240030152e+00
5.832875068990978740e+00
5.709586121543140713e+00
6.032373494507922373e+00
6.266428612551759869e+00
6.158152473480942746e+00
6.032373494507922373e+00
6.266428612551759869e+00
6.158152473480942746e+00
6.534773016240030152e+00
6.266428612551759869e+00
6.158152473480942746e+00
6.534773016240030152e+00
7.133142632090764934e+00
7.055692224862841755e+00
7.037172537972137931e+00
6.266428612551759869e+00
6.158152473480942746e+00
6.032373494507922373e+00
6.699982156112540110e+00
6.607125872925038834e+00
6.534773016240030152e+00
6.699982156112540110e+00
6.158152473480942746e+00
6.534773016240030152e+00
6.266428612551759869e+00
5.709586121543140713e+00
6.032373494507922373e+00
6.266428612551759869e+00
6.158152473480942746e+00
6.534773016240030152e+00
6.266428612551759869e+00
5.709586121543140713e+00
6.032373494507922373e+00
7.133142632090764934e+00
6.607125872925038834e+00
7.037172537972137931e+00
5.832875068990978740e+00
5.709586121543140713e+00
5.529518074843209341e+00
6.266428612551759869e+00
6.158152473480942746e+00
6.534773016240030152e+00
6.266428612551759869e+00
6.158152473480942746e+00
6.032373494507922373e+00
6.266428612551759869e+00
6.158152473480942746e+00
6.032373494507922373e+00
6.266428612551759869e+00
6.158152473480942746e+00
6.032373494507922373e+00
6.699982156112540110e+00
6.158152473480942746e+00
6.534773016240030152e+00
6.266428612551759869e+00
6.158152473480942746e+00
6.032373494507922373e+00
6.266428612551759869e+00
6.158152473480942746e+00
6.534773016240030152e+00
6.699982156112540110e+00
6.607125872925038834e+00
6.534773016240030152e+00
5.832875068990978740e+00
5.709586121543140713e+00
6.032373494507922373e+00
