7.407437488397226488e+00
6.642568425893533579e+00
7.017034534962347081e+00
7.407437488397226488e+00
6.642568425893533579e+00
7.017034534962347081e+00
7.407437488397226488e+00
6.642568425893533579e+00
6.470433589002958286e+00
7.407437488397226488e+00
6.177366181301225723e+00
6.470433589002958286e+00
6.689368472001921972e+00
5.246539548518977192e+00
5.377727255512068538e+00
7.048240152758214805e+00
6.177366181301225723e+00
5.924328201471457334e+00
7.407437488397226488e+00
6.642568425893533579e+00
7.017034534962347081e+00
7.766309169153517544e+00
7.108192814083475142e+00
7.563139922493848033e+00
6.689368472001921972e+00
5.711741793111285048e+00
5.924328201471457334e+00
7.407437488397226488e+00
6.642568425893533579e+00
7.017034534962347081e+00
7.048240152758214805e+00
6.177366181301225723e+00
6.470433589002958286e+00
3.817092406420707906e+00
nan
7.017034534962347081e+00
6.689368472001921972e+00
5.711741793111285048e+00
5.924328201471457334e+00
6.689368472001921972e+00
5.711741793111285048e+00
5.924328201471457334e+00
7.048240152758214805e+00
6.177366181301225723e+00
5.924328201471457334e+00
7.407437488397226488e+00
6.642568425893533579e+00
6.470433589002958286e+00
7.407437488397226488e+00
6.642568425893533579e+00
7.017034534962347081e+00
7.407437488397226488e+00
6.177366181301225723e+00
6.470433589002958286e+00
7.048240152758214805e+00
6.177366181301225723e+00
6.470433589002958286e+00
7.048240152758214805e+00
6.177366181301225723e+00
5.924328201471457334e+00
7.048240152758214805e+00
6.177366181301225723e+00
5.924328201471457334e+00
7.048240152758214805e+00
6.177366181301225723e+00
5.924328201471457334e+00
6.330171136362911177e+00
5.246539548518977192e+00
4.831621867980567586e+00
7.048240152758214805e+00
6.177366181301225723e+00
6.470433589002958286e+00
7.048240152758214805e+00
6.177366181301225723e+00
6.470433589002958286e+00
3.099023390025404279e+00
7.108192814083475142e+00
7.017034534962347081e+00
7.048240152758214805e+00
6.177366181301225723e+00
6.470433589002958286e+00
6.330171136362911177e+00
5.246539548518977192e+00
5.377727255512068538e+00
7.407437488397226488e+00
6.642568425893533579e+00
6.470433589002958286e+00
3.457895070781696667e+00
7.108192814083475142e+00
7.563139922493848033e+00
7.048240152758214805e+00
6.177366181301225723e+00
5.924328201471457334e+00
3.457895070781696667e+00
7.573395058675782110e+00
8.109245310025348985e+00
7.048240152758214805e+00
6.177366181301225723e+00
5.924328201471457334e+00
7.407437488397226488e+00
6.642568425893533579e+00
6.470433589002958286e+00
6.330171136362911177e+00
5.246539548518977192e+00
4.831621867980567586e+00
7.048240152758214805e+00
5.711741793111285048e+00
5.924328201471457334e+00
7.048240152758214805e+00
6.177366181301225723e+00
6.470433589002958286e+00
6.689368472001921972e+00
5.711741793111285048e+00
5.924328201471457334e+00
6.689368472001921972e+00
5.711741793111285048e+00
5.924328201471457334e+00
7.407437488397226488e+00
6.642568425893533579e+00
7.017034534962347081e+00
6.285544771829528088e+00
6.060854548354331683e+00
6.061073734334488705e+00
6.285544771829528088e+00
6.060854548354331683e+00
6.061073734334488705e+00
7.183084523211427097e+00
7.027532165039440670e+00
7.027245534866395360e+00
6.285544771829528088e+00
6.060854548354331683e+00
6.061073734334488705e+00
7.183084523211427097e+00
7.027532165039440670e+00
7.027245534866395360e+00
6.285544771829528088e+00
6.060854548354331683e+00
6.061073734334488705e+00
6.734111123767330120e+00
6.544412557970511912e+00
6.544159634600442033e+00
6.734111123767330120e+00
6.544412557970511912e+00
6.544159634600442033e+00
8.080624274593326106e+00
7.994209781724551434e+00
7.994294079318928326e+00
6.734111123767330120e+00
6.544412557970511912e+00
6.544159634600442033e+00
6.734111123767330120e+00
6.544412557970511912e+00
6.544159634600442033e+00
7.183084523211427097e+00
7.027532165039440670e+00
7.027245534866395360e+00
6.285544771829528088e+00
6.060854548354331683e+00
6.061073734334488705e+00
7.183084523211427097e+00
7.027532165039440670e+00
7.027245534866395360e+00
6.285544771829528088e+00
6.060854548354331683e+00
6.061073734334488705e+00
6.285544771829528088e+00
6.060854548354331683e+00
6.061073734334488705e+00
7.183084523211427097e+00
7.027532165039440670e+00
7.027245534866395360e+00
6.285544771829528088e+00
6.060854548354331683e+00
6.061073734334488705e+00
4.939031621003532990e+00
3.160821698299003835e+00
5.577549462108222222e+00
6.734111123767330120e+00
6.544412557970511912e+00
6.544159634600442033e+00
6.285544771829528088e+00
6.060854548354331683e+00
6.061073734334488705e+00
6.285544771829528088e+00
6.060854548354331683e+00
6.061073734334488705e+00
7.183084523211427097e+00
7.027532165039440670e+00
7.027245534866395360e+00
6.285544771829528088e+00
6.060854548354331683e+00
6.061073734334488705e+00
6.734111123767330120e+00
6.544412557970511912e+00
6.544159634600442033e+00
6.734111123767330120e+00
6.544412557970511912e+00
6.544159634600442033e+00
6.285544771829528088e+00
6.060854548354331683e+00
6.061073734334488705e+00
7.183084523211427097e+00
7.027532165039440670e+00
7.027245534866395360e+00
7.631650875149228241e+00
7.511090174655620899e+00
7.510769807092660955e+00
7.183084523211427097e+00
7.027532165039440670e+00
7.027245534866395360e+00
6.285544771829528088e+00
6.060854548354331683e+00
6.061073734334488705e+00
6.285544771829528088e+00
6.544412557970511912e+00
6.544159634600442033e+00
6.285544771829528088e+00
6.060854548354331683e+00
6.061073734334488705e+00
6.734111123767330120e+00
7.027532165039440670e+00
7.027245534866395360e+00
6.734111123767330120e+00
6.544412557970511912e+00
6.544159634600442033e+00
6.285544771829528088e+00
6.060854548354331683e+00
6.061073734334488705e+00
5.387597972941334135e+00
4.611057324600293050e+00
8.477379979584881653e+00
6.285544771829528088e+00
6.060854548354331683e+00
6.061073734334488705e+00
6.734111123767330120e+00
6.544412557970511912e+00
6.544159634600442033e+00
6.734111123767330120e+00
6.544412557970511912e+00
6.544159634600442033e+00
3.084837790576021810e+00
6.169524138486011111e+00
5.935245553932448459e+00
3.084837790576021810e+00
6.169524138486011111e+00
5.935245553932448459e+00
7.383811955014740747e+00
6.169524138486011111e+00
5.935245553932448459e+00
3.084837790576021810e+00
6.169524138486011111e+00
5.935245553932448459e+00
7.053260076057757288e+00
6.169524138486011111e+00
5.935245553932448459e+00
7.053260076057757288e+00
6.169524138486011111e+00
5.935245553932448459e+00
7.053260076057757288e+00
5.736024833186762706e+00
5.432809576244914673e+00
3.415389669533003936e+00
6.602630425376103673e+00
6.437681531619983133e+00
7.053260076057757288e+00
5.736024833186762706e+00
5.432809576244914673e+00
7.714663790304713942e+00
6.602630425376103673e+00
6.437681531619983133e+00
3.084837790576021810e+00
6.169524138486011111e+00
5.935245553932448459e+00
7.053260076057757288e+00
5.736024833186762706e+00
5.432809576244914673e+00
7.053260076057757288e+00
5.736024833186762706e+00
5.432809576244914673e+00
3.415389669533003936e+00
6.602630425376103673e+00
6.437681531619983133e+00
7.053260076057757288e+00
5.736024833186762706e+00
5.432809576244914673e+00
7.053260076057757288e+00
5.736024833186762706e+00
5.432809576244914673e+00
7.053260076057757288e+00
5.736024833186762706e+00
5.432809576244914673e+00
7.053260076057757288e+00
6.169524138486011111e+00
5.935245553932448459e+00
3.415389669533003936e+00
6.602630425376103673e+00
6.437681531619983133e+00
7.383811955014740747e+00
6.169524138486011111e+00
5.935245553932448459e+00
7.053260076057757288e+00
5.736024833186762706e+00
5.432809576244914673e+00
7.714663790304713942e+00
6.602630425376103673e+00
6.437681531619983133e+00
6.061004526520827440e+00
5.736024833186762706e+00
4.427481689855611080e+00
6.722408240767784093e+00
5.302918546296670144e+00
4.929917667543145754e+00
7.383811955014740747e+00
6.602630425376103673e+00
5.935245553932448459e+00
8.045215669261695624e+00
7.036129730675352079e+00
6.940573440321751164e+00
6.391856361810802412e+00
4.869419240997422627e+00
4.929917667543145754e+00
7.383811955014740747e+00
6.169524138486011111e+00
5.935245553932448459e+00
7.053260076057757288e+00
5.736024833186762706e+00
5.432809576244914673e+00
7.714663790304713942e+00
6.602630425376103673e+00
6.437681531619983133e+00
3.746241504822978019e+00
7.036129730675352079e+00
6.940573440321751164e+00
6.722408240767784093e+00
5.302918546296670144e+00
4.929917667543145754e+00
7.053260076057757288e+00
5.736024833186762706e+00
5.432809576244914673e+00
7.053260076057757288e+00
5.736024833186762706e+00
5.432809576244914673e+00
7.053260076057757288e+00
5.736024833186762706e+00
5.432809576244914673e+00
3.084837790576021810e+00
6.169524138486011111e+00
5.935245553932448459e+00
7.383811955014740747e+00
6.169524138486011111e+00
5.935245553932448459e+00
3.084837790576021810e+00
6.169524138486011111e+00
5.935245553932448459e+00
7.383811955014740747e+00
6.602630425376103673e+00
6.437681531619983133e+00
7.383811955014740747e+00
6.602630425376103673e+00
6.437681531619983133e+00
7.902654019732009871e+00
6.744283522845628376e+00
6.632500602148764912e+00
7.902654019732009871e+00
6.744283522845628376e+00
6.632500602148764912e+00
4.436014809840607143e+00
7.837076045509375533e+00
6.632500602148764912e+00
7.035994217259158745e+00
6.197639462755780926e+00
5.489726524513496742e+00
7.469520639992742517e+00
6.197639462755780926e+00
6.061113563331129939e+00
7.035994217259158745e+00
5.651491000181881219e+00
5.489726524513496742e+00
7.469520639992742517e+00
6.197639462755780926e+00
6.061113563331129939e+00
7.469520639992742517e+00
6.744283522845628376e+00
6.061113563331129939e+00
7.035994217259158745e+00
6.197639462755780926e+00
5.489726524513496742e+00
7.035994217259158745e+00
5.651491000181881219e+00
5.489726524513496742e+00
7.035994217259158745e+00
6.197639462755780926e+00
5.489726524513496742e+00
3.569355007367756460e+00
7.290927582935475826e+00
7.203369611012801599e+00
3.136221627628490882e+00
6.744283522845628376e+00
6.632500602148764912e+00
3.136221627628490882e+00
6.744283522845628376e+00
6.632500602148764912e+00
7.035994217259158745e+00
5.651491000181881219e+00
5.489726524513496742e+00
6.602860837519893167e+00
5.651491000181881219e+00
4.918857515649460055e+00
7.469520639992742517e+00
6.197639462755780926e+00
6.061113563331129939e+00
7.469520639992742517e+00
6.197639462755780926e+00
6.061113563331129939e+00
7.035994217259158745e+00
5.651491000181881219e+00
5.489726524513496742e+00
7.035994217259158745e+00
6.197639462755780926e+00
6.061113563331129939e+00
7.469520639992742517e+00
6.197639462755780926e+00
6.061113563331129939e+00
7.469520639992742517e+00
6.197639462755780926e+00
6.061113563331129939e+00
7.035994217259158745e+00
5.651491000181881219e+00
5.489726524513496742e+00
7.035994217259158745e+00
5.651491000181881219e+00
5.489726524513496742e+00
7.035994217259158745e+00
6.197639462755780926e+00
5.489726524513496742e+00
7.035994217259158745e+00
5.651491000181881219e+00
5.489726524513496742e+00
7.469520639992742517e+00
6.197639462755780926e+00
6.061113563331129939e+00
7.035994217259158745e+00
6.197639462755780926e+00
6.061113563331129939e+00
7.035994217259158745e+00
5.651491000181881219e+00
5.489726524513496742e+00
7.035994217259158745e+00
6.197639462755780926e+00
5.489726524513496742e+00
3.136221627628490882e+00
6.744283522845628376e+00
6.632500602148764912e+00
7.469520639992742517e+00
6.197639462755780926e+00
6.061113563331129939e+00
3.136221627628490882e+00
6.744283522845628376e+00
6.061113563331129939e+00
7.469520639992742517e+00
6.197639462755780926e+00
6.061113563331129939e+00
7.035994217259158745e+00
5.651491000181881219e+00
5.489726524513496742e+00
3.136221627628490882e+00
6.744283522845628376e+00
6.632500602148764912e+00
7.469520639992742517e+00
6.197639462755780926e+00
6.061113563331129939e+00
7.902654019732009871e+00
6.744283522845628376e+00
6.632500602148764912e+00
6.602860837519893167e+00
5.651491000181881219e+00
4.918857515649460055e+00
3.136221627628490882e+00
6.744283522845628376e+00
6.061113563331129939e+00
7.060475759617773406e+00
5.944546172883796942e+00
6.061261648607485952e+00
7.060475759617773406e+00
5.944546172883796942e+00
6.061261648607485952e+00
6.774758683685258021e+00
5.478890499039875905e+00
5.612230069378570718e+00
7.060475759617773406e+00
5.944546172883796942e+00
6.061261648607485952e+00
6.774758683685258021e+00
5.478890499039875905e+00
5.612230069378570718e+00
3.062249950897583783e+00
5.944546172883796942e+00
6.061261648607485952e+00
6.489300644086316794e+00
5.013656997157734274e+00
5.163198490149655484e+00
6.489300644086316794e+00
5.013656997157734274e+00
5.163198490149655484e+00
6.774758683685258021e+00
5.478890499039875905e+00
5.612230069378570718e+00
6.774758683685258021e+00
5.478890499039875905e+00
5.163198490149655484e+00
6.774758683685258021e+00
5.478890499039875905e+00
5.612230069378570718e+00
3.062249950897583783e+00
5.944546172883796942e+00
6.061261648607485952e+00
6.774758683685258021e+00
5.478890499039875905e+00
5.612230069378570718e+00
3.062249950897583783e+00
5.944546172883796942e+00
6.061261648607485952e+00
7.060475759617773406e+00
5.944546172883796942e+00
6.061261648607485952e+00
6.774758683685258021e+00
5.478890499039875905e+00
5.612230069378570718e+00
6.203583568153802297e+00
4.548001323313812350e+00
4.714574011173892742e+00
6.489300644086316794e+00
5.013656997157734274e+00
5.163198490149655484e+00
6.489300644086316794e+00
5.013656997157734274e+00
5.163198490149655484e+00
7.060475759617773406e+00
5.944546172883796942e+00
6.061261648607485952e+00
6.774758683685258021e+00
5.013656997157734274e+00
5.163198490149655484e+00
6.489300644086316794e+00
5.013656997157734274e+00
5.163198490149655484e+00
7.060475759617773406e+00
5.944546172883796942e+00
6.061261648607485952e+00
6.774758683685258021e+00
5.478890499039875905e+00
5.612230069378570718e+00
3.062249950897583783e+00
5.944546172883796942e+00
6.061261648607485952e+00
7.060475759617773406e+00
5.944546172883796942e+00
6.061261648607485952e+00
3.062249950897583783e+00
5.944546172883796942e+00
6.061261648607485952e+00
6.774758683685258021e+00
5.478890499039875905e+00
5.612230069378570718e+00
6.774758683685258021e+00
5.478890499039875905e+00
5.612230069378570718e+00
6.489300644086316794e+00
5.013656997157734274e+00
5.163198490149655484e+00
6.489300644086316794e+00
5.013656997157734274e+00
5.163198490149655484e+00
6.203583568153802297e+00
4.548001323313812350e+00
4.714574011173892742e+00
3.062249950897583783e+00
5.944546172883796942e+00
6.061261648607485952e+00
6.489300644086316794e+00
5.013656997157734274e+00
4.714574011173892742e+00
6.774758683685258021e+00
5.478890499039875905e+00
5.612230069378570718e+00
6.774758683685258021e+00
5.478890499039875905e+00
5.163198490149655484e+00
6.774758683685258021e+00
5.478890499039875905e+00
5.163198490149655484e+00
3.062249950897583783e+00
5.944546172883796942e+00
6.061261648607485952e+00
7.060475759617773406e+00
5.944546172883796942e+00
6.061261648607485952e+00
4.204600181960494787e+00
7.340668850491999464e+00
7.856573765016840127e+00
6.453375535231424820e+00
5.911306595686689036e+00
5.684282856021555475e+00
6.846252711751780851e+00
5.911306595686689036e+00
5.684282856021555475e+00
2.919261894764539012e+00
7.108233040812475423e+00
6.689537797418376286e+00
6.846252711751780851e+00
5.911306595686689036e+00
5.684282856021555475e+00
6.453375535231424820e+00
5.911306595686689036e+00
5.684282856021555475e+00
6.453375535231424820e+00
5.911306595686689036e+00
5.684282856021555475e+00
2.919261894764539012e+00
7.108233040812475423e+00
6.689537797418376286e+00
6.846252711751780851e+00
5.911306595686689036e+00
6.186682377753662365e+00
2.919261894764539012e+00
6.510041230141901281e+00
6.689537797418376286e+00
6.846252711751780851e+00
5.911306595686689036e+00
6.186682377753662365e+00
2.919261894764539012e+00
6.510041230141901281e+00
6.689537797418376286e+00
6.846252711751780851e+00
5.911306595686689036e+00
6.186682377753662365e+00
6.846252711751780851e+00
5.911306595686689036e+00
5.684282856021555475e+00
6.846252711751780851e+00
6.510041230141901281e+00
6.186682377753662365e+00
6.453375535231424820e+00
5.313114785016113117e+00
5.181427436356841554e+00
6.846252711751780851e+00
6.510041230141901281e+00
6.186682377753662365e+00
7.631650875149228241e+00
7.108233040812475423e+00
7.191937319150483177e+00
6.453375535231424820e+00
5.911306595686689036e+00
5.684282856021555475e+00
7.238773698628872211e+00
7.108233040812475423e+00
6.689537797418376286e+00
6.846252711751780851e+00
6.510041230141901281e+00
6.186682377753662365e+00
6.846252711751780851e+00
5.911306595686689036e+00
5.684282856021555475e+00
6.846252711751780851e+00
5.911306595686689036e+00
6.186682377753662365e+00
6.453375535231424820e+00
5.911306595686689036e+00
5.684282856021555475e+00
6.846252711751780851e+00
5.911306595686689036e+00
5.684282856021555475e+00
6.846252711751780851e+00
5.911306595686689036e+00
6.186682377753662365e+00
5.667977371833975653e+00
4.116188339890326731e+00
4.176172494960019854e+00
6.846252711751780851e+00
5.911306595686689036e+00
6.186682377753662365e+00
7.238773698628872211e+00
6.510041230141901281e+00
6.186682377753662365e+00
6.846252711751780851e+00
5.911306595686689036e+00
5.684282856021555475e+00
7.238773698628872211e+00
6.510041230141901281e+00
6.186682377753662365e+00
6.846252711751780851e+00
5.911306595686689036e+00
6.186682377753662365e+00
6.453375535231424820e+00
5.911306595686689036e+00
5.684282856021555475e+00
7.238773698628872211e+00
7.108233040812475423e+00
6.689537797418376286e+00
6.846252711751780851e+00
5.911306595686689036e+00
5.684282856021555475e+00
2.919261894764539012e+00
7.108233040812475423e+00
6.689537797418376286e+00
6.846252711751780851e+00
6.510041230141901281e+00
6.186682377753662365e+00
6.453375535231424820e+00
5.911306595686689036e+00
5.684282856021555475e+00
6.453375535231424820e+00
5.911306595686689036e+00
5.684282856021555475e+00
6.846252711751780851e+00
5.911306595686689036e+00
6.186682377753662365e+00
7.238773698628872211e+00
6.510041230141901281e+00
6.186682377753662365e+00
6.759144555660181908e+00
6.162338580703440982e+00
5.944968344845577235e+00
7.108052099550929981e+00
6.162338580703440982e+00
5.944968344845577235e+00
6.759144555660181908e+00
5.757137842845768461e+00
5.479734842963436492e+00
7.108052099550929981e+00
6.162338580703440982e+00
5.944968344845577235e+00
7.108052099550929981e+00
6.162338580703440982e+00
5.944968344845577235e+00
7.108052099550929981e+00
6.162338580703440982e+00
5.944968344845577235e+00
7.108052099550929981e+00
6.162338580703440982e+00
5.944968344845577235e+00
7.108052099550929981e+00
6.162338580703440982e+00
5.944968344845577235e+00
6.759144555660181908e+00
5.757137842845768461e+00
5.479734842963436492e+00
7.806183800348662771e+00
6.973107752188166586e+00
6.875857520571639903e+00
7.456959643441678054e+00
6.567907014330494064e+00
6.410624018689498271e+00
7.456959643441678054e+00
6.567907014330494064e+00
6.410624018689498271e+00
6.759144555660181908e+00
5.757137842845768461e+00
5.479734842963436492e+00
6.759144555660181908e+00
5.757137842845768461e+00
5.479734842963436492e+00
7.456959643441678054e+00
6.567907014330494064e+00
6.410624018689498271e+00
6.409920398753198079e+00
5.351569409218715379e+00
5.014079169119515456e+00
6.759144555660181908e+00
6.162338580703440982e+00
5.944968344845577235e+00
6.409920398753198079e+00
5.757137842845768461e+00
5.479734842963436492e+00
6.759144555660181908e+00
5.757137842845768461e+00
5.479734842963436492e+00
7.108052099550929981e+00
6.162338580703440982e+00
5.944968344845577235e+00
7.108052099550929981e+00
6.162338580703440982e+00
5.944968344845577235e+00
7.456959643441678054e+00
6.567907014330494064e+00
6.410624018689498271e+00
7.108052099550929981e+00
6.162338580703440982e+00
5.944968344845577235e+00
6.759144555660181908e+00
5.757137842845768461e+00
5.479734842963436492e+00
7.108052099550929981e+00
6.567907014330494064e+00
6.410624018689498271e+00
6.759144555660181908e+00
5.757137842845768461e+00
5.479734842963436492e+00
7.456959643441678054e+00
6.567907014330494064e+00
6.410624018689498271e+00
6.409920398753198079e+00
5.351569409218715379e+00
5.014079169119515456e+00
6.759144555660181908e+00
5.757137842845768461e+00
5.479734842963436492e+00
7.456959643441678054e+00
6.567907014330494064e+00
6.410624018689498271e+00
7.456959643441678054e+00
6.567907014330494064e+00
6.410624018689498271e+00
6.759144555660181908e+00
5.757137842845768461e+00
5.479734842963436492e+00
7.456959643441678054e+00
6.567907014330494064e+00
6.410624018689498271e+00
7.806183800348662771e+00
6.973107752188166586e+00
6.875857520571639903e+00
6.759144555660181908e+00
5.757137842845768461e+00
5.479734842963436492e+00
6.409920398753198079e+00
5.351569409218715379e+00
5.014079169119515456e+00
6.759144555660181908e+00
5.757137842845768461e+00
5.479734842963436492e+00
7.108052099550929981e+00
6.162338580703440982e+00
5.944968344845577235e+00
7.806183800348662771e+00
6.973107752188166586e+00
6.875857520571639903e+00
7.108052099550929981e+00
6.162338580703440982e+00
5.944968344845577235e+00
6.615154655350087509e+00
5.537018312993857272e+00
6.060854548354331683e+00
6.984911545592796145e+00
6.060854548354331683e+00
6.584215864190454681e+00
6.984911545592796145e+00
6.060854548354331683e+00
6.584215864190454681e+00
6.984911545592796145e+00
6.060854548354331683e+00
6.060854548354331683e+00
6.984911545592796145e+00
6.584215864190454681e+00
6.584215864190454681e+00
6.245732993475686001e+00
5.013656997157734274e+00
5.013656997157734274e+00
6.615154655350087509e+00
5.537018312993857272e+00
5.537018312993857272e+00
6.984911545592796145e+00
6.060854548354331683e+00
6.060854548354331683e+00
6.984911545592796145e+00
6.060854548354331683e+00
6.060854548354331683e+00
6.984911545592796145e+00
6.060854548354331683e+00
6.060854548354331683e+00
6.615154655350087509e+00
5.537018312993857272e+00
6.060854548354331683e+00
6.984911545592796145e+00
6.060854548354331683e+00
6.060854548354331683e+00
7.354333207467197653e+00
7.108052099550929981e+00
7.108052099550929981e+00
6.984911545592796145e+00
6.060854548354331683e+00
6.060854548354331683e+00
6.245732993475686001e+00
5.537018312993857272e+00
5.537018312993857272e+00
6.615154655350087509e+00
5.537018312993857272e+00
5.537018312993857272e+00
6.615154655350087509e+00
5.537018312993857272e+00
5.537018312993857272e+00
6.984911545592796145e+00
6.060854548354331683e+00
6.060854548354331683e+00
6.245732993475686001e+00
5.537018312993857272e+00
5.537018312993857272e+00
6.245732993475686001e+00
5.537018312993857272e+00
5.537018312993857272e+00
6.615154655350087509e+00
5.537018312993857272e+00
5.537018312993857272e+00
6.615154655350087509e+00
5.537018312993857272e+00
5.537018312993857272e+00
6.984911545592796145e+00
6.060854548354331683e+00
6.060854548354331683e+00
6.245732993475686001e+00
5.537018312993857272e+00
5.537018312993857272e+00
6.984911545592796145e+00
6.060854548354331683e+00
6.584215864190454681e+00
6.615154655350087509e+00
5.537018312993857272e+00
5.537018312993857272e+00
6.615154655350087509e+00
5.537018312993857272e+00
5.537018312993857272e+00
6.984911545592796145e+00
6.060854548354331683e+00
6.060854548354331683e+00
6.984911545592796145e+00
6.060854548354331683e+00
6.584215864190454681e+00
6.245732993475686001e+00
5.013656997157734274e+00
5.013656997157734274e+00
6.615154655350087509e+00
5.537018312993857272e+00
6.060854548354331683e+00
6.615154655350087509e+00
6.060854548354331683e+00
6.060854548354331683e+00
6.615154655350087509e+00
5.537018312993857272e+00
5.537018312993857272e+00
6.984911545592796145e+00
6.060854548354331683e+00
6.060854548354331683e+00
6.615154655350087509e+00
5.537018312993857272e+00
6.060854548354331683e+00
6.984911545592796145e+00
6.060854548354331683e+00
6.060854548354331683e+00
6.615154655350087509e+00
5.537018312993857272e+00
5.537018312993857272e+00
6.984911545592796145e+00
6.060854548354331683e+00
6.060854548354331683e+00
6.615154655350087509e+00
5.537018312993857272e+00
5.537018312993857272e+00
6.615154655350087509e+00
6.060854548354331683e+00
6.060854548354331683e+00
7.048240152758214805e+00
6.060854548354331683e+00
5.711741793111285048e+00
7.048240152758214805e+00
6.060854548354331683e+00
6.177366181301225723e+00
6.689368472001921972e+00
5.537493232518209574e+00
5.711741793111285048e+00
6.689368472001921972e+00
6.060854548354331683e+00
5.711741793111285048e+00
7.048240152758214805e+00
6.060854548354331683e+00
5.711741793111285048e+00
7.048240152758214805e+00
6.060854548354331683e+00
5.711741793111285048e+00
6.689368472001921972e+00
5.537493232518209574e+00
5.246539548518977192e+00
7.048240152758214805e+00
6.060854548354331683e+00
6.177366181301225723e+00
7.048240152758214805e+00
6.060854548354331683e+00
6.177366181301225723e+00
7.048240152758214805e+00
6.060854548354331683e+00
5.711741793111285048e+00
7.407437488397226488e+00
6.584690783714806983e+00
6.177366181301225723e+00
3.099023390025404279e+00
6.584690783714806983e+00
6.177366181301225723e+00
7.407437488397226488e+00
6.584690783714806983e+00
6.177366181301225723e+00
7.407437488397226488e+00
6.584690783714806983e+00
6.642568425893533579e+00
3.099023390025404279e+00
7.108052099550929981e+00
6.642568425893533579e+00
3.099023390025404279e+00
7.108052099550929981e+00
6.642568425893533579e+00
3.099023390025404279e+00
6.584690783714806983e+00
6.177366181301225723e+00
7.407437488397226488e+00
6.584690783714806983e+00
6.177366181301225723e+00
7.407437488397226488e+00
6.584690783714806983e+00
6.642568425893533579e+00
7.048240152758214805e+00
6.060854548354331683e+00
6.177366181301225723e+00
7.048240152758214805e+00
6.060854548354331683e+00
5.711741793111285048e+00
7.048240152758214805e+00
6.060854548354331683e+00
5.711741793111285048e+00
5.971299455606619233e+00
3.443098130125013867e+00
5.246539548518977192e+00
7.048240152758214805e+00
6.060854548354331683e+00
5.711741793111285048e+00
7.048240152758214805e+00
6.060854548354331683e+00
6.177366181301225723e+00
7.048240152758214805e+00
6.060854548354331683e+00
5.711741793111285048e+00
7.407437488397226488e+00
6.584690783714806983e+00
6.177366181301225723e+00
7.048240152758214805e+00
6.060854548354331683e+00
6.177366181301225723e+00
7.048240152758214805e+00
6.060854548354331683e+00
6.177366181301225723e+00
7.048240152758214805e+00
6.060854548354331683e+00
5.711741793111285048e+00
7.048240152758214805e+00
6.060854548354331683e+00
5.711741793111285048e+00
7.048240152758214805e+00
6.060854548354331683e+00
5.711741793111285048e+00
3.099023390025404279e+00
6.584690783714806983e+00
6.177366181301225723e+00
6.330171136362911177e+00
5.537493232518209574e+00
5.246539548518977192e+00
7.048240152758214805e+00
6.060854548354331683e+00
5.711741793111285048e+00
7.048240152758214805e+00
6.584690783714806983e+00
6.177366181301225723e+00
7.407437488397226488e+00
6.584690783714806983e+00
6.177366181301225723e+00
7.407437488397226488e+00
6.584690783714806983e+00
6.177366181301225723e+00
7.407437488397226488e+00
6.584690783714806983e+00
6.177366181301225723e+00
7.766309169153517544e+00
7.631888334911405281e+00
7.108192814083475142e+00
5.959927965943378148e+00
5.612637169631724987e+00
5.163721844478729395e+00
5.959927965943378148e+00
5.163605590402808865e+00
5.163721844478729395e+00
5.959927965943378148e+00
5.612637169631724987e+00
5.612288196416530539e+00
6.365104992598647371e+00
6.061261648607485952e+00
6.061261595860628404e+00
5.959927965943378148e+00
5.163605590402808865e+00
5.163721844478729395e+00
6.365104992598647371e+00
5.612637169631724987e+00
5.612288196416530539e+00
6.365104992598647371e+00
6.061261648607485952e+00
6.061261595860628404e+00
6.365104992598647371e+00
6.061261648607485952e+00
5.612288196416530539e+00
6.365104992598647371e+00
6.061261648607485952e+00
6.061261595860628404e+00
5.959927965943378148e+00
5.163605590402808865e+00
5.163721844478729395e+00
6.365104992598647371e+00
6.061261648607485952e+00
6.061261595860628404e+00
5.959927965943378148e+00
5.612637169631724987e+00
5.612288196416530539e+00
6.365104992598647371e+00
6.061261648607485952e+00
6.061261595860628404e+00
7.175826720162049810e+00
6.510293227836401186e+00
6.510234995304724492e+00
6.365104992598647371e+00
6.061261648607485952e+00
6.061261595860628404e+00
5.959927965943378148e+00
5.612637169631724987e+00
5.612288196416530539e+00
5.959927965943378148e+00
5.612637169631724987e+00
5.163721844478729395e+00
6.365104992598647371e+00
6.061261648607485952e+00
6.061261595860628404e+00
6.770649693506780586e+00
6.510293227836401186e+00
6.061261595860628404e+00
5.959927965943378148e+00
5.612637169631724987e+00
5.612288196416530539e+00
6.365104992598647371e+00
5.612637169631724987e+00
5.612288196416530539e+00
6.365104992598647371e+00
5.612637169631724987e+00
5.612288196416530539e+00
5.554383265035244932e+00
5.163605590402808865e+00
5.163721844478729395e+00
7.175826720162049810e+00
6.510293227836401186e+00
6.510234995304724492e+00
6.365104992598647371e+00
6.061261648607485952e+00
6.061261595860628404e+00
5.959927965943378148e+00
5.612637169631724987e+00
5.612288196416530539e+00
5.554383265035244932e+00
5.163605590402808865e+00
5.163721844478729395e+00
5.959927965943378148e+00
5.612637169631724987e+00
5.163721844478729395e+00
6.365104992598647371e+00
6.061261648607485952e+00
5.612288196416530539e+00
6.365104992598647371e+00
6.061261648607485952e+00
6.061261595860628404e+00
6.770649693506780586e+00
6.510293227836401186e+00
6.061261595860628404e+00
5.554383265035244932e+00
5.163605590402808865e+00
5.163721844478729395e+00
5.959927965943378148e+00
5.612637169631724987e+00
5.612288196416530539e+00
6.365104992598647371e+00
6.061261648607485952e+00
5.612288196416530539e+00
6.770649693506780586e+00
6.510293227836401186e+00
6.061261595860628404e+00
6.365104992598647371e+00
5.612637169631724987e+00
5.612288196416530539e+00
6.365104992598647371e+00
6.061261648607485952e+00
6.061261595860628404e+00
6.365104992598647371e+00
6.061261648607485952e+00
6.061261595860628404e+00
6.770649693506780586e+00
6.510293227836401186e+00
6.510234995304724492e+00
5.959927965943378148e+00
5.612637169631724987e+00
5.612288196416530539e+00
7.108512659221604579e+00
6.544598006560756076e+00
6.544598006560756076e+00
6.727514671655959511e+00
6.061073734334488705e+00
6.061073734334488705e+00
6.727514671655959511e+00
6.544598006560756076e+00
6.544598006560756076e+00
6.346862103843320391e+00
5.577987834068535378e+00
5.577987834068535378e+00
7.108512659221604579e+00
6.544598006560756076e+00
6.544598006560756076e+00
6.727514671655959511e+00
6.061073734334488705e+00
6.061073734334488705e+00
6.727514671655959511e+00
6.061073734334488705e+00
6.061073734334488705e+00
6.346862103843320391e+00
5.577987834068535378e+00
5.577987834068535378e+00
6.727514671655959511e+00
6.061073734334488705e+00
6.061073734334488705e+00
6.727514671655959511e+00
6.061073734334488705e+00
6.061073734334488705e+00
6.727514671655959511e+00
6.061073734334488705e+00
6.061073734334488705e+00
7.108512659221604579e+00
6.544598006560756076e+00
6.544598006560756076e+00
7.108512659221604579e+00
6.544598006560756076e+00
6.544598006560756076e+00
6.727514671655959511e+00
6.061073734334488705e+00
6.061073734334488705e+00
6.727514671655959511e+00
6.061073734334488705e+00
6.061073734334488705e+00
6.727514671655959511e+00
6.061073734334488705e+00
6.061073734334488705e+00
6.346862103843320391e+00
5.577987834068535378e+00
5.577987834068535378e+00
6.346862103843320391e+00
5.577987834068535378e+00
5.577987834068535378e+00
7.108512659221604579e+00
6.544598006560756076e+00
6.544598006560756076e+00
7.108512659221604579e+00
6.544598006560756076e+00
6.544598006560756076e+00
7.489165227034243699e+00
7.028122278787023447e+00
7.027683906826709404e+00
7.108512659221604579e+00
6.544598006560756076e+00
6.544598006560756076e+00
6.346862103843320391e+00
5.577987834068535378e+00
5.577987834068535378e+00
5.965864116277675322e+00
5.094901933802582938e+00
5.094463561842268895e+00
6.727514671655959511e+00
6.061073734334488705e+00
6.061073734334488705e+00
7.108512659221604579e+00
6.544598006560756076e+00
6.544598006560756076e+00
6.727514671655959511e+00
6.061073734334488705e+00
6.061073734334488705e+00
6.727514671655959511e+00
6.061073734334488705e+00
6.061073734334488705e+00
6.727514671655959511e+00
6.061073734334488705e+00
6.061073734334488705e+00
7.489165227034243699e+00
7.028122278787023447e+00
7.027683906826709404e+00
6.727514671655959511e+00
6.061073734334488705e+00
6.061073734334488705e+00
6.346862103843320391e+00
5.577987834068535378e+00
5.577987834068535378e+00
6.727514671655959511e+00
6.061073734334488705e+00
6.061073734334488705e+00
6.727514671655959511e+00
6.061073734334488705e+00
6.061073734334488705e+00
6.727514671655959511e+00
6.061073734334488705e+00
6.061073734334488705e+00
6.346862103843320391e+00
5.577987834068535378e+00
5.577987834068535378e+00
7.108512659221604579e+00
6.544598006560756076e+00
6.544598006560756076e+00
6.727514671655959511e+00
6.061073734334488705e+00
6.061073734334488705e+00
6.727514671655959511e+00
6.061073734334488705e+00
6.061073734334488705e+00
6.346862103843320391e+00
5.577987834068535378e+00
5.577987834068535378e+00
6.536989502229713089e+00
5.612462671719520735e+00
5.935482616887608032e+00
6.156012458976507062e+00
5.612462671719520735e+00
5.432627197222894999e+00
6.156012458976507062e+00
5.612462671719520735e+00
5.935482616887608032e+00
6.156012458976507062e+00
5.612462671719520735e+00
5.432627197222894999e+00
6.156012458976507062e+00
5.612462671719520735e+00
5.935482616887608032e+00
6.917966545482920004e+00
6.061058085293340447e+00
6.437882138619715811e+00
6.536989502229713089e+00
6.061058085293340447e+00
5.935482616887608032e+00
6.156012458976507062e+00
5.163460184267685271e+00
5.432627197222894999e+00
6.536989502229713089e+00
5.612462671719520735e+00
5.935482616887608032e+00
7.679575231224823995e+00
6.958655986318994735e+00
7.443137080016537510e+00
6.536989502229713089e+00
6.061058085293340447e+00
6.437882138619715811e+00
6.536989502229713089e+00
6.061058085293340447e+00
5.935482616887608032e+00
6.536989502229713089e+00
5.612462671719520735e+00
5.935482616887608032e+00
6.536989502229713089e+00
6.061058085293340447e+00
5.935482616887608032e+00
6.917966545482920004e+00
6.061058085293340447e+00
6.437882138619715811e+00
6.536989502229713089e+00
5.612462671719520735e+00
5.935482616887608032e+00
6.536989502229713089e+00
5.612462671719520735e+00
5.935482616887608032e+00
6.917966545482920004e+00
6.061058085293340447e+00
6.437882138619715811e+00
6.156012458976507062e+00
5.612462671719520735e+00
5.935482616887608032e+00
6.536989502229713089e+00
6.061058085293340447e+00
5.935482616887608032e+00
6.536989502229713089e+00
6.061058085293340447e+00
6.437882138619715811e+00
6.536989502229713089e+00
6.061058085293340447e+00
6.437882138619715811e+00
7.298598187971617079e+00
6.958655986318994735e+00
6.940281660351823589e+00
6.536989502229713089e+00
6.061058085293340447e+00
5.935482616887608032e+00
6.917966545482920004e+00
6.510060572745175911e+00
6.437882138619715811e+00
6.917966545482920004e+00
6.061058085293340447e+00
6.437882138619715811e+00
6.536989502229713089e+00
5.612462671719520735e+00
5.935482616887608032e+00
6.536989502229713089e+00
6.061058085293340447e+00
6.437882138619715811e+00
6.536989502229713089e+00
5.612462671719520735e+00
5.935482616887608032e+00
7.298598187971617079e+00
6.510060572745175911e+00
6.940281660351823589e+00
6.156012458976507062e+00
5.612462671719520735e+00
5.432627197222894999e+00
6.536989502229713089e+00
6.061058085293340447e+00
6.437882138619715811e+00
6.536989502229713089e+00
6.061058085293340447e+00
5.935482616887608032e+00
6.536989502229713089e+00
6.061058085293340447e+00
5.935482616887608032e+00
6.536989502229713089e+00
6.061058085293340447e+00
5.935482616887608032e+00
6.917966545482920004e+00
6.061058085293340447e+00
6.437882138619715811e+00
6.536989502229713089e+00
6.061058085293340447e+00
5.935482616887608032e+00
6.536989502229713089e+00
6.061058085293340447e+00
6.437882138619715811e+00
6.917966545482920004e+00
6.510060572745175911e+00
6.437882138619715811e+00
6.156012458976507062e+00
5.612462671719520735e+00
5.935482616887608032e+00
