6.825219113173117691e+00
6.352157102252417253e+00
6.529653348086529974e+00
7.290874787017038727e+00
6.352157102252417253e+00
6.529653348086529974e+00
6.825219113173117691e+00
6.352157102252417253e+00
6.529653348086529974e+00
6.825219113173117691e+00
6.352157102252417253e+00
6.529653348086529974e+00
5.894752109408835317e+00
5.485497299779567015e+00
5.387303117023618526e+00
6.359985611290976948e+00
5.919023722513150787e+00
5.958219196221500980e+00
7.290874787017038727e+00
6.352157102252417253e+00
6.529653348086529974e+00
7.290874787017038727e+00
6.785683524986001913e+00
7.100569427284411539e+00
5.894752109408835317e+00
5.485497299779567015e+00
5.387303117023618526e+00
7.290874787017038727e+00
6.785683524986001913e+00
6.529653348086529974e+00
6.825219113173117691e+00
5.919023722513150787e+00
5.958219196221500980e+00
8.221763962743100507e+00
7.652343327458852151e+00
nan
6.359985611290976948e+00
5.485497299779567015e+00
5.387303117023618526e+00
6.359985611290976948e+00
5.919023722513150787e+00
5.387303117023618526e+00
6.359985611290976948e+00
5.919023722513150787e+00
5.958219196221500980e+00
6.825219113173117691e+00
6.352157102252417253e+00
6.529653348086529974e+00
6.825219113173117691e+00
6.352157102252417253e+00
6.529653348086529974e+00
6.825219113173117691e+00
6.352157102252417253e+00
6.529653348086529974e+00
6.825219113173117691e+00
6.352157102252417253e+00
5.958219196221500980e+00
6.359985611290976948e+00
5.919023722513150787e+00
5.958219196221500980e+00
6.359985611290976948e+00
5.919023722513150787e+00
5.958219196221500980e+00
6.359985611290976948e+00
5.919023722513150787e+00
5.958219196221500980e+00
5.429096435564913392e+00
5.052363920040301437e+00
4.815868965158589532e+00
6.825219113173117691e+00
6.352157102252417253e+00
5.958219196221500980e+00
6.825219113173117691e+00
6.352157102252417253e+00
5.958219196221500980e+00
7.290874787017038727e+00
6.785683524986001913e+00
7.100569427284411539e+00
6.359985611290976948e+00
5.919023722513150787e+00
5.958219196221500980e+00
5.894752109408835317e+00
5.485497299779567015e+00
4.815868965158589532e+00
6.825219113173117691e+00
6.352157102252417253e+00
6.529653348086529974e+00
7.756530460860960652e+00
7.218816904725267491e+00
7.672003579149441421e+00
6.359985611290976948e+00
5.919023722513150787e+00
5.958219196221500980e+00
7.756530460860960652e+00
7.218816904725267491e+00
7.672003579149441421e+00
6.359985611290976948e+00
5.919023722513150787e+00
5.958219196221500980e+00
6.825219113173117691e+00
6.352157102252417253e+00
6.529653348086529974e+00
5.429096435564913392e+00
5.052363920040301437e+00
4.815868965158589532e+00
6.359985611290976948e+00
5.919023722513150787e+00
5.958219196221500980e+00
6.359985611290976948e+00
5.919023722513150787e+00
5.958219196221500980e+00
5.894752109408835317e+00
5.485497299779567015e+00
5.387303117023618526e+00
6.359985611290976948e+00
5.485497299779567015e+00
5.387303117023618526e+00
7.290874787017038727e+00
6.352157102252417253e+00
6.529653348086529974e+00
5.918630679518832594e+00
5.958454714867000845e+00
6.360188868767335357e+00
5.918630679518832594e+00
5.958454714867000845e+00
6.360188868767335357e+00
6.785290481991683720e+00
7.100899144843993760e+00
7.291015501549583888e+00
5.918630679518832594e+00
5.958454714867000845e+00
6.360188868767335357e+00
6.785290481991683720e+00
7.100899144843993760e+00
7.291015501549583888e+00
6.352157102252417253e+00
5.958454714867000845e+00
6.360188868767335357e+00
6.352157102252417253e+00
6.529417872161625169e+00
6.825813256957276920e+00
6.352157102252417253e+00
6.529417872161625169e+00
6.825813256957276920e+00
7.651950284464533958e+00
8.243343574820986674e+00
8.221842134331833307e+00
6.785290481991683720e+00
6.529417872161625169e+00
6.825813256957276920e+00
6.785290481991683720e+00
6.529417872161625169e+00
6.825813256957276920e+00
6.785290481991683720e+00
7.100899144843993760e+00
7.291015501549583888e+00
5.918630679518832594e+00
5.958454714867000845e+00
6.360188868767335357e+00
6.785290481991683720e+00
7.100899144843993760e+00
7.291015501549583888e+00
5.918630679518832594e+00
5.958454714867000845e+00
6.360188868767335357e+00
6.352157102252417253e+00
5.958454714867000845e+00
6.360188868767335357e+00
6.785290481991683720e+00
7.100899144843993760e+00
7.291015501549583888e+00
5.918630679518832594e+00
5.958454714867000845e+00
6.360188868767335357e+00
5.051970877045982355e+00
4.816010284890008819e+00
5.429362235985086826e+00
6.352157102252417253e+00
6.529417872161625169e+00
6.825813256957276920e+00
5.918630679518832594e+00
5.958454714867000845e+00
6.360188868767335357e+00
6.352157102252417253e+00
5.958454714867000845e+00
6.360188868767335357e+00
6.785290481991683720e+00
7.100899144843993760e+00
6.825813256957276920e+00
5.918630679518832594e+00
5.958454714867000845e+00
5.894986624175027501e+00
6.352157102252417253e+00
6.529417872161625169e+00
6.825813256957276920e+00
6.352157102252417253e+00
6.529417872161625169e+00
6.825813256957276920e+00
6.352157102252417253e+00
5.958454714867000845e+00
6.360188868767335357e+00
6.785290481991683720e+00
7.100899144843993760e+00
7.291015501549583888e+00
7.218816904725267491e+00
7.100899144843993760e+00
7.291015501549583888e+00
6.785290481991683720e+00
7.100899144843993760e+00
7.291015501549583888e+00
5.918630679518832594e+00
5.958454714867000845e+00
6.360188868767335357e+00
6.352157102252417253e+00
5.958454714867000845e+00
6.360188868767335357e+00
5.918630679518832594e+00
5.958454714867000845e+00
6.360188868767335357e+00
6.785290481991683720e+00
6.529417872161625169e+00
6.825813256957276920e+00
6.352157102252417253e+00
6.529417872161625169e+00
6.825813256957276920e+00
6.352157102252417253e+00
5.958454714867000845e+00
6.360188868767335357e+00
5.918630679518832594e+00
4.816010284890008819e+00
5.429362235985086826e+00
5.918630679518832594e+00
5.958454714867000845e+00
6.360188868767335357e+00
6.352157102252417253e+00
6.529417872161625169e+00
6.825813256957276920e+00
6.785290481991683720e+00
6.529417872161625169e+00
6.825813256957276920e+00
6.243896421800598340e+00
6.243677235820441318e+00
6.243896421800598340e+00
6.243896421800598340e+00
6.243677235820441318e+00
6.243896421800598340e+00
6.243896421800598340e+00
6.243677235820441318e+00
6.243896421800598340e+00
6.243896421800598340e+00
6.243677235820441318e+00
6.243896421800598340e+00
6.243896421800598340e+00
6.243677235820441318e+00
6.243896421800598340e+00
6.243896421800598340e+00
6.243677235820441318e+00
6.243896421800598340e+00
5.760372149574331857e+00
5.760557628751511672e+00
5.760372149574331857e+00
6.726982322066550779e+00
6.727235245436620659e+00
6.726982322066550779e+00
5.760372149574331857e+00
5.760557628751511672e+00
5.760372149574331857e+00
6.726982322066550779e+00
6.727235245436620659e+00
6.726982322066550779e+00
6.243896421800598340e+00
6.243677235820441318e+00
6.243896421800598340e+00
5.760372149574331857e+00
5.760557628751511672e+00
5.760372149574331857e+00
5.760372149574331857e+00
5.760557628751511672e+00
5.760372149574331857e+00
6.726982322066550779e+00
6.727235245436620659e+00
6.726982322066550779e+00
5.760372149574331857e+00
5.760557628751511672e+00
5.760372149574331857e+00
5.760372149574331857e+00
5.760557628751511672e+00
5.760372149574331857e+00
5.760372149574331857e+00
5.760557628751511672e+00
5.760372149574331857e+00
6.243896421800598340e+00
6.243677235820441318e+00
6.243896421800598340e+00
6.726982322066550779e+00
6.727235245436620659e+00
6.726982322066550779e+00
6.243896421800598340e+00
6.243677235820441318e+00
6.243896421800598340e+00
5.760372149574331857e+00
5.760557628751511672e+00
5.760372149574331857e+00
6.726982322066550779e+00
6.727235245436620659e+00
6.726982322066550779e+00
6.726982322066550779e+00
4.793880012066401797e+00
3.827151804589891348e+00
5.276847877348064486e+00
5.276999619135331443e+00
5.277286249308378530e+00
6.726982322066550779e+00
6.727235245436620659e+00
6.726982322066550779e+00
7.210506594292818150e+00
7.210354852505550305e+00
7.210506594292818150e+00
4.793761977082111159e+00
5.276999619135331443e+00
5.277286249308378530e+00
6.243896421800598340e+00
6.243677235820441318e+00
6.243896421800598340e+00
5.760372149574331857e+00
6.243677235820441318e+00
5.760372149574331857e+00
6.726982322066550779e+00
6.727235245436620659e+00
6.726982322066550779e+00
7.210506594292818150e+00
7.210354852505550305e+00
7.210506594292818150e+00
5.276847877348064486e+00
5.276999619135331443e+00
5.277286249308378530e+00
5.760372149574331857e+00
5.760557628751511672e+00
5.760372149574331857e+00
5.760372149574331857e+00
5.760557628751511672e+00
5.760372149574331857e+00
5.760372149574331857e+00
6.243677235820441318e+00
5.760372149574331857e+00
6.243896421800598340e+00
6.243677235820441318e+00
6.243896421800598340e+00
6.243896421800598340e+00
6.243677235820441318e+00
6.243896421800598340e+00
6.243896421800598340e+00
6.243677235820441318e+00
6.243896421800598340e+00
6.726982322066550779e+00
6.727235245436620659e+00
6.726982322066550779e+00
6.726982322066550779e+00
6.727235245436620659e+00
6.726982322066550779e+00
6.740128667281446440e+00
7.500599248970969413e+00
6.926502894597529547e+00
6.740128667281446440e+00
7.500599248970969413e+00
6.926502894597529547e+00
8.062999248999290103e+00
8.757236310406886659e+00
8.019123052510067851e+00
6.078393405769073610e+00
6.243962187535052166e+00
6.380440575314255902e+00
6.078393405769073610e+00
6.872565669967622526e+00
6.926502894597529547e+00
6.078393405769073610e+00
6.243962187535052166e+00
6.380440575314255902e+00
6.078393405769073610e+00
6.872565669967622526e+00
6.380440575314255902e+00
6.740128667281446440e+00
6.872565669967622526e+00
6.926502894597529547e+00
6.078393405769073610e+00
6.243962187535052166e+00
6.380440575314255902e+00
5.416658144256700780e+00
6.243962187535052166e+00
6.380440575314255902e+00
6.078393405769073610e+00
6.243962187535052166e+00
6.380440575314255902e+00
7.401263987486918161e+00
8.129202731403539772e+00
7.473060733226794206e+00
6.740128667281446440e+00
7.500599248970969413e+00
6.926502894597529547e+00
6.740128667281446440e+00
7.500599248970969413e+00
6.926502894597529547e+00
5.416658144256700780e+00
6.243962187535052166e+00
5.833882736684990356e+00
5.416658144256700780e+00
5.615358705102482695e+00
5.833882736684990356e+00
6.078393405769073610e+00
6.872565669967622526e+00
6.926502894597529547e+00
6.078393405769073610e+00
6.872565669967622526e+00
6.380440575314255902e+00
5.416658144256700780e+00
6.243962187535052166e+00
5.833882736684990356e+00
6.078393405769073610e+00
6.872565669967622526e+00
6.380440575314255902e+00
6.740128667281446440e+00
6.872565669967622526e+00
6.926502894597529547e+00
6.078393405769073610e+00
6.872565669967622526e+00
6.380440575314255902e+00
5.416658144256700780e+00
6.243962187535052166e+00
5.833882736684990356e+00
5.416658144256700780e+00
6.243962187535052166e+00
5.833882736684990356e+00
6.078393405769073610e+00
6.243962187535052166e+00
6.380440575314255902e+00
5.416658144256700780e+00
6.243962187535052166e+00
5.833882736684990356e+00
6.740128667281446440e+00
6.872565669967622526e+00
6.926502894597529547e+00
6.078393405769073610e+00
6.872565669967622526e+00
6.380440575314255902e+00
5.416658144256700780e+00
6.243962187535052166e+00
6.380440575314255902e+00
6.078393405769073610e+00
6.243962187535052166e+00
6.380440575314255902e+00
6.740128667281446440e+00
7.500599248970969413e+00
6.926502894597529547e+00
6.078393405769073610e+00
6.872565669967622526e+00
6.380440575314255902e+00
6.740128667281446440e+00
6.872565669967622526e+00
6.926502894597529547e+00
6.078393405769073610e+00
6.872565669967622526e+00
6.380440575314255902e+00
5.416658144256700780e+00
6.243962187535052166e+00
5.833882736684990356e+00
6.740128667281446440e+00
7.500599248970969413e+00
6.926502894597529547e+00
6.078393405769073610e+00
6.872565669967622526e+00
6.380440575314255902e+00
6.740128667281446440e+00
7.500599248970969413e+00
6.926502894597529547e+00
5.416658144256700780e+00
6.243962187535052166e+00
5.833882736684990356e+00
6.740128667281446440e+00
6.872565669967622526e+00
6.926502894597529547e+00
7.100757794046892002e+00
7.291001436052679807e+00
7.141478673785104370e+00
7.100757794046892002e+00
7.291001436052679807e+00
6.692476186333268906e+00
5.958501746365221230e+00
6.453218065288273131e+00
6.243880772759450082e+00
7.100757794046892002e+00
7.291001436052679807e+00
7.141478673785104370e+00
5.958501746365221230e+00
6.453218065288273131e+00
6.243880772759450082e+00
7.100757794046892002e+00
7.291001436052679807e+00
7.141478673785104370e+00
5.387114707547587145e+00
6.034136406352608617e+00
5.794878285307613730e+00
5.958501746365221230e+00
6.453218065288273131e+00
6.243880772759450082e+00
6.529370755229258805e+00
6.453218065288273131e+00
6.243880772759450082e+00
5.958501746365221230e+00
6.453218065288273131e+00
6.243880772759450082e+00
6.529370755229258805e+00
6.871919777117015293e+00
6.692476186333268906e+00
7.100757794046892002e+00
7.291001436052679807e+00
7.141478673785104370e+00
5.958501746365221230e+00
6.453218065288273131e+00
6.243880772759450082e+00
7.100757794046892002e+00
7.291001436052679807e+00
6.692476186333268906e+00
7.100757794046892002e+00
7.291001436052679807e+00
7.141478673785104370e+00
6.529370755229258805e+00
6.871919777117015293e+00
6.692476186333268906e+00
5.387114707547587145e+00
6.034136406352608617e+00
5.794878285307613730e+00
5.387114707547587145e+00
6.034136406352608617e+00
5.794878285307613730e+00
5.958501746365221230e+00
6.453218065288273131e+00
6.243880772759450082e+00
6.529370755229258805e+00
6.871919777117015293e+00
6.692476186333268906e+00
5.958501746365221230e+00
6.453218065288273131e+00
6.243880772759450082e+00
5.958501746365221230e+00
6.453218065288273131e+00
6.243880772759450082e+00
7.100757794046892002e+00
7.291001436052679807e+00
7.141478673785104370e+00
5.958501746365221230e+00
6.453218065288273131e+00
6.243880772759450082e+00
6.529370755229258805e+00
6.871919777117015293e+00
6.692476186333268906e+00
7.100757794046892002e+00
7.291001436052679807e+00
6.692476186333268906e+00
6.529370755229258805e+00
6.871919777117015293e+00
6.692476186333268906e+00
6.529370755229258805e+00
6.871919777117015293e+00
6.692476186333268906e+00
6.529370755229258805e+00
6.871919777117015293e+00
6.243880772759450082e+00
5.958501746365221230e+00
6.453218065288273131e+00
5.794878285307613730e+00
5.958501746365221230e+00
6.453218065288273131e+00
5.794878285307613730e+00
5.387114707547587145e+00
6.034136406352608617e+00
5.794878285307613730e+00
7.100757794046892002e+00
7.291001436052679807e+00
6.692476186333268906e+00
5.387114707547587145e+00
6.034136406352608617e+00
5.794878285307613730e+00
6.529370755229258805e+00
6.871919777117015293e+00
6.692476186333268906e+00
5.958501746365221230e+00
6.453218065288273131e+00
6.243880772759450082e+00
5.958501746365221230e+00
6.453218065288273131e+00
6.243880772759450082e+00
7.100757794046892002e+00
7.291001436052679807e+00
6.692476186333268906e+00
6.529370755229258805e+00
6.871919777117015293e+00
6.692476186333268906e+00
8.243013841728561886e+00
nan
3.551087069682483666e+00
5.495523919249045264e+00
6.243677235820442206e+00
5.867105543487664221e+00
6.094155118507840641e+00
6.243677235820442206e+00
5.867105543487664221e+00
7.290332057008645172e+00
7.386215880248199639e+00
6.872360484884485032e+00
6.094155118507840641e+00
6.243677235820442206e+00
6.369505065219771112e+00
5.495523919249045264e+00
6.243677235820442206e+00
5.867105543487664221e+00
5.495523919249045264e+00
6.243677235820442206e+00
5.867105543487664221e+00
6.692243587758243351e+00
7.386215880248199639e+00
6.872360484884485032e+00
6.094155118507840641e+00
6.815205637092013546e+00
6.369505065219771112e+00
6.692243587758243351e+00
6.815205637092013546e+00
6.872360484884485032e+00
6.094155118507840641e+00
6.815205637092013546e+00
6.369505065219771112e+00
6.692243587758243351e+00
7.386215880248199639e+00
6.872360484884485032e+00
6.094155118507840641e+00
6.815205637092013546e+00
6.369505065219771112e+00
6.094155118507840641e+00
6.243677235820442206e+00
6.369505065219771112e+00
6.094155118507840641e+00
6.815205637092013546e+00
6.369505065219771112e+00
5.495523919249045264e+00
5.672666992664256114e+00
5.867105543487664221e+00
6.094155118507840641e+00
6.815205637092013546e+00
6.369505065219771112e+00
7.290332057008645172e+00
7.957744281519770979e+00
7.374760006616592811e+00
6.094155118507840641e+00
6.243677235820442206e+00
5.867105543487664221e+00
7.290332057008645172e+00
7.386215880248199639e+00
6.872360484884485032e+00
6.094155118507840641e+00
6.815205637092013546e+00
6.369505065219771112e+00
6.094155118507840641e+00
6.243677235820442206e+00
6.369505065219771112e+00
6.094155118507840641e+00
6.815205637092013546e+00
6.369505065219771112e+00
5.495523919249045264e+00
6.243677235820442206e+00
5.867105543487664221e+00
6.094155118507840641e+00
6.243677235820442206e+00
6.369505065219771112e+00
6.094155118507840641e+00
6.815205637092013546e+00
6.369505065219771112e+00
7.888963256267441437e+00
5.672666992664256114e+00
5.364250123822950300e+00
6.094155118507840641e+00
6.243677235820442206e+00
6.369505065219771112e+00
6.692243587758243351e+00
6.815205637092013546e+00
6.872360484884485032e+00
6.094155118507840641e+00
6.243677235820442206e+00
6.369505065219771112e+00
6.692243587758243351e+00
6.815205637092013546e+00
6.872360484884485032e+00
6.094155118507840641e+00
6.815205637092013546e+00
6.369505065219771112e+00
5.495523919249045264e+00
6.243677235820442206e+00
5.867105543487664221e+00
7.290332057008645172e+00
7.386215880248199639e+00
6.872360484884485032e+00
6.094155118507840641e+00
6.243677235820442206e+00
6.369505065219771112e+00
7.290332057008645172e+00
7.386215880248199639e+00
6.872360484884485032e+00
6.094155118507840641e+00
6.815205637092013546e+00
6.369505065219771112e+00
6.094155118507840641e+00
6.243677235820442206e+00
5.867105543487664221e+00
5.495523919249045264e+00
6.243677235820442206e+00
5.867105543487664221e+00
6.094155118507840641e+00
6.815205637092013546e+00
6.369505065219771112e+00
6.692243587758243351e+00
6.815205637092013546e+00
6.872360484884485032e+00
6.244084283326737150e+00
6.243880772759450082e+00
6.243880772759450082e+00
6.244084283326737150e+00
6.243880772759450082e+00
6.243880772759450082e+00
5.795517931388936006e+00
5.795285359185630369e+00
5.795285359185630369e+00
6.244084283326737150e+00
6.243880772759450082e+00
6.243880772759450082e+00
6.244084283326737150e+00
6.243880772759450082e+00
6.243880772759450082e+00
6.244084283326737150e+00
6.243880772759450082e+00
6.243880772759450082e+00
6.244084283326737150e+00
6.243880772759450082e+00
6.243880772759450082e+00
6.244084283326737150e+00
6.243880772759450082e+00
6.243880772759450082e+00
5.795517931388936006e+00
5.795285359185630369e+00
5.795285359185630369e+00
7.141624034708636160e+00
7.141478673785104370e+00
7.141478673785104370e+00
6.693057682770834127e+00
6.692883260211285545e+00
6.692883260211285545e+00
6.693057682770834127e+00
6.692883260211285545e+00
6.692883260211285545e+00
5.795517931388936006e+00
5.795285359185630369e+00
5.795285359185630369e+00
5.795517931388936006e+00
5.795285359185630369e+00
5.795285359185630369e+00
6.693057682770834127e+00
6.692883260211285545e+00
6.692883260211285545e+00
5.346544531944838141e+00
5.346282871733794906e+00
5.346282871733794906e+00
6.244084283326737150e+00
6.243880772759450082e+00
6.243880772759450082e+00
5.795517931388936006e+00
5.795285359185630369e+00
5.795285359185630369e+00
5.795517931388936006e+00
5.795285359185630369e+00
5.795285359185630369e+00
6.693057682770834127e+00
6.692883260211285545e+00
6.692883260211285545e+00
6.244084283326737150e+00
6.243880772759450082e+00
6.243880772759450082e+00
6.693057682770834127e+00
6.692883260211285545e+00
6.692883260211285545e+00
6.244084283326737150e+00
6.243880772759450082e+00
6.243880772759450082e+00
5.795517931388936006e+00
6.243880772759450082e+00
6.243880772759450082e+00
6.693057682770834127e+00
6.692883260211285545e+00
6.692883260211285545e+00
5.795517931388936006e+00
5.795285359185630369e+00
5.795285359185630369e+00
6.693057682770834127e+00
6.692883260211285545e+00
6.692883260211285545e+00
5.346544531944838141e+00
5.346282871733794906e+00
5.346282871733794906e+00
5.795517931388936006e+00
5.795285359185630369e+00
5.795285359185630369e+00
6.693057682770834127e+00
6.692883260211285545e+00
6.692883260211285545e+00
6.693057682770834127e+00
6.692883260211285545e+00
6.692883260211285545e+00
6.244084283326737150e+00
6.243880772759450082e+00
6.243880772759450082e+00
6.693057682770834127e+00
6.692883260211285545e+00
6.692883260211285545e+00
7.141624034708636160e+00
7.141478673785104370e+00
7.141478673785104370e+00
5.795517931388936006e+00
6.243880772759450082e+00
6.243880772759450082e+00
5.346544531944838141e+00
5.346282871733794906e+00
5.795285359185630369e+00
5.795517931388936006e+00
5.795285359185630369e+00
5.795285359185630369e+00
6.244084283326737150e+00
6.243880772759450082e+00
6.243880772759450082e+00
7.141624034708636160e+00
7.141478673785104370e+00
7.141478673785104370e+00
6.244084283326737150e+00
6.243880772759450082e+00
6.243880772759450082e+00
5.894752109408835317e+00
5.561045501406065128e+00
5.720315919984319208e+00
6.359985611290976948e+00
6.107150888937566080e+00
6.243677235820441318e+00
6.359985611290976948e+00
6.107150888937566080e+00
6.243677235820441318e+00
6.359985611290976948e+00
6.107150888937566080e+00
6.243677235820441318e+00
6.359985611290976948e+00
6.107150888937566080e+00
6.767513471180915730e+00
4.963862933682772649e+00
5.014444555446676333e+00
5.196479684623843909e+00
5.429096435564913392e+00
5.561045501406065128e+00
5.720315919984319208e+00
6.359985611290976948e+00
6.107150888937566080e+00
6.243677235820441318e+00
5.894752109408835317e+00
6.107150888937566080e+00
6.243677235820441318e+00
5.894752109408835317e+00
6.107150888937566080e+00
6.243677235820441318e+00
5.894752109408835317e+00
5.561045501406065128e+00
5.720315919984319208e+00
6.359985611290976948e+00
6.107150888937566080e+00
6.243677235820441318e+00
6.825219113173117691e+00
6.653751834896954875e+00
7.290874787017038727e+00
6.359985611290976948e+00
6.107150888937566080e+00
6.243677235820441318e+00
5.429096435564913392e+00
5.014444555446676333e+00
5.720315919984319208e+00
5.429096435564913392e+00
5.561045501406065128e+00
5.720315919984319208e+00
5.429096435564913392e+00
5.561045501406065128e+00
5.720315919984319208e+00
6.359985611290976948e+00
6.107150888937566080e+00
6.243677235820441318e+00
5.429096435564913392e+00
5.014444555446676333e+00
5.720315919984319208e+00
5.429096435564913392e+00
5.014444555446676333e+00
5.720315919984319208e+00
5.894752109408835317e+00
5.561045501406065128e+00
5.720315919984319208e+00
5.429096435564913392e+00
5.561045501406065128e+00
5.720315919984319208e+00
6.359985611290976948e+00
6.107150888937566080e+00
6.243677235820441318e+00
5.429096435564913392e+00
5.014444555446676333e+00
5.720315919984319208e+00
6.359985611290976948e+00
6.107150888937566080e+00
6.243677235820441318e+00
5.429096435564913392e+00
5.561045501406065128e+00
5.720315919984319208e+00
5.894752109408835317e+00
5.561045501406065128e+00
5.720315919984319208e+00
5.894752109408835317e+00
6.107150888937566080e+00
6.243677235820441318e+00
6.359985611290976948e+00
6.107150888937566080e+00
6.243677235820441318e+00
5.429096435564913392e+00
5.014444555446676333e+00
5.196479684623843909e+00
5.894752109408835317e+00
5.561045501406065128e+00
5.720315919984319208e+00
5.894752109408835317e+00
5.561045501406065128e+00
6.243677235820441318e+00
5.429096435564913392e+00
5.561045501406065128e+00
5.720315919984319208e+00
6.359985611290976948e+00
6.107150888937566080e+00
6.243677235820441318e+00
5.894752109408835317e+00
5.561045501406065128e+00
5.720315919984319208e+00
6.359985611290976948e+00
6.107150888937566080e+00
6.243677235820441318e+00
5.429096435564913392e+00
5.561045501406065128e+00
5.720315919984319208e+00
6.359985611290976948e+00
6.107150888937566080e+00
6.243677235820441318e+00
5.894752109408835317e+00
5.561045501406065128e+00
5.720315919984319208e+00
5.894752109408835317e+00
5.561045501406065128e+00
6.243677235820441318e+00
5.560743858845093257e+00
5.720118033857967355e+00
5.719841000459966907e+00
6.107387918934939819e+00
6.243914677635389765e+00
6.243677235820441318e+00
5.560743858845093257e+00
5.720118033857967355e+00
5.719841000459966907e+00
5.560743858845093257e+00
5.720118033857967355e+00
5.719841000459966907e+00
5.560743858845093257e+00
5.720118033857967355e+00
5.719841000459966907e+00
6.107387918934939819e+00
6.243914677635389765e+00
6.243677235820441318e+00
5.560743858845093257e+00
5.720118033857967355e+00
5.719841000459966907e+00
6.107387918934939819e+00
6.243914677635389765e+00
6.243677235820441318e+00
6.107387918934939819e+00
6.243914677635389765e+00
6.243677235820441318e+00
5.560743858845093257e+00
5.720118033857967355e+00
5.719841000459966907e+00
6.107387918934939819e+00
6.243914677635389765e+00
6.767038551656564316e+00
6.107387918934939819e+00
6.243914677635389765e+00
6.767038551656564316e+00
6.107387918934939819e+00
6.243914677635389765e+00
6.767038551656564316e+00
6.653536381508840414e+00
6.767236437782915282e+00
6.767038551656564316e+00
6.653536381508840414e+00
6.767236437782915282e+00
6.767038551656564316e+00
6.653536381508840414e+00
6.767236437782915282e+00
6.767038551656564316e+00
6.107387918934939819e+00
6.243914677635389765e+00
6.767038551656564316e+00
6.107387918934939819e+00
6.243914677635389765e+00
6.243677235820441318e+00
6.653536381508840414e+00
6.767236437782915282e+00
6.767038551656564316e+00
6.107387918934939819e+00
6.243914677635389765e+00
6.243677235820441318e+00
6.107387918934939819e+00
6.243914677635389765e+00
6.243677235820441318e+00
5.560743858845093257e+00
5.720118033857967355e+00
6.243677235820441318e+00
4.467951336181345212e+00
8.861473245632812024e+00
6.243677235820441318e+00
5.560743858845093257e+00
5.720118033857967355e+00
6.243677235820441318e+00
6.107387918934939819e+00
6.243914677635389765e+00
6.243677235820441318e+00
5.560743858845093257e+00
5.720118033857967355e+00
6.243677235820441318e+00
6.107387918934939819e+00
6.243914677635389765e+00
6.243677235820441318e+00
6.107387918934939819e+00
6.243914677635389765e+00
6.243677235820441318e+00
6.107387918934939819e+00
6.243914677635389765e+00
6.243677235820441318e+00
5.560743858845093257e+00
6.243914677635389765e+00
6.243677235820441318e+00
6.107387918934939819e+00
6.243914677635389765e+00
6.243677235820441318e+00
5.560743858845093257e+00
5.720118033857967355e+00
6.243677235820441318e+00
6.107387918934939819e+00
6.243914677635389765e+00
6.767038551656564316e+00
5.014595396271192662e+00
5.196796273710441838e+00
5.196479684623843909e+00
5.560743858845093257e+00
5.720118033857967355e+00
6.243677235820441318e+00
6.107387918934939819e+00
6.243914677635389765e+00
6.243677235820441318e+00
6.107387918934939819e+00
6.243914677635389765e+00
6.767038551656564316e+00
6.107387918934939819e+00
6.243914677635389765e+00
6.767038551656564316e+00
6.107387918934939819e+00
6.243914677635389765e+00
6.243677235820441318e+00
7.199684844082740121e+00
7.291033081560338580e+00
7.290874787017038727e+00
5.615449884689004634e+00
5.918630679518832594e+00
5.794878285307613730e+00
5.615449884689004634e+00
5.918630679518832594e+00
5.794878285307613730e+00
5.615449884689004634e+00
5.918630679518832594e+00
5.794878285307613730e+00
6.620704826085825445e+00
6.785290481991683720e+00
6.243880772759450082e+00
5.615449884689004634e+00
5.918630679518832594e+00
5.794878285307613730e+00
6.118305304353717666e+00
6.352157102252417253e+00
6.243880772759450082e+00
6.620704826085825445e+00
6.785290481991683720e+00
6.243880772759450082e+00
6.118305304353717666e+00
6.352157102252417253e+00
6.243880772759450082e+00
6.118305304353717666e+00
6.352157102252417253e+00
6.243880772759450082e+00
5.615449884689004634e+00
5.918630679518832594e+00
5.794878285307613730e+00
6.620704826085825445e+00
6.352157102252417253e+00
6.243880772759450082e+00
5.615449884689004634e+00
5.918630679518832594e+00
5.794878285307613730e+00
6.118305304353717666e+00
6.352157102252417253e+00
6.243880772759450082e+00
7.123560245750538478e+00
7.218816904725267491e+00
7.141478673785104370e+00
6.118305304353717666e+00
6.352157102252417253e+00
6.243880772759450082e+00
6.118305304353717666e+00
6.352157102252417253e+00
5.794878285307613730e+00
5.615449884689004634e+00
5.918630679518832594e+00
5.794878285307613730e+00
6.620704826085825445e+00
6.352157102252417253e+00
6.243880772759450082e+00
6.620704826085825445e+00
6.785290481991683720e+00
6.692476186333268906e+00
6.118305304353717666e+00
6.352157102252417253e+00
5.794878285307613730e+00
6.118305304353717666e+00
6.352157102252417253e+00
6.243880772759450082e+00
6.118305304353717666e+00
6.352157102252417253e+00
6.243880772759450082e+00
5.113050362956896855e+00
5.485497299779567015e+00
5.346282871733794906e+00
7.123560245750538478e+00
7.218816904725267491e+00
7.141478673785104370e+00
6.118305304353717666e+00
6.352157102252417253e+00
6.243880772759450082e+00
5.615449884689004634e+00
5.918630679518832594e+00
5.794878285307613730e+00
5.615449884689004634e+00
5.485497299779567015e+00
5.346282871733794906e+00
5.615449884689004634e+00
5.918630679518832594e+00
5.794878285307613730e+00
6.118305304353717666e+00
6.352157102252417253e+00
6.243880772759450082e+00
6.118305304353717666e+00
6.352157102252417253e+00
6.243880772759450082e+00
6.620704826085825445e+00
6.785290481991683720e+00
6.692476186333268906e+00
5.615449884689004634e+00
5.918630679518832594e+00
5.346282871733794906e+00
6.118305304353717666e+00
5.918630679518832594e+00
5.794878285307613730e+00
6.118305304353717666e+00
6.352157102252417253e+00
6.243880772759450082e+00
6.620704826085825445e+00
6.785290481991683720e+00
6.692476186333268906e+00
6.118305304353717666e+00
6.352157102252417253e+00
6.243880772759450082e+00
6.620704826085825445e+00
6.352157102252417253e+00
6.243880772759450082e+00
6.118305304353717666e+00
6.352157102252417253e+00
6.243880772759450082e+00
7.123560245750538478e+00
7.218816904725267491e+00
6.692476186333268906e+00
5.615449884689004634e+00
5.918630679518832594e+00
5.794878285307613730e+00
6.726982322066550779e+00
6.727235245436620659e+00
6.726982322066550779e+00
6.243896421800598340e+00
6.243677235820441318e+00
6.243896421800598340e+00
6.726982322066550779e+00
6.727235245436620659e+00
6.726982322066550779e+00
5.760372149574331857e+00
5.760557628751511672e+00
5.760372149574331857e+00
6.726982322066550779e+00
6.727235245436620659e+00
6.726982322066550779e+00
6.243896421800598340e+00
6.243677235820441318e+00
6.243896421800598340e+00
6.243896421800598340e+00
6.243677235820441318e+00
6.243896421800598340e+00
6.243896421800598340e+00
6.243677235820441318e+00
6.243896421800598340e+00
6.243896421800598340e+00
6.243677235820441318e+00
6.243896421800598340e+00
6.243896421800598340e+00
6.243677235820441318e+00
6.243896421800598340e+00
6.243896421800598340e+00
6.243677235820441318e+00
6.243896421800598340e+00
6.726982322066550779e+00
6.727235245436620659e+00
6.726982322066550779e+00
6.726982322066550779e+00
6.727235245436620659e+00
6.726982322066550779e+00
6.243896421800598340e+00
6.243677235820441318e+00
6.243896421800598340e+00
6.243896421800598340e+00
6.243677235820441318e+00
6.243896421800598340e+00
6.243896421800598340e+00
6.243677235820441318e+00
6.243896421800598340e+00
5.760372149574331857e+00
5.760557628751511672e+00
5.760372149574331857e+00
5.760372149574331857e+00
5.760557628751511672e+00
6.243896421800598340e+00
6.726982322066550779e+00
6.727235245436620659e+00
6.726982322066550779e+00
6.726982322066550779e+00
6.727235245436620659e+00
6.726982322066550779e+00
7.210506594292818150e+00
7.210354852505550305e+00
7.210506594292818150e+00
6.726982322066550779e+00
6.727235245436620659e+00
6.726982322066550779e+00
5.760372149574331857e+00
5.760557628751511672e+00
5.760372149574331857e+00
5.277286249308378530e+00
5.276999619135331443e+00
5.277286249308378530e+00
6.726982322066550779e+00
6.727235245436620659e+00
6.726982322066550779e+00
6.726982322066550779e+00
6.727235245436620659e+00
6.726982322066550779e+00
6.243896421800598340e+00
6.243677235820441318e+00
6.243896421800598340e+00
6.243896421800598340e+00
6.243677235820441318e+00
6.243896421800598340e+00
6.243896421800598340e+00
6.243677235820441318e+00
6.243896421800598340e+00
7.210506594292818150e+00
7.210354852505550305e+00
7.210506594292818150e+00
6.243896421800598340e+00
6.243677235820441318e+00
6.243896421800598340e+00
5.760372149574331857e+00
5.760557628751511672e+00
5.760372149574331857e+00
6.243896421800598340e+00
6.243677235820441318e+00
6.243896421800598340e+00
6.243896421800598340e+00
6.243677235820441318e+00
6.243896421800598340e+00
6.243896421800598340e+00
6.243677235820441318e+00
6.243896421800598340e+00
5.760372149574331857e+00
6.243677235820441318e+00
6.243896421800598340e+00
6.726982322066550779e+00
6.727235245436620659e+00
6.726982322066550779e+00
6.243896421800598340e+00
6.243677235820441318e+00
6.243896421800598340e+00
6.243896421800598340e+00
6.243677235820441318e+00
6.243896421800598340e+00
5.760372149574331857e+00
5.760557628751511672e+00
5.760372149574331857e+00
6.352157102252417253e+00
5.794878285307613730e+00
6.118068241398557205e+00
5.918630679518832594e+00
5.794878285307613730e+00
5.615632263711024308e+00
5.918630679518832594e+00
5.794878285307613730e+00
6.118068241398557205e+00
5.918630679518832594e+00
5.794878285307613730e+00
5.615632263711024308e+00
5.918630679518832594e+00
5.794878285307613730e+00
6.118068241398557205e+00
6.785290481991683720e+00
6.243880772759450082e+00
6.620960150100327013e+00
6.352157102252417253e+00
6.243880772759450082e+00
6.118068241398557205e+00
5.918630679518832594e+00
5.346282871733794906e+00
5.615632263711024308e+00
6.352157102252417253e+00
5.794878285307613730e+00
6.118068241398557205e+00
7.651950284464533958e+00
7.141478673785104370e+00
7.626288036489630606e+00
6.352157102252417253e+00
6.243880772759450082e+00
6.620960150100327013e+00
6.352157102252417253e+00
6.243880772759450082e+00
6.118068241398557205e+00
6.352157102252417253e+00
5.794878285307613730e+00
6.118068241398557205e+00
6.352157102252417253e+00
6.243880772759450082e+00
6.118068241398557205e+00
6.785290481991683720e+00
6.243880772759450082e+00
6.620960150100327013e+00
6.352157102252417253e+00
5.794878285307613730e+00
6.118068241398557205e+00
6.352157102252417253e+00
5.794878285307613730e+00
6.118068241398557205e+00
6.785290481991683720e+00
6.243880772759450082e+00
6.620960150100327013e+00
5.918630679518832594e+00
5.794878285307613730e+00
6.118068241398557205e+00
6.352157102252417253e+00
6.243880772759450082e+00
6.118068241398557205e+00
6.352157102252417253e+00
6.243880772759450082e+00
6.620960150100327013e+00
6.352157102252417253e+00
6.243880772759450082e+00
6.620960150100327013e+00
7.218816904725267491e+00
7.141478673785104370e+00
7.123396127787860799e+00
6.352157102252417253e+00
6.243880772759450082e+00
6.118068241398557205e+00
6.785290481991683720e+00
6.692476186333268906e+00
6.620960150100327013e+00
6.785290481991683720e+00
6.243880772759450082e+00
6.620960150100327013e+00
6.352157102252417253e+00
5.794878285307613730e+00
6.118068241398557205e+00
6.352157102252417253e+00
6.243880772759450082e+00
6.620960150100327013e+00
6.352157102252417253e+00
5.794878285307613730e+00
6.118068241398557205e+00
7.218816904725267491e+00
6.692476186333268906e+00
7.123396127787860799e+00
5.918630679518832594e+00
5.794878285307613730e+00
5.615632263711024308e+00
6.352157102252417253e+00
6.243880772759450082e+00
6.620960150100327013e+00
6.352157102252417253e+00
6.243880772759450082e+00
6.118068241398557205e+00
6.352157102252417253e+00
6.243880772759450082e+00
6.118068241398557205e+00
6.352157102252417253e+00
6.243880772759450082e+00
6.118068241398557205e+00
6.785290481991683720e+00
6.243880772759450082e+00
6.620960150100327013e+00
6.352157102252417253e+00
6.243880772759450082e+00
6.118068241398557205e+00
6.352157102252417253e+00
6.243880772759450082e+00
6.620960150100327013e+00
6.785290481991683720e+00
6.692476186333268906e+00
6.620960150100327013e+00
5.918630679518832594e+00
5.794878285307613730e+00
6.118068241398557205e+00
