-2.072276767557339916e+00
-3.119078522567076739e+00
8.491543213314303173e-01
1.069553363744569552e+00
2.251413102271637712e-02
1.179990362663255965e+00
-5.011242241942683862e-01
1.593310457817612935e+00
8.491543213314303173e-01
-1.025000057123369945e+00
8.082684840634288825e-01
5.186182220135044929e-01
5.461524862397015845e-01
8.082684840634288825e-01
2.833270743280683845e+00
1.593429196673671555e+00
nan
-3.119078522567076739e+00
-2.595677645062208327e+00
-1.548282195772180181e+00
-1.134962100617823211e+00
5.461524862397015845e-01
-7.625278427314676755e-01
-2.126870340585500063e+00
-1.548400934628238357e+00
2.251413102271637712e-02
1.877821806816788452e-01
5.461524862397015845e-01
-7.625278427314676755e-01
1.179990362663255965e+00
2.227665331060002529e-02
-3.119078522567076739e+00
1.179990362663255965e+00
nan
-1.548282195772180181e+00
-4.735899599680721828e-01
-5.011242241942683862e-01
2.251413102271637712e-02
-4.735899599680721828e-01
2.640705907107641082e+00
nan
-1.427539186362465351e-01
-5.011242241942683862e-01
-7.625278427314676755e-01
2.171898602630932373e+00
nan
-2.333324169526364233e+00
-8.041260592859975631e-01
nan
-3.119078522567076739e+00
-1.465498199935748813e+00
1.069553363744569552e+00
nan
-2.788242481235251091e+00
-1.025000057123369945e+00
-3.119078522567076739e+00
-3.119078522567076739e+00
-5.011242241942683862e-01
-7.625278427314676755e-01
-1.465498199935748813e+00
-1.548400934628238357e+00
-7.625278427314676755e-01
-8.041260592859975631e-01
nan
-2.333324169526364233e+00
8.491543213314303173e-01
2.227665331060002529e-02
-7.625278427314676755e-01
-1.796334241267574461e+00
-2.595677645062208327e+00
nan
1.877821806816788452e-01
-1.548400934628238357e+00
-7.625278427314676755e-01
-8.041260592859975631e-01
-1.025000057123369945e+00
-7.625278427314676755e-01
-4.735899599680721828e-01
-2.072276767557339916e+00
-3.119078522567076739e+00
5.186182220135044929e-01
-2.072276767557339916e+00
2.251413102271637712e-02
1.877821806816788452e-01
2.640705907107641082e+00
nan
-4.735899599680721828e-01
-2.595677645062208327e+00
8.082684840634288825e-01
5.186182220135044929e-01
nan
-1.548282195772180181e+00
8.491543213314303173e-01
5.461524862397015845e-01
2.379064810858325885e+00
5.186182220135044929e-01
-5.011242241942683862e-01
-2.333324169526364233e+00
5.186182220135044929e-01
1.593429196673671555e+00
nan
1.877821806816788452e-01
2.227665331060002529e-02
-7.625278427314676755e-01
-1.134962100617823211e+00
nan
-2.333324169526364233e+00
2.502734643962758021e+00
nan
2.379064810858325885e+00
nan
5.461524862397015845e-01
2.251413102271637712e-02
2.833270743280683845e+00
-1.025000057123369945e+00
-1.548282195772180181e+00
1.841362503313006549e+00
nan
8.082684840634288825e-01
2.171898602630932373e+00
1.667800151469716496e+00
-7.896990132639203352e-02
-1.772478134089585877e+00
2.864519819978914583e+00
nan
-4.262848194901112109e-01
-7.256391855486801212e-01
-1.700508244295843019e+00
2.271766796172469682e-02
-1.270079862898838563e-01
-4.841706391840645551e-01
-1.323882720515766387e+00
-7.256391855486801212e-01
3.265985323006610486e-01
2.271766796172469682e-02
-1.323727654799082165e+00
-8.897390728111176372e-01
-2.221480621541421563e+00
1.069711682219314675e+00
3.265985323006610486e-01
-4.262848194901112109e-01
-1.270079862898838563e-01
-1.294939810668789715e+00
-4.262848194901112109e-01
nan
-1.294939810668789715e+00
4.713130815355439651e-01
-1.270079862898838563e-01
-7.896990132639203352e-02
-1.323882720515766387e+00
-7.256391855486801212e-01
-4.841706391840645551e-01
-1.772478134089585877e+00
1.667800151469716496e+00
-7.896990132639203352e-02
-1.772478134089585877e+00
2.864519819978914583e+00
2.353337613127783889e+00
2.266508883586854317e+00
1.667800151469716496e+00
1.948136875270111368e+00
nan
1.667800151469716496e+00
1.137367703785386652e+00
2.271766796172469682e-02
-1.270079862898838563e-01
-7.896990132639203352e-02
-1.323882720515766387e+00
1.667800151469716496e+00
7.317992701583331261e-01
2.271766796172469682e-02
2.266431350728512761e+00
1.542568441643058286e+00
4.713130815355439651e-01
1.069711682219314675e+00
7.317992701583331261e-01
2.271766796172469682e-02
1.667800151469716496e+00
1.137367703785386652e+00
2.271766796172469682e-02
nan
3.265985323006610486e-01
1.368910982561199141e+00
-1.323727654799082165e+00
1.542568441643058286e+00
2.715511371038690669e+00
nan
-2.511277415780568401e+00
-8.748802330639304792e-01
-1.922358854057878430e+00
3.265985323006610486e-01
2.271766796172469682e-02
-1.323727654799082165e+00
-8.897390728111176372e-01
-1.772478134089585877e+00
4.710804829605184096e-01
3.265985323006610486e-01
-8.748802330639304792e-01
-1.323727654799082165e+00
2.353337613127783889e+00
4.713130815355439651e-01
4.710804829605184096e-01
3.265985323006610486e-01
-4.262848194901112109e-01
-2.520447323308280474e+00
1.948136875270111368e+00
2.271766796172469682e-02
2.266431350728512761e+00
2.353337613127783889e+00
nan
-1.323727654799082165e+00
-8.897390728111176372e-01
-2.221480621541421563e+00
1.069711682219314675e+00
3.265985323006610486e-01
-4.262848194901112109e-01
-2.520447323308280474e+00
3.265985323006610486e-01
4.713130815355439651e-01
1.069711682219314675e+00
3.265985323006610486e-01
-4.262848194901112109e-01
-7.256391855486801212e-01
-1.294939810668789715e+00
1.368910982561199141e+00
-2.520447323308280474e+00
1.137367703785386652e+00
-8.748802330639304792e-01
-1.270079862898838563e-01
nan
4.713130815355439651e-01
1.069711682219314675e+00
7.317992701583331261e-01
-4.262848194901112109e-01
-1.323727654799082165e+00
-8.897390728111176372e-01
-2.221480621541421563e+00
-1.270079862898838563e-01
-8.897390728111176372e-01
1.817913470013035493e+00
-3.605594621678629430e-01
-1.430538606501468024e-01
1.593072998055436784e+00
-1.892853834930179335e+00
-2.788542423249151359e+00
1.069711682219313786e+00
-3.605594621678629430e-01
-1.465798141949648858e+00
2.251413102271637712e-02
-2.505827182524683838e+00
1.841362503313006549e+00
2.251413102271637712e-02
-6.671851321890591713e-01
-2.126870340585500063e+00
-5.013221043377584785e-01
1.478360580615650122e+00
-8.041260592859975631e-01
-1.024683420173881476e+00
-6.671851321890591713e-01
-2.126870340585500063e+00
-5.013221043377584785e-01
2.524138854266415599e-01
-1.430538606501468024e-01
1.069711682219313786e+00
-3.605594621678629430e-01
-1.465798141949648858e+00
2.251413102271637712e-02
-6.671851321890591713e-01
nan
1.593072998055436784e+00
-2.199479504951376008e+00
-2.788542423249151359e+00
-2.071880971370479330e+00
1.478360580615650122e+00
-8.041260592859975631e-01
-1.024683420173881476e+00
-6.671851321890591713e-01
-2.126870340585500063e+00
2.251413102271637712e-02
-1.279880487335675054e+00
1.179690420649355254e+00
5.458754468588393749e-01
8.653872330211460628e-01
-2.126870340585500063e+00
-2.071880971370479330e+00
-3.605594621678629430e-01
-1.465798141949648858e+00
2.251413102271637712e-02
1.478360580615650122e+00
-8.041260592859975631e-01
-1.024683420173881476e+00
5.590395554478382323e-01
1.179690420649355254e+00
nan
-1.892853834930179335e+00
-1.465798141949648858e+00
-1.024683420173881476e+00
2.091333928210154625e+00
-8.041260592859975631e-01
-2.071880971370479330e+00
1.172012903042342735e+00
-1.465798141949648858e+00
-1.548519655534356332e+00
-9.735328097623670018e-01
-2.788542423249151359e+00
-5.013221043377584785e-01
2.397959598231350853e+00
nan
-3.119078522567076739e+00
-5.393379214666627064e-02
1.179690420649355254e+00
-1.024683420173881476e+00
-6.671851321890591713e-01
-8.041260592859975631e-01
1.593072998055436784e+00
5.590395554478382323e-01
-2.788542423249151359e+00
2.116909233415912084e+00
5.590395554478382323e-01
-2.788542423249151359e+00
-3.119078522567076739e+00
-9.735328097623670018e-01
-2.788542423249151359e+00
-5.013221043377584785e-01
2.524138854266415599e-01
-1.430538606501468024e-01
1.069711682219313786e+00
1.172012903042342735e+00
nan
-2.595717206730953741e+00
2.524138854266415599e-01
-2.126870340585500063e+00
-1.548519655534356332e+00
-9.735328097623670018e-01
nan
-1.024683420173881476e+00
5.590395554478382323e-01
2.502434701948858198e+00
nan
2.397959598231350853e+00
nan
2.251413102271637712e-02
2.524138854266415599e-01
-1.430538606501468024e-01
1.069711682219313786e+00
-2.505827182524683838e+00
-8.041260592859975631e-01
nan
-1.892853834930179335e+00
-8.041260592859975631e-01
-1.024683420173881476e+00
-3.605594621678629430e-01
1.841362503313006549e+00
2.251413102271637712e-02
2.397959598231350853e+00
nan
2.116909233415912084e+00
2.704307275804659128e+00
nan
-1.548519655534356332e+00
nan
2.277314599951463236e-02
1.736581176722046038e+00
1.798735628177760226e+00
2.878154250226893751e+00
nan
-9.334934772395819813e-01
2.878154250226893751e+00
1.736581176722046038e+00
nan
-1.690869940499790225e+00
nan
1.592990454241651754e-01
2.277314599951463236e-02
-5.484961121334688272e-01
nan
-2.833125988181460997e+00
2.251413102271682121e-02
-1.480137537329429431e+00
-5.486138928181194530e-01
2.251413102271682121e-02
-2.026285999903329582e+00
1.165029193681185404e+00
nan
nan
-2.833125988181460997e+00
2.251413102271682121e-02
7.059431055140126254e-01
nan
2.251413102271682121e-02
7.059431055140126254e-01
-5.486138928181194530e-01
-1.691034756561226482e+00
-9.334934772395819813e-01
nan
-1.691034756561226482e+00
2.344884090751659933e+00
nan
-1.120024513405041056e+00
7.059431055140126254e-01
nan
-5.484961121334688272e-01
7.059431055140126254e-01
2.277314599951463236e-02
-5.484961121334688272e-01
-3.868494171497345313e-01
5.936421548635517631e-01
1.165052775450474698e+00
-9.334934772395819813e-01
2.307285241362857064e+00
5.940425322942890496e-01
-9.334934772395819813e-01
2.307285241362857064e+00
nan
1.798735628177760226e+00
1.165029193681185404e+00
1.165052775450474698e+00
-3.868494171497345313e-01
-1.119482901682156140e+00
-1.120024513405041056e+00
1.592990454241651754e-01
2.277314599951463236e-02
-5.484961121334688272e-01
1.592990454241651754e-01
-1.119482901682156140e+00
-1.691034756561226482e+00
-3.868494171497345313e-01
-1.119482901682156140e+00
-1.120024513405041056e+00
1.592990454241651754e-01
-5.486138928181194530e-01
-5.484961121334688272e-01
1.252091568087912776e+00
5.936421548635517631e-01
2.251413102271682121e-02
2.891528150841507383e+00
5.936421548635517631e-01
2.879119821149804359e+00
-3.868494171497345313e-01
-5.486138928181194530e-01
-1.120024513405041056e+00
-9.334934772395819813e-01
-1.690869940499790225e+00
-1.691034756561226482e+00
nan
-1.119482901682156140e+00
1.165052775450474698e+00
1.592990454241651754e-01
1.165029193681185404e+00
1.736581176722046038e+00
-1.480137537329429431e+00
-5.486138928181194530e-01
2.251413102271682121e-02
-1.480137537329429431e+00
-1.690869940499790225e+00
-2.262563157832798488e+00
2.891528150841507383e+00
nan
-5.484961121334688272e-01
nan
-1.690869940499790225e+00
5.940425322942890496e-01
7.059431055140126254e-01
2.277314599951463236e-02
-5.484961121334688272e-01
1.252091568087912776e+00
5.936421548635517631e-01
2.251413102271682121e-02
-2.572434462477229289e+00
1.165029193681185404e+00
nan
-3.119078522567076739e+00
-2.833125988181460997e+00
-1.120024513405041056e+00
-1.480137537329429431e+00
2.878154250226893751e+00
nan
-9.334934772395819813e-01
2.277314599951463236e-02
5.940425322942890496e-01
9.657898642758198093e-01
1.165029193681185404e+00
1.164864362085626937e+00
1.593880412943446068e+00
nan
1.164864362085626937e+00
2.222540916736903682e+00
nan
2.878130672346419949e+00
3.371293604823621948e-01
5.941601848171487177e-01
5.934302102205970542e-01
-9.196216919787216781e-01
-5.480958628645220543e-01
-5.489200208423139493e-01
-9.196216919787216781e-01
-1.119482901682156140e+00
-1.691270251905224953e+00
2.222540916736903682e+00
2.277314599951463236e-02
-2.262186331103106074e+00
-9.196216919787216781e-01
-5.480958628645220543e-01
-1.119836100040195070e+00
-1.547712240646347492e+00
-5.480958628645220543e-01
-1.119836100040195070e+00
3.371293604823621948e-01
1.165029193681185404e+00
1.164864362085626937e+00
1.593880412943446068e+00
2.878672280180491150e+00
nan
-9.196216919787216781e-01
-5.480958628645220543e-01
-1.119836100040195070e+00
9.657898642758198093e-01
1.165029193681185404e+00
1.164864362085626937e+00
-2.176372744439805551e+00
-1.690351910546193048e+00
-2.262186331103106074e+00
-2.915311433110963080e-01
2.277314599951463236e-02
-5.489200208423139493e-01
-9.196216919787216781e-01
-1.119482901682156140e+00
-1.119836100040195070e+00
3.371293604823621948e-01
2.277314599951463236e-02
-5.489200208423139493e-01
2.222540916736903682e+00
nan
-2.833620482968135956e+00
-2.915311433110963080e-01
2.277314599951463236e-02
2.251413102271593303e-02
9.657898642758198093e-01
1.165029193681185404e+00
1.735780441283508502e+00
-2.915311433110963080e-01
2.277314599951463236e-02
2.251413102271593303e-02
3.371293604823621948e-01
5.941601848171487177e-01
5.934302102205970542e-01
-1.547712240646347492e+00
-2.261738949363826912e+00
2.251413102271593303e-02
-2.915311433110963080e-01
2.277314599951463236e-02
2.251413102271593303e-02
1.593880412943446068e+00
1.736416232498819490e+00
1.735780441283508502e+00
9.657898642758198093e-01
1.165029193681185404e+00
1.735780441283508502e+00
9.657898642758198093e-01
1.736416232498819490e+00
1.735780441283508502e+00
3.371293604823621948e-01
1.165029193681185404e+00
1.164864362085626937e+00
1.593880412943446068e+00
nan
-5.489200208423139493e-01
2.222540916736903682e+00
nan
2.251413102271593303e-02
3.371293604823621948e-01
5.941601848171487177e-01
5.934302102205970542e-01
-2.915311433110963080e-01
2.277314599951463236e-02
2.251413102271593303e-02
9.657898642758198093e-01
1.736416232498819490e+00
1.735780441283508502e+00
nan
-2.261738949363826912e+00
1.164864362085626937e+00
3.371293604823621948e-01
5.941601848171487177e-01
5.934302102205970542e-01
-9.196216919787216781e-01
-5.480958628645220543e-01
-5.489200208423139493e-01
-2.915311433110963080e-01
2.277314599951463236e-02
2.251413102271593303e-02
9.657898642758198093e-01
2.307285241362857064e+00
2.878130672346419949e+00
-9.196216919787216781e-01
2.277314599951463236e-02
-5.489200208423139493e-01
-2.915311433110963080e-01
2.277314599951463236e-02
2.251413102271593303e-02
-1.024261248212100739e+00
1.189437922071073572e+00
-1.024683420173881032e+00
-2.420595011801194296e+00
4.714061209655544538e-01
-1.862897425231825554e+00
-1.722744758977982960e+00
4.714061209655544538e-01
2.326652719722342333e+00
-1.722744758977982960e+00
4.714061209655544538e-01
-2.700351490121993159e+00
-3.264109953888891802e-01
-9.646574812454833392e-01
-2.700351490121993159e+00
1.768406278966087264e+00
4.714061209655544538e-01
6.509846497742306504e-01
-3.264109953888891802e-01
2.984354605832352014e+00
nan
nan
-1.323836200800761143e+00
2.326652719722342333e+00
-3.264109953888891802e-01
1.907469723176592247e+00
6.509846497742306504e-01
1.768406278966087264e+00
4.714061209655544538e-01
-1.872293552837138719e-01
-3.264109953888891802e-01
-9.646574812454833392e-01
-2.700351490121993159e+00
-1.722744758977982960e+00
2.625501524282110921e+00
nan
1.069922768200204821e+00
1.122274014102764284e-01
-1.872293552837138719e-01
nan
-3.118752884562040251e+00
-2.700351490121993159e+00
3.720725153769932625e-01
-2.466256801399646648e-01
-1.024683420173881032e+00
1.768406278966087264e+00
-2.466256801399646648e-01
-1.024683420173881032e+00
nan
-9.646574812454833392e-01
-1.872293552837138719e-01
1.069922768200204821e+00
1.122274014102764284e-01
-1.872293552837138719e-01
-3.264109953888891802e-01
-9.646574812454833392e-01
nan
1.768406278966087264e+00
1.122274014102764284e-01
-1.024683420173881032e+00
-3.264109953888891802e-01
-1.323836200800761143e+00
1.488438714664398255e+00
-3.264109953888891802e-01
-9.646574812454833392e-01
-2.700351490121993159e+00
-2.420595011801194296e+00
-2.466256801399646648e-01
nan
3.720725153769932625e-01
4.714061209655544538e-01
6.509846497742306504e-01
1.069922768200204821e+00
1.122274014102764284e-01
-1.872293552837138719e-01
-3.264109953888891802e-01
-9.646574812454833392e-01
-2.700351490121993159e+00
-3.264109953888891802e-01
-6.058043996952422461e-01
-2.700351490121993159e+00
nan
-1.323836200800761143e+00
1.488438714664398255e+00
3.720725153769932625e-01
-6.058043996952422461e-01
-1.862897425231825554e+00
1.069922768200204821e+00
-2.466256801399646648e-01
-1.024683420173881032e+00
-2.420595011801194296e+00
-6.058043996952422461e-01
2.326652719722342333e+00
3.720725153769932625e-01
4.714061209655544538e-01
6.509846497742306504e-01
3.720725153769932625e-01
-2.466256801399646648e-01
-1.024683420173881032e+00
2.466256531789298378e+00
1.189437922071073572e+00
nan
-3.264109953888891802e-01
-1.323836200800761143e+00
nan
1.768406278966087264e+00
4.714061209655544538e-01
6.509846497742306504e-01
1.768406278966087264e+00
4.714061209655544538e-01
-1.872293552837138719e-01
3.720725153769932625e-01
-6.058043996952422461e-01
-2.700351490121993159e+00
3.720725153769932625e-01
-2.466256801399646648e-01
-1.024683420173881032e+00
2.466256531789298378e+00
4.714061209655544538e-01
-1.872293552837138719e-01
1.841962387340807084e+00
nan
-1.480008252720670603e+00
5.192181060413050275e-01
2.279903105478231495e-02
1.590620171257355331e-01
-8.035261752581974726e-01
2.279903105478231495e-02
1.590620171257355331e-01
-1.424539766223462678e-01
1.907127843138114009e+00
nan
-1.464598373894048455e+00
1.907127843138114009e+00
2.891506649016645447e+00
-1.424539766223462678e-01
6.507187017278490693e-01
7.057491981479873111e-01
-1.424539766223462678e-01
6.507187017278490693e-01
7.057491981479873111e-01
-2.126270456557699973e+00
-1.233610110355482181e+00
-1.480008252720670603e+00
-8.035261752581974726e-01
2.279903105478231495e-02
1.590620171257355331e-01
-1.464598373894048455e+00
-1.233610110355482181e+00
-1.480008252720670603e+00
-1.464598373894048455e+00
1.279208172465047255e+00
2.344819467994393669e+00
1.180890188704956323e+00
nan
-2.026695433742922159e+00
-2.787342655193550733e+00
2.535617313875311751e+00
nan
nan
-3.118508722502945307e+00
-2.572886978154999227e+00
-1.464598373894048455e+00
3.163536984548378506e+00
nan
-2.787342655193550733e+00
-2.490019251765747121e+00
2.344819467994393669e+00
nan
2.279903105478231495e-02
1.798627923582316157e+00
5.192181060413050275e-01
2.535617313875311751e+00
nan
nan
-2.490019251765747121e+00
2.344819467994393669e+00
1.841962387340807084e+00
nan
nan
5.192181060413050275e-01
1.279208172465047255e+00
1.798627923582316157e+00
-8.035261752581974726e-01
2.279903105478231495e-02
1.590620171257355331e-01
5.192181060413050275e-01
2.535617313875311751e+00
nan
1.841962387340807084e+00
6.507187017278490693e-01
1.590620171257355331e-01
-1.464598373894048455e+00
-1.233610110355482181e+00
-1.480008252720670603e+00
-1.424539766223462678e-01
1.279208172465047255e+00
1.251940742560064379e+00
1.180890188704956323e+00
2.535617313875311751e+00
nan
5.192181060413050275e-01
1.907127843138114009e+00
2.344819467994393669e+00
-1.424539766223462678e-01
6.507187017278490693e-01
7.057491981479873111e-01
-1.424539766223462678e-01
1.279208172465047255e+00
1.251940742560064379e+00
nan
-2.490019251765747121e+00
2.891506649016645447e+00
nan
2.535617313875311751e+00
nan
-8.035261752581974726e-01
2.279903105478231495e-02
1.590620171257355331e-01
1.841962387340807084e+00
1.907127843138114009e+00
2.344819467994393669e+00
5.192181060413050275e-01
-6.056904396824158709e-01
-1.480008252720670603e+00
-1.424539766223462678e-01
1.279208172465047255e+00
2.344819467994393669e+00
-1.424539766223462678e-01
6.507187017278490693e-01
7.057491981479873111e-01
-8.035261752581974726e-01
2.279903105478231495e-02
1.590620171257355331e-01
-1.424539766223462678e-01
1.907127843138114009e+00
nan
1.180890188704956323e+00
3.163536984548378506e+00
nan
1.593072998055436784e+00
nan
-3.119078522567076739e+00
-1.548519655534356332e+00
-2.595717206730953741e+00
1.069711682219313786e+00
-1.024683420173881476e+00
-1.548519655534356332e+00
2.116909233415912084e+00
-1.024683420173881476e+00
-1.024683420173881476e+00
-2.071880971370479330e+00
1.069711682219313786e+00
2.116909233415912084e+00
nan
-1.024683420173881476e+00
-1.548519655534356332e+00
2.640270549252034193e+00
5.458754468588393749e-01
1.069711682219313786e+00
1.593072998055436784e+00
-1.024683420173881476e+00
-1.548519655534356332e+00
-2.595717206730953741e+00
-1.548519655534356332e+00
2.116909233415912084e+00
1.069711682219313786e+00
2.251413102271637712e-02
-5.013221043377584785e-01
-1.024683420173881476e+00
2.251413102271637712e-02
2.251413102271637712e-02
2.251413102271637712e-02
2.640270549252034193e+00
nan
-2.071880971370479330e+00
2.251413102271637712e-02
2.251413102271637712e-02
2.251413102271637712e-02
2.640270549252034193e+00
nan
-1.548519655534356332e+00
5.458754468588393749e-01
-1.548519655534356332e+00
5.458754468588393749e-01
2.251413102271637712e-02
2.251413102271637712e-02
-5.013221043377584785e-01
-5.013221043377584785e-01
-1.024683420173881476e+00
-2.071880971370479330e+00
5.458754468588393749e-01
1.069711682219313786e+00
1.593072998055436784e+00
2.251413102271637712e-02
2.251413102271637712e-02
2.251413102271637712e-02
1.069711682219313786e+00
nan
-2.071880971370479330e+00
1.593072998055436784e+00
nan
-3.119078522567076739e+00
2.251413102271637712e-02
2.251413102271637712e-02
2.251413102271637712e-02
2.251413102271637712e-02
2.251413102271637712e-02
-5.013221043377584785e-01
2.116909233415912084e+00
2.251413102271637712e-02
2.640270549252034193e+00
5.458754468588393749e-01
1.069711682219313786e+00
1.593072998055436784e+00
2.116909233415912084e+00
nan
-2.595717206730953741e+00
2.251413102271637712e-02
5.458754468588393749e-01
5.458754468588393749e-01
5.458754468588393749e-01
1.069711682219313786e+00
2.116909233415912084e+00
-1.548519655534356332e+00
-2.595717206730953741e+00
1.593072998055436784e+00
5.458754468588393749e-01
1.069711682219313786e+00
2.116909233415912084e+00
-1.548519655534356332e+00
-2.595717206730953741e+00
1.069711682219313786e+00
1.593072998055436784e+00
2.640270549252034193e+00
nan
2.251413102271637712e-02
2.251413102271637712e-02
2.251413102271637712e-02
1.593072998055436784e+00
nan
-3.119078522567076739e+00
2.116909233415912084e+00
nan
-2.071880971370479330e+00
2.116909233415912084e+00
nan
-2.595717206730953741e+00
2.116909233415912084e+00
nan
-3.119078522567076739e+00
nan
-3.119078522567076739e+00
-5.013221043377584785e-01
nan
-5.013221043377584785e-01
2.640270549252034193e+00
2.251413102271637712e-02
5.458754468588393749e-01
5.458754468588393749e-01
5.463503663831912327e-01
nan
-2.127375542258869157e+00
1.069711682219313786e+00
1.069711682219314675e+00
nan
nan
4.710804829605184096e-01
nan
1.593547917579789086e+00
2.266431350728512761e+00
nan
2.251413102271637712e-02
-1.323727654799082165e+00
-1.465640280746496105e+00
-2.071880971370479330e+00
4.710804829605184096e-01
nan
-2.071880971370479330e+00
-1.922358854057878430e+00
-1.465640280746496105e+00
-1.024683420173881476e+00
-7.256391855486801212e-01
-1.427696990286513312e-01
-5.008471848134061766e-01
-1.270079862898838563e-01
1.180100882689193220e+00
-1.548044736010004030e+00
-1.323727654799082165e+00
-1.427696990286513312e-01
-1.024683420173881476e+00
-1.323727654799082165e+00
-8.045049605410246052e-01
nan
1.069711682219314675e+00
nan
2.251413102271637712e-02
-1.323727654799082165e+00
-1.465640280746496105e+00
-1.024683420173881476e+00
-7.256391855486801212e-01
-1.427696990286513312e-01
2.251413102271637712e-02
1.667800151469716496e+00
nan
-5.008471848134061766e-01
-1.922358854057878430e+00
-2.127375542258869157e+00
-1.548044736010004030e+00
-1.922358854057878430e+00
-1.465640280746496105e+00
-1.024683420173881476e+00
-7.256391855486801212e-01
5.183656211768199462e-01
-5.008471848134061766e-01
-1.270079862898838563e-01
5.183656211768199462e-01
1.069711682219313786e+00
nan
-2.127375542258869157e+00
2.116909233415912084e+00
nan
-8.045049605410246052e-01
-2.595242287206601883e+00
-2.520447323308280474e+00
-2.127375542258869157e+00
2.116909233415912084e+00
nan
-2.127375542258869157e+00
2.251413102271637712e-02
-1.270079862898838563e-01
1.180100882689193220e+00
2.251413102271637712e-02
4.710804829605184096e-01
1.841236202894664942e+00
2.251413102271637712e-02
4.710804829605184096e-01
1.180100882689193220e+00
nan
-3.119078522567076739e+00
nan
-2.595242287206601883e+00
1.667800151469716496e+00
nan
5.463503663831912327e-01
4.710804829605184096e-01
1.841236202894664942e+00
2.640745468776386495e+00
nan
-1.427696990286513312e-01
-2.071880971370479330e+00
1.069711682219314675e+00
nan
-1.548044736010004030e+00
-1.323727654799082165e+00
-1.427696990286513312e-01
5.463503663831912327e-01
4.710804829605184096e-01
1.841236202894664942e+00
-3.119078522567076739e+00
1.069711682219314675e+00
nan
-1.024683420173881476e+00
-2.520447323308280474e+00
-2.788510862464340878e+00
-1.548044736010004030e+00
-1.323727654799082165e+00
-1.427696990286513312e-01
1.593547917579789086e+00
2.266431350728512761e+00
nan
5.463503663831912327e-01
1.069711682219314675e+00
2.502971464407037772e+00
1.593547917579789086e+00
4.710804829605184096e-01
-1.427696990286513312e-01
1.069711682219313786e+00
-1.270079862898838563e-01
-1.427696990286513312e-01
1.154071162720673449e+00
3.163473718082818742e+00
nan
6.511062600558146229e-01
-3.259889935719799681e-01
-9.338167083085933129e-01
-2.365315164357638000e+00
3.163473718082818742e+00
1.798627923582316157e+00
2.159544970858490842e+00
1.069922704395877666e+00
-9.338167083085933129e-01
-8.568764535549622252e-01
-3.259889935719799681e-01
1.590620171257355331e-01
-3.543675480820027701e-01
3.716503221471034735e-01
7.057491981479873111e-01
-3.543675480820027701e-01
3.716503221471034735e-01
7.057491981479873111e-01
1.481413573909562409e-01
-3.259889935719799681e-01
-9.338167083085933129e-01
-1.862350261692779618e+00
-2.420173073788611795e+00
-2.026695433742922159e+00
1.154071162720673449e+00
2.465834402363735300e+00
nan
1.481413573909562409e-01
1.069922704395877666e+00
1.251940742560064379e+00
1.481413573909562409e-01
-1.024261375820754161e+00
-1.480008252720670603e+00
6.511062600558146229e-01
-3.259889935719799681e-01
-3.871295272863415349e-01
nan
-2.420173073788611795e+00
1.798627923582316157e+00
1.656580068193632016e+00
3.163473718082818742e+00
nan
1.154071162720673449e+00
3.163473718082818742e+00
nan
1.481413573909562409e-01
-1.024261375820754161e+00
2.891506649016645447e+00
-1.359841356219820385e+00
-1.721900691539837824e+00
-9.338167083085933129e-01
1.154071162720673449e+00
3.163473718082818742e+00
nan
6.511062600558146229e-01
-3.259889935719799681e-01
-9.338167083085933129e-01
6.511062600558146229e-01
1.069922704395877666e+00
2.344819467994393669e+00
-1.359841356219820385e+00
-3.259889935719799681e-01
-3.871295272863415349e-01
6.511062600558146229e-01
1.767562020114961108e+00
2.344819467994393669e+00
-3.543675480820027701e-01
3.716503221471034735e-01
7.057491981479873111e-01
1.481413573909562409e-01
-1.024261375820754161e+00
2.891506649016645447e+00
2.662053876331449409e+00
nan
7.057491981479873111e-01
1.481413573909562409e-01
-1.721900691539837824e+00
1.251940742560064379e+00
-2.365315164357638000e+00
1.069922704395877666e+00
1.590620171257355331e-01
1.154071162720673449e+00
nan
-2.572886978154999227e+00
1.656580068193632016e+00
nan
-1.480008252720670603e+00
-2.867824069830597011e+00
3.716503221471034735e-01
-9.338167083085933129e-01
-8.568764535549622252e-01
-3.259889935719799681e-01
1.590620171257355331e-01
1.481413573909562409e-01
1.069922704395877666e+00
1.251940742560064379e+00
-1.359841356219820385e+00
-1.024261375820754161e+00
-3.871295272863415349e-01
1.481413573909562409e-01
1.069922704395877666e+00
1.251940742560064379e+00
nan
-3.259889935719799681e-01
nan
6.511062600558146229e-01
1.767562020114961108e+00
2.891506649016645447e+00
2.159544970858490842e+00
nan
-3.871295272863415349e-01
-8.568764535549622252e-01
-3.259889935719799681e-01
1.590620171257355331e-01
1.481413573909562409e-01
-1.024261375820754161e+00
2.891506649016645447e+00
nan
-1.796034299253674416e+00
-9.336658555852976882e-01
3.720725153769932625e-01
-1.465498199935748813e+00
-1.479771243116798862e+00
1.768406278966087264e+00
5.186182220135044929e-01
-3.870649096259093369e-01
1.768406278966087264e+00
8.494542633453301406e-01
-3.870649096259093369e-01
2.466256531789298378e+00
1.179990362663255965e+00
1.590404779055920592e-01
3.720725153769932625e-01
-1.427539186362465351e-01
-2.026372189076186991e+00
-1.024894506154771623e+00
-1.134662158603923166e+00
2.344453144887371110e+00
-1.722744758977982960e+00
5.186182220135044929e-01
-2.572477576607688388e+00
1.768406278966087264e+00
5.186182220135044929e-01
-3.870649096259093369e-01
-3.264109953888891802e-01
-1.465498199935748813e+00
-9.336658555852976882e-01
nan
2.172198544644832197e+00
nan
nan
-2.126870340585500063e+00
-2.572477576607688388e+00
-3.119078522567076739e+00
1.179990362663255965e+00
-3.870649096259093369e-01
3.720725153769932625e-01
-8.041260592859975631e-01
-3.119078522567076739e+00
1.069922768200204821e+00
1.880821226955791126e-01
-9.336658555852976882e-01
1.768406278966087264e+00
5.186182220135044929e-01
-3.870649096259093369e-01
-1.024894506154771623e+00
1.510826403995081613e+00
-9.336658555852976882e-01
nan
-8.041260592859975631e-01
1.251746811396481363e+00
nan
-2.457406439903425444e+00
-1.479771243116798862e+00
3.720725153769932625e-01
-1.427539186362465351e-01
-2.026372189076186991e+00
-3.264109953888891802e-01
1.841362503313006549e+00
1.590404779055920592e-01
-3.264109953888891802e-01
-1.134662158603923166e+00
7.056414238649804105e-01
-3.264109953888891802e-01
-8.041260592859975631e-01
-2.572477576607688388e+00
nan
-3.118778580553176472e+00
nan
-3.264109953888891802e-01
-1.465498199935748813e+00
-3.870649096259093369e-01
1.069922768200204821e+00
-1.427539186362465351e-01
-1.479771243116798862e+00
1.768406278966087264e+00
5.186182220135044929e-01
-3.870649096259093369e-01
nan
1.880821226955791126e-01
-1.479771243116798862e+00
2.466256531789298378e+00
1.179990362663255965e+00
7.056414238649804105e-01
-3.264109953888891802e-01
-1.796034299253674416e+00
-1.479771243116798862e+00
nan
8.494542633453301406e-01
nan
-1.024894506154771623e+00
-1.465498199935748813e+00
-9.336658555852976882e-01
2.466256531789298378e+00
1.841362503313006549e+00
nan
2.466256531789298378e+00
1.841362503313006549e+00
2.891054090846759017e+00
-1.722744758977982960e+00
-1.427539186362465351e-01
-3.870649096259093369e-01
-2.420595011801194296e+00
-2.457406439903425444e+00
-2.026372189076186991e+00
nan
-1.465498199935748813e+00
-2.572477576607688388e+00
-2.420595011801194296e+00
1.880821226955791126e-01
-2.572477576607688388e+00
1.069922768200204821e+00
-1.427539186362465351e-01
-1.479771243116798862e+00
3.720725153769932625e-01
nan
-2.026372189076186991e+00
-3.119078522567076739e+00
-2.595242287206601883e+00
-5.008471848134061766e-01
2.251413102271637712e-02
2.251413102271637712e-02
2.251413102271637712e-02
-5.008471848134061766e-01
2.251413102271637712e-02
2.251413102271637712e-02
2.116909233415912084e+00
2.116909233415912084e+00
2.640745468776386495e+00
2.116909233415912084e+00
5.463503663831912327e-01
-5.008471848134061766e-01
nan
nan
-2.071880971370479330e+00
-1.024683420173881476e+00
2.116909233415912084e+00
nan
2.640745468776386495e+00
2.640745468776386495e+00
nan
1.593072998055436784e+00
nan
-3.119078522567076739e+00
1.069711682219313786e+00
1.069711682219313786e+00
1.069711682219313786e+00
nan
-1.024683420173881476e+00
nan
1.593072998055436784e+00
1.593547917579789086e+00
2.116909233415912084e+00
-2.071880971370479330e+00
1.069711682219313786e+00
-5.008471848134061766e-01
2.116909233415912084e+00
nan
-1.024683420173881476e+00
nan
1.593547917579789086e+00
nan
2.251413102271637712e-02
2.251413102271637712e-02
2.251413102271637712e-02
1.069711682219313786e+00
1.069711682219313786e+00
1.593547917579789086e+00
2.640745468776386495e+00
5.463503663831912327e-01
-5.008471848134061766e-01
5.463503663831912327e-01
5.463503663831912327e-01
5.463503663831912327e-01
-5.008471848134061766e-01
2.251413102271637712e-02
2.251413102271637712e-02
2.116909233415912084e+00
2.116909233415912084e+00
2.640745468776386495e+00
2.251413102271637712e-02
2.251413102271637712e-02
2.251413102271637712e-02
nan
-2.595242287206601883e+00
-2.071880971370479330e+00
-5.008471848134061766e-01
-1.548044736010004030e+00
-3.119078522567076739e+00
-1.024683420173881476e+00
1.593547917579789086e+00
nan
1.593072998055436784e+00
1.593547917579789086e+00
1.593547917579789086e+00
5.463503663831912327e-01
5.463503663831912327e-01
1.069711682219313786e+00
2.251413102271637712e-02
2.251413102271637712e-02
5.463503663831912327e-01
1.069711682219313786e+00
1.069711682219313786e+00
1.069711682219313786e+00
2.640745468776386495e+00
2.640745468776386495e+00
nan
1.593072998055436784e+00
1.593547917579789086e+00
2.116909233415912084e+00
2.251413102271637712e-02
2.251413102271637712e-02
-5.008471848134061766e-01
1.593072998055436784e+00
2.640745468776386495e+00
nan
1.593072998055436784e+00
1.593547917579789086e+00
2.116909233415912084e+00
-5.008471848134061766e-01
-1.548044736010004030e+00
1.593547917579789086e+00
5.463503663831912327e-01
5.463503663831912327e-01
5.463503663831912327e-01
-5.008471848134061766e-01
-5.008471848134061766e-01
-1.024683420173881476e+00
2.251413102271637712e-02
2.251413102271637712e-02
2.251413102271637712e-02
-5.008471848134061766e-01
2.640745468776386495e+00
nan
-1.548044736010004030e+00
2.116909233415912084e+00
nan
