6.476597398143722373e+00
4.054979155758870135e+00
3.165212708978335510e+00
4.614944132579225311e+00
6.728752430872924961e+00
6.037516688799600573e+00
4.149319744389283748e+00
3.787723087806426747e+00
6.037516688799600573e+00
3.684117499796976780e+00
7.263749605013660293e+00
5.319522099126560377e+00
6.941799642736029341e+00
4.589976329899605467e+00
4.242367404052448165e+00
7.407424030925970904e+00
7.531005672966103681e+00
4.601527509453520182e+00
6.941799642736029341e+00
7.798504260036470903e+00
5.319522099126560377e+00
5.545770765361473842e+00
7.263749605013660293e+00
3.165212708978335510e+00
3.684117499796976780e+00
6.996251017943293071e+00
4.960361993725488361e+00
6.476597398143722373e+00
3.787723087806426747e+00
8.550334942090689339e+00
5.080146377171532279e+00
4.322477742829237357e+00
8.909495047491763131e+00
8.803452908300528179e+00
6.194240294968038185e+00
8.909495047491763131e+00
8.338250663708219435e+00
5.391987052874859465e+00
6.755185657343537819e+00
6.941799642736029341e+00
6.728752430872924961e+00
3.165212708978335510e+00
6.941799642736029341e+00
4.322477742829237357e+00
7.473505868145681852e+00
3.684117499796976780e+00
2.985712364831172305e+00
8.909495047491763131e+00
7.407424030925970904e+00
5.124730984922416077e+00
5.319522099126560377e+00
8.338250663708219435e+00
5.659485639945227575e+00
3.165212708978335510e+00
5.080146377171532279e+00
4.589976329899605467e+00
8.191500457818722936e+00
6.476597398143722373e+00
4.322477742829237357e+00
7.473505868145681852e+00
7.407424030925970904e+00
8.333258915059282401e+00
6.037516688799600573e+00
7.407424030925970904e+00
6.996251017943293071e+00
6.755185657343537819e+00
5.545770765361473842e+00
8.333258915059282401e+00
4.960361993725488361e+00
6.476597398143722373e+00
4.054979155758870135e+00
6.396351173071568752e+00
7.872626275518278760e+00
8.333258915059282401e+00
6.037516688799600573e+00
7.872626275518278760e+00
8.333258915059282401e+00
6.037516688799600573e+00
6.476597398143722373e+00
6.728752430872924961e+00
6.396351173071568752e+00
3.684117499796976780e+00
2.985712364831172305e+00
4.960361993725488361e+00
5.080146377171532279e+00
5.124730984922416077e+00
3.524372814379407526e+00
6.010973009953781698e+00
5.391987052874859465e+00
3.883532919780479542e+00
8.803452908300528179e+00
7.531005672966103681e+00
7.114345762744609836e+00
8.338250663708219435e+00
9.135269638034536399e+00
7.473505868145681852e+00
6.476597398143722373e+00
3.787723087806426747e+00
4.960361993725488361e+00
7.407424030925970904e+00
7.531005672966103681e+00
8.550334942090689339e+00
6.941799642736029341e+00
7.263749605013660293e+00
3.883532919780479542e+00
6.941799642736029341e+00
7.798504260036470903e+00
4.960361993725488361e+00
7.872626275518278760e+00
7.798504260036470903e+00
8.550334942090689339e+00
6.941799642736029341e+00
4.589976329899605467e+00
7.832340352417650031e+00
6.010973009953781698e+00
6.728752430872924961e+00
7.114345762744609836e+00
nan
2.985712364831172305e+00
8.191500457818722936e+00
5.342020525548857535e+00
4.648961761956184269e+00
8.071935484383637061e+00
8.483613179138650651e+00
nan
3.285056810346843381e+00
5.865381841384979644e+00
4.279185142928381147e+00
6.277127346624036264e+00
6.912579392581577054e+00
5.757621126530022337e+00
4.481776478856041024e+00
nan
8.714493093733306495e+00
nan
6.389218076745454944e+00
5.387844507502220104e+00
3.883688009605639646e+00
6.912579392581577054e+00
6.127397745557825459e+00
5.678496147365239999e+00
6.912579392581577054e+00
8.345051720960288577e+00
6.875215815874438086e+00
3.247625423155661828e+00
5.757621126530022337e+00
7.473847015133234351e+00
6.912579392581577054e+00
5.757621126530022337e+00
5.080407678114838177e+00
6.389218076745454944e+00
5.387844507502220104e+00
4.481776478856041024e+00
5.865381841384979644e+00
8.714493093733306495e+00
8.071935484383637061e+00
8.483613179138650651e+00
7.236057110131665304e+00
7.473847015133234351e+00
nan
3.170525778354542190e+00
3.883688009605639646e+00
7.959776943778175351e+00
6.866615737358646498e+00
6.875215815874438086e+00
6.912579392581577054e+00
5.757621126530022337e+00
5.080407678114838177e+00
7.959776943778175351e+00
6.496839118330843377e+00
6.277127346624036264e+00
7.959776943778175351e+00
6.866615737358646498e+00
6.875215815874438086e+00
7.435940708417700051e+00
6.496839118330843377e+00
6.277127346624036264e+00
7.959776943778175351e+00
6.866615737358646498e+00
6.875215815874438086e+00
3.247625423155661828e+00
6.496839118330843377e+00
8.670023953634039771e+00
5.342020525548857535e+00
7.236057110131665304e+00
nan
3.247625423155661828e+00
5.387844507502220104e+00
6.875215815874438086e+00
9.006974494974773648e+00
7.975275101932486344e+00
nan
5.865381841384979644e+00
5.018403134729202186e+00
3.883688009605639646e+00
7.435940708417700051e+00
6.127397745557825459e+00
5.678496147365239999e+00
4.294822974352259237e+00
3.170525778354542190e+00
4.481776478856041024e+00
7.435940708417700051e+00
6.127397745557825459e+00
5.678496147365239999e+00
5.865381841384979644e+00
5.018403134729202186e+00
nan
nan
3.539967151127560108e+00
5.080407678114838177e+00
6.389218076745454944e+00
5.387844507502220104e+00
3.883688009605639646e+00
7.435940708417700051e+00
6.496839118330843377e+00
5.678496147365239999e+00
9.006974494974773648e+00
7.975275101932486344e+00
nan
7.435940708417700051e+00
6.496839118330843377e+00
5.678496147365239999e+00
4.818184290188382235e+00
3.539967151127560108e+00
5.678496147365239999e+00
6.389218076745454944e+00
5.018403134729202186e+00
3.285056810346843381e+00
nan
3.539967151127560108e+00
nan
7.959776943778175351e+00
6.496839118330843377e+00
6.277127346624036264e+00
6.389218076745454944e+00
5.387844507502220104e+00
3.883688009605639646e+00
4.818184290188382235e+00
3.909743770155363229e+00
6.277127346624036264e+00
6.984096022152706418e+00
nan
3.316605829058973942e+00
4.128008490141005460e+00
7.356790738104693084e+00
5.962094391657978498e+00
4.128008490141005460e+00
5.717979017082302384e+00
7.284838672957480554e+00
3.556480088869433231e+00
6.264084404613804224e+00
5.301022193022127738e+00
3.556480088869433231e+00
5.171378071122914477e+00
5.962094391657978498e+00
6.413085778996521213e+00
5.717979017082302384e+00
5.301022193022127738e+00
2.985469845713248027e+00
4.625272683591412637e+00
5.962094391657978498e+00
4.699018733297190664e+00
6.264084404613804224e+00
7.945910871593331315e+00
4.128008490141005460e+00
5.717979017082302384e+00
6.623766474321629794e+00
7.555624423424278646e+00
nan
nan
5.270547134568763781e+00
4.625272683591412637e+00
3.978277911722624793e+00
6.413085778996521213e+00
5.717979017082302384e+00
5.301022193022127738e+00
3.556480088869433231e+00
5.171378071122914477e+00
6.623766474321629794e+00
6.984096022152706418e+00
6.264084404613804224e+00
5.962094391657978498e+00
5.841557377724948097e+00
4.625272683591412637e+00
4.639350110358476442e+00
4.128008490141005460e+00
5.717979017082302384e+00
6.623766474321629794e+00
6.413085778996521213e+00
5.171378071122914477e+00
5.301022193022127738e+00
7.555624423424278646e+00
nan
5.962094391657978498e+00
6.413085778996521213e+00
5.171378071122914477e+00
5.301022193022127738e+00
3.556480088869433231e+00
5.717979017082302384e+00
3.978277911722624793e+00
5.270547134568763781e+00
4.625272683591412637e+00
4.639350110358476442e+00
2.985469845713248027e+00
4.625272683591412637e+00
5.962094391657978498e+00
7.555624423424278646e+00
6.810685350573192132e+00
6.623766474321629794e+00
8.126634666580464739e+00
6.264084404613804224e+00
4.639350110358476442e+00
6.413085778996521213e+00
8.996098017554970738e+00
nan
7.555624423424278646e+00
6.264084404613804224e+00
5.301022193022127738e+00
3.556480088869433231e+00
7.356790738104693084e+00
5.301022193022127738e+00
2.985469845713248027e+00
4.625272683591412637e+00
5.962094391657978498e+00
4.699018733297190664e+00
6.264084404613804224e+00
7.945910871593331315e+00
nan
2.985965404141134982e+00
7.284838672957480554e+00
2.985469845713248027e+00
8.996098017554970738e+00
nan
nan
4.078671737632024730e+00
5.962094391657978498e+00
5.841557377724948097e+00
nan
3.978277911722624793e+00
5.841557377724948097e+00
7.356790738104693084e+00
nan
4.699018733297190664e+00
6.264084404613804224e+00
7.945910871593331315e+00
nan
6.264084404613804224e+00
nan
5.841557377724948097e+00
5.171378071122914477e+00
5.301022193022127738e+00
5.270547134568763781e+00
4.078671737632024730e+00
3.316605829058973942e+00
7.555624423424278646e+00
nan
7.945910871593331315e+00
nan
2.985965404141134982e+00
4.639350110358476442e+00
3.468589452782178117e+00
4.870140486152513049e+00
8.640621573889486484e+00
8.785535545823904613e+00
nan
6.127347451017651991e+00
7.818857929138794738e+00
6.755381030020999766e+00
6.127347451017651991e+00
2.985469845713248027e+00
8.640621573889486484e+00
nan
6.852180312453685751e+00
6.127347451017651991e+00
6.755381030020999766e+00
2.985469845713248027e+00
3.614073328145817943e+00
8.012018091456916125e+00
8.301977536207726160e+00
nan
2.985469845713248027e+00
3.952147462398357458e+00
6.755381030020999766e+00
nan
2.985469845713248027e+00
3.614073328145817943e+00
7.383984512453569238e+00
3.468589452782178117e+00
8.012018091456916125e+00
nan
5.401944686152397423e+00
3.614073328145817943e+00
2.985469845713248027e+00
nan
4.870140486152513049e+00
nan
nan
2.985469845713248027e+00
6.755381030020999766e+00
3.468589452782178117e+00
7.383984512453569238e+00
nan
6.852180312453685751e+00
6.755381030020999766e+00
6.755381030020999766e+00
8.301977536207726160e+00
nan
3.614073328145817943e+00
5.401944686152397423e+00
8.012018091456916125e+00
6.755381030020999766e+00
4.435267069467287548e+00
7.383984512453569238e+00
nan
7.335299919522615397e+00
8.012018091456916125e+00
8.012018091456916125e+00
6.368622302837506410e+00
5.498743968585082520e+00
6.127347451017651991e+00
6.852180312453685751e+00
6.127347451017651991e+00
6.755381030020999766e+00
4.918825079083466889e+00
8.640621573889486484e+00
8.012018091456916125e+00
6.368622302837506410e+00
5.498743968585082520e+00
6.127347451017651991e+00
6.852180312453685751e+00
6.127347451017651991e+00
6.127347451017651991e+00
7.335299919522615397e+00
7.383984512453569238e+00
7.383984512453569238e+00
5.885502695768575876e+00
3.614073328145817943e+00
6.127347451017651991e+00
6.368622302837506410e+00
5.498743968585082520e+00
6.127347451017651991e+00
5.885502695768575876e+00
4.870140486152513049e+00
4.870140486152513049e+00
3.468589452782178117e+00
4.242106907149165274e+00
8.012018091456916125e+00
8.785535545823904613e+00
nan
4.870140486152513049e+00
8.301977536207726160e+00
nan
3.614073328145817943e+00
5.885502695768575876e+00
4.870140486152513049e+00
4.870140486152513049e+00
2.985469845713248027e+00
3.614073328145817943e+00
7.383984512453569238e+00
2.985469845713248027e+00
4.242106907149165274e+00
8.012018091456916125e+00
6.852180312453685751e+00
6.755381030020999766e+00
6.755381030020999766e+00
7.335299919522615397e+00
7.383984512453569238e+00
7.383984512453569238e+00
3.468589452782178117e+00
6.127347451017651991e+00
nan
7.818857929138794738e+00
8.640621573889486484e+00
nan
nan
4.870140486152513049e+00
nan
8.301977536207726160e+00
nan
3.614073328145817943e+00
7.555624423424278646e+00
8.640108681478078978e+00
7.318768858077500106e+00
nan
nan
2.985469845713248027e+00
nan
nan
3.418996268446832687e+00
4.699018733297190664e+00
6.127632351045031456e+00
6.452109055604649868e+00
6.984096022152706418e+00
6.755608970717796424e+00
6.018975675865384289e+00
4.699018733297190664e+00
3.614586168869992289e+00
2.985469845713248027e+00
8.126634666580464739e+00
6.127632351045031456e+00
3.852129648186098265e+00
6.413085778996521213e+00
6.127632351045031456e+00
5.585449253131799630e+00
6.413085778996521213e+00
6.127632351045031456e+00
5.585449253131799630e+00
6.413085778996521213e+00
8.012132061805314009e+00
6.885242435343915446e+00
2.985469845713248027e+00
5.499085879630277063e+00
7.318768858077500106e+00
5.270547134568763781e+00
4.242562788542757701e+00
3.418996268446832687e+00
7.555624423424278646e+00
8.640108681478078978e+00
7.318768858077500106e+00
6.413085778996521213e+00
6.127632351045031456e+00
5.152315873392533163e+00
8.126634666580464739e+00
7.384155442132550817e+00
6.452109055604649868e+00
4.128008490141005460e+00
8.012132061805314009e+00
6.452109055604649868e+00
5.841557377724948097e+00
5.499085879630277063e+00
4.718789450658949391e+00
4.699018733297190664e+00
8.012132061805314009e+00
7.752295280811084766e+00
7.555624423424278646e+00
7.384155442132550817e+00
6.452109055604649868e+00
7.555624423424278646e+00
8.012132061805314009e+00
7.318768858077500106e+00
8.697644909736649055e+00
8.640108681478078978e+00
6.885242435343915446e+00
4.699018733297190664e+00
6.127632351045031456e+00
6.452109055604649868e+00
5.270547134568763781e+00
8.640108681478078978e+00
6.018975675865384289e+00
8.126634666580464739e+00
8.012132061805314009e+00
6.452109055604649868e+00
8.126634666580464739e+00
nan
2.985469845713248027e+00
6.984096022152706418e+00
8.012132061805314009e+00
7.318768858077500106e+00
4.128008490141005460e+00
6.127632351045031456e+00
6.885242435343915446e+00
5.270547134568763781e+00
6.755608970717796424e+00
6.885242435343915446e+00
7.555624423424278646e+00
nan
4.718789450658949391e+00
7.555624423424278646e+00
nan
4.718789450658949391e+00
5.270547134568763781e+00
6.755608970717796424e+00
6.452109055604649868e+00
8.126634666580464739e+00
8.012132061805314009e+00
6.452109055604649868e+00
5.841557377724948097e+00
7.384155442132550817e+00
7.318768858077500106e+00
2.985469845713248027e+00
7.384155442132550817e+00
8.185428660550350344e+00
8.126634666580464739e+00
8.640108681478078978e+00
6.885242435343915446e+00
6.984096022152706418e+00
6.755608970717796424e+00
6.018975675865384289e+00
8.126634666580464739e+00
8.012132061805314009e+00
6.452109055604649868e+00
2.985469845713248027e+00
5.499085879630277063e+00
6.885242435343915446e+00
5.841557377724948097e+00
6.127632351045031456e+00
6.018975675865384289e+00
2.985469845713248027e+00
8.640108681478078978e+00
6.885242435343915446e+00
5.160519761593331367e+00
7.766251283298662322e+00
4.833820453042966037e+00
6.610553038846719076e+00
3.668403222688596976e+00
nan
nan
7.766251283298662322e+00
nan
5.644010301137008412e+00
3.122006961356722954e+00
4.095016546885059228e+00
6.127062499303041143e+00
6.673458760634915166e+00
4.095016546885059228e+00
8.543200172888493427e+00
6.673458760634915166e+00
5.573294780168348339e+00
6.127062499303041143e+00
6.400384529347965312e+00
3.355542219759676925e+00
nan
4.487873715307420852e+00
6.312098686326255148e+00
5.644010301137008412e+00
8.039325514585613064e+00
5.573294780168348339e+00
8.543200172888493427e+00
6.400384529347965312e+00
5.573294780168348339e+00
6.610553038846719076e+00
6.946780790679838447e+00
4.095016546885059228e+00
5.644010301137008412e+00
3.395081192643672807e+00
nan
8.543200172888493427e+00
6.400384529347965312e+00
4.833820453042966037e+00
3.227434286173910039e+00
4.487873715307420852e+00
4.833820453042966037e+00
4.193977023883620703e+00
3.395081192643672807e+00
4.833820453042966037e+00
7.577095776556429740e+00
5.034269976639293986e+00
7.050902592484162845e+00
3.710924825717588416e+00
7.766251283298662322e+00
8.529851246734928338e+00
8.060147974722461583e+00
6.400384529347965312e+00
5.573294780168348339e+00
6.127062499303041143e+00
3.668403222688596976e+00
3.355542219759676925e+00
6.610553038846719076e+00
4.487873715307420852e+00
6.312098686326255148e+00
5.644010301137008412e+00
3.395081192643672807e+00
6.312098686326255148e+00
6.610553038846719076e+00
3.941477453975546830e+00
4.095016546885059228e+00
5.644010301137008412e+00
7.493177052011712469e+00
3.355542219759676925e+00
5.160519761593331367e+00
8.312647544630536345e+00
nan
7.577095776556429740e+00
5.853988268016091290e+00
4.095016546885059228e+00
6.610553038846719076e+00
6.673458760634915166e+00
4.095016546885059228e+00
6.610553038846719076e+00
4.214799484020470111e+00
4.833820453042966037e+00
4.193977023883620703e+00
5.307344207926243840e+00
6.312098686326255148e+00
7.577095776556429740e+00
4.761195745352344133e+00
5.573294780168348339e+00
4.677467563427298636e+00
6.946780790679838447e+00
4.833820453042966037e+00
5.644010301137008412e+00
5.307344207926243840e+00
3.355542219759676925e+00
4.193977023883620703e+00
4.214799484020470111e+00
nan
4.193977023883620703e+00
3.395081192643672807e+00
4.833820453042966037e+00
6.127062499303041143e+00
5.034269976639293986e+00
4.833820453042966037e+00
8.060147974722461583e+00
4.761195745352344133e+00
4.095016546885059228e+00
9.026690712432172248e+00
6.673458760634915166e+00
5.573294780168348339e+00
8.543200172888493427e+00
6.400384529347965312e+00
5.573294780168348339e+00
6.610553038846719076e+00
6.946780790679838447e+00
4.833820453042966037e+00
4.193977023883620703e+00
3.395081192643672807e+00
4.833820453042966037e+00
6.610553038846719076e+00
8.039325514585613064e+00
7.050902592484162845e+00
7.383414609024346653e+00
nan
4.413913969725296482e+00
4.242106907149165274e+00
3.532113905803095477e+00
7.841247259656274338e+00
6.127347451017651991e+00
5.717698951130589791e+00
4.985395242407665961e+00
8.012018091456916125e+00
nan
3.271469539748304456e+00
6.755381030020999766e+00
7.903283996458084992e+00
nan
7.383414609024346653e+00
6.809995876278390092e+00
6.127321556996912832e+00
6.127347451017651991e+00
6.263847413704489497e+00
5.556358399702289397e+00
6.127347451017651991e+00
5.717698951130589791e+00
4.413913969725296482e+00
6.127347451017651991e+00
5.717698951130589791e+00
4.985395242407665961e+00
7.383414609024346653e+00
6.263847413704489497e+00
4.985395242407665961e+00
8.012018091456916125e+00
8.449432459031985587e+00
nan
3.614073328145817943e+00
8.449432459031985587e+00
nan
nan
5.717698951130589791e+00
nan
6.755381030020999766e+00
7.356639936368237542e+00
7.841247259656274338e+00
nan
6.263847413704489497e+00
nan
4.242106907149165274e+00
4.078262368376995184e+00
3.271469539748304456e+00
7.383414609024346653e+00
7.903283996458084992e+00
8.983691689633266364e+00
8.640621573889486484e+00
nan
3.842950812430673047e+00
nan
3.532113905803095477e+00
6.698802829679282311e+00
nan
6.263847413704489497e+00
nan
5.498743968585082520e+00
6.263847413704489497e+00
6.127321556996912832e+00
6.127347451017651991e+00
5.717698951130589791e+00
4.985395242407665961e+00
8.012018091456916125e+00
nan
3.271469539748304456e+00
4.870710389581734745e+00
4.078262368376995184e+00
3.271469539748304456e+00
8.012018091456916125e+00
6.263847413704489497e+00
4.985395242407665961e+00
4.870710389581734745e+00
6.263847413704489497e+00
6.127321556996912832e+00
8.640621573889486484e+00
nan
4.413913969725296482e+00
2.985469845713248027e+00
4.624906428466842634e+00
5.556358399702289397e+00
6.755381030020999766e+00
6.809995876278390092e+00
6.127321556996912832e+00
4.870710389581734745e+00
6.263847413704489497e+00
6.127321556996912832e+00
8.640621573889486484e+00
nan
6.127321556996912832e+00
nan
4.624906428466842634e+00
8.412728532338643817e+00
6.127347451017651991e+00
6.263847413704489497e+00
5.556358399702289397e+00
6.755381030020999766e+00
7.356639936368237542e+00
7.270284102361650014e+00
6.127347451017651991e+00
5.171054891040743229e+00
3.271469539748304456e+00
nan
2.985469845713248027e+00
3.842950812430673047e+00
5.498743968585082520e+00
5.717698951130589791e+00
5.556358399702289397e+00
5.498743968585082520e+00
5.717698951130589791e+00
4.985395242407665961e+00
8.012018091456916125e+00
8.996076519121832149e+00
nan
8.640621573889486484e+00
nan
4.985395242407665961e+00
6.603197453178422549e+00
6.953923687460278558e+00
7.257999380114227961e+00
5.460957124947819707e+00
4.308087850709046762e+00
5.247343607335620774e+00
5.460957124947819707e+00
4.308087850709046762e+00
5.247343607335620774e+00
6.222220409925215634e+00
4.969696766586762848e+00
5.749779585023155448e+00
6.603197453178422549e+00
6.292314771582560695e+00
7.257999380114227961e+00
5.079980081694612792e+00
4.308087850709046762e+00
5.247343607335620774e+00
6.222220409925215634e+00
5.631305682464479823e+00
6.755107471412458153e+00
5.841588767436517671e+00
4.969696766586762848e+00
5.247343607335620774e+00
5.460957124947819707e+00
4.308087850709046762e+00
5.247343607335620774e+00
5.460957124947819707e+00
4.969696766586762848e+00
5.749779585023155448e+00
5.841588767436517671e+00
5.631305682464479823e+00
6.252671493724925256e+00
6.603197453178422549e+00
6.953923687460278558e+00
7.760435357801761747e+00
5.841588767436517671e+00
5.631305682464479823e+00
6.252671493724925256e+00
6.984174496431629464e+00
6.953923687460278558e+00
7.760435357801761747e+00
7.364806138920326539e+00
4.969696766586762848e+00
4.744451698633851855e+00
5.460957124947819707e+00
5.631305682464479823e+00
6.252671493724925256e+00
6.222220409925215634e+00
4.969696766586762848e+00
5.749779585023155448e+00
6.222220409925215634e+00
5.631305682464479823e+00
6.755107471412458153e+00
5.460957124947819707e+00
5.631305682464479823e+00
6.252671493724925256e+00
7.364806138920326539e+00
8.937550781574158165e+00
nan
6.603197453178422549e+00
6.953923687460278558e+00
7.257999380114227961e+00
5.841588767436517671e+00
5.631305682464479823e+00
6.252671493724925256e+00
5.460957124947819707e+00
4.969696766586762848e+00
6.252671493724925256e+00
4.318371395952707914e+00
4.969696766586762848e+00
4.744451698633851855e+00
6.222220409925215634e+00
5.631305682464479823e+00
6.755107471412458153e+00
6.603197453178422549e+00
6.953923687460278558e+00
7.760435357801761747e+00
5.841588767436517671e+00
5.631305682464479823e+00
6.252671493724925256e+00
6.222220409925215634e+00
6.292314771582560695e+00
6.755107471412458153e+00
5.460957124947819707e+00
4.308087850709046762e+00
5.247343607335620774e+00
6.222220409925215634e+00
6.292314771582560695e+00
6.755107471412458153e+00
5.460957124947819707e+00
4.308087850709046762e+00
5.247343607335620774e+00
6.603197453178422549e+00
6.953923687460278558e+00
7.257999380114227961e+00
6.603197453178422549e+00
5.631305682464479823e+00
6.252671493724925256e+00
6.603197453178422549e+00
6.953923687460278558e+00
7.257999380114227961e+00
6.984174496431629464e+00
6.953923687460278558e+00
7.760435357801761747e+00
6.603197453178422549e+00
6.953923687460278558e+00
7.760435357801761747e+00
6.603197453178422549e+00
6.953923687460278558e+00
7.257999380114227961e+00
6.984174496431629464e+00
7.614932776578359430e+00
8.263327266503530666e+00
7.364806138920326539e+00
7.614932776578359430e+00
8.765763244191065340e+00
5.841588767436517671e+00
5.631305682464479823e+00
6.252671493724925256e+00
7.903283996458084992e+00
8.863478126237565036e+00
nan
7.903283996458084992e+00
6.836857644455490046e+00
6.983954690767011364e+00
8.449432459031985587e+00
nan
5.841604459704100805e+00
7.903283996458084992e+00
6.836857644455490046e+00
6.983954690767011364e+00
7.356639936368237542e+00
5.215046515075821176e+00
7.555388842632041246e+00
8.996076519121832149e+00
8.052756398674162597e+00
nan
5.717698951130589791e+00
5.215046515075821176e+00
4.128338149443307792e+00
6.263847413704489497e+00
5.620591215983953504e+00
4.699254228641189357e+00
6.809995876278390092e+00
6.026135916892087607e+00
5.270688380506218351e+00
6.263847413704489497e+00
5.620591215983953504e+00
4.699254228641189357e+00
4.624906428466842634e+00
3.593970734201878958e+00
5.841604459704100805e+00
nan
3.593970734201878958e+00
7.555388842632041246e+00
2.985469845713248027e+00
5.215046515075821176e+00
2.985469845713248027e+00
6.263847413704489497e+00
5.620591215983953504e+00
4.699254228641189357e+00
8.996076519121832149e+00
8.458301099582294924e+00
nan
6.809995876278390092e+00
5.215046515075821176e+00
6.983954690767011364e+00
4.078262368376995184e+00
3.188426033293746187e+00
5.270688380506218351e+00
6.263847413704489497e+00
6.026135916892087607e+00
4.699254228641189357e+00
6.809995876278390092e+00
6.026135916892087607e+00
5.270688380506218351e+00
8.996076519121832149e+00
nan
3.556903997578277909e+00
7.903283996458084992e+00
7.242034671110759270e+00
7.555388842632041246e+00
5.717698951130589791e+00
5.215046515075821176e+00
3.556903997578277909e+00
7.903283996458084992e+00
7.242034671110759270e+00
7.555388842632041246e+00
6.809995876278390092e+00
6.026135916892087607e+00
5.270688380506218351e+00
7.356639936368237542e+00
6.431312943547356831e+00
5.841604459704100805e+00
7.356639936368237542e+00
6.431312943547356831e+00
5.841604459704100805e+00
nan
3.593970734201878958e+00
6.413038611569129799e+00
3.532113905803095477e+00
6.836857644455490046e+00
nan
7.356639936368237542e+00
6.431312943547356831e+00
5.841604459704100805e+00
8.449432459031985587e+00
7.242034671110759270e+00
8.126304921829923700e+00
8.449432459031985587e+00
8.052756398674162597e+00
nan
6.263847413704489497e+00
5.620591215983953504e+00
4.128338149443307792e+00
7.356639936368237542e+00
6.431312943547356831e+00
6.413038611569129799e+00
2.985469845713248027e+00
6.431312943547356831e+00
nan
6.263847413704489497e+00
4.809869488420551065e+00
6.413038611569129799e+00
6.263847413704489497e+00
5.620591215983953504e+00
4.128338149443307792e+00
7.903283996458084992e+00
7.242034671110759270e+00
6.983954690767011364e+00
7.356639936368237542e+00
6.431312943547356831e+00
6.413038611569129799e+00
6.809995876278390092e+00
5.215046515075821176e+00
3.556903997578277909e+00
5.171054891040743229e+00
8.863478126237565036e+00
8.126304921829923700e+00
5.152058360769480316e+00
6.026135916892087607e+00
5.631305682464479823e+00
8.618914438925498800e+00
5.215414189328684280e+00
8.937550781574158165e+00
6.452325923869265623e+00
5.215414189328684280e+00
3.647078761590965001e+00
6.885486399847490446e+00
8.052756398674162597e+00
5.631305682464479823e+00
7.319039943408270688e+00
5.620591215983953504e+00
4.308687677468681088e+00
7.319039943408270688e+00
5.620591215983953504e+00
4.308687677468681088e+00
2.985469845713248027e+00
6.026135916892087607e+00
4.969696766586762848e+00
6.018772380308485381e+00
8.458301099582294924e+00
8.276541692456076404e+00
6.885486399847490446e+00
5.215414189328684280e+00
3.647078761590965001e+00
7.752200419386494623e+00
6.431312943547356831e+00
5.631305682464479823e+00
3.418630321691471519e+00
6.026135916892087607e+00
4.969696766586762848e+00
4.718897884791257269e+00
5.215414189328684280e+00
8.276541692456076404e+00
6.452325923869265623e+00
8.863478126237565036e+00
8.937550781574158165e+00
6.018772380308485381e+00
6.431312943547356831e+00
7.614932776578359430e+00
2.985469845713248027e+00
6.836857644455490046e+00
6.953323860700642456e+00
6.885486399847490446e+00
6.431312943547356831e+00
6.292314771582560695e+00
3.852183865252252648e+00
8.863478126237565036e+00
7.614932776578359430e+00
6.885486399847490446e+00
5.215414189328684280e+00
3.647078761590965001e+00
4.718897884791257269e+00
5.215414189328684280e+00
5.631305682464479823e+00
6.018772380308485381e+00
4.404692461765281841e+00
8.276541692456076404e+00
3.418630321691471519e+00
6.431312943547356831e+00
5.631305682464479823e+00
7.319039943408270688e+00
5.620591215983953504e+00
4.308687677468681088e+00
6.885486399847490446e+00
6.026135916892087607e+00
5.631305682464479823e+00
2.985469845713248027e+00
5.620591215983953504e+00
4.969696766586762848e+00
4.285344341230476140e+00
4.809869488420551065e+00
8.276541692456076404e+00
6.452325923869265623e+00
6.431312943547356831e+00
6.953323860700642456e+00
6.018772380308485381e+00
3.593603059949015854e+00
2.986069672472883241e+00
6.452325923869265623e+00
4.809869488420551065e+00
2.986069672472883241e+00
5.152058360769480316e+00
6.026135916892087607e+00
6.292314771582560695e+00
3.418630321691471519e+00
3.593603059949015854e+00
5.631305682464479823e+00
5.585611904330262334e+00
6.026135916892087607e+00
3.647078761590965001e+00
7.319039943408270688e+00
5.620591215983953504e+00
4.308687677468681088e+00
3.418630321691471519e+00
6.026135916892087607e+00
4.969696766586762848e+00
6.885486399847490446e+00
5.215414189328684280e+00
3.647078761590965001e+00
7.319039943408270688e+00
6.026135916892087607e+00
4.969696766586762848e+00
9.052467982486280818e+00
nan
6.953323860700642456e+00
3.418630321691471519e+00
6.431312943547356831e+00
5.631305682464479823e+00
6.885486399847490446e+00
6.431312943547356831e+00
6.953323860700642456e+00
7.319039943408270688e+00
5.620591215983953504e+00
4.308687677468681088e+00
4.285344341230476140e+00
4.809869488420551065e+00
8.276541692456076404e+00
5.631084702701071976e+00
6.001453504881157031e+00
7.629843431870443560e+00
7.615295845441940159e+00
4.996125618491854325e+00
3.259018097906885458e+00
6.953892131194983506e+00
6.001453504881157031e+00
5.990536152420165905e+00
7.284444010151966076e+00
6.503889482568691705e+00
6.537137098379554701e+00
7.615295845441940159e+00
7.006781391270460624e+00
7.083242485911055653e+00
6.292488416948028629e+00
4.996125618491854325e+00
5.443935206460777998e+00
5.961636581658053657e+00
3.488361754415017391e+00
3.805123485438386854e+00
2.985469845713248027e+00
7.006781391270460624e+00
4.897829818929276158e+00
6.953892131194983506e+00
6.001453504881157031e+00
5.990536152420165905e+00
8.938103273935851689e+00
7.006781391270460624e+00
5.443935206460777998e+00
4.308277274207160445e+00
3.990797732102551176e+00
6.537137098379554701e+00
5.631084702701071976e+00
6.001453504881157031e+00
7.629843431870443560e+00
5.631084702701071976e+00
9.017437164049066922e+00
nan
8.276399603355905299e+00
7.006781391270460624e+00
5.990536152420165905e+00
2.985469845713248027e+00
6.001453504881157031e+00
5.990536152420165905e+00
6.953892131194983506e+00
6.001453504881157031e+00
5.990536152420165905e+00
7.945847724398921841e+00
6.001453504881157031e+00
4.897829818929276158e+00
nan
2.985469845713248027e+00
7.083242485911055653e+00
8.276399603355905299e+00
nan
5.990536152420165905e+00
6.292488416948028629e+00
4.493689640804320540e+00
4.897829818929276158e+00
8.607251438645878494e+00
7.006781391270460624e+00
5.443935206460777998e+00
8.607251438645878494e+00
7.006781391270460624e+00
5.990536152420165905e+00
5.961636581658053657e+00
3.990797732102551176e+00
4.351724431397775206e+00
4.638829153164142127e+00
3.990797732102551176e+00
5.990536152420165905e+00
5.300232867411097892e+00
7.006781391270460624e+00
5.443935206460777998e+00
6.623040295905010311e+00
4.996125618491854325e+00
5.443935206460777998e+00
6.953892131194983506e+00
6.001453504881157031e+00
5.990536152420165905e+00
5.961636581658053657e+00
9.017437164049066922e+00
8.722549765361332419e+00
5.300232867411097892e+00
4.493689640804320540e+00
5.990536152420165905e+00
6.953892131194983506e+00
8.515001186361534025e+00
6.537137098379554701e+00
8.607251438645878494e+00
nan
7.629843431870443560e+00
4.969680988454116211e+00
6.503889482568691705e+00
4.897829818929276158e+00
8.276399603355905299e+00
nan
3.805123485438386854e+00
8.938103273935851689e+00
nan
5.443935206460777998e+00
7.945847724398921841e+00
8.515001186361534025e+00
nan
4.638829153164142127e+00
5.499017527193624133e+00
4.351724431397775206e+00
3.316021724670230153e+00
8.012109277659764217e+00
8.722549765361332419e+00
4.308277274207160445e+00
4.996125618491854325e+00
3.805123485438386854e+00
6.292488416948028629e+00
4.996125618491854325e+00
5.443935206460777998e+00
nan
5.499017527193624133e+00
nan
8.803452908300528179e+00
8.302044980400614449e+00
nan
6.476597398143722373e+00
6.368824635416174829e+00
6.127062499303041143e+00
6.010973009953781698e+00
5.885738735150221501e+00
5.603701183466919034e+00
7.872626275518278760e+00
7.818959080134661122e+00
8.221457601696236850e+00
7.407424030925970904e+00
5.885738735150221501e+00
5.079864948106443734e+00
8.338250663708219435e+00
nan
8.744818917532359848e+00
6.941799642736029341e+00
8.785569252626881820e+00
nan
8.338250663708219435e+00
8.302044980400614449e+00
8.221457601696236850e+00
8.803452908300528179e+00
nan
3.508831161549371025e+00
7.407424030925970904e+00
7.335434807908394639e+00
7.174260050499638552e+00
3.218493111607035218e+00
nan
3.508831161549371025e+00
7.872626275518278760e+00
7.818959080134661122e+00
7.698096285860113852e+00
8.338250663708219435e+00
6.368824635416174829e+00
5.079864948106443734e+00
8.338250663708219435e+00
nan
4.032667396909845436e+00
5.080146377171532279e+00
nan
5.603701183466919034e+00
4.149319744389283748e+00
7.335434807908394639e+00
6.650898734663515555e+00
7.407424030925970904e+00
7.335434807908394639e+00
7.174260050499638552e+00
5.080146377171532279e+00
6.852348907642441311e+00
5.603701183466919034e+00
6.941799642736029341e+00
6.852348907642441311e+00
6.650898734663515555e+00
6.476597398143722373e+00
6.368824635416174829e+00
6.127062499303041143e+00
7.872626275518278760e+00
7.818959080134661122e+00
8.221457601696236850e+00
6.941799642736029341e+00
6.368824635416174829e+00
6.127062499303041143e+00
8.803452908300528179e+00
8.302044980400614449e+00
8.744818917532359848e+00
6.476597398143722373e+00
4.918690190697687648e+00
2.985469845713248027e+00
3.218493111607035218e+00
2.985908217673562071e+00
2.985469845713248027e+00
7.407424030925970904e+00
7.335434807908394639e+00
7.698096285860113852e+00
6.941799642736029341e+00
6.852348907642441311e+00
6.650898734663515555e+00
6.476597398143722373e+00
6.368824635416174829e+00
6.127062499303041143e+00
7.407424030925970904e+00
7.335434807908394639e+00
7.174260050499638552e+00
8.338250663708219435e+00
7.818959080134661122e+00
8.221457601696236850e+00
7.872626275518278760e+00
7.818959080134661122e+00
7.698096285860113852e+00
6.941799642736029341e+00
6.368824635416174829e+00
6.127062499303041143e+00
3.684117499796976780e+00
3.952518390165781881e+00
5.603701183466919034e+00
7.872626275518278760e+00
7.818959080134661122e+00
7.698096285860113852e+00
6.010973009953781698e+00
4.435604290431735208e+00
7.174260050499638552e+00
4.614944132579225311e+00
3.468994117939514954e+00
7.174260050499638552e+00
6.476597398143722373e+00
6.368824635416174829e+00
5.603701183466919034e+00
6.941799642736029341e+00
6.368824635416174829e+00
6.127062499303041143e+00
6.941799642736029341e+00
8.785569252626881820e+00
nan
6.476597398143722373e+00
8.785569252626881820e+00
nan
