5.320586786681498204e-01
-1.011116669130417201e+00
3.636583378079194517e-02
-2.444108057276656254e+00
-3.105511771523612463e+00
-1.220271227655125301e+00
-7.907487498257625980e-01
3.655580159053295475e-02
nan
-1.452152464072718363e+00
-2.057839300802662308e+00
2.549639956652625994e+00
2.015067997111676945e-01
-1.011116669130417201e+00
6.643994127841392761e-01
1.193462392915105585e+00
1.083278433262778062e+00
2.549639956652625994e+00
8.629105139581234596e-01
1.083278433262778062e+00
nan
2.516269821409018004e+00
nan
1.921036474220056522e+00
-1.452152464072718363e+00
-3.105511771523612463e+00
1.921036474220056522e+00
5.320586786681498204e-01
-2.057839300802662308e+00
-5.922376486517779703e-01
-2.774959892566630337e+00
3.655580159053295475e-02
-5.922376486517779703e-01
-2.113556178319674572e+00
nan
3.636583378079194517e-02
-2.444108057276656254e+00
nan
-3.105511771523612463e+00
2.015067997111676945e-01
-3.105511771523612463e+00
-5.922376486517779703e-01
-7.907487498257625980e-01
nan
-5.922376486517779703e-01
1.854866107162061351e+00
nan
-1.220271227655125301e+00
2.015067997111676945e-01
-1.011116669130417201e+00
1.293002895216708747e+00
-7.907487498257625980e-01
-1.011116669130417201e+00
1.921036474220056522e+00
-1.782704343029700489e+00
-3.105511771523612463e+00
-1.848874710087695217e+00
-7.907487498257625980e-01
nan
-5.922376486517779703e-01
1.193462392915105585e+00
2.130950903983728661e+00
nan
5.320586786681498204e-01
nan
3.636583378079194517e-02
8.629105139581234596e-01
-1.011116669130417201e+00
3.636583378079194517e-02
-2.774959892566630337e+00
-2.057839300802662308e+00
-5.922376486517779703e-01
8.629105139581234596e-01
1.083278433262778062e+00
nan
-2.774959892566630337e+00
2.130950903983728661e+00
nan
-2.774959892566630337e+00
-2.057839300802662308e+00
3.636583378079194517e-02
-1.782704343029700489e+00
nan
1.921036474220056522e+00
-7.907487498257625980e-01
nan
-3.105511771523612463e+00
-4.598969145357885147e-01
1.083278433262778062e+00
nan
8.629105139581234596e-01
nan
3.636583378079194517e-02
2.516269821409018004e+00
nan
6.643994127841392761e-01
-3.105511771523612463e+00
nan
-1.848874710087695217e+00
8.629105139581234596e-01
3.655580159053295475e-02
1.921036474220056522e+00
-4.598969145357885147e-01
-3.105511771523612463e+00
3.636583378079194517e-02
5.320586786681498204e-01
3.655580159053295475e-02
1.921036474220056522e+00
-2.774959892566630337e+00
1.083278433262778062e+00
nan
2.015067997111676945e-01
-2.057839300802662308e+00
6.643994127841392761e-01
2.516269821409018004e+00
nan
-1.848874710087695217e+00
2.516269821409018004e+00
nan
nan
-2.534077619658582581e+00
2.945056784714903397e+00
2.631568148124472817e+00
3.177155462988824564e+00
nan
1.538861814633583069e+00
-1.963161540460701238e+00
-2.174622595797550240e+00
9.922608686741951622e-01
-1.391727388595671355e+00
-1.243733420071487572e+00
-1.739257185839085285e+00
8.929730735301508737e-01
1.083278433262778062e+00
2.631568148124472817e+00
-2.534077619658582581e+00
-2.174622595797550240e+00
-2.285858131798473636e+00
-2.493771575327601298e-01
-3.128442443454253485e-01
-1.004454648166945852e-01
-1.963161540460701238e+00
-2.640278269641471276e+00
-1.004454648166945852e-01
2.606239383790942998e+00
nan
-1.004454648166945852e-01
-1.391727388595671355e+00
-7.784999181893468290e-01
-1.193151798307583888e+00
-1.963161540460701238e+00
-1.243733420071487572e+00
-1.739257185839085285e+00
-2.534077619658582581e+00
2.945056784714903397e+00
2.084967202165084910e+00
nan
-1.709389093915409052e+00
-6.465508523481955372e-01
-3.105511771523612463e+00
1.523892575367158386e-01
2.084967202165084910e+00
3.215389216651209914e-01
1.523892575367158386e-01
4.456599227148068110e-01
-1.391727388595671355e+00
-7.784999181893468290e-01
-1.193151798307583888e+00
3.215389216651209914e-01
1.523892575367158386e-01
4.456599227148068110e-01
8.929730735301508737e-01
1.083278433262778062e+00
1.538861814633583069e+00
-2.493771575327601298e-01
1.523892575367158386e-01
-1.004454648166945852e-01
3.215389216651209914e-01
6.180449313806373191e-01
9.922608686741951622e-01
nan
-7.784999181893468290e-01
2.084967202165084910e+00
nan
1.523892575367158386e-01
nan
1.463889152728032439e+00
nan
-2.831963519329974588e+00
8.929730735301508737e-01
1.548511935144918805e+00
nan
-1.963161540460701238e+00
-1.709389093915409052e+00
-2.285858131798473636e+00
-8.208113093977900121e-01
-7.784999181893468290e-01
-6.465508523481955372e-01
-8.208113093977900121e-01
-1.709389093915409052e+00
-2.831963519329974588e+00
-2.493771575327601298e-01
-3.128442443454253485e-01
-6.465508523481955372e-01
-8.208113093977900121e-01
-1.243733420071487572e+00
-2.285858131798473636e+00
-2.534077619658582581e+00
1.523892575367158386e-01
2.084967202165084910e+00
-3.105511771523612463e+00
-2.640278269641471276e+00
-2.831963519329974588e+00
-2.493771575327601298e-01
-3.128442443454253485e-01
-1.004454648166945852e-01
1.463889152728032439e+00
2.014167608988840730e+00
nan
-2.493771575327601298e-01
-3.128442443454253485e-01
-6.465508523481955372e-01
-2.493771575327601298e-01
-1.243733420071487572e+00
-2.285858131798473636e+00
-1.391727388595671355e+00
-1.709389093915409052e+00
-2.831963519329974588e+00
nan
2.014167608988840730e+00
nan
-2.493771575327601298e-01
-3.128442443454253485e-01
-1.004454648166945852e-01
-2.534077619658582581e+00
-2.174622595797550240e+00
-2.831963519329974588e+00
3.215389216651209914e-01
-7.784999181893468290e-01
-2.285858131798473636e+00
5.248293622194966090e-01
nan
-2.476908289091042548e+00
-1.988444760652337662e+00
nan
-1.848304806658472632e+00
3.038356788268399722e+00
nan
1.293002895216708747e+00
-3.370414321614045861e-02
nan
-3.105511771523612463e+00
-1.429911255216700150e+00
nan
6.649693162133618607e-01
5.248293622194966090e-01
-2.533559546991433820e+00
3.636583378079194517e-02
-1.429911255216700150e+00
nan
6.649693162133618607e-01
-5.922376486517779703e-01
-2.533559546991433820e+00
1.921606377649279107e+00
-1.150771154087415482e+00
nan
1.293002895216708747e+00
nan
2.035841377260210638e+00
nan
2.200429878526409144e+00
nan
-2.476908289091042548e+00
-2.267838164958690506e+00
-2.533559546991433820e+00
3.636583378079194517e-02
2.479823282832761766e+00
nan
6.649693162133618607e-01
-1.709304659523052994e+00
8.940092188644483961e-01
1.921606377649279107e+00
-2.826371670394328017e+00
nan
-1.220271227655125301e+00
2.758963383962046212e+00
nan
1.293002895216708747e+00
-2.267838164958690506e+00
-2.533559546991433820e+00
3.636583378079194517e-02
3.038356788268399722e+00
nan
nan
-2.546978266087974951e+00
nan
-5.916677452225553857e-01
2.758963383962046212e+00
nan
-1.848304806658472632e+00
-2.546978266087974951e+00
nan
-5.916677452225553857e-01
2.200429878526409144e+00
nan
3.636583378079194517e-02
2.456892610902121632e-01
nan
3.636583378079194517e-02
-5.922376486517779703e-01
8.940092188644483961e-01
6.649693162133618607e-01
2.456892610902121632e-01
8.940092188644483961e-01
nan
-1.150771154087415482e+00
-1.390691243261374055e+00
3.636583378079194517e-02
-1.709304659523052994e+00
nan
-1.220271227655125301e+00
2.200429878526409144e+00
nan
3.636583378079194517e-02
-5.922376486517779703e-01
-2.533559546991433820e+00
1.921606377649279107e+00
-8.713777497810628603e-01
-2.488590848656113685e-01
nan
-2.546978266087974951e+00
-2.533559546991433820e+00
3.636583378079194517e-02
-1.709304659523052994e+00
nan
-5.916677452225553857e-01
-8.713777497810628603e-01
-2.488590848656113685e-01
nan
-8.713777497810628603e-01
-2.533559546991433820e+00
2.549639956652625994e+00
-5.922376486517779703e-01
-2.533559546991433820e+00
1.921606377649279107e+00
3.038356788268399722e+00
nan
nan
5.248293622194966090e-01
-2.533559546991433820e+00
3.636583378079194517e-02
-2.267838164958690506e+00
nan
-1.848304806658472632e+00
3.038356788268399722e+00
nan
nan
1.641896373090772077e+00
nan
-1.220271227655125301e+00
nan
-3.105511771523612463e+00
-2.609383996755147539e+00
-8.433462299313103649e-01
1.525925150130746921e-01
-2.946209750572972297e-01
-3.404908102665964442e-01
2.014245780577571754e+00
1.689590167683570510e+00
1.619087114655108905e-01
nan
-1.617428403551209426e+00
-8.433462299313103649e-01
2.945072413359820285e+00
3.667827391896585354e-01
1.167163652862332146e+00
2.014245780577571754e+00
1.028186453436614745e+00
1.619087114655108905e-01
1.525925150130746921e-01
-9.560246893042534388e-01
-1.345745751663417700e+00
1.548621392387630191e+00
1.359038288726588828e+00
1.167163652862332146e+00
1.548621392387630191e+00
6.976345744796326187e-01
nan
-3.105511771523612463e+00
-9.560246893042534388e-01
-2.351000693060238955e+00
6.177947596053821044e-01
6.976345744796326187e-01
2.675274013923866878e+00
nan
-1.286876524594227300e+00
1.619087114655108905e-01
1.083419147795323223e+00
3.667827391896585354e-01
2.675274013923866878e+00
nan
-1.286876524594227300e+00
-8.433462299313103649e-01
-1.709060750551422592e+00
3.667827391896585354e-01
6.647641311302243672e-01
1.083419147795323223e+00
-2.946209750572972297e-01
-1.345745751663417700e+00
6.177947596053821044e-01
3.012397596177482928e+00
1.619087114655108905e-01
2.479448025169879610e+00
2.020142046640552191e+00
1.619087114655108905e-01
-3.130318731768664264e-01
1.689590167683570510e+00
-1.345745751663417700e+00
2.014245780577571754e+00
3.012397596177482928e+00
-8.433462299313103649e-01
-1.709060750551422592e+00
3.667827391896585354e-01
2.172418594259152957e+00
1.525925150130746921e-01
3.667827391896585354e-01
-1.345745751663417700e+00
-2.174685138741363932e+00
-2.946209750572972297e-01
-8.433462299313103649e-01
-1.709060750551422592e+00
3.623086023267640954e-02
-3.404908102665964442e-01
-7.782341177691742828e-01
-2.278832117798165413e+00
6.647641311302243672e-01
1.083419147795323223e+00
-1.947980282508191552e+00
-1.345745751663417700e+00
2.479448025169879610e+00
3.623086023267640954e-02
-1.848601171328131398e+00
-3.105511771523612463e+00
-9.560246893042534388e-01
1.670019072527045179e+00
2.479448025169879610e+00
1.359038288726588828e+00
1.670019072527045179e+00
1.548621392387630191e+00
3.667827391896585354e-01
1.619087114655108905e-01
1.525925150130746921e-01
-9.560246893042534388e-01
-2.351000693060238955e+00
6.177947596053821044e-01
-1.617428403551209426e+00
6.647641311302243672e-01
1.548621392387630191e+00
6.976345744796326187e-01
1.670019072527045179e+00
2.479448025169879610e+00
1.359038288726588828e+00
-8.433462299313103649e-01
-1.243858505959115179e+00
6.976345744796326187e-01
-3.404908102665964442e-01
-1.243858505959115179e+00
1.028186453436614745e+00
-1.848601171328131398e+00
1.083419147795323223e+00
1.028186453436614745e+00
-8.433462299313103649e-01
-7.782341177691742828e-01
-1.947980282508191552e+00
1.670019072527045179e+00
nan
-2.278832117798165413e+00
1.619087114655108905e-01
1.525925150130746921e-01
-6.251728540142793555e-01
1.178972856910270206e+00
3.404973498452732450e-01
-1.078404994927108618e+00
nan
3.404973498452732450e-01
2.570240124638846435e+00
nan
1.556692610006189970e+00
nan
6.079155201257830932e-01
-6.465596838245657452e-02
-1.483605732784780917e+00
-5.347173542932677215e-01
2.366999246461649609e+00
-2.676358234423830140e-01
-2.248925766346881794e+00
3.404973498452732450e-01
1.353902519527067749e+00
-5.347173542932677215e-01
2.772520217428243061e+00
2.164671691011793353e+00
-1.106292891927831423e+00
-2.091525517737697015e+00
-1.078404994927108618e+00
-1.106292891927831423e+00
1.556692610006189970e+00
-1.078404994927108618e+00
1.178972856910270206e+00
3.404973498452732450e-01
-1.078404994927108618e+00
-1.677350228712318314e+00
-6.465596838245657452e-02
-6.728365613000555356e-01
-1.677350228712318314e+00
-2.902199806932020287e+00
1.759470953154120831e+00
1.750548394544833908e+00
7.460183208118666975e-01
-6.728365613000555356e-01
2.321605731329320133e+00
3.404973498452732450e-01
-2.294374904269506299e+00
-5.347173542932677215e-01
2.772520217428243061e+00
1.375649144152890635e-01
-1.677350228712318314e+00
7.460183208118666975e-01
-1.889174166411833999e+00
-1.106292891927831423e+00
-2.496678835965426835e+00
-1.483605732784780917e+00
3.633998249121939139e-02
7.460183208118666975e-01
1.375649144152890635e-01
-5.347173542932677215e-01
2.772520217428243061e+00
5.431333480423421456e-01
1.750548394544833908e+00
1.151171639039596517e+00
-2.676358234423830140e-01
3.633998249121939139e-02
-8.753302575767798466e-01
1.759470953154120831e+00
1.178972856910270206e+00
-6.465596838245657452e-02
-1.483605732784780917e+00
-1.106292891927831423e+00
3.404973498452732450e-01
9.487017816693952277e-01
3.633998249121939139e-02
-1.280851228543373521e+00
1.353902519527067749e+00
2.321605731329320133e+00
1.556692610006189970e+00
1.375649144152890635e-01
1.750548394544833908e+00
1.151171639039596517e+00
-2.676358234423830140e-01
2.321605731329320133e+00
1.556692610006189970e+00
1.375649144152890635e-01
1.178972856910270206e+00
3.404973498452732450e-01
-1.078404994927108618e+00
nan
-2.902199806932020287e+00
-1.889174166411833999e+00
nan
-2.496678835965426835e+00
-6.728365613000555356e-01
1.178972856910270206e+00
-6.465596838245657452e-02
-1.483605732784780917e+00
3.633998249121939139e-02
-1.280851228543373521e+00
-3.105144075754231459e+00
2.321605731329320133e+00
1.556692610006189970e+00
1.375649144152890635e-01
nan
-2.496678835965426835e+00
-1.483605732784780917e+00
6.079155201257830932e-01
-6.465596838245657452e-02
-1.483605732784780917e+00
-1.106292891927831423e+00
-2.091525517737697015e+00
-6.728365613000555356e-01
3.633998249121939139e-02
-1.280851228543373521e+00
-3.105144075754231459e+00
nan
-1.686004546771103341e+00
-1.889174166411833999e+00
-5.347173542932677215e-01
-1.686004546771103341e+00
1.375649144152890635e-01
3.633998249121939139e-02
-8.753302575767798466e-01
-2.699943337896559381e+00
-9.197543206549547712e-01
1.158441670078599106e+00
-1.338354772321961317e+00
-9.197543206549547712e-01
2.055923279350543087e+00
-5.529120826949425194e-01
nan
-1.982947472942197864e+00
-1.600126329631499367e-01
-2.012633046089283617e+00
-1.879842543983114567e-01
2.325306069320767222e-01
-9.197543206549547712e-01
-1.534410178875222019e+00
-2.909240151575998912e+00
1.812690311235954699e+00
1.606978964145575173e+00
6.250738468273033810e-01
-9.197543206549547712e-01
2.952997867484494332e+00
2.325306069320767222e-01
nan
2.609600608066560135e-01
1.803415986186114761e+00
1.731244047793740748e-01
-1.534410178875222019e+00
-5.529120826949425194e-01
1.812690311235954699e+00
1.158441670078599106e+00
2.325306069320767222e-01
-3.730671396327029932e-01
-1.085465863670254549e+00
-2.516340701844206773e+00
-2.558824590501361129e+00
2.609600608066560135e-01
2.196315435917906900e+00
1.266003130213702921e+00
7.094973548736320801e-01
-1.600126329631499367e-01
2.358881855648032211e+00
nan
-1.730898012217187976e+00
7.198115858016258528e-01
2.609600608066560135e-01
-9.454553225901691782e-01
1.731244047793740748e-01
-1.879842543983114567e-01
2.981758125544925253e+00
1.812690311235954699e+00
2.055923279350543087e+00
1.410872746290887658e+00
1.266003130213702921e+00
1.158441670078599106e+00
2.325306069320767222e-01
-9.197543206549547712e-01
2.952997867484494332e+00
2.325306069320767222e-01
1.266003130213702921e+00
2.609600608066560135e-01
-5.529120826949425194e-01
1.731244047793740748e-01
2.504460573417518265e+00
-1.600126329631499367e-01
-3.730671396327029932e-01
-1.085465863670254549e+00
-2.516340701844206773e+00
-3.105511771523612463e+00
-1.534410178875222019e+00
2.196315435917906900e+00
2.358881855648032211e+00
2.504460573417518265e+00
1.410872746290887658e+00
1.266003130213702921e+00
7.094973548736320801e-01
-1.600126329631499367e-01
-3.730671396327029932e-01
-1.085465863670254549e+00
1.017973296559095520e+00
-3.730671396327029932e-01
-1.085465863670254549e+00
1.803415986186114761e+00
nan
-6.365215484652870792e-01
1.017973296559095520e+00
1.731244047793740748e-01
-6.365215484652870792e-01
-1.730898012217187976e+00
7.198115858016258528e-01
2.609600608066560135e-01
-9.454553225901691782e-01
1.731244047793740748e-01
-1.534410178875222019e+00
1.803415986186114761e+00
2.905569036670283989e+00
2.952997867484494332e+00
2.981758125544925253e+00
7.198115858016258528e-01
2.609600608066560135e-01
-9.454553225901691782e-01
-3.105511771523612463e+00
-6.365215484652870792e-01
-1.600126329631499367e-01
2.358881855648032211e+00
-1.879842543983114567e-01
1.410872746290887658e+00
1.812690311235954699e+00
1.606978964145575173e+00
6.250738468273033810e-01
1.812690311235954699e+00
1.158441670078599106e+00
2.325306069320767222e-01
-3.730671396327029932e-01
-6.365215484652870792e-01
1.803415986186114761e+00
7.198115858016258528e-01
2.609600608066560135e-01
-9.454553225901691782e-01
1.266003130213702921e+00
7.094973548736320801e-01
-5.529120826949425194e-01
nan
-3.105073399563298420e+00
4.846472340039826854e-01
-7.899594242147331968e-01
-1.655377326805125726e+00
2.878086571022378859e+00
-1.288872255788819920e-01
-6.887671543129059160e-01
-1.310703633764012110e+00
-2.774375788177886548e+00
-2.052428820866389891e-01
4.846472340039826854e-01
nan
-6.887671543129059160e-01
4.846472340039826854e-01
1.193857055720620064e+00
2.778430181793138942e-01
-7.120724345052158455e-01
1.193857055720620064e+00
2.778430181793138942e-01
-1.134412352464195806e-01
-2.774375788177886548e+00
-2.621987499297345536e+00
-1.134412352464195806e-01
-1.288872255788819920e-01
-6.887671543129059160e-01
-1.310703633764012110e+00
-2.774375788177886548e+00
-3.105073399563298420e+00
-7.120724345052158455e-01
nan
-1.655377326805125726e+00
-1.134412352464195806e-01
2.516601337020122120e+00
nan
4.846472340039826854e-01
-1.288872255788819920e-01
2.211063363163753959e+00
nan
-2.112703705514235253e+00
-6.887671543129059160e-01
-1.134412352464195806e-01
-1.288872255788819920e-01
2.211063363163753959e+00
nan
1.855529138384271359e+00
2.778430181793138942e-01
-7.120724345052158455e-01
nan
-2.621987499297345536e+00
-1.908792103014414154e+00
-2.774375788177886548e+00
-2.052428820866389891e-01
1.083278433262778950e+00
nan
2.778430181793138942e-01
1.681366902513180772e+00
-1.451631506878384492e+00
nan
4.846472340039826854e-01
nan
-3.105073399563298420e+00
1.681366902513180772e+00
-1.288872255788819920e-01
-6.887671543129059160e-01
-1.310703633764012110e+00
-2.774375788177886548e+00
-2.052428820866389891e-01
1.083278433262778950e+00
-7.899594242147331968e-01
-1.655377326805125726e+00
-3.105511771523612463e+00
-2.774375788177886548e+00
1.244453190671534148e+00
-1.134412352464195806e-01
2.516601337020122120e+00
1.727977462897800631e+00
1.083278433262778950e+00
-2.112703705514235253e+00
2.778430181793138942e-01
1.681366902513180772e+00
nan
-1.655377326805125726e+00
-1.134412352464195806e-01
1.193857055720620064e+00
2.778430181793138942e-01
-7.120724345052158455e-01
2.516601337020122120e+00
1.727977462897800631e+00
1.083278433262778950e+00
nan
7.613672904055808210e-01
2.878086571022378859e+00
-7.899594242147331968e-01
2.211063363163753959e+00
nan
-1.288872255788819920e-01
-6.887671543129059160e-01
-1.310703633764012110e+00
nan
-2.138463227071078609e+00
-1.310703633764012110e+00
1.855529138384271359e+00
-6.887671543129059160e-01
2.279998101771977037e+00
nan
-1.655377326805125726e+00
-7.120724345052158455e-01
1.193857055720620064e+00
2.778430181793138942e-01
-1.134412352464195806e-01
-1.288872255788819920e-01
-6.887671543129059160e-01
-1.310703633764012110e+00
-2.774375788177886548e+00
-2.052428820866389891e-01
4.846472340039826854e-01
-2.112703705514235253e+00
2.778430181793138942e-01
1.681366902513180772e+00
-1.310393515727250380e+00
1.158310856923276067e+00
5.196388916823599935e-01
4.852675638537493619e-01
-1.882022939027199193e-01
-9.305967346189287781e-01
1.083459374524324392e+00
2.607711055413770573e-01
-9.305967346189287781e-01
-3.105511771523612463e+00
2.607711055413770573e-01
-4.470387250027494375e-01
-2.507319960853037433e+00
7.093374574791786458e-01
5.196388916823599935e-01
2.280385819650111667e+00
2.607711055413770573e-01
-4.470387250027494375e-01
1.682194008979536637e+00
7.093374574791786458e-01
3.608088206618065286e-02
1.682194008979536637e+00
2.607711055413770573e-01
-4.470387250027494375e-01
-1.134670706014628827e-01
-1.882022939027199193e-01
-9.305967346189287781e-01
-7.116588812720379131e-01
-1.882022939027199193e-01
-4.470387250027494375e-01
4.852675638537493619e-01
2.607711055413770573e-01
3.608088206618065286e-02
1.083459374524324392e+00
1.158310856923276067e+00
1.002758498751289640e+00
-1.134670706014628827e-01
2.607711055413770573e-01
-4.470387250027494375e-01
1.083459374524324392e+00
1.158310856923276067e+00
1.002758498751289640e+00
-7.116588812720379131e-01
1.158310856923276067e+00
-9.305967346189287781e-01
-1.134670706014628827e-01
2.607711055413770573e-01
-4.470387250027494375e-01
2.879120454105323912e+00
7.093374574791786458e-01
-4.470387250027494375e-01
1.682194008979536637e+00
7.093374574791786458e-01
3.608088206618065286e-02
-1.134670706014628827e-01
2.607711055413770573e-01
3.608088206618065286e-02
1.682194008979536637e+00
2.055850608305174188e+00
1.969436115436399515e+00
-7.116588812720379131e-01
1.158310856923276067e+00
5.196388916823599935e-01
-1.134670706014628827e-01
2.607711055413770573e-01
3.608088206618065286e-02
-1.134670706014628827e-01
2.607711055413770573e-01
-4.470387250027494375e-01
1.682194008979536637e+00
-1.882022939027199193e-01
-1.413716341687858646e+00
1.682194008979536637e+00
7.093374574791786458e-01
3.608088206618065286e-02
4.852675638537493619e-01
1.158310856923276067e+00
1.002758498751289640e+00
4.852675638537493619e-01
2.607711055413770573e-01
3.608088206618065286e-02
2.280385819650111667e+00
1.158310856923276067e+00
3.608088206618065286e-02
4.852675638537493619e-01
-1.882022939027199193e-01
-9.305967346189287781e-01
2.280385819650111667e+00
1.158310856923276067e+00
5.196388916823599935e-01
-1.134670706014628827e-01
-1.882022939027199193e-01
-9.305967346189287781e-01
-1.310393515727250380e+00
7.093374574791786458e-01
5.196388916823599935e-01
4.852675638537493619e-01
2.607711055413770573e-01
3.608088206618065286e-02
-1.310393515727250380e+00
1.158310856923276067e+00
5.196388916823599935e-01
4.852675638537493619e-01
1.158310856923276067e+00
1.002758498751289640e+00
-1.134670706014628827e-01
1.158310856923276067e+00
1.002758498751289640e+00
-1.134670706014628827e-01
1.158310856923276067e+00
5.196388916823599935e-01
1.682194008979536637e+00
1.606877208861077211e+00
1.002758498751289640e+00
nan
1.158310856923276067e+00
1.002758498751289640e+00
4.852675638537493619e-01
2.607711055413770573e-01
3.608088206618065286e-02
1.244453190671534148e+00
2.654708081830397415e+00
nan
-2.621987499297345536e+00
-1.010800008244055803e+00
-1.732320021089068796e-01
7.609289184452667776e-01
nan
-2.267120600245175588e+00
-1.655377326805125726e+00
3.608088206618065286e-02
2.457736444339637671e-01
2.211063363163753959e+00
3.608088206618065286e-02
-1.429869063544824348e+00
-3.105511771523612463e+00
3.608088206618065286e-02
2.457736444339637671e-01
-1.172291426539172843e+00
-1.534715444728715905e+00
2.758288010920407540e+00
-2.056812540469530326e-01
-4.873595630889377972e-01
-1.010863417001953479e+00
2.778430181793138942e-01
3.608088206618065286e-02
-5.918577704590823885e-01
-6.887671543129059160e-01
-1.010800008244055803e+00
3.177293657463278631e+00
-1.172291426539172843e+00
-2.058155889883834355e+00
1.502030827677186320e+00
7.609289184452667776e-01
nan
-3.104752015138221743e+00
-2.138901599031392653e+00
3.608088206618065286e-02
1.921036474220056522e+00
-2.056812540469530326e-01
-4.873595630889377972e-01
-1.010863417001953479e+00
-2.056812540469530326e-01
1.083911755035500857e+00
1.921036474220056522e+00
-2.621987499297345536e+00
-4.873595630889377972e-01
-1.848494831894999857e+00
-1.655377326805125726e+00
-2.582071326368494013e+00
6.643994127841392761e-01
-2.056812540469530326e-01
-4.873595630889377972e-01
-1.010863417001953479e+00
2.778430181793138942e-01
3.608088206618065286e-02
-5.918577704590823885e-01
7.609289184452667776e-01
1.607352200190618863e+00
2.758288010920407540e+00
2.778430181793138942e-01
5.599963185508407548e-01
6.643994127841392761e-01
-1.655377326805125726e+00
-2.058155889883834355e+00
2.339662242570232475e+00
-2.056812540469530326e-01
5.599963185508407548e-01
2.457736444339637671e-01
2.778430181793138942e-01
3.608088206618065286e-02
-5.918577704590823885e-01
1.244453190671534148e+00
5.599963185508407548e-01
-1.732320021089068796e-01
7.609289184452667776e-01
5.599963185508407548e-01
-1.732320021089068796e-01
-2.621987499297345536e+00
1.083911755035500857e+00
2.339662242570232475e+00
2.778430181793138942e-01
1.607352200190618863e+00
3.177293657463278631e+00
1.727539090937486588e+00
1.083911755035500857e+00
2.457736444339637671e-01
7.609289184452667776e-01
1.083911755035500857e+00
6.643994127841392761e-01
-1.172291426539172843e+00
5.599963185508407548e-01
1.502030827677186320e+00
-6.887671543129059160e-01
-1.010800008244055803e+00
3.177293657463278631e+00
1.727539090937486588e+00
1.083911755035500857e+00
2.457736444339637671e-01
2.778430181793138942e-01
2.131267636675278521e+00
nan
7.609289184452667776e-01
-1.010800008244055803e+00
1.083405059327010367e+00
-6.887671543129059160e-01
-1.010800008244055803e+00
3.177293657463278631e+00
-1.172291426539172843e+00
3.608088206618065286e-02
2.457736444339637671e-01
2.694149263429706398e+00
2.131267636675278521e+00
1.502030827677186320e+00
-6.887671543129059160e-01
-2.058155889883834355e+00
-2.686126246788046235e+00
-6.887671543129059160e-01
-1.534715444728715905e+00
-1.848494831894999857e+00
-7.899594242147331968e-01
1.244453190671534148e+00
1.607114668623253362e+00
-2.774375788177886548e+00
7.613672904055808210e-01
-1.011116669130417201e+00
1.855529138384271359e+00
7.613672904055808210e-01
-4.872804337699419008e-01
-2.112703705514235253e+00
7.613672904055808210e-01
-1.534952904490892056e+00
-1.288872255788819920e-01
-2.052428820866389891e-01
-4.872804337699419008e-01
1.193857055720620064e+00
7.613672904055808210e-01
3.608088206618065286e-02
1.193857055720620064e+00
1.244453190671534148e+00
5.599171174266555084e-01
-2.112703705514235253e+00
-2.138463227071078609e+00
3.608088206618065286e-02
-2.112703705514235253e+00
2.211063363163753959e+00
5.599171174266555084e-01
-2.112703705514235253e+00
-2.052428820866389891e-01
5.599171174266555084e-01
2.516601337020122120e+00
2.211063363163753959e+00
1.083278433262778062e+00
-2.774375788177886548e+00
7.613672904055808210e-01
-1.011116669130417201e+00
-1.451631506878384492e+00
1.727977462897800631e+00
3.608088206618065286e-02
nan
2.778430181793138942e-01
2.130475984459376360e+00
-7.899594242147331968e-01
1.244453190671534148e+00
1.607114668623253362e+00
-1.288872255788819920e-01
1.727977462897800631e+00
1.607114668623253362e+00
1.855529138384271359e+00
2.778430181793138942e-01
-1.534952904490892056e+00
-7.899594242147331968e-01
-1.171853054578858799e+00
-2.058314220327014610e+00
-1.288872255788819920e-01
1.727977462897800631e+00
2.130475984459376360e+00
-1.451631506878384492e+00
-2.138463227071078609e+00
3.608088206618065286e-02
nan
-2.621987499297345536e+00
-3.105511771523612463e+00
-1.288872255788819920e-01
-2.052428820866389891e-01
-4.872804337699419008e-01
nan
-1.655377326805125726e+00
-1.011116669130417201e+00
1.193857055720620064e+00
7.613672904055808210e-01
3.608088206618065286e-02
1.855529138384271359e+00
2.778430181793138942e-01
-1.534952904490892056e+00
nan
-2.138463227071078609e+00
3.608088206618065286e-02
-1.288872255788819920e-01
-2.138463227071078609e+00
-1.011116669130417201e+00
-7.899594242147331968e-01
-1.171853054578858799e+00
2.654312219819850771e+00
-1.288872255788819920e-01
1.727977462897800631e+00
2.130475984459376360e+00
1.855529138384271359e+00
nan
-3.105511771523612463e+00
-2.112703705514235253e+00
1.244453190671534148e+00
-4.872804337699419008e-01
5.327848570847693033e-01
2.778430181793138942e-01
3.608088206618065286e-02
1.855529138384271359e+00
1.727977462897800631e+00
5.599171174266555084e-01
-7.899594242147331968e-01
-1.171853054578858799e+00
-1.534952904490892056e+00
2.516601337020122120e+00
2.211063363163753959e+00
1.083278433262778062e+00
5.327848570847693033e-01
nan
-1.011116669130417201e+00
nan
-1.171853054578858799e+00
3.608088206618065286e-02
nan
-3.105073399563298420e+00
-2.058314220327014610e+00
-1.288872255788819920e-01
2.778430181793138942e-01
-4.872804337699419008e-01
2.516601337020122120e+00
2.778430181793138942e-01
-1.534952904490892056e+00
9.922608686741951622e-01
2.654272658151105357e+00
2.479577012309657658e+00
2.084967202165084910e+00
3.631835977829744877e-02
7.341774054124967641e-01
-1.004454648166945852e-01
3.631835977829744877e-02
-6.620156412801354584e-01
-1.004454648166945852e-01
5.597192372831658602e-01
-3.128090810756063433e-01
4.456599227148068110e-01
5.597192372831658602e-01
-3.128090810756063433e-01
-1.193151798307583888e+00
-4.875574731508041104e-01
-1.010905604421922455e+00
2.084967202165084910e+00
1.606995947717135831e+00
-3.128090810756063433e-01
1.538366256205696114e+00
3.631835977829744877e-02
-2.058208687972767237e+00
-1.004454648166945852e-01
3.631835977829744877e-02
-6.620156412801354584e-01
-1.739752744266972240e+00
-2.058235061089642493e+00
3.608088206618065286e-02
-1.193151798307583888e+00
1.083595070212267419e+00
3.852874422707097679e-01
4.456599227148068110e-01
2.130871780646236946e+00
1.432273928758812875e+00
-6.470464107760824923e-01
-1.011433306079905670e+00
2.828466975451444210e+00
-2.832459077757861987e+00
-2.582110894018744052e+00
-3.105195174460870344e+00
-6.470464107760824923e-01
-4.875574731508041104e-01
-1.010905604421922455e+00
-1.004454648166945852e-01
3.631835977829744877e-02
-6.620156412801354584e-01
-1.739752744266972240e+00
-2.058235061089642493e+00
3.608088206618065286e-02
nan
3.631835977829744877e-02
1.432273928758812875e+00
1.538366256205696114e+00
nan
-2.058208687972767237e+00
-1.193151798307583888e+00
-4.875574731508041104e-01
-1.010905604421922455e+00
-1.193151798307583888e+00
-1.534834183584774081e+00
-2.407415248177296352e+00
-1.004454648166945852e-01
-1.011433306079905670e+00
1.781480488963341546e+00
-1.739752744266972240e+00
-1.011433306079905670e+00
-1.360112164626451348e+00
-2.285858131798473636e+00
5.597192372831658602e-01
3.852874422707097679e-01
-1.193151798307583888e+00
-1.534834183584774081e+00
-2.407415248177296352e+00
-6.470464107760824923e-01
-4.875574731508041104e-01
-1.010905604421922455e+00
-1.004454648166945852e-01
3.631835977829744877e-02
-6.620156412801354584e-01
-1.739752744266972240e+00
-1.534834183584774081e+00
-2.058208687972767237e+00
1.538366256205696114e+00
2.130871780646236946e+00
7.341774054124967641e-01
2.631072589696585862e+00
5.597192372831658602e-01
1.432273928758812875e+00
4.456599227148068110e-01
nan
-1.360112164626451348e+00
-1.739752744266972240e+00
-2.058235061089642493e+00
3.852874422707097679e-01
-2.832459077757861987e+00
5.597192372831658602e-01
3.852874422707097679e-01
nan
3.631835977829744877e-02
3.608088206618065286e-02
4.456599227148068110e-01
1.083595070212267419e+00
3.852874422707097679e-01
-2.832459077757861987e+00
1.083595070212267419e+00
-1.010905604421922455e+00
-6.470464107760824923e-01
5.597192372831658602e-01
3.608088206618065286e-02
2.084967202165084910e+00
5.597192372831658602e-01
1.781480488963341546e+00
-6.470464107760824923e-01
-4.875574731508041104e-01
-1.010905604421922455e+00
nan
-1.011433306079905670e+00
2.479577012309657658e+00
1.083278433262778950e+00
2.893181268963883834e+00
nan
-1.134412352464195806e-01
3.633998249121939139e-02
3.659886931326905568e-02
-1.134412352464195806e-01
3.633998249121939139e-02
3.659886931326905568e-02
nan
-1.677350228712318314e+00
6.074208156044402784e-01
-1.310160903755617889e+00
-1.677350228712318314e+00
-2.247724890345591309e+00
nan
1.178972856910270206e+00
nan
-7.120724345052158455e-01
2.893181268963883834e+00
nan
-3.105511771523612463e+00
-5.347173542932677215e-01
1.749582695433870239e+00
1.083278433262778950e+00
nan
-1.676902944054420308e+00
1.681366902513180772e+00
1.750548394544833908e+00
2.320922628972129420e+00
2.279998101771977037e+00
nan
nan
2.878086571022378859e+00
nan
-2.819064823883850490e+00
-1.310160903755617889e+00
-1.677350228712318314e+00
-2.819064823883850490e+00
nan
-2.819983103131368907e+00
2.891744575263300643e+00
2.878086571022378859e+00
nan
nan
-1.134412352464195806e-01
3.633998249121939139e-02
3.659886931326905568e-02
1.681366902513180772e+00
2.321605731329320133e+00
2.891744575263300643e+00
-1.908792103014414154e+00
2.321605731329320133e+00
6.074208156044402784e-01
4.846472340039826854e-01
6.079155201257830932e-01
6.074208156044402784e-01
-1.134412352464195806e-01
3.633998249121939139e-02
3.659886931326905568e-02
nan
-2.248925766346881794e+00
-5.347410642249901258e-01
-1.134412352464195806e-01
3.633998249121939139e-02
3.659886931326905568e-02
4.846472340039826854e-01
2.321605731329320133e+00
nan
-1.134412352464195806e-01
-5.347173542932677215e-01
-1.676902944054420308e+00
-3.105511771523612463e+00
6.079155201257830932e-01
2.891744575263300643e+00
2.279998101771977037e+00
2.321605731329320133e+00
nan
1.083278433262778950e+00
1.178972856910270206e+00
1.178760749142699016e+00
4.846472340039826854e-01
6.079155201257830932e-01
6.074208156044402784e-01
1.681366902513180772e+00
1.750548394544833908e+00
2.320922628972129420e+00
-3.105511771523612463e+00
-5.347173542932677215e-01
1.178760749142699016e+00
2.878086571022378859e+00
nan
-1.676902944054420308e+00
-1.134412352464195806e-01
3.633998249121939139e-02
3.659886931326905568e-02
-1.310160903755617889e+00
1.750548394544833908e+00
nan
2.878086571022378859e+00
nan
-2.819064823883850490e+00
4.846472340039826854e-01
-5.347173542932677215e-01
-1.106080997763249307e+00
4.846472340039826854e-01
6.079155201257830932e-01
6.074208156044402784e-01
-7.120724345052158455e-01
-5.347173542932677215e-01
-5.347410642249901258e-01
-1.134412352464195806e-01
3.633998249121939139e-02
3.659886931326905568e-02
-1.134412352464195806e-01
nan
-2.247724890345591309e+00
-1.310160903755617889e+00
2.893181268963883834e+00
nan
