2.068653078296094350e-01
-1.737669970979851541e-01
-6.391122370255382101e-01
2.491390257454564328e+00
2.703483795939883194e+00
2.716210185037198244e+00
-1.359364244379692721e-01
1.556081358923186997e-01
4.354534377207985862e-01
-1.765003527634432690e+00
-1.905141742790470660e+00
-1.155826970700696732e+00
8.782856783752643892e-01
1.118383810358458241e+00
9.172076277651468601e-01
-8.677003668822185212e-01
-1.115703371431152391e+00
-6.058264505144452805e-01
-3.079311443261190107e-02
1.217514097111407345e-01
3.232970847061307218e-01
7.586975927613650583e-01
8.269761701480908833e-01
1.101326177186823685e+00
-1.991584845106659785e-01
-3.014291218034266251e-01
1.503261341416508579e-01
-1.120902623599093761e+00
-7.602362926112724573e-01
-4.630534541024591277e-01
-9.668773563905745938e-01
-1.035315056364648711e+00
-1.959297836049858077e-01
1.796523295462812086e+00
2.377762677299579686e+00
2.224512127614862500e+00
-1.286617010067470090e-01
3.309437282070599728e-01
6.904351231980396797e-01
-1.128561859980927728e-01
-3.200266113543737134e-02
-2.673162818680983044e-01
7.944431779768277302e-01
1.283499581700940695e+00
1.157378185196439979e+00
8.779716615671890878e-01
7.035960931682061492e-01
1.032085461257921111e+00
8.681848027574572413e-01
6.609468945884979796e-01
6.781361296190713261e-01
2.208775087937800308e+00
2.509364285586848986e+00
1.240330972016148614e+00
5.471549053755513370e-01
5.971158326979244535e-01
6.365288965611242133e-01
-3.659014345405977586e-01
-3.481319926671484488e-01
1.212795753963606948e-01
-4.720391305971318729e-01
-3.988162931685668156e-02
-1.614402657741411673e-01
-3.556958862694634682e-01
-5.280351024845044705e-01
-4.239583558375481509e-01
-2.300891446351402969e-01
8.648248137690384141e-03
1.203375245842002172e-01
-2.392870139701628318e+00
-3.073471408541572192e+00
2.997760710778419657e+00
1.817049150767183541e+00
2.170086693299029257e+00
2.334714123378194728e+00
-8.160142144131876663e-02
-7.213281630453569626e-01
-6.561917395694067956e-01
-1.311710111640620235e+00
-1.654481580801240970e+00
-1.473943963755043107e+00
8.519183493588640133e-01
1.000875914309578008e-01
1.966780366724965035e-01
-5.927161874930129137e-01
-9.740593943978010927e-01
-4.057632983822316852e-01
-4.139359251419900687e-01
-6.189063326018162670e-01
-6.952868376581999854e-01
1.944717294571560728e-01
-3.137342866075871761e-01
1.878855642185781605e-01
-3.041870347263659902e-01
-2.233497685618912598e-01
-3.950343891869496638e-01
-1.473533463119425679e+00
-1.515633795289862862e+00
-1.193736257353777530e+00
-1.224570433995805230e+00
-1.419701646714311538e+00
-8.966239774202318102e-01
1.662500522585727225e+00
1.196111084323913332e+00
2.090775363944770149e+00
-3.809118194883445163e-01
-5.406114633425080918e-01
-6.889541646512022943e-01
-6.381962949398616303e-01
-6.374856626469207477e-01
-4.590414907847990555e-01
5.178567530614621717e-01
-6.625803224047377427e-03
2.674365005578676069e-01
1.916455775752079482e-01
-1.573229248604102182e-02
3.683405831972583755e-01
1.646924637474365127e-01
-6.163108909858028284e-02
2.145663095864192016e-02
nan
nan
nan
-6.412841275983374167e-01
-8.114510001146073570e-01
-6.217022217100027781e-01
-1.269265498698360028e+00
-1.428337109545646966e+00
-7.341202554797789936e-01
-1.717472222704573115e+00
-2.159577690921164361e+00
-1.782099170035256863e+00
-1.291717704693032820e+00
-1.807460125136885365e+00
-1.150872956992131435e+00
6.133178767652371910e-01
-1.536380269472616966e-01
-2.041228227608016255e-02
4.315585606263483420e-01
2.223669410520883183e-01
5.789841807500191173e-01
9.504818799249807881e-01
1.628157593924811408e+00
1.928523946940636336e+00
-1.897399774073682321e+00
8.355162500015125282e-01
1.743306338690697288e+00
-1.216972674898180173e-01
3.914336142203813651e-01
5.452797038731347357e-01
nan
nan
1.112760496685171852e+00
-1.785442297870842410e+00
nan
-1.956492571624091514e+00
-2.058469485586287284e+00
nan
-3.282105108321813347e-01
-9.581125612826277838e-01
-3.349399383108320194e-02
1.217066426910935029e+00
-2.025042714574349922e-01
-4.523296723939647102e-01
4.482484967739570614e-01
5.744990327429282395e-01
nan
-2.525752791593583790e+00
1.656014946970363333e+00
2.268061138486471506e+00
2.576183708794204996e+00
-1.539294953496163743e+00
-4.158409133492897425e-01
4.672988528546446751e-01
2.513966241592666684e-01
1.629549520917628058e-01
1.240408347617202089e+00
1.366407669658006974e+00
1.304971447049034339e+00
1.828038553898307050e+00
-1.077397095203241673e+00
-1.267517424843012330e+00
-2.761883848592683321e-01
2.602401362780303096e+00
1.998022451818935785e+00
1.433876174914780144e+00
1.957347940887856019e+00
1.223908103529479874e+00
4.809206643826207106e-01
2.305090206303866296e+00
3.122705217888055884e+00
2.224056768219426772e+00
1.058443294489428865e+00
4.120489294897358157e-01
-2.749464512995505316e-01
1.813716631915365696e+00
2.092792738201753266e+00
6.544863426713525278e-01
-1.746920477359442225e+00
-1.530584938099966319e+00
-1.852738409152002275e+00
4.366899235255470302e-01
-2.067526842469717963e-01
2.628135286686683614e-02
1.679003402241878717e+00
1.876497928630088019e+00
4.181743869843601580e-01
1.745888992597636857e+00
7.467908961269307255e-01
2.160617212691731126e-01
-3.100395920806851002e+00
1.141949704192739112e+00
6.531731815847248157e-01
-2.853013443305950858e+00
2.225370654006821880e+00
1.437929846908004627e+00
1.956531497306335687e+00
1.375892260352643781e+00
8.370157761483643100e-01
2.307351126705117217e+00
1.850183316762402441e+00
7.111235646471931737e-01
-1.773988729249495577e+00
-1.224167291491418119e+00
-1.686537851245333952e+00
2.666586407913560386e+00
2.834500548056595015e+00
nan
-4.291431704570753958e-01
3.529557450708895594e-01
1.403331114549146719e-01
1.009591480620093407e-01
5.742591221677737501e-01
3.928863995596896252e-01
-2.524221752505422689e+00
1.949142666806368496e+00
2.524097854758316828e+00
-1.264553609245499644e+00
-6.986794861481282481e-02
-9.522570964692889106e-05
-4.127724250111040050e-01
4.878652362699558154e-01
5.725459093318652215e-01
-3.127804014593549731e+00
-2.858455370055183575e+00
-2.424933373480132826e+00
-1.137942013520223838e+00
-5.436016254682187743e-01
-8.339983833842525840e-01
-3.335632780028019440e-02
9.840511170236592164e-01
8.395021044217654271e-01
9.274096395372870560e-01
1.598425092804048653e+00
1.616589145868961630e+00
-1.109847972306460928e+00
-8.570296980186569158e-01
-6.545482185046163082e-01
5.110651595450921292e-01
1.145063259487511864e+00
8.577988197051662489e-01
-1.263548755155023295e+00
-8.968705863160923997e-01
-8.339983833842525840e-01
-2.089161867918838844e+00
-7.022193888964545216e-01
-1.056245414327605658e-02
1.265333643093797811e+00
4.769531503145265638e-01
2.121946936423649177e+00
-1.094523949391600137e+00
-1.770262003638185533e-01
2.364641379718288583e-01
-1.164362695163863481e+00
-1.120559887073390382e+00
-2.451609940502657459e+00
1.638462025317275028e+00
1.297526897821720482e+00
1.479836213117073918e+00
-1.407126104662173027e-01
-2.774638859611724406e-01
-4.834420182436511837e-01
-1.318500110846173579e+00
-1.131668233448782424e+00
-8.379670466096338366e-01
2.713672210056961021e-01
-1.479711859598098478e-01
3.887173640117942419e-01
-4.393874981810794722e-01
-5.366847990041496708e-01
-6.806894620914429872e-01
-1.493705037203105768e-01
-2.739311965293977913e-01
-6.369120331180289085e-02
9.140251433756736432e-01
-6.915295540448296308e-02
1.163301730889640950e-01
-4.004045487129559433e-01
-6.535383208348912731e-01
-8.026625801311846331e-01
-1.419927554912141510e+00
-9.014153750369873208e-01
-1.156963310896792274e+00
-4.795367960328382750e-01
-8.283279525237339236e-01
-8.789238163841446294e-01
2.118324638054197351e+00
1.160851062155772162e+00
1.306498909837410238e+00
-6.149064394747449924e-02
-2.245520460721706080e-01
-5.365108664677560313e-01
-1.416995206500106796e-01
-1.246161823559130966e-01
-4.727205854843110622e-01
8.056444686389405696e-01
-2.560714877903245146e-01
-8.044121026413590947e-01
1.464333728317499528e-01
-1.960942688039413184e-01
1.196049201499023162e-01
-4.628939029418499551e-01
-6.830559055158058612e-01
-1.888942092720471422e-01
-6.583469647453163986e-01
-1.387317203879212091e+00
-1.911545810892360642e+00
-1.778114587248151857e-01
-5.435146655860627618e-01
-6.150150800504503579e-01
-2.917547167774379169e-01
-1.030908074925895868e+00
-1.175400586096365219e+00
-8.626822175684889515e-01
-6.611924816741061584e-01
-1.235063788334512802e+00
-1.124886290651783138e+00
-1.387317204625333478e+00
-2.198646934765315475e+00
5.169732607208503694e-01
-2.490061085572845556e-01
-3.055739001226767115e-01
-4.801666605505832131e-01
-4.884824929527140647e-01
-7.363853818805887741e-02
6.135017055178373369e-01
4.457901125407728316e-01
7.633020180180696279e-01
-3.074573907379359650e+00
nan
2.798645079127582314e+00
9.067934469089857785e-01
1.602181574194805336e-02
1.390536410379861643e+00
3.417201191354637402e-01
-6.127463982090697314e-02
2.097759470132567472e-01
1.953620966704613160e+00
2.057363050928868731e-01
-1.756026655293661642e+00
2.403973471846124532e+00
2.892657750667696703e+00
nan
1.495418045670136031e-01
-9.456042672597675391e-02
-9.770935741643946848e-01
1.527343091886246285e-01
2.235046293148768015e-02
1.722652052929576350e-01
-1.742828430889160840e+00
7.254484963153329247e-02
1.362103612766822458e+00
2.458926421312479960e+00
2.104137274879931852e+00
2.575007985023122004e+00
nan
-3.059169391417859707e+00
-2.864848713249285694e+00
6.972918698948094018e-02
6.299489206877173508e-01
9.098622487629786093e-01
1.179307740905520596e+00
1.481997421535882431e+00
1.931045058265132397e+00
1.477833097082296376e+00
3.579137043724816003e-01
-2.358824826381186401e+00
-6.425728547658575707e-01
1.785362938614154515e-01
-6.139465633673246714e-02
-1.082836445382215906e-01
4.522019820823075520e-01
5.081141604501904219e-01
2.621725051157470787e-01
8.030373114737461293e-01
2.915602871946445518e-01
-6.342409409470066706e-01
-2.710573371299092038e-01
-9.608174306969607947e-01
4.880852038589678088e-02
8.777340718800434871e-01
6.677132263066765105e-01
-1.273411780790931980e+00
-9.111021897121580615e-01
-1.003602227499180710e+00
-1.723670079917445808e+00
-9.200124179672282132e-01
-9.621127501623583100e-01
8.255486555109703417e-02
1.108680696530361942e-02
-3.838507132712334347e-01
-2.789532997298316275e-02
8.343997459683287765e-01
-1.531268236429284002e-02
8.001043109263257236e-01
1.337022972810752108e+00
1.433600333840916896e+00
5.240625616172676082e-01
1.004832393359863296e+00
1.071695909564037485e+00
-2.666318769516764497e-01
2.988856564710351549e-02
1.133949750874867490e-01
-4.755577572138509623e-01
-7.006323932792519749e-01
-2.640140314140722033e-01
1.269359135045999842e-01
1.654925785549196782e+00
4.509630932309209861e-01
1.062873614429529212e+00
1.942094198367146696e+00
2.750940288879880846e+00
-9.264142428207806645e-01
-8.265548018225179483e-01
-5.301691204593295126e-01
2.146313139853262442e+00
2.008196115735843001e+00
1.850754977520653100e+00
-3.445168570725196666e-01
-5.779017637568863996e-01
-9.421710641791447571e-02
-1.569955552655220465e+00
-1.440771768516367457e+00
-1.458547871928030704e+00
-3.562562562111271092e-01
-1.735446756164109594e-01
3.156956638053141084e-01
-8.543352972206990081e-01
-1.020713838227439663e+00
-1.474876748385022029e+00
-3.655318313060980095e-01
-3.825349698921778341e-01
-6.968731115899018391e-03
-2.017791897049801442e+00
-2.111994871579748967e+00
-2.604033045291830106e+00
-7.396949903323712938e-01
-1.068251158900849873e+00
-3.329665360741325131e-01
-6.754423111044327577e-01
-1.072985566946082159e+00
-5.944217997487810656e-01
-3.764499556712235240e-01
-7.063105013986636926e-01
-1.560542710931609456e-01
2.453953036069060012e+00
1.952107874559549927e+00
1.780173650574820243e+00
4.953091417704369448e-01
-2.904555663986867486e-01
-1.120617426763198754e+00
-2.607468227804248251e-01
-2.254299228021197088e-01
-5.113764194907628458e-01
7.259907538013572470e-01
7.085705700696109943e-02
3.470007288369316711e-01
5.096572963539762746e-01
3.034710799770281575e-01
7.985569645565133712e-01
-2.090548176447208917e-01
-6.397389292757411638e-01
-4.106494748933879890e-01
1.122135091794821626e+00
1.950223772885066431e+00
1.879741147371414733e+00
2.520283057931824722e+00
2.312067809924656991e+00
1.827952522884744191e+00
-7.101290951389556128e-01
-1.028395172981892536e+00
-3.014199194642195323e-01
2.236604076219408377e-01
2.792078804111779888e+00
-2.047993491670423438e-01
-1.554254709850994010e+00
-1.953247274288051338e+00
-1.820826701036123207e+00
7.259907536739369505e-01
-1.850908343504897857e-01
1.985432221697189803e-01
-1.169705694820750042e+00
-2.474929582802264605e+00
-1.523211431356732204e+00
1.031044044093059497e+00
3.317979185810373544e-01
2.132303626620435821e+00
-6.330060316803685083e-01
-2.048001239852233368e+00
-1.211078678443559431e+00
-1.787003017262374982e+00
nan
-2.208799942795779181e+00
3.513919465754464788e-01
-1.464647644238708191e+00
-4.685633971380158691e-01
nan
-8.333840483104664187e-01
nan
-2.735913124949838071e-01
-3.930875594364637848e-01
1.199135254887511159e+00
-5.142179413840457514e-01
-1.446210368516901434e+00
7.370818843830639899e-01
-4.613434847314614728e-01
nan
nan
-2.620642998765434495e+00
1.793097778946235010e+00
2.332157500773890391e-02
-5.702923797531807004e-01
-1.537454694612774730e+00
nan
6.249753922373333381e-01
-2.759592727037323279e-01
1.142029047441324607e+00
-1.259844714349878103e-02
9.833828908316784023e-01
nan
-7.529006572795702290e-01
-1.028926829376032082e+00
1.066934159539361104e+00
-1.329416680957682395e-01
-1.057950958441796097e+00
-8.640488565764004036e-02
-7.908030111574237964e-02
1.780193796176687826e-01
9.001463510588454398e-01
1.397732676779561700e-03
-1.155206464392533716e+00
-9.054954202112162065e-01
2.986920450252743997e+00
nan
-1.465432329673277856e+00
-3.252396082599791072e-01
-7.957917448916331793e-01
1.641357043032880547e-01
-1.077085675896816586e+00
-1.955260983681821330e-01
9.998242721250454323e-01
-2.543914246990728323e-01
-3.079815762829373416e+00
-2.086378229260510864e+00
2.538324943710382975e+00
1.336651851662084667e+00
1.558101379146862975e+00
-3.924990277696340790e-01
-7.896908460153864162e-01
1.674553110462753125e-01
-1.111953795913198206e+00
-1.450622742712884161e+00
-1.903216989523421221e+00
1.451758305066712218e+00
9.055011282380966975e-01
1.050425540021777238e+00
1.209548774293609519e-01
-1.930037137065818698e-01
-1.849906503482046105e-01
-1.024696362089113411e+00
-8.739400254668594492e-01
-8.935604458065480316e-01
2.219505475319407672e-01
5.880085988124594820e-02
2.689299479967783846e-01
-6.153361411820812421e-01
-7.378414270973339129e-01
-4.437774812008106196e-01
3.191387645583376731e-01
3.803171755043983637e-01
2.670089037077207905e-01
2.426364085718364372e-01
3.729285437226548261e-01
8.982936102963314795e-01
-6.638909972325146569e-01
-9.346006935551005590e-01
6.400609264816159438e-01
-1.710077398876941768e+00
-1.916475981525896932e+00
-5.252002044549013426e-01
-9.001494280697728279e-01
-1.113516414290717016e+00
-1.110673885508886016e-01
7.505586697359576398e-01
7.885390858539942371e-01
1.116110477105857868e+00
-2.132704832133756945e+00
-2.284688450405337079e+00
-2.897061861230656454e+00
-5.086489153306201771e-01
-6.572314539191808080e-01
-4.367952241477097708e-01
2.694063451920265528e-01
-6.820972158232274651e-02
4.495819970817587219e-01
7.682613701090725833e-01
2.767655002381661511e-01
5.271995749833044975e-01
-5.902147923473304303e-01
-4.872929203586306990e-01
2.429589070839650589e-01
-2.724665855419906801e+00
-3.025251022546895818e+00
-2.614335864074438298e+00
-3.082276578782705556e-01
-3.329843600434134743e-02
3.452914583793074144e-01
-1.251730548141980925e+00
-5.751437537875299100e-01
-1.046098750873829086e+00
-1.107518307861306006e+00
-1.197266556132433379e+00
-4.606974480842214170e-01
-1.829717820142782392e+00
-2.153392462164163135e+00
-2.015856682240344089e+00
-3.695394486393088762e-01
7.058572795938777844e-02
9.913164851344768991e-01
-7.136913981392369877e-01
-8.062437715516219683e-01
-8.059528011254539770e-01
-3.567240165056655421e-01
-1.625790024119733168e-01
1.145154160906791674e-02
-3.012128162195977232e-01
-1.435635371665422433e-01
3.557542339373886975e-02
-9.207331768843478592e-01
-9.238954189638461933e-01
-7.256014294792456631e-01
-1.292362508558513312e-01
-3.257979849274050821e-01
5.161689840432104326e-01
-1.141277680916907400e+00
-9.959099516554723586e-01
-1.107261207952015436e+00
-2.499191230448310375e+00
-1.671639330629127285e+00
-7.458832240684247772e-01
2.808697606050185591e-01
2.192306020454508619e-01
1.381590374481955763e-02
4.685742241538326525e-02
1.268398654190989738e-01
8.319515707424773865e-02
-3.468848217643456522e-01
-1.196566721057402694e+00
-6.610986735386403801e-01
2.607377909161590068e-01
3.975223932286606754e-01
8.683111786145767397e-01
-1.012702376504304169e-03
-2.829870203323356925e-01
-4.651152133558476010e-01
-1.599463161970971159e+00
-1.345271146950652863e+00
-7.543062643937585854e-01
-2.452480333330586681e-01
2.405168144257086027e-02
6.505681976379582565e-01
-1.205057993325556520e+00
-1.338711683764386651e+00
-8.226141660766645991e-01
1.684255997293180762e+00
7.777335887566025896e-01
-8.422202597468952945e-03
1.058644704845617568e+00
nan
nan
-2.022675428440683376e-01
-5.643046641154660925e-01
-5.410732913530096333e-01
-5.761270377250333752e-01
-2.633183268271110933e-03
-1.276971788308790767e+00
3.043051785257285147e+00
1.880560781176065177e+00
1.084356450280160367e+00
nan
-1.404125294973091131e+00
nan
1.295144255484755647e+00
1.448124681252810575e+00
-8.657715274924537852e-03
1.635179648872264302e+00
1.154553813674645824e+00
1.032543668722601282e+00
nan
nan
nan
3.055971334976838705e+00
3.035096080357783777e+00
nan
-2.104761082602068623e+00
-1.404334638800989410e+00
-1.605433418297067538e+00
nan
-1.692043859701269248e+00
-2.186050581573621088e+00
nan
nan
nan
nan
nan
nan
-3.042594847733878005e+00
1.213449419029057452e+00
-3.872482906533347702e-02
-2.831396085460417211e+00
-1.691764734326616892e+00
2.946040603818778081e-01
-5.510056882048504079e-01
5.831129205467946441e-01
2.562155019390721655e-01
nan
-1.230718209779477990e+00
4.808160562061760679e-01
nan
nan
nan
2.915022626457663968e+00
nan
-2.466039869315799216e-01
-2.939866476978638232e+00
-2.505347511626812462e+00
-1.607553032208528299e+00
8.967841223491834768e-02
1.281416622713421383e+00
-6.871343858708511831e-02
6.279930192412024326e-01
nan
-1.786193375221754032e-01
-6.368542554529241784e-01
-1.314030133097518593e+00
-6.327654017946264808e-01
nan
-2.094717901275763516e+00
nan
-1.571144115421301279e+00
6.971012761922765755e-01
-6.157387100065463414e-01
-3.136518132977319517e+00
2.898191947149340031e+00
nan
2.390284695782840529e-01
-9.875782119984743979e-01
1.992066589579319036e+00
-9.712822050525131701e-01
-2.566203740467518202e+00
-2.321827169161863491e+00
2.429761103216168117e-01
1.665802686382815700e-01
3.703439937979235985e-01
-2.883824284312284103e+00
1.282721774545180438e+00
-2.131691029581044283e-01
nan
2.394132093440913600e+00
8.604196301427995408e-01
2.599403442769968819e+00
2.181479879847742609e+00
7.316029383720548118e-01
nan
nan
nan
2.613220184343484576e+00
2.499809232065218545e+00
nan
nan
nan
1.490337439623392157e+00
nan
nan
1.869948925205744850e+00
-4.706496205522343601e-01
2.016245492936343808e-01
2.018723132721908620e+00
1.285842558605780894e-01
2.308468295798875580e+00
1.518878081786612988e+00
1.168024903321437158e+00
-5.415068022871714071e-01
-1.306436225414320029e+00
-1.868232447316455769e-01
7.409183794801954548e-02
nan
nan
1.811902977052658237e+00
3.053773951737879244e-01
2.734206391757778576e+00
1.142460912483556079e+00
-5.407933547915146910e-01
nan
nan
nan
-9.404636938052353123e-01
1.020329291268787131e+00
-2.099363673430524546e+00
-3.124299856312378054e-01
1.874455134388850475e+00
nan
-6.644831611406809557e-01
1.142962168950399260e+00
2.781977450899568716e+00
1.864922599639600165e+00
1.380219347896324500e+00
-1.135313022022806706e+00
nan
1.329348615239809739e+00
7.752004079735095310e-01
2.210498146886510362e+00
nan
2.381152382109036125e+00
1.450577358629535851e+00
1.586423747777337745e+00
1.371309069704506278e+00
-1.600150851664516871e-01
-1.166247994740547078e+00
2.940032600476796709e+00
nan
nan
-1.411264055547658103e+00
7.367385436595692561e-01
6.727998977729354735e-02
-1.826184992360519788e+00
-2.786923078787566510e+00
-2.628310467601784772e+00
1.827901683220232165e-01
1.856208630930745507e+00
1.869806513794321390e+00
-2.353407184769249483e-01
-1.939156076133836670e+00
-1.628550585098349490e+00
-2.693813559952812131e+00
1.103117710549348374e+00
nan
2.112702862543342164e+00
-2.900989700152384110e+00
1.967944969390229559e-01
3.092400556533792866e+00
-9.850943691325837470e-01
-3.619461587477577069e-01
-1.515936340242531211e+00
-1.082753610039498771e+00
1.147358405481995192e+00
-4.089920385256768931e-01
1.011879650789286877e+00
1.067223582445645746e+00
1.051874859638897597e+00
1.241049150896210485e+00
8.463650632297388121e-01
1.308006236077949858e-01
-2.791743699726143113e+00
-4.441046439426727943e-01
6.974754397832998443e-01
-5.529919402037442033e-01
-8.115043646311597136e-01
-5.627370010644860976e-01
7.776230773005678998e-01
3.248179572451177499e-01
5.059879604866508451e-01
-2.539399755713284801e+00
-2.439367736526911301e+00
-1.634790540293799221e+00
-3.902068843732564574e-03
-8.307640651696446277e-01
-9.136822369404078437e-01
9.036579073945993912e-02
1.712986088145891372e-01
6.103043611888052666e-01
9.476318025381234023e-01
1.592961848038028094e-01
-3.807764112068978690e-02
nan
9.691805424615802522e-01
nan
-1.775961979881782504e+00
2.034046585334008839e+00
1.665777809199018300e+00
nan
2.086103601684826891e+00
nan
1.834226988221719701e+00
1.217672546322315696e+00
8.643439942745363425e-01
2.169094561440298996e+00
1.876759032293493945e+00
1.761741359882820213e+00
1.981563695661821889e+00
2.261813476263276002e+00
1.729146410426602998e+00
-1.105182368811681304e+00
-1.169891914512479092e+00
-6.480446827282562161e-01
5.519294292150549452e-01
3.221815973786781306e-01
4.408691466552610017e-01
6.477045720412575314e-01
3.861064580386233125e-01
6.917927700647927836e-01
-9.785438576627316642e-01
-7.549859311212183677e-01
-5.156261909676751465e-01
1.421621537768458232e+00
1.902048004468941400e-01
1.349201111662363672e-01
-2.208144138296701087e+00
-1.641859245727036454e+00
-6.905577340751944959e-01
-1.140307396928109895e+00
-1.268762363996603026e+00
-9.441867313370573278e-01
-4.043416100718597583e-01
-2.231311000395788113e-01
1.366109694022759058e-01
5.700975476727974112e-01
1.095921873260277124e-01
5.575384852968352511e-01
5.836002725959970050e-01
-3.054904861760299184e-02
-1.792899849823008651e-01
1.613485834767241833e+00
1.000458002306228167e+00
1.204075032887941710e+00
-5.750770595713592392e-01
-1.089324161661685331e+00
-1.021483187727868280e+00
-1.682284002942235901e-03
1.758946030134302951e-01
4.625121544075931901e-01
6.630465365437565595e-01
3.641252772553831285e-01
5.244459400858727527e-01
-7.682871442467940071e-01
-1.820041381171520367e+00
-1.505310694751881284e+00
-1.467621119644608951e+00
-1.824104110223977004e+00
-1.982502538294460770e+00
8.424715748125648496e-01
1.789141288557793530e+00
1.834575510508465790e+00
-6.413134755141687293e-01
1.001074337064431496e-01
1.409533153695310403e-01
-1.665377852224686039e+00
-1.480234720751823829e+00
-1.024123100458883329e+00
5.305235370496155234e-01
7.674560517110866620e-01
2.964470723555505671e-01
-6.532461159485984936e-01
-2.177297451501258863e-02
-6.057418204954805319e-01
-1.422852793868600862e-01
6.688547598404070982e-01
8.498442894713598150e-02
7.006400014501767970e-02
1.139628827719841198e+00
8.241062172267885622e-01
-7.426116182928006459e-01
-4.434348061783879302e-01
4.970484279017268747e-01
-1.702690442098881984e+00
-1.474456810264698214e+00
-1.099634917190888128e+00
-7.129832048490842844e-01
-3.902194166886916449e-01
-3.467333309328850532e-01
1.403970653091107579e+00
1.923163681771874245e+00
1.635341052367174086e+00
-7.032671537270842599e-01
-1.230277304724044507e+00
-1.094462875072689911e+00
-6.889701508057868296e-01
8.398790195064131936e-02
9.414633254573079313e-02
5.030378271139803736e-01
1.034705329358280856e+00
6.640684510236090077e-01
1.805979323568323025e-01
4.472007299151217197e-01
1.894966263578972132e-01
-1.026083260866874625e-01
5.062777678394394520e-01
6.027797500091298666e-01
-1.056406812593362332e+00
-1.870201783688804076e+00
-1.844963155754333117e+00
-2.471669088685271021e-01
-4.288225552308166932e-01
-4.350274813550485398e-01
-1.314307008614409966e+00
-1.282278495696247633e+00
-9.464316357836408677e-01
-1.521779791187540143e+00
-1.570462229936527621e+00
nan
-1.817435895104195787e+00
-1.593866952808711712e+00
-1.519863354330295291e+00
-3.988185778140249660e-01
1.143847334257048765e-01
1.428200758160585337e+00
-8.200480465494215387e-01
-1.272658126060278505e+00
-1.832218835915846000e+00
3.077210545121191743e-01
6.070467623768740495e-01
3.657059008622827179e-01
5.924446228231432521e-01
5.902692911760873962e-01
1.183212547956802752e+00
-6.583742259576093048e-01
-7.043324791740848134e-01
-5.019951312450658953e-01
3.820487475413036904e-02
1.324775770045021339e-01
6.820416491563623396e-01
-6.080866701584803913e-01
-1.194423070255722807e+00
-7.104540122735452101e-01
-5.979035519772484264e-01
-6.276675077614597420e-01
-2.188751698804081158e-02
-3.105332719122362306e-01
-1.536814974111764265e-01
-6.744411690786789038e-02
4.832564766858928884e-01
5.931164958203805071e-02
2.332874096641073258e-01
8.416842859030420065e-01
7.818644312372033944e-01
7.566327297980959266e-01
1.063200746606447922e+00
8.043839254857449994e-01
1.384231645280770806e+00
9.632088083411787238e-01
4.310178860169529003e-01
7.897252751123131631e-01
4.754509148530026152e-01
3.049625488854026401e-01
1.250240604404728728e-01
8.106863363574929870e-01
5.476527175374288348e-01
1.021614644287765827e+00
-7.123402652360066867e-01
-9.707982097652672060e-01
-2.018433291358867621e-01
-1.717995262000344026e+00
-3.864484611076082210e-01
-8.514876268433781981e-01
1.800159852093521806e+00
2.029094787278911127e+00
1.456829333100204238e+00
-1.033079643723498364e+00
-4.439344798344770915e-01
-4.190654842804710789e-01
-2.485362734029983312e+00
-2.009622513983012837e+00
-1.796887701926772829e+00
4.889151881632769481e-01
7.509624527482530176e-01
4.123255381460468882e-01
-2.353871152187116955e-01
1.951526215745342796e-01
8.570614138810439542e-02
-9.653856736385968418e-03
-7.992614278534571071e-02
-2.557767201979759264e-01
4.271435877047817797e-01
-4.329084298585517132e-02
-3.676043146052121458e-02
7.353286998725816481e-01
1.111328195067423863e+00
8.568896661123619474e-01
-2.185790655519906256e+00
-1.329336401779715571e+00
-1.528047406232132088e+00
-1.229833632605871863e+00
-4.923768130798422682e-01
-4.209077163836503210e-01
1.311415048687259777e+00
1.189999884267944452e+00
1.143691726260025021e+00
-1.272764222490931685e+00
-1.496378841700702900e-01
-5.824379863409254732e-01
-6.230633513631165243e-01
2.163801606944502076e-01
7.222435115523273552e-02
9.500347489002880508e-02
6.757804096576691677e-02
-3.961631883735581283e-01
5.947471068064613675e-02
1.840573596923049671e-01
5.090008613978422858e-01
-9.436296998647279999e-01
-3.957433595481534283e-01
-7.862139903851881328e-01
-2.353834531841994426e+00
-1.018962143592195613e+00
-9.045774084979214535e-01
2.249167333406343339e-01
6.401773071934653281e-01
-8.227194106548063601e-02
-1.202783323911774005e+00
-3.732597531654739953e-01
-1.090307912167498561e+00
-1.797890121448730172e+00
-1.544835701291894070e+00
-1.387619068945715739e+00
-2.811401947931770007e+00
-2.693718698193550587e+00
-2.914285275797098951e+00
4.184856941100125738e-01
4.548236254547575186e-01
5.943297072075339749e-01
