-8.199839274878000239e-01
-4.623931405724777122e-01
-2.545944563151536499e-01
1.683253761010093719e+00
2.392177071507440189e+00
nan
6.819586857013750780e-01
-2.555083697569964230e-01
-2.833103933123526375e-02
-1.411015983123595996e+00
-1.691559779214686809e+00
-1.436896458027362877e+00
8.749220428992856569e-01
5.050404515068551703e-01
1.074267776058881907e+00
-1.768774103128283315e-01
-5.659140301596270461e-01
-9.484575159238692876e-01
1.284504692810273241e+00
3.406750586884044196e-02
2.707271937540176587e-01
1.157903564337002145e+00
1.402448284047276061e+00
1.356197817618787660e+00
4.634552913020986153e-01
-3.830515487687309317e-01
-2.536215282731557608e-02
8.218531941094275872e-01
-3.279415909167830989e-01
-7.348689611871437322e-01
nan
-8.921775413478023609e-01
-9.565077656267302331e-01
nan
-2.915231124067819923e+00
2.765219988257304529e+00
nan
5.502065414215224770e-01
1.274784139267755023e-01
nan
-1.096998776224706873e-01
9.008419164427738934e-03
1.339405305755401621e+00
7.852481568418929747e-01
1.010950559563459805e+00
6.242842569582047751e-01
6.301238312620665027e-01
7.083525000878405642e-01
2.337403204431774739e+00
7.065345984543789370e-01
9.398685627060512360e-01
6.051292292285386232e-01
1.073306285120533943e+00
1.613234887291358888e+00
nan
4.436501557560275089e-01
4.907673673351111709e-01
2.767722711034381611e-01
2.908286201766565604e-01
6.291060650019359990e-01
2.313968362438725279e-01
-1.242493247895519737e-01
-2.940463919212512600e-01
1.055220052836096656e+00
2.568624637132304045e-01
-1.338407024328192030e-01
2.478763124698109444e+00
6.232154601492521095e-01
2.772359065522396193e-01
-4.042699975247021627e-02
-1.282422175756506189e+00
-1.935744198686967454e+00
nan
nan
nan
-2.724172043203472171e+00
-2.830696548419162184e+00
-4.657266324469340191e-01
8.596499764657785647e-01
-7.709743617729158949e-01
-1.191210237738424604e+00
1.975404195382234107e+00
9.243740866247733834e-01
7.241355633805413028e-01
-2.673824674280067093e+00
1.024345634366933488e+00
-5.614398238362916516e-02
-1.737949776657730094e+00
8.807542910813950243e-01
-3.049927263365503904e-02
1.608266156585688833e+00
5.720471761210434991e-01
2.009834849684870584e-01
nan
-2.454243356079253147e-01
2.045423426343977447e-01
-1.694824795386277616e+00
-2.402287838418080135e-01
-9.130436408942830262e-01
nan
-9.317509903273530902e-01
-6.497928448707952498e-01
nan
2.600596054164570958e+00
1.767822914809822343e+00
-8.027552491924043743e-01
nan
5.519496557120784352e-01
nan
nan
nan
1.224275880036133302e+00
8.772144646910291499e-01
2.609083679090433705e-01
-2.893950489641374801e+00
7.424726872152400681e-01
-9.602412340651866884e-02
1.535518918008554223e+00
5.096434625134098617e-01
2.614317284434712896e-01
nan
nan
nan
nan
-1.271345944902650738e+00
-2.425653214440059990e-01
9.144459180046862201e-01
-1.373087404614525386e+00
-1.103337854614283131e+00
2.217197172633171398e+00
1.446987851676917458e-01
-9.865759211869686851e-01
nan
2.479328454295121276e+00
-2.002777184242052755e-01
3.018620520480815195e+00
2.673447964089942452e+00
1.819897376201438988e+00
nan
nan
3.133928079399312949e-01
-1.548113344354990373e+00
1.120409525115294791e+00
1.546536994387269992e+00
1.412973311844076818e-01
1.225162969312343364e-01
nan
2.285940160147141853e-01
-8.359154767687329013e-01
-1.737011642986441950e+00
nan
nan
nan
-1.745127518498923225e+00
-2.104805246877887726e+00
-2.173557872449263684e+00
nan
1.075086425237707921e+00
nan
nan
-7.327609419120930667e-01
-1.242309492382019931e+00
-1.621216468972888958e+00
4.837403529152157766e-01
3.545290159514116191e-01
nan
-9.788454810897220248e-01
-4.400592315726794546e-01
nan
1.982333452859784906e+00
2.602136050558216951e+00
4.893536117979651046e-01
1.169291481462855664e+00
nan
-1.056111737279481488e+00
5.339830494994499688e-01
6.392794990586132542e-01
2.963806422005086816e+00
2.121809272194370877e+00
2.354627966201760181e+00
nan
-2.485131994050674642e+00
-2.045313389509539448e+00
nan
1.803373989766161145e+00
1.174840014602959393e+00
-1.683148592754960760e+00
8.519552584662317685e-01
1.517432402596791796e+00
6.170534127973232863e-01
-3.529274108066648985e-01
5.537146797004108834e-01
-5.483487757285896436e-01
-1.343127223537250448e+00
-2.710191883445909333e-01
nan
nan
nan
-1.499819843774706785e+00
2.901176911185054941e+00
nan
nan
nan
-4.145876941577641972e-01
-1.613208474424204564e+00
8.801644383077578127e-01
2.747248010086480896e+00
-1.678010134566229050e+00
8.680224546560095789e-01
1.522896296519552273e+00
nan
9.547957777333424545e-01
nan
nan
2.504311944207339380e+00
nan
nan
2.432859224777148555e-01
1.419270733711451626e+00
-1.422229133669910661e+00
-8.228012971404226050e-01
8.441802671456994922e-01
2.780515347446857355e+00
1.457484424949585744e+00
2.587413430915658452e+00
-1.839179430718203001e-01
7.159859604637532904e-01
1.532944834865370254e+00
1.060266063933077874e+00
-4.987305040224621067e-01
-1.009226226157125428e+00
1.849997516777923678e+00
8.019881792061989145e-02
-4.391286280835391409e-01
3.049039473176916815e+00
-5.685207505078828660e-01
-2.311179355391799639e+00
-1.810308540052763204e+00
-1.717115897489606580e+00
-1.500348586337574286e+00
-5.761804347405656834e-01
nan
nan
-3.007466395603305642e+00
-6.627650581307578115e-01
-1.458505840873488557e+00
1.240762951684636128e+00
-1.084764457909014990e+00
-1.323125323908520112e+00
-8.521701345237886471e-03
-1.790007060030927022e+00
-4.816386598740569625e-01
8.348019632000585055e-01
-1.840681530049940395e+00
-3.678075498872304117e-01
-1.949062121191919017e+00
-2.156503980923788699e+00
-1.279790998093640386e+00
1.520572903089478345e+00
9.791505676399285818e-01
4.423559339829497006e-01
nan
2.214495274881578268e-02
-9.149034135953324487e-01
-2.506923529566033704e+00
-3.034691365477342195e+00
nan
nan
-2.285878924793481204e+00
-1.534125424329322307e-01
2.276348668017607046e+00
-1.900519363700703401e-01
-6.631796527841937738e-01
-2.748230410067951546e+00
-1.199123604775609531e+00
-1.155162384487987470e+00
2.718384330451993236e+00
1.886531610227276445e+00
1.716207729280311511e+00
-2.395442941801349424e+00
-7.917202752024632417e-02
-5.988919947191848614e-01
-1.834776315917922007e+00
-1.444559177617106283e+00
-1.346880140611767640e+00
-8.494332971354539019e-01
2.734060957652819646e-01
-3.814163195258535310e-02
3.329867000655193365e-01
4.204497218561633609e-01
-4.638980715421592294e-02
-1.154573941448875152e+00
2.505456692129119922e-01
-1.305881929227399318e-01
-2.009256895649835784e-01
3.454624973646511776e-01
2.271398074774726439e-01
-1.162989592819194229e+00
-7.463950390149052261e-01
-7.885581745774219442e-01
-2.514141312800757255e+00
-3.674394994947762783e-01
-1.232326792941204952e+00
nan
-3.740129190665526515e-01
-8.337347328969526572e-01
-2.891463964461941316e+00
1.800449123273773822e+00
1.738900680572665891e+00
nan
3.931930590159069538e-01
-2.646020401139459466e-02
nan
-8.633161171919256915e-02
-4.744157138400204587e-01
nan
1.692362385960839433e-01
4.424297622884618697e-01
-1.650858993375621253e-01
-4.482465037061027502e-01
-3.904685413042345843e-01
-1.092566080144997009e+00
-2.069578324044220263e+00
-9.721533623679796676e-01
8.761521200557851330e-01
-1.044292361425593008e+00
-1.080635717603395385e+00
nan
3.793763173509998587e-01
-1.499316311903982069e-01
-1.601650203483763413e+00
-7.680831360996887014e-01
-7.657396166484682354e-01
2.632749584989650948e-01
-1.064263833343672694e+00
-1.610654298631938097e+00
-1.853701065061182041e+00
-1.915165769925224692e+00
-2.026873171442044708e+00
-2.858554998137674108e+00
-5.837343085923514252e-01
-4.442282268395727485e-01
1.353815117389737921e+00
7.480400618714937444e-01
5.652175204089315841e-01
-1.420982736687839143e+00
-8.987109296515072288e-02
6.742337042742421183e-01
-2.414242200118941195e+00
2.370764976686281500e+00
nan
-2.401198423889475908e+00
-1.006571930945309390e+00
-7.050960106704629027e-02
nan
nan
nan
-7.344452735713451474e-01
nan
-3.111448816453061816e+00
2.265478510123216438e+00
-3.859604392511508664e-01
1.475238363488118765e+00
1.442850972510807850e+00
1.126687294497940250e+00
7.781732835881607357e-01
-1.903940657620432075e+00
-7.628948524305081413e-01
2.747519305903343145e-01
nan
2.780424723384338215e-01
nan
nan
1.217866369426157114e+00
2.544465751638607109e+00
nan
3.653496442966819302e-02
1.475238363487524573e+00
6.444268887480664176e-01
-8.192466039230881236e-01
7.747190981662219755e-01
3.717153285487682091e-01
1.052807692201097822e+00
-2.983800964552382418e+00
-1.168416565132964102e+00
1.888549275851426401e+00
1.700545456635454755e+00
-1.621788693132135917e+00
-8.440928800698737078e-01
-1.178228886513398521e+00
6.045169160595142976e-01
4.573499718897586774e-01
-3.169591600462156045e-01
-1.184086142214225479e+00
-1.211083268975068350e-01
1.319030967619116979e-02
-1.571361280651887293e+00
-1.122076300353785694e+00
-9.297630514815939939e-01
1.162136962033737397e+00
2.924126190774516409e-01
3.152104328466043270e-02
-2.186538769276778815e+00
-1.426672648663452669e+00
-1.348190508864178572e+00
-5.301552788528036686e-01
-1.484726514464461911e+00
-1.644583166942216623e+00
-5.680959030568613066e-01
1.917870526236731266e-02
-1.436466888802723219e-02
8.548807069664619007e-01
2.267214194756528300e-02
-6.082474356503109192e-03
1.045839897169787314e+00
-1.428932447855282284e-01
5.483142814093553419e-01
-2.091561676677646808e-01
7.091129844916177483e-01
8.933795520095353382e-01
6.668030826104107689e-01
-1.109027778320572644e-01
-3.845104335684634833e-03
-6.514027276969960312e-01
-3.734601199577989306e-01
-4.578742232423502756e-01
1.701211543133968718e+00
1.474882335308715042e+00
1.487734952578452230e+00
-8.800069976647995063e-01
-4.740240177947607769e-01
4.044945622149334064e-01
-9.592308207312454371e-01
-9.118062423081583212e-01
-6.623904274565051153e-02
-2.480851823349511598e+00
2.190438724652456592e+00
2.987574863251781565e+00
5.838480002157058202e-01
-8.822886581127580286e-01
-1.948812807689055404e-01
-1.335998709752607372e+00
-1.718008281807514637e+00
-1.228049066212208107e+00
1.887624613902736392e-01
-5.385609785816729556e-01
2.483535091758484192e-01
5.059504588358842980e-02
-1.216064418780145928e+00
-4.585507657659011471e-01
7.732524995977674287e-01
1.785085855844639191e-01
3.448090191997370546e-01
-1.995407397079373979e-02
-2.360680007100719457e+00
-2.755374708969822617e+00
7.359368299230548693e-01
1.216956899204348908e-01
-1.316068845337636795e-01
2.511994794047027746e-01
-1.384329142339782326e+00
-8.656736169915579815e-01
-1.607906331077075812e-01
-5.334400881587995080e-01
-1.881299180220490364e-01
1.894659021364209828e+00
1.065243871038344281e+00
2.185680490192025260e+00
2.721779415079053521e+00
1.782796537798667202e+00
8.162529894405912145e-01
nan
-7.006419858225148012e-01
-1.556815100529647111e-01
1.071411502427987550e+00
2.526648733009047021e-01
7.037302835315619731e-01
1.530294798213387431e+00
-1.007731741076458576e-01
4.291748808941919791e-01
-2.187267421180920657e-01
-5.737308663351927684e-01
1.022833349462901609e-01
9.314646574790739209e-01
2.547934835675698118e+00
1.093006510648395491e+00
nan
7.439804741561002466e-01
1.409326154609711779e+00
-7.583123706781327300e-01
-1.154468804522134961e+00
-6.464898523591111612e-01
3.297036929996366439e-01
3.387538015051463347e-01
3.999189772420828071e-01
-1.528334032615616733e+00
-2.466672772889557219e+00
-1.502866150197299078e+00
1.768842935299061558e+00
1.021329821742510191e+00
7.266535138220580059e-01
-1.669660532095577743e+00
nan
-7.254640745397411550e-01
nan
nan
nan
-1.136314982957765007e+00
-1.934003153099811190e+00
-1.142927052243568831e+00
-2.670987813837409242e+00
nan
-2.642761266342686710e+00
-1.606404628410174062e-01
-4.195895855475502145e-01
1.160745448743193187e+00
nan
nan
nan
-5.281368024611077239e-01
-6.062501753322928622e-01
3.831948583844235756e-01
-1.114478733665108745e+00
-9.154670567621026045e-01
3.345222466919142157e-01
nan
nan
nan
1.755991232441660443e-01
-1.397796944727990320e+00
-1.850227586369481036e+00
nan
-6.690379813785085616e-02
4.501253083190084325e-01
1.234850437411050272e+00
5.261843201797402614e-01
1.920172780781183697e+00
nan
nan
nan
nan
-1.015100118980603039e+00
-1.510823891182622170e-01
1.575921051283480701e+00
-2.393439105998589334e-01
1.673755607713260929e-01
1.529899102507377151e-01
-5.617046408183798967e-01
5.156202516267045510e-01
-2.101844343534970960e+00
-2.766820709297731273e+00
2.445253820646485998e+00
3.856060182779064149e-03
1.877794363030416136e-02
-1.177334326984333934e+00
nan
nan
4.384618249151257530e-01
-8.765022685532710689e-01
-2.486627956672569084e+00
-1.279210367099681722e+00
2.135499085243759865e+00
2.227543199273127605e-01
3.005190730630781459e+00
2.187480952083607377e+00
nan
-3.007603991392395315e+00
5.352691967359684000e-01
-2.862670005737046885e-01
4.555533136842182529e-01
-1.853811386320623811e+00
-1.772943598054316894e+00
-1.209355451143098614e+00
1.928248618749890397e-01
1.800346542499598357e+00
1.156290519117962212e+00
nan
-1.887839839955880450e-01
-1.927651381430126598e-01
-2.431895480135437548e+00
-7.050646349562130766e-01
-1.095171072368565923e+00
-3.955171165728459393e-01
4.672526383556001583e-01
7.084959509300325919e-04
1.183150281860014807e+00
5.525543938434518410e-01
-5.083520764951448001e-01
-1.761197348861436307e+00
5.599060825071435765e-01
3.621026429509819344e-01
-1.426329775501011365e+00
3.375082636832824612e-01
4.046911790958369615e-01
-1.504875858054461224e+00
7.381937693488538343e-01
-4.825241902416146367e-01
-1.577267210255731911e+00
-7.270827582593120120e-01
-1.449696100930386589e+00
nan
6.209701056744254544e-02
-7.122667711213304109e-01
-2.263667040252657081e-01
5.331222919354479117e-01
3.571568775383688887e-01
8.953852366565495657e-01
-6.828248533748793037e-01
-1.325855704043782390e+00
nan
-5.431058252166067746e-01
-1.153303442797906531e+00
-1.428088269991795167e+00
1.298473723263391832e+00
1.503375269705689021e-01
1.258598065352158457e+00
7.811217211232790447e-01
3.126057368761592237e-01
-1.028123891108023713e-02
-1.701569413668853947e+00
-6.523680556896134242e-01
3.351791689207717084e-01
-9.777790371212056186e-01
-1.402946842687810891e+00
nan
6.953027613879920743e-01
-5.734536982419724538e-02
-1.389820082912169408e+00
-6.141844634816706616e-01
-1.288252186174141167e+00
-8.987395916902363169e-01
-1.403290346072321837e+00
-1.211828333856545203e+00
-2.218824577513542451e+00
-1.576409006319403616e-01
-1.136032515713202518e+00
-1.414941431051968124e+00
-1.214215256737606774e+00
-5.236996502485529170e-01
-1.205674350187604604e+00
-5.142652200092103776e-01
-2.601411621491958037e-01
-1.019998031239914837e+00
-4.584051106692812461e-01
-4.179253954649393421e-01
5.453069881268923780e-02
-2.925344303926502576e-01
-3.638775547276660305e-01
-1.704961147600320803e+00
-1.403630732104114376e+00
-1.030553806471339762e+00
nan
nan
-3.480658817083592815e-01
-2.149091809338152359e+00
-3.106893039525835398e+00
-1.143230441895559002e+00
7.244210077109829449e-01
-1.691165498325938543e+00
-1.564530230840246450e+00
-2.216734733861261741e+00
-5.261978607469695035e-01
-6.197458752776823232e-01
-8.024767095898388547e-01
-1.073040766513793987e+00
-6.053749852601315595e-01
-1.552607559090966260e+00
-1.986515795040901589e+00
-2.216650878836689653e+00
5.859444760437693134e-02
-4.178620457645916275e-01
3.008037687487403744e-01
2.800626560617542893e+00
nan
-7.000603031178873614e-01
1.231096437568194979e+00
-9.990253561798034809e-02
-9.015852371302672807e-01
1.123407128198161686e+00
-2.676224264631317240e-01
-4.266809242643323508e-01
-7.874777866729298914e-01
-9.890238126546546660e-01
-6.940016249207454635e-01
2.877416286047282945e+00
2.168538208077324114e+00
1.578763703406845131e+00
nan
nan
-2.164081684675600137e+00
1.011976734494555608e+00
1.006606066526324561e+00
-7.501422949884175573e-01
1.112103252654602414e+00
nan
-2.780418265150950141e+00
-1.090321243184106503e+00
2.219548501555267173e+00
1.831625775541438905e+00
-6.312725476325109497e-02
nan
-1.678376115640198174e+00
nan
2.839486122536452051e-01
1.057181708692450428e+00
-7.694857384628983610e-01
4.912695176950867548e-01
-3.889412074136533448e-02
nan
nan
nan
8.053536444046027754e-01
1.938538307924830839e+00
1.830605220305922209e+00
nan
2.462109076429772614e+00
nan
nan
nan
nan
nan
nan
nan
nan
nan
nan
nan
nan
nan
-1.860649447827541048e+00
2.747864411583847755e+00
nan
-1.972529164516498623e+00
-2.295734733234149338e+00
-1.362082638297611892e+00
nan
nan
-1.002219323236925419e+00
nan
nan
nan
4.326604981031110242e-01
2.219618281985021646e+00
2.065411323272555499e+00
1.129598476385482719e+00
2.661684231907788245e+00
nan
nan
-2.493146663136414531e+00
-1.159227751590599320e+00
nan
nan
-1.897167358703257589e+00
4.170414403670608117e-01
2.860102533952426640e-01
7.756414090123620042e-02
nan
nan
nan
nan
nan
nan
nan
2.910383681215772178e+00
nan
-4.527852460023837899e-01
4.880128094103439729e-01
2.400800389333551443e+00
-4.417497960205132301e-01
1.316748147144767955e+00
nan
nan
-1.341987696868703228e+00
-6.102723325715508906e-01
nan
1.862874725266356890e-01
3.095008375179730820e-02
2.138930429957301982e+00
4.464280062704304441e-01
nan
nan
1.392291630312761264e+00
-7.711885251610999248e-01
nan
nan
nan
nan
4.017478937604477274e-01
-3.771322639448189129e-01
nan
nan
nan
nan
5.018295512286572446e-01
nan
nan
3.136296378450773581e+00
2.155727681416083286e+00
1.626096046830399544e+00
7.451028940847410631e-01
2.635615215463176675e+00
nan
1.851608569589983766e+00
1.799981477106157968e+00
nan
1.576350366457844210e+00
nan
nan
nan
nan
-9.879596840371278610e-01
-3.012461235019237016e-01
1.332724396827273061e+00
6.197168897463205539e-01
-5.592333987083790703e-01
-2.922901790936445643e+00
nan
2.644007670286524281e+00
1.652951807091072922e+00
nan
2.617091939938862133e+00
nan
nan
-1.085984550791430081e-02
-1.746174383781262218e+00
-5.756774252832626004e-01
7.781920435738216568e-01
7.913672666723434723e-01
1.603150944835316061e+00
nan
-2.427248394483914051e+00
8.700561728617630664e-01
2.040636417810593350e+00
7.243995394564084478e-02
nan
4.010819570990711291e-01
3.108811650572415708e+00
-1.604306919155979783e+00
2.698284330834816558e+00
1.113377277717591873e+00
nan
nan
nan
nan
5.218507607240274737e-02
1.010436841352902348e+00
-5.823166391894716298e-01
4.261273758409789281e-03
-6.600757269070185451e-01
nan
-1.603794880715099014e+00
2.006098646698204035e+00
nan
1.354340505288185170e+00
-1.237581268157618153e+00
nan
nan
-1.316139080043767784e-01
1.708122295413140534e+00
1.063409066072287246e-01
-1.795446482885156403e+00
nan
7.125383658565498379e-01
1.421342170392493998e+00
nan
-2.552850434000817348e+00
-2.731844741298092849e+00
nan
-2.784636380053228777e+00
-2.700199360337926624e+00
-6.244295634480101498e-01
2.819057185193959647e+00
2.239564881297411603e+00
-1.387490519663879596e+00
1.990994742395290729e+00
nan
-1.638138771450878162e+00
1.125627094023783137e+00
nan
nan
nan
nan
-1.738498558909032710e+00
-2.276243094179645432e+00
-2.464268031691064564e+00
nan
nan
6.127482316795425099e-01
-1.924773356754545528e+00
-6.054017031962466433e-02
-2.930857185347042204e-01
-1.603785327773290303e+00
2.980775863773824419e+00
2.326582440346883551e+00
nan
-1.062881969382759806e+00
2.381709842988940729e+00
nan
nan
-2.207960496377268100e+00
nan
-1.066147744417120791e+00
2.566630879333565929e+00
-9.491857942175561114e-01
-2.702866391303982763e+00
5.185431754563780693e-01
2.378325201814853962e+00
nan
-2.987978361855184950e+00
nan
nan
nan
-6.903687493092061089e-01
-8.222306478000640517e-01
-9.390902388044817251e-01
7.136006051801810912e-01
9.764095818705751384e-01
1.103858554181897489e+00
7.875740043948376012e-01
7.314281260498201043e-01
9.664088921844937730e-01
-2.576353974869367125e+00
-1.815296871153975644e+00
-1.083448271843640232e+00
nan
2.458230961500952994e+00
2.287567516070566853e+00
-2.423921221690826133e+00
-2.999816754711994715e+00
-2.251187233279248190e+00
9.584888919093073056e-01
-2.171443251942326569e-01
-5.632569240200253624e-01
-8.233324570796161090e-01
-1.092140211939000238e+00
-7.089158856303332534e-01
-5.351547042279229949e-01
3.215636653548821222e-01
7.025001550796887706e-01
1.775560746432627290e+00
nan
-2.419724565281765827e+00
2.573926167997615089e+00
1.732755407879527532e+00
2.009572880666734562e+00
nan
-7.002471776371423928e-01
-7.785827668235074661e-01
-1.761076502688209144e+00
7.687207079888969119e-02
-3.517029454450737447e-02
3.483990039674242922e-01
4.688617252714313288e-01
5.761756608095329746e-01
-1.871610435406897643e+00
1.395114824032184231e+00
-9.366714848061796772e-02
1.263819306905213047e+00
-9.944549730088581008e-01
-8.068912285491980363e-01
2.693655799882354707e+00
nan
2.012823112726975339e+00
1.035270309958833401e-01
-1.912326237582245181e+00
-4.783118429022703566e-01
4.570707563869018664e-01
-2.067921589476706234e+00
-7.658727772777083054e-01
-2.521457609255113308e+00
1.321811846657531930e+00
3.479450042494365292e-01
-2.564988194995962978e+00
1.486081913743159788e+00
-1.864331769743166056e-01
1.593576255648465612e+00
6.004758811563659648e-01
-1.938910769848081195e-01
7.725791907573116291e-01
-1.491151131794435036e+00
7.588865255072407834e-02
6.092904266729126661e-01
-1.089876844533084199e+00
-5.904943639594866234e-01
-1.251965971591624482e+00
-2.391162687669803777e+00
-1.263236221747125354e+00
nan
nan
nan
-1.694886744345127871e+00
2.884752233963888912e+00
9.127828206354484664e-01
nan
-9.655654224343677150e-01
-6.825798065218804389e-01
nan
nan
-3.753928188601629579e-01
1.783477948244133415e+00
-7.447330698641638769e-01
4.765741582969345025e-01
4.770500791516743000e-01
-8.641379787274354740e-01
-1.988648792542591082e-02
-2.640391491763885767e+00
-1.420301079267193289e+00
-2.983016809015666126e-01
2.623002008429270226e+00
6.876684243949471309e-02
-1.621921974006008016e+00
nan
nan
nan
-1.088363191203704616e+00
-1.860748969885583470e+00
-1.389706509705993742e+00
-2.237311607779944644e+00
-1.109620654234845905e+00
-1.874744792935284954e+00
nan
-1.328608157869591411e+00
-1.723977450912594911e+00
1.563195125168980404e+00
-8.497324553853116136e-01
-5.968812424828806584e-02
-4.229059365533984760e-01
2.057818190439766326e-01
-7.750318434960532521e-01
-2.475499540808896448e-01
2.302401017622335289e-02
1.703831847891237317e-01
7.298050757652432274e-01
4.690535496800007920e-01
5.538426237421218978e-01
-8.478155995272333989e-01
-9.354391659356786626e-01
-8.559136134913480909e-01
nan
2.688364036062851348e-01
1.417179319884067645e-01
6.755250188083810059e-01
-1.808357318459994367e-01
-8.855209167162905182e-01
nan
4.103533323466281857e-01
-8.283249895796100937e-01
6.344785297717714379e-01
1.689371747831982518e-01
2.125063028819909050e-01
1.334870694955299086e-01
5.513746696459698171e-02
2.591153757240851618e-01
-1.361098577299501677e+00
-5.382706493233540002e-01
3.102552639909244014e-01
1.115462631613175049e+00
1.270592036884631071e+00
1.383071415981949492e+00
-4.994363298358250880e-01
-3.345715476480526362e-02
1.226974827969335990e-01
-4.289619758618345990e-01
-1.871579376057517230e-01
8.322107828077296432e-02
-1.046722846946197549e-01
6.783143811685810043e-01
5.174615279381389321e-01
1.281936424047206202e+00
-1.251082071910394333e-01
-7.957120962028381150e-01
-2.840491281177763838e+00
-1.686287880625284785e+00
-1.476274547902383327e+00
1.154161979217787071e+00
1.283809132075357518e+00
1.607538434892603618e+00
-2.080749932471096297e+00
-1.563988783193752008e+00
-1.444328566574894168e+00
nan
-2.792380847127754695e+00
-1.962665719905955841e+00
-8.141405226774303117e-01
3.653418678899678085e-02
1.647783832291560557e-02
-8.991493701103983049e-01
-3.503345765992587069e-01
-5.142525137209275066e-01
-5.301795667886666230e-01
-9.653051839189639161e-01
-2.813776150683291455e-01
-7.502605213874180556e-01
-3.044462467770094882e-01
1.108085016037749782e-01
1.463558299587440104e+00
-1.158613959026947970e+00
-1.138224937251367308e+00
-2.461114061975486322e+00
-2.308753023271335358e+00
-2.221164394819338916e+00
nan
-1.697299404902733899e+00
-1.567883731278710391e+00
7.192532145809948929e-02
8.783505701833469459e-01
8.244641388178144403e-01
-9.686816735540850765e-01
-9.385928167168984260e-01
-1.245995521593337374e+00
nan
-9.227663671528270051e-01
-1.207308644989478319e+00
-1.468013331006566391e+00
2.849535613671294598e-02
-3.114813637976046046e-01
-6.281528250083807663e-01
-5.319619244362523425e-01
-7.427311762684216667e-01
-1.555624032862545469e+00
-1.902875771817487793e+00
-1.282547083414868450e+00
1.243881080101433945e+00
-1.035728697141506949e+00
-1.524256323236192312e+00
nan
-2.070591533019681130e-01
-2.163133225592570597e-01
-1.269106084531872680e+00
-1.238834797849512892e+00
-9.663949152276414267e-01
-2.090708752679657945e+00
-1.750724139063156048e+00
-2.104768814070760108e+00
-3.080579595904533008e+00
-2.609999858608665235e+00
-2.629595649593487572e+00
-7.658267857730254313e-01
-5.333017302424569728e-01
-2.095724274256856035e-01
