-4.312551533643067536e-01
-1.389111004049751186e+00
-1.347467801246724495e+00
2.723829188072869556e+00
2.671583671079459599e+00
2.362484321358820694e+00
-4.698792264218654147e-01
-3.768348543501462977e-01
-2.428611808138101402e-01
-1.473320083155644777e+00
-1.683715907015637558e+00
-1.456326977445788984e+00
5.428774645188063630e-01
6.706111827730443231e-01
9.212516333981355388e-01
-9.509530468780162948e-01
-1.534986106287812957e+00
-1.519025675879750459e+00
-9.818794299432287431e-02
-1.065519836655517416e-01
-6.737809529207572368e-02
7.592350769646687425e-01
8.432633591709790544e-01
9.425524434620111691e-01
1.477395894166897428e-01
-5.608487309116547692e-01
7.963412829548000005e-02
-9.298615813401638341e-01
-1.156395967987794648e+00
-1.318996939738561025e+00
-3.709639169510556833e-01
-5.923075098937804484e-01
-7.042566118277808762e-01
1.555424809905305850e+00
1.972353777914465311e+00
2.209348768691728360e+00
2.134214478700795503e-01
-9.113661142567153206e-02
-8.088082047639222338e-02
-6.310222089622055108e-01
-4.648166680910299497e-01
-6.520251419036076079e-01
6.337330071673417109e-01
5.607623778492514255e-01
9.992848216286382979e-01
5.463316494076311258e-01
9.343282470275084961e-01
3.682156174131852033e-01
9.353985318842026331e-01
7.658439311899738478e-01
5.691864038262810510e-01
1.038605405718795005e+00
-1.031834388381684953e-01
3.527764560581032605e-01
5.532400203371876657e-01
8.072370613776866932e-01
5.628537305860463746e-01
2.744453899435348454e-01
-6.563669487109997647e-01
-3.631296358255089451e-01
-5.884205888344538060e-01
-4.308457534257583710e-01
-7.476956099073084339e-01
-4.582082666780045166e-01
-7.426359424498283346e-01
-6.311430209393780189e-01
-7.092081330332522526e-02
-1.146022342745331990e-01
1.782514417565739251e-02
nan
-3.070163788077360678e+00
-2.643436957124877917e+00
2.229678507360893569e+00
2.140370207938824265e+00
2.671350634452824835e+00
-4.729920903646407382e-01
-6.166454349200436447e-01
-2.987254437780793026e-01
-1.404849182748796776e+00
-2.093048010003462522e+00
-2.081817813421469765e+00
2.992478189651084364e-01
2.978763164021915877e-01
5.015465090383974811e-01
-5.377278725734186970e-01
-8.531524620606583120e-01
-1.308812991088522004e+00
2.258161858429530433e-01
-1.988460105443370374e-01
1.228421830561194916e-01
1.640273306959976196e-01
7.612808106892021698e-02
6.914530095474757942e-02
-3.759850375492206354e-01
-1.091909943474818068e+00
1.167105231084695660e+00
-1.509585880621367338e+00
-2.095926498121635007e+00
-1.860226586796872583e+00
-6.188408413298844835e-01
-7.913958138986036950e-01
-4.096257295628271677e-01
1.463718935022338741e+00
1.740731424992899790e+00
2.288564089544316893e+00
-7.742067186871919304e-01
-1.384416643074255715e+00
-1.406105879673458903e+00
-6.721753962981487085e-01
-1.357725210122970871e+00
-8.485166187528756510e-01
6.900099971887962980e-02
-1.767601584602735976e-01
7.421880912248481899e-01
2.199706412475985751e-01
3.588479222394220791e-01
4.104816200740994958e-01
-1.354481273313972167e-01
-5.139095872114736174e-01
-2.577985803154696498e-01
nan
1.198319643941639256e+00
nan
-1.291126770949355240e+00
-1.662321558913391728e+00
-1.379519119413580963e+00
-8.391357418211629060e-01
-5.451019279482576252e-01
-4.524366940262045667e-01
-1.627994390120504287e+00
-2.379326709144510943e+00
-2.504536835472474188e+00
-1.412917000048953708e+00
-9.474621905833271462e-01
-1.557409667253521812e+00
7.320596647910306842e-01
1.097278848402831741e-01
5.151015697211471789e-01
5.302371584598710719e-01
3.370384130707946291e-01
3.496602044811498722e-01
1.389544280028903067e+00
2.036383440133569422e+00
1.230115152976790860e+00
2.048613319902574226e+00
2.115572779481938781e+00
2.474249928039512270e+00
-2.656385590435546007e-01
-2.423512301083290410e-01
-3.654769486052398264e-01
7.725011607706031569e-01
1.321395609669758109e+00
7.878344915085704336e-01
-2.297118259669047813e+00
-1.440867920167307359e+00
-1.377432493060781304e+00
-4.043293355535220179e-01
-4.440642380985826421e-02
-2.527690525451156134e-01
1.102166521450318903e+00
1.187053488066494467e+00
6.753198364142818377e-01
2.811694561022104466e-01
1.064758198860688232e+00
5.602447369521645903e-01
-5.829525892988045577e-01
nan
-2.907854019086936415e+00
2.107753160975261331e+00
2.633814777725828726e+00
1.068179076851647480e+00
6.947296537515681436e-01
1.143148224373959465e+00
1.370456531659438149e+00
1.548823454270831235e-01
1.725221283898284774e+00
2.370489295393958251e-01
1.521640702848164217e+00
2.444890819499802248e+00
9.356639644615052376e-01
-5.995954825638709629e-01
6.681263679441240555e-02
-4.359133437312672221e-01
1.193998745361188440e+00
4.628198284697502274e-01
4.817177784179760280e-02
5.191765260420315720e-01
6.363455422014543394e-01
7.827999346806797654e-01
2.070042966362008130e+00
2.112287559441861085e+00
1.243605395278024162e+00
-7.538478005752144995e-01
-4.745832842039816590e-01
-5.370414502790832323e-01
5.196161485984998052e-01
6.422490586806826052e-01
5.678411241583245506e-01
-1.857931060077196772e+00
-1.478432363945876071e+00
-1.619486093771759450e+00
-9.412530591411387704e-01
-1.597256341075424579e+00
-1.374838416941896790e+00
1.468153404358507608e-01
2.786175408264051079e-01
1.267901785889056221e-01
2.488708186576102932e-01
1.521943563483523221e-01
2.326424071739263688e-01
5.447374977531191931e-01
6.607132499200023545e-01
3.047520947385558010e-01
4.828133740921001227e-01
1.733143609958742282e+00
1.429845935813948365e+00
2.638539077453502912e+00
nan
2.923056083924571169e-01
1.993817616473569920e-01
-2.381285932005847705e-01
2.702673346365913609e-01
1.508078402738878943e+00
6.762256825170163133e-01
3.608183765579315860e-01
-1.637114407738123889e+00
-5.061733797268002100e-01
1.241638564156506419e-01
-7.694813896102004058e-01
-1.164269110798850093e-01
-1.078231345992941570e-02
2.193969358974410255e-01
1.616670532187836073e-02
-1.524039151882239373e-01
4.735935782858873289e-01
-2.068041658710332520e+00
-3.093338375667999962e-01
-1.060815331955775598e-01
-6.202349085570801890e-02
-4.417704452598893994e-01
2.141371537529122016e-01
1.949993046332316737e-01
3.333705451005242182e-02
-1.604609213377979682e+00
-7.379840222588995857e-01
-9.188798040091277208e-01
-7.767822814595604086e-01
-8.816859844720013051e-01
-1.575371288898010924e+00
8.647015706242191513e-01
5.516831976843405982e-01
3.681575257757572217e-01
1.777897030394117728e-01
2.350684942917702358e-02
-3.165954768628074234e-01
-2.997121758821701398e-01
-4.530137266625340331e-01
-3.762979316371590777e-01
6.534859846672098627e-01
5.859502872900761439e-01
-4.257651990418853671e-02
-5.883721690076288979e-01
-8.424338777111262111e-01
-1.222102328050137299e+00
-1.924754202215024357e-01
1.214408559082773564e-01
-3.810474364780862544e-01
-1.529141029849911959e-02
2.095225834804983478e-01
-1.701458668567279453e-01
-4.598655756344971479e-02
-1.137845232970003728e+00
-2.306363273071732056e+00
-2.748214839765543260e+00
-1.957437802639759639e+00
-1.733147170279472293e+00
1.998087106388561018e+00
1.727277832133180979e+00
1.699308258372894898e+00
-7.871586516238475717e-01
-6.597526859389741816e-01
-3.868103756892500300e-01
-1.311943617559746755e+00
-1.336228727332632538e+00
-1.758184780367056721e+00
2.282881161316052676e-01
7.493874795348096640e-01
3.945891639441145848e-01
-2.413554902039467542e-01
-4.843638056695760419e-01
-2.104585103521507961e-01
1.317802702979835594e-01
-1.770041090214067303e-01
-4.305215218334859095e-01
3.031078661294532850e-01
3.145788090934460435e-01
4.641334301040478394e-01
-3.250095801510224369e-01
-1.030217380720257481e-01
-8.338029001745739244e-01
-1.403050374781897203e+00
-1.625794136015860314e+00
-1.494578099033932350e+00
-2.636297524328305997e-01
-2.148117380752374572e-01
-6.300687655457815062e-01
1.909911173855907585e+00
1.786313000861937894e+00
1.596059516814516854e+00
-5.361963818102286616e-01
3.175515019494046243e-01
2.629951677350326200e-01
-4.982212768004785630e-01
-4.767017945158302794e-01
-3.657921808763999749e-01
-3.998909038323006371e-04
-2.513633000186228372e-01
-2.975039823143306172e-01
3.735313788645782118e-01
8.601307567632021644e-01
6.121400407480801498e-01
-5.428518284633998547e-02
-3.791472251762613155e-01
-9.362561328777316838e-01
-1.309557090793213474e+00
-1.019322917831189113e+00
-1.357122454603474582e+00
-7.477600035781972743e-01
-4.702539816825157537e-01
-5.220050985284703238e-01
-8.979437973538013651e-01
-5.474183894426856156e-01
-1.034271259877531879e+00
-1.068475883856911945e+00
-1.051687588797150408e+00
-1.213009653354408357e+00
-1.962712146498689192e+00
-2.250268986305941077e+00
-1.482729196378216541e+00
-2.795818085906613959e-01
-2.908038168000239843e-01
-1.005423578165407061e+00
-4.891786494019445541e-02
-8.052660785800695997e-01
-3.264392598363921039e-01
2.028339322561487634e-01
-6.978627014560245811e-02
-9.396425253323403837e-03
1.958816180995075484e+00
nan
-2.371830858529961894e+00
1.056232864586945652e-01
-3.959974459364925536e-01
-7.316351897285202632e-01
2.506093549833012801e-01
2.799761699065501652e-01
1.132985248099682707e-01
2.740179832420678530e+00
1.822636300328249526e+00
2.503480629115383493e+00
-8.000461799141702635e-01
-1.062079529087815555e+00
-1.298635440105827987e+00
-6.948505338488759620e-01
-1.632124792487033238e+00
-1.557499516820337604e+00
1.922379216044634020e-02
-2.812766208477559537e-01
-1.500759756538689871e-01
2.157050534962401400e+00
nan
-2.397751523450831090e+00
1.432748231286655738e+00
2.284250689208420226e-01
9.928882791025026577e-01
-1.338360786921984458e+00
-4.131113639745667143e-01
7.224912207464666558e-01
5.577178376052498443e-01
-5.455741402629521453e-01
-2.932222190654387717e-02
1.640313371847752499e+00
1.198841820338929942e+00
8.823543464624457044e-01
-3.257012918723867223e-01
-1.034079692554362495e+00
-1.459354975518414532e+00
3.809300559315009771e-01
3.897142363067040982e-01
8.792341074045308957e-01
-7.028816705444054236e-01
6.894537905463984373e-01
6.247626992047119465e-01
1.011301444730186461e+00
1.371958954778855322e+00
1.185832312066004590e+00
-1.387368631638896455e+00
-2.093070488391608031e+00
-1.197987383143045426e+00
5.494567009140194358e-02
7.224883636300711842e-01
1.040089240302918938e+00
-1.372923856030355161e+00
-1.427982791405105090e+00
-9.645943558127498818e-01
-1.032355131991173902e+00
-7.395322398271182429e-01
-7.588740640449502806e-01
-4.615422726873230630e-01
-6.660522961857244795e-01
-1.363356502547250493e-01
-2.139225378563769375e-01
2.310729219585558880e-01
6.980463830607623876e-01
2.149263633716775423e+00
nan
-2.900390504603964636e+00
1.203654213673249984e+00
1.432668881079999679e+00
1.726451579749260112e+00
-1.740423974855995759e-01
3.658070865606397604e-01
1.140927903184159042e+00
-1.032599367320720773e+00
2.591307334840214693e+00
9.147180119196249848e-01
-4.843565585048281719e-02
-3.710857976972308236e-01
3.166336612044484689e-01
nan
-1.098097618228609740e+00
5.236100202810045623e-01
-8.620253963588928592e-01
-1.643159766287755064e+00
3.072428958023142087e+00
2.410239567800402050e+00
1.845277620917003425e+00
1.556460258777265793e+00
-2.282347126577817242e-01
-4.245811313945249132e-01
-7.397879867587544567e-01
-1.579501571445129926e+00
-1.601564610715134895e+00
-1.162611680213599952e+00
1.258192911488809074e-01
2.260617906395769872e-01
2.966769766972783273e-01
-1.574634310577251561e+00
-1.370882998649064488e+00
-1.900865304715046555e+00
-8.928225467395423109e-02
-2.064601937018917255e-01
-3.321417740823799924e-01
-2.414420050648806715e+00
-2.009738210924409962e+00
-2.105499621304582014e+00
-6.253613606619223830e-01
-2.020639574514988546e-01
-3.992890445987300474e-01
-1.236228814022557909e+00
-1.223391697745809248e+00
-1.762697888789486189e+00
8.290365421305390115e-02
-1.705656512134856584e-01
-5.389218720541366636e-01
1.840717666693816312e+00
1.345266168650832483e+00
1.715352786801304319e+00
-1.321955415117125998e+00
-1.466102570867728661e+00
-2.170972135231948652e+00
-8.575244883449162359e-01
-8.721276138389111310e-01
-1.255351325081449643e+00
2.414821651386604984e-01
7.209040422504773282e-01
3.559214894808238050e-01
8.162900167042357324e-01
6.618688740837606055e-01
1.396162129665494689e-01
1.666414810728138463e-01
-9.501970353521609347e-01
-1.319306090595392833e+00
1.572861288889197517e+00
2.917765952114421246e+00
2.121690595549819314e+00
1.305423602840273922e+00
1.043858299003253443e+00
1.281852519879872254e+00
-8.162312719903255243e-01
-1.515040890148005914e+00
-8.249912262502872018e-01
-1.561678445422947092e-01
-5.758406344516346920e-01
-6.512352339321765271e-01
-2.059266988708833068e+00
-1.671711144861995901e+00
-2.264078132615744199e+00
9.698207602284458773e-02
1.834038085152620567e-01
2.480567000802471611e-01
-1.512802564386049209e+00
-4.958077855709812631e-01
1.189523376092807005e-01
3.017372048332227941e+00
2.026417455370861376e+00
1.872841139974824820e+00
-7.517513168823426462e-01
-3.198327405001988311e-01
-6.372173360418997845e-02
-1.748357073108834481e+00
-1.509161107784410927e+00
-1.424210221007662147e+00
-1.042485637088899075e-01
6.879938849086584263e-01
8.813852596378071169e-01
nan
nan
nan
1.542790770045452398e+00
3.814715666397070493e-01
8.080975704725501529e-02
-2.036666414559762384e+00
1.215912187456305027e-01
3.342841620566017191e-01
-8.789072082734166180e-01
4.708198291273646419e-01
6.171924127636034818e-01
-4.476992642127708422e-01
-5.773265608966147155e-01
-6.402985465422301736e-01
nan
-5.386396842927556605e-01
-6.901225539868343084e-01
1.406716800316883287e+00
1.549572395245726320e+00
1.951847780454111003e+00
-3.094526392845539320e+00
-1.523187194234282504e+00
-6.771431907992004895e-01
5.054465600470723352e-01
1.961597538347636949e-01
-6.284248654157975622e-02
-5.025894103066819163e-01
-2.453060737907728495e-01
2.320821429826862570e-01
4.432293545294232473e-01
4.600176491017662350e-01
6.109958137880080464e-01
-1.013222684044315258e+00
-9.796449538924969502e-01
-7.965114641600288259e-01
-1.370490124834623513e+00
1.171949824577440680e-01
-2.959685980009019168e-01
3.164921518724317373e-01
1.317653645496141834e-01
2.453545886133752241e-01
1.351282358569549480e+00
-3.900887784979505390e-01
-7.264647711071758884e-01
1.721780377456206601e+00
1.603708901015489019e+00
-2.753087678759389867e+00
nan
-2.319575805196250062e+00
-2.489899686147020397e+00
-5.498594140977890454e-01
2.260541586034969797e-01
-1.368667261829199511e-01
-1.472710385399502719e+00
-1.797140613460634251e+00
-2.242567887359856904e+00
1.050336532977030224e+00
1.007953472522039817e+00
1.367148208271137477e+00
1.211214095400032775e-01
-7.437026565541104972e-02
-3.240357384287451126e-01
-8.873437171892031294e-01
-9.775566238765418525e-01
-9.719448660945242402e-01
2.335394425196284374e-01
5.388492352398146501e-01
4.354047872523829632e-01
-5.090319123031443738e-01
-8.961339011865043780e-01
-9.451980188962370022e-01
5.132892081486333247e-01
1.169952995991123679e-01
3.182949725010724151e-01
4.297214730665355198e-01
9.926258315089775408e-02
2.382104982701038765e-02
9.189989837760323965e-01
7.971558055325500547e-01
4.229918859321668556e-01
-4.574153920022578923e-01
-3.680683820977583842e-01
-4.560705897516625917e-01
-1.326042085502394663e-01
-2.870520340023849926e-01
-1.983181674930460936e-01
1.156552733775241926e+00
6.712535184975592095e-01
6.853991463337028023e-01
-1.352049409201592001e+00
-1.245800903918947933e+00
-8.819143870877996783e-01
1.498371256955932651e-02
-5.128079117618478122e-02
1.938704115590090815e-01
5.267919329902337466e-01
3.161558713640220120e-01
1.851518262371834034e-01
5.209826211650168126e-01
5.370390212725801860e-01
7.063459180305993179e-01
-2.722632035906444870e-01
-6.130754145436188018e-01
-8.213645487569083414e-01
-2.615810238594530102e+00
-2.930187310371451304e+00
2.482831618960868347e+00
-1.622788011901366012e-01
1.290018263519643327e-01
-1.268700971570764224e-01
-6.924962597521155949e-01
-1.279603895105311251e+00
-1.080631640898496393e+00
-3.484907954793530216e-01
-6.851515183938192699e-01
-6.481380747867602210e-01
-1.767964732453962684e+00
-1.555901783202227717e+00
-1.846906651209238692e+00
3.045465045195157039e-01
-4.032752129057488588e-01
-1.253554276269008838e-01
-6.101482766166039795e-01
-9.275367175114244134e-01
-7.087687524052181942e-01
-2.006005171235849538e-01
-5.288399847322913239e-01
1.220459570212999445e-01
2.000500966307026118e-01
-2.372230000570580977e-01
-4.973061094268782512e-01
-9.636614728520367379e-01
-1.317685212999587963e+00
-1.536517179485335616e+00
2.392673139241110469e-01
4.766006835200053970e-02
1.783842747334096757e-01
-7.526770371706898999e-01
-9.183953379345952683e-01
-8.601618194151563479e-01
-1.342226235724146566e+00
-2.001020778585330007e+00
-2.269432517195599797e+00
4.161114910324092975e-02
-6.157877633520096872e-01
-6.016705326451332603e-01
1.737075733425519353e-01
-9.650855789075940550e-02
1.661018090661769975e-02
-6.623797465407772478e-01
-9.269086837953155467e-01
1.790066542931093352e+00
2.942202632070101131e-01
2.084366975434046587e-01
4.311863142793299630e-01
-7.211706798630346249e-01
-3.820894419573597212e-01
-3.806569521092528774e-02
-6.758126898356238144e-01
-1.429056524250311933e+00
-1.380321502223147423e+00
8.829498845154626352e-02
-5.984121636619748053e-01
-5.700471891936897961e-01
-4.840530643826861379e-01
-3.848458120010072037e-01
-3.832256327212109071e-01
2.728363207040072069e-01
4.180470419675841320e-01
-3.995965342899907569e-01
-1.311928237671590169e+00
nan
-2.455360205715955146e+00
-3.027565728627155117e-01
-4.638388531869930276e-02
-3.016232758653725199e-01
-1.098946306336466616e+00
-1.155569917708191952e+00
-1.467742308152626185e+00
1.010618919821983042e+00
2.016109254149021091e-01
-5.480602795896150070e-02
-2.576788125935927543e+00
1.535947042493845061e+00
nan
9.314081674949710177e-01
3.794229685768297777e-01
-1.393114533561976565e-01
5.245208287230522792e-01
2.702236077276545245e-01
1.125300640886863768e-01
nan
nan
nan
-6.860926476018498477e-01
-1.032475311273879814e+00
-1.105436640884911892e+00
-5.436860038152881991e-01
-4.126060407429044119e-01
-2.297483062672545095e-01
-2.206405246586182756e+00
-2.794266871462666835e+00
-2.943481960090451821e+00
-2.410437697487282982e+00
-2.276610087496561796e+00
-1.556853313807811112e+00
nan
-3.859146087055291829e-01
-6.405521333987556076e-01
2.478719807492884009e-01
7.391500984691212750e-03
-7.561103360330858614e-01
6.250062222342367413e-01
7.079631015485792211e-01
2.409978474906049328e-01
4.179842074801909391e-02
-7.446003598220252151e-01
-6.462742179985867530e-01
8.861897407348067190e-01
2.217913146780347233e+00
nan
nan
nan
5.126573175941424587e-01
4.895864536458893745e-01
4.500767613606155848e-01
-1.985559667490157665e-01
-6.119061657272202304e-01
-3.208346154836201336e-01
2.551250463303178506e-02
-8.252021138326366412e-01
-1.189169721467654650e+00
-1.338855835622501322e+00
nan
1.768035938082910263e-01
nan
2.444375549682296089e-01
4.078747432760860825e-01
2.896190844817283505e-01
nan
-2.956711175979862993e+00
2.842347732321742981e+00
-1.762820979637188978e+00
-2.077115076814554318e+00
-1.915235982967432138e+00
-2.443860732852921380e+00
-1.337082024812936920e+00
-7.274529590655598454e-01
4.815202791270132288e-01
2.295829515994283199e-01
-4.359882251116409257e-01
1.183285145328476951e+00
2.759860980365090199e+00
2.672721537128026625e+00
2.319774943627781028e+00
nan
-4.889714318183795427e-01
5.761649601907845586e-01
1.380140705357894682e+00
-1.734990308598723274e+00
-7.739819062181818587e-01
-1.016366143822610812e+00
-1.609783224929352663e+00
-1.507399670603415398e+00
-2.142360801400402082e+00
-2.361996325653981987e+00
4.529447464239697574e-01
4.915427897695576753e-01
2.656967099319356151e-01
-3.197251251928374671e-01
nan
-2.897423608460568012e+00
-2.399648441447421732e-01
-1.011969907850308825e+00
-1.414693117503603048e+00
-1.009181810575650040e-01
-1.200449801963976659e+00
-9.475502271119853326e-01
7.871214822582839332e-01
-6.555258876666609780e-01
-1.451347448418011554e+00
3.371981336641765026e-01
-4.952377290994443015e-01
-7.608529339690091042e-01
1.228126752650079645e+00
1.121669944728559187e+00
1.037778513254674628e+00
-1.741405028881638062e+00
1.076660860780838114e+00
1.689049468027233658e+00
-1.444659103173810522e+00
-2.545209534080532965e+00
-1.636331922592273225e+00
-2.058813266250838048e+00
-2.238380177645600710e+00
-1.459626074798270112e+00
nan
nan
nan
1.486688229731282895e+00
6.300591129275074920e-01
-8.116665697854137385e-01
-3.094881756454910260e-01
nan
-1.599563403676689255e+00
nan
-1.894252555997278264e+00
-1.950010096896464873e+00
-2.882206008548294118e+00
-2.928388560442253041e+00
-1.924660372903171268e+00
nan
-1.415769377216030911e+00
2.571375848278023568e+00
2.600842280270875939e+00
nan
-2.828404324106514878e-02
nan
nan
nan
nan
-2.910175583136811461e+00
2.693157295785857386e+00
2.331023297920937765e+00
nan
1.234006615716576327e+00
-2.350575476927487806e+00
-1.958076482748478453e+00
-1.290232140938206040e+00
1.923978949935195359e+00
5.086829149927472038e-01
-7.041054074396537743e-01
-2.145208452916568476e+00
1.879287979402775477e+00
2.423673740834280110e+00
-2.110980615775383207e+00
-2.902544653993417434e-01
2.088272280127791980e-01
nan
-7.405386128135793555e-02
nan
nan
-1.908618827080124536e+00
-8.532919603993600610e-01
-4.637267034558507639e-01
-2.350676053413883970e+00
-2.385751302309141231e+00
-1.862200762751467620e+00
2.006072284550514340e+00
nan
1.524887774862664358e+00
5.629064702243153917e-01
2.194127614883543131e-01
3.039902461264900602e-01
3.113789705855078971e-01
1.771460931562973684e-01
9.375506511954982969e-01
8.398065322262042720e-01
9.675265145992018034e-01
-6.470411986984974106e-01
-7.488047332985705573e-01
-5.748614689782405307e-01
5.787549931604125675e-01
5.242823971677088579e-01
4.649111375067800367e-01
-1.678335351365493278e+00
-1.454400604863186119e+00
-1.444750959386027933e+00
-1.117501248989701601e+00
-6.681652045386088368e-01
-1.085515677367918208e+00
4.550323522569685863e-01
6.636430780377975402e-01
2.820277226507319490e-01
-3.197100292192907034e-01
-2.659724180393836512e-01
3.025644248233465561e-01
-3.050086575967375868e+00
-1.479270738621671910e+00
-1.554656857322243901e+00
1.408073504983024193e+00
1.202684408730089416e+00
1.305722666424145473e+00
1.155980774601311545e+00
1.178253897495228131e+00
2.042092189341730979e+00
3.933594427583053665e-01
2.412904082618867463e-01
2.223645198936146095e-01
1.557922347834955090e+00
1.567634796564249200e+00
9.367528629563519615e-01
1.296471914735269237e+00
8.514251558309431367e-01
5.005206486603768212e-01
-9.558422800654269302e-01
-1.029792893179497071e+00
-8.653414975791098307e-01
5.937411751720915731e-01
9.268012650070875935e-01
7.775463720402271406e-01
5.005678893800697971e-01
8.094038212714087521e-01
1.199391784719678000e+00
-6.975409871805067219e-01
-5.488536514301771696e-01
-7.487687794045254641e-01
3.914246031349861710e-01
3.460943831865059828e-01
1.273865540063248147e-01
-7.064231789835635489e-01
-8.356856179615488323e-01
-9.939917873659820380e-01
-9.961261565706380772e-01
-3.619687637135631242e-01
-1.117424565997165775e+00
-9.310340309669884462e-02
-1.132674157217663513e-01
4.081452278609321027e-02
2.437021020775702596e-01
7.479462369246765441e-01
5.165742115221698683e-01
1.365011428934166382e+00
2.556593597469378309e+00
1.045523524954419692e+00
1.083517748964899496e+00
9.026668268477644475e-01
1.018952868071289153e+00
-7.987441340018204272e-01
-4.337440446478870726e-01
3.608701624749244274e-01
1.195757260058933902e-01
1.538977580729516959e-02
-4.125775042712223062e-01
8.790030578358063451e-01
1.010733484152869011e+00
8.343109578683991501e-01
-9.769262690579436637e-01
-5.949692696363095834e-01
-5.865911519822901710e-01
-2.477295428195769311e+00
-2.604871377398515264e+00
-1.769037469090392500e+00
1.883495876619137199e+00
1.311842372051726713e+00
1.785172761119695473e+00
-9.806822902793799202e-02
-2.806294529525623638e-01
-3.675302637525978966e-02
-9.878349852814496401e-01
-1.467502332624815997e+00
-1.192628132024497134e+00
2.767108860555165251e-01
-6.672856095725476777e-02
4.977036593227799344e-01
-7.086740017673385239e-01
-1.081926578235759884e+00
-7.423698318841154276e-01
1.564031794021429889e-01
-3.265128565365276181e-01
-3.663869852504091362e-01
5.523391801646275745e-01
4.701942693331684353e-02
2.362322922845661033e-01
2.685071960496876464e-01
-1.181903814418201470e-01
7.599995879227972040e-02
-1.637771368688924811e+00
-1.903283838931112859e+00
-1.727796588705469594e+00
-1.760229133973534310e-01
-6.209128936195988935e-01
-4.131126936032432084e-01
1.531247470492705709e+00
1.001076516018985174e+00
1.592408281621818134e+00
-1.748540814111588571e+00
-2.209357914005699808e+00
-2.237006319498592966e+00
-3.789955571142455959e-01
-5.374213530666502869e-01
-3.369531388825541818e-01
5.585017607846904930e-01
8.326066616897920269e-02
-1.665885283353629731e-01
2.891538045125798817e-01
6.275721264133293786e-02
1.687396034164199143e-01
5.787951005098563861e-01
1.423697216056334369e-01
4.552904502547097110e-01
-2.646197243926394993e+00
2.782180112834272023e+00
nan
-5.082527446434252916e-01
-6.001508377447977161e-01
-6.818692513313484582e-01
-1.673019760726480953e+00
-1.392655491372627230e+00
-1.063378795298933088e+00
nan
nan
nan
-1.594240782398301803e+00
-1.665776267879867101e+00
-1.748563570207041895e+00
7.294839378479882619e-01
-2.549999476693765033e-02
1.606589026422899913e-01
-1.305035342326614112e+00
-1.899816004999153041e+00
-1.507855325741984442e+00
1.899360964076461933e-01
4.050228446956030126e-01
5.518709394896488263e-01
7.293333131768773292e-01
8.172821150813507352e-01
5.989286070755381886e-01
-4.259137572740039346e-01
-8.513585889351027447e-01
-6.365482745201456183e-01
8.848344599316941839e-01
4.922298107860441085e-01
4.918040013554048073e-01
-1.840370424715982445e-01
-1.143663420532093689e+00
-3.298435272067807844e-01
-4.654380122380423757e-01
-4.298582513773108182e-01
-3.609311958767307260e-01
4.231040770996572498e-01
4.615010175682101590e-01
1.562545627171236795e-01
2.754742876001512464e-01
3.576960188011812924e-01
6.502479341276932168e-01
7.688157000839330735e-01
6.000721706029730207e-01
1.206685799418035998e+00
1.478410052358345439e+00
1.368650850610578118e+00
1.473196389317950938e+00
7.571342730071481952e-01
7.095743334517394807e-01
1.101490153156393426e+00
3.582909993983895980e-01
1.015928443942160087e-01
1.508714167340863277e-01
1.393541763959464497e+00
2.340630972655071140e-01
3.927092539322698528e-01
1.336224078566434770e-01
-2.252987002861810417e-01
-4.418578251389395639e-01
-1.191234074582585123e+00
-9.275433159019512708e-01
-9.091640019950748552e-01
1.495135252590161556e+00
1.643919767767835438e+00
1.448474538494006758e+00
-2.517405066698548133e-01
-4.180823717613746382e-01
-7.326446610804722148e-01
-1.599231686848452183e+00
-1.793894881592287494e+00
-1.489550886395817564e+00
6.753269651596958134e-01
8.616409806634584001e-01
8.683807364025648567e-01
-1.733708718354716183e-01
-2.493925178183986624e-01
-9.055632754163434051e-01
-6.181533162420529415e-01
-8.229129004404018843e-01
-8.688442382786303320e-01
3.441737635752439850e-01
4.448359433137647478e-01
2.273257966850268375e-01
8.107249907862135174e-02
1.439013303234493613e+00
-1.629853616593440080e+00
-1.671545282586556880e+00
-1.826887585930689450e+00
-2.316336328564387870e+00
-3.874855064715254649e-01
-2.720436001874606546e-01
-5.238443876195906235e-01
9.179722750252228280e-01
1.110635411909608905e+00
1.380563160310589232e+00
-5.491144675648866880e-01
-9.958554409063014035e-02
-1.942522976096623388e-01
3.007945779019207677e-01
3.251327185285175503e-01
6.504188590095338895e-02
3.654371903086084394e-01
5.467867484538020406e-01
-2.627421504754989812e-02
3.929360945298525642e-01
7.655518237447971330e-01
8.831604634355256778e-01
6.770435275481467841e-02
-3.872668507068621757e-01
-3.294051517892913061e-01
-1.331016434563085937e+00
-1.379015814323732769e+00
-3.267674086517882159e-01
-8.822744481780242509e-02
1.700083925107760408e-01
3.137432345650581489e-01
-2.095276699656407615e-01
-5.325101134398346758e-01
-2.424015491507152120e-01
-9.921025293406500190e-01
-8.912429673821780085e-01
-9.314801329549493580e-01
-3.044651266503104026e+00
-2.777437537782244892e+00
-2.302980145005242285e+00
2.839273868250020705e-01
1.450126509247531281e-01
-3.183936271691258924e-01
