-1.104427246922238481e+00
-2.237484133058721181e+00
-2.105566791948880745e+00
2.076563484979886631e+00
2.445082858941544757e+00
2.327095120342891121e+00
1.788169008251254688e-01
1.684286245419919226e-02
4.696640664858975356e-02
-1.236257231222244624e+00
-1.169983837158083295e+00
-1.465862123959623009e+00
7.071645318895121157e-01
8.127709155821976061e-01
6.018865240912627534e-01
-1.507510699616955163e+00
-1.173542695280948678e+00
-1.362131889895239256e+00
4.090198020243778210e-01
5.963609672047467392e-01
1.422181859810391913e-01
1.063373832241904182e+00
6.952762757616470779e-01
4.894161544184583157e-01
-1.155811823035310049e+00
-6.332766978205222053e-01
1.190856108099036526e-01
-9.297196881544116387e-01
-1.316839052798556065e+00
-1.350251585596795367e+00
-6.910668786795870489e-01
-6.925735469545308831e-01
-8.734169924685319941e-01
2.693235492251655039e+00
2.843570246659954392e+00
2.222161154833807828e+00
-5.535274971352293072e-01
-1.152189549437802718e+00
-5.419198671765905750e-01
-6.770217619345464399e-01
-4.938532147388206006e-01
-3.278127092327509651e-01
1.016271303553215155e+00
1.017300559508885982e+00
7.249287945939868472e-01
4.373955068908581545e-01
9.897194125219188621e-01
4.259324141166276334e-01
-6.240513674707326430e-02
4.788663267749235786e-01
-2.314095345311777407e-01
1.391435804696003586e+00
1.325089412287845825e+00
3.069200255780173414e-01
6.521259408708246497e-01
1.036978949072445033e+00
3.795625912971472005e-01
-2.697704494674160181e-01
-3.286280133888692667e-01
1.196613080755906111e-01
-3.677437072123721507e-01
-2.251071236601109860e-01
1.348387897727310047e-01
-8.123915726197261655e-01
-2.240604007967563760e-01
-1.189893645433638625e+00
-7.552975991506607478e-01
-2.449948577377933923e-01
-7.096828370943164543e-03
-1.419213331020797719e+00
-2.034919882998589280e+00
-2.494191605852423610e+00
-3.137320315438821172e+00
2.397113995592543567e+00
2.404732998628213991e+00
-3.215553400861788091e-01
-6.887296295480238584e-01
-3.357967592791903932e-01
-1.208097384614866598e+00
-1.725874962397096590e+00
-1.557741010488405298e+00
6.901103432627748724e-01
7.086453711013986911e-01
4.969759375902769172e-01
-8.861576436195321982e-01
-1.316187640127303826e+00
-1.040293571428523745e+00
5.908139763198727579e-02
2.490293689227636165e-01
-4.435045402900090750e-01
5.160483857246376260e-01
8.281287842428484147e-01
8.265366257975435005e-01
8.935932647731767986e-01
1.039985488370097855e+00
1.118833981137514755e+00
-1.717287790809306047e+00
-2.255359714425421380e+00
-1.669688019322145722e+00
5.531319537268153397e-02
-9.921532180205705487e-02
-1.761715251522733006e-01
1.963231290567579279e+00
1.996637834550854862e+00
1.646434632317389735e+00
-7.468978229216194364e-02
-1.103598229873970382e+00
-8.981486088617596231e-01
-2.109247864027454789e-01
-7.098734305985892057e-01
-3.087913095198304703e-01
7.352804600025431014e-01
5.593303569279144405e-01
1.247089572397639401e-01
4.648877927114098974e-01
2.030782357693627915e-01
7.895873088244140803e-01
-2.353697912787389157e-01
-6.273916715804026545e-01
-1.791546854382586318e-01
3.603443346392212199e-01
6.804885265821885021e-01
-5.784271153958133738e-01
-4.362922674371030318e-01
-3.955425600914508344e-01
-5.000799101049580031e-01
-6.805973800899836057e-01
-6.579036409416301190e-01
-4.774706957586070111e-01
-2.631946421448290607e+00
-2.232174803513095274e+00
-1.903578239525711258e+00
-1.803956442698642304e+00
-2.093327017854158978e+00
-2.075240786350349698e+00
5.632475342659848394e-01
6.700212981128594869e-01
7.823125858430066693e-01
-7.517126080405165389e-01
-1.034475240124118400e+00
-8.660272717119883445e-01
1.884089934441628422e-01
2.865413292645802024e-01
5.970295878096991693e-01
1.762071957324691240e-01
4.094789254670363476e-01
6.622927558782580881e-01
-1.416890024332638554e+00
-1.666748176401874559e+00
-1.160104056646506399e+00
-2.019799081947493136e-03
-9.436111498349575299e-02
1.877086175566531345e-01
-2.016751933882885872e+00
-2.293054791498387424e+00
-1.833879551177387768e+00
-1.741852608567194816e+00
-1.982910811867524270e+00
-1.504266527701355383e+00
-5.201027487596738830e-01
-3.767669399551958342e-01
-2.143899648921223644e-01
-3.201637322069803560e-01
-3.512269017637614787e-01
1.176828596075627509e-01
3.104269713444516299e-01
2.473938943302895765e-01
7.739780850540571855e-01
4.567588250796328353e-01
3.250607295164931188e-01
1.120391011014334026e+00
-3.781222708173319624e-01
3.094122229689957315e-01
8.927287918314261717e-01
-5.211345180869622062e-01
-2.069884935744119581e-01
1.208753644790712123e-01
3.665462688740817043e-01
7.909047325676330509e-01
7.880565071351646189e-01
-9.215957259716804906e-01
-9.825054504671588695e-01
-5.757710262337769613e-01
-1.108099127378433302e+00
-1.442828524855429562e+00
-1.580219395797026083e+00
-6.025343156050233517e-02
-6.602461877484988584e-01
-1.111857489492567019e-01
-1.709586449638713646e-01
-4.118588547862582772e-01
-7.767758713664236758e-01
-1.332195295986919881e-01
-1.367673824595540655e+00
-6.114774011745036653e-01
-6.760119369362813657e-01
-6.314089742908230996e-01
-1.950910522523532364e-01
-1.369304057115505957e+00
-2.213111868088275536e+00
nan
-1.610697375827484956e+00
-2.515457762370724382e+00
-2.757908205388505785e+00
-2.283380891991977357e-01
-1.086471731533825480e+00
2.678953987868202269e-01
-3.989348821887079843e-01
-7.260850553294377896e-01
6.673876395351898694e-01
-3.442959502723841325e-01
9.842600764984092976e-01
3.076499310758791239e-01
1.342945153720847884e+00
1.743059374208097978e-01
2.004345796900569354e+00
-2.832508408095340435e+00
-2.243309822162229850e+00
-8.612464067033225312e-01
-5.997343875857819029e-01
-1.048632700772531123e+00
-1.717319154306670370e+00
3.647541062489083608e-01
-4.115448399868797402e-01
1.387114268562726238e+00
4.515940398222570984e-01
-3.000688564890103827e-01
3.130510211496058126e-01
-1.415291762818964294e-01
7.514774738162932621e-02
4.138473335831589495e-01
6.092641867563406421e-01
4.431016141121517649e-01
3.112030738691062837e-01
1.676670276738727594e+00
1.372960934316893145e+00
1.333720454435169955e+00
4.448030934195048580e-01
2.879034019647059850e-01
2.680257566660650959e-01
8.147149479227011604e-01
7.343984258382882935e-01
7.706097320167524245e-01
2.470562135525362635e-01
1.895607113971293778e-01
-1.103253007117648288e-01
-8.051933301630049833e-01
-7.870317044549399732e-01
-1.184576957958051624e+00
8.293690682324319496e-01
4.302823374181801164e-01
-9.046701855142353921e-01
1.032935726600669568e+00
3.038997896066018001e-01
3.997558274548951296e-01
1.283159735641485888e-01
3.478252061060138622e-01
-2.090836009407870399e-01
1.381033876899825152e+00
1.037923422004158880e+00
4.006193735819025825e-01
-1.269169253343251924e-01
9.640740465731436615e-01
8.251309082003492890e-01
-3.237008205643676639e-01
-6.326462417257197046e-01
-1.051394559721636313e+00
1.748810416413159707e+00
1.311339744033723775e+00
1.343258717443719163e+00
2.285082848226753782e-01
-8.070548967771835613e-01
4.233855956135395004e-01
-2.184097487190403974e+00
-1.587301508356854240e+00
-2.353796854016906526e+00
2.185626475637210575e+00
2.707067381394410610e+00
2.118054361663836538e+00
-3.158317840712463465e-01
-2.333864403747458738e-01
-6.882933288785388903e-01
-1.306285800855546020e+00
-1.037604537815208339e+00
-4.070598346234342024e-01
8.716902386231391020e-01
6.827053950506960511e-01
7.264154015262982433e-01
-3.525717559367884668e-01
-3.733960882878188947e-01
-4.020774335869985450e-01
-6.811679641975514343e-01
-2.184392382369440000e-01
-7.550323778947234388e-01
7.167902112203208276e-01
7.603722309375631205e-01
5.720865859754948879e-01
4.627450829877455263e-02
-2.024871818277880209e-01
1.472845854088506989e-01
-1.978551026450464878e+00
-1.609157081580338433e+00
-1.759676966233851836e+00
-2.311818122505329143e-01
-3.664441416985919631e-02
-6.025039242395737737e-01
1.778660632688432663e+00
1.721180066289273114e+00
1.520584960744702840e+00
-2.623591996899281575e-01
-1.947414326361078807e-01
-3.597479616434298144e-01
-3.360634411182865655e-01
4.211101299338926296e-02
-5.147885495194697292e-01
6.152730478922534552e-01
4.345081820364882219e-02
-4.722916022297307670e-01
9.584934698619518301e-01
8.903752080025073568e-01
8.444020014190147805e-01
1.376534130919591092e-01
-2.589264781987119513e-01
-7.076871758737146578e-02
-2.013227459367163519e+00
-1.404459960753358327e+00
-1.750633281673873665e+00
-6.283682729396744548e-01
-3.599980358458405583e-01
-1.496078828999376498e-01
-9.197759132579754748e-01
-1.219692444561442102e+00
-1.445073947470654874e+00
nan
nan
nan
-2.076030829834299318e+00
-2.082736366283652885e+00
-1.901361370653561478e+00
-2.146341309140709086e-02
-4.414749422529413714e-01
-6.620415198545863689e-01
-3.474647859316797316e-01
-9.057191071262695736e-01
-1.576884917178791978e+00
-4.598828196314168615e-01
-6.004498657890406932e-01
-4.532428949910678462e-01
-2.249084936358607401e-01
-2.243473927501113963e-01
4.565985120668858421e-01
-1.226622259013214089e+00
-1.511906214342444432e+00
-1.452399665315342592e+00
-1.748003753164630858e-01
-2.531920840750276902e-01
-3.905741019115787083e-01
9.025465906631637836e-01
-8.584820008876627995e-01
-1.902340956847960785e+00
-1.272648157267225022e+00
-1.374187393986019856e+00
-1.448810900354092324e+00
4.749453551812843344e-01
3.256325235561918774e-02
2.683678354565208757e-01
-6.866267886825339062e-02
-3.547989669263111878e-01
-3.451762367577737578e-01
6.295524232071825210e-02
3.709406725812991468e-02
1.108659544140420117e-01
1.337639372064048260e+00
8.733209497997718174e-01
4.386098308950767688e-01
9.108218048212801676e-02
-5.936312138268067251e-01
-4.888165178594516824e-01
-1.366718634852520653e+00
-1.695471495264051720e+00
-2.523556013242302498e+00
1.365093417064277226e+00
7.252395733381793441e-01
6.237003366204043608e-01
-1.033457033432060523e+00
-2.016486439358088134e+00
-2.592550001962022677e+00
2.380351891749201698e-01
-4.904645696284042344e-01
1.649965804084412291e-01
3.743577556676083162e-01
3.245248566656662170e-01
5.483662990548721083e-01
7.364191880801835843e-01
9.134221481488022931e-01
2.009739387088269602e-01
-1.107409274337428418e+00
-1.767025717822834130e+00
-1.904553926399721542e+00
6.571299327696986659e-01
-1.159581529388802323e-01
-9.864299891006567123e-02
-7.816167887409708470e-01
-9.320383753268095539e-01
-1.294598617358128090e+00
-2.121055679215608336e+00
-2.264758958434578862e+00
-2.906491988489039890e+00
4.031688029873086165e-01
3.143144225682359405e-02
1.062681048080166057e+00
2.013344694380969635e-01
-2.838084248260934750e-01
-1.476296272365718032e-01
1.284771120214440288e+00
1.487048305477229881e+00
nan
6.216852807030903705e-01
2.375917701805754234e-01
3.809953164804578130e-01
1.246775080871205255e+00
2.336414314087022603e+00
nan
-1.105093399925680231e+00
2.904520384733489280e+00
nan
-4.854444223855836071e-02
-2.682728545531798403e-01
2.503569811928595179e+00
-1.371732961071066459e+00
4.432266012753904860e-02
-2.973872886493156287e-02
-1.410166499788825911e+00
-1.488251467312155185e+00
-1.812073227905702133e+00
1.954262411045037950e+00
1.665927056286666819e+00
1.663078830852548151e+00
-6.920622907175433269e-01
-6.250916009034539478e-01
-9.434542992045935605e-01
-1.678075212316006981e+00
-8.721503989174594906e-01
-1.475012367800572655e+00
6.220459078296576294e-01
1.437665887225789696e-01
3.284105808188475528e-01
-1.418592618712930520e+00
-1.711928087982777402e+00
-1.723906957313784405e+00
-8.498034238413119112e-01
-9.460651357586118415e-01
-2.694775098661779111e-01
-1.493904327572014745e+00
-1.431486882002450889e+00
-1.761057566623304593e+00
-1.003567009868707505e+00
6.022311957781432135e-01
-8.111807382104041508e-01
-1.041353704793612334e+00
-1.256265477507142014e+00
-9.022939361640212041e-01
-6.492513260994674518e-01
-5.063449197830323101e-01
-8.552880283852966059e-01
1.936834475446223003e+00
2.015210418372288537e+00
2.334205313449488450e+00
-1.797610961693681286e+00
-1.632167806934023080e+00
-1.521825034091698559e+00
-5.390314106240485792e-01
-9.196877205058777704e-01
-1.263220077578681932e+00
3.811426444620837906e-01
2.645423019455539482e-01
2.623221103059001358e-01
7.353013195226498766e-01
5.563847352729438533e-01
6.566306586664230061e-01
-3.432942380850509956e-01
-1.199592587757170037e-01
-1.096646213343648313e+00
1.577442186530597645e+00
-1.408776118458883175e-01
-5.785184046575357897e-01
2.795058559149716793e-01
-9.082815633184226911e-02
-1.417451155856022105e-01
2.847918059967353699e-01
-7.719065574766759141e-01
-1.191141132057688568e+00
-4.210134093551611834e-01
7.410315757852625751e-02
1.745906322690977674e-01
2.592763347691339426e+00
nan
-2.018164904753388278e+00
-2.333883390964111015e-01
-1.408776118458883175e-01
1.268117600865941164e-01
-1.600127454033806185e+00
-1.464427069384100166e+00
-9.783525178088958718e-01
1.950281676926474361e+00
1.742145568897724317e+00
2.384005377107243362e+00
-4.134577623954678316e-01
-1.121448889524918613e-01
-4.728751018450370047e-01
-2.047377173341936807e+00
-1.969910466372612134e+00
-2.134472854753602267e+00
2.621719292613717833e-01
1.692560806473544233e-01
6.757985498174221561e-01
nan
nan
nan
-6.633254595267108478e-01
-3.010155598517409992e-01
-5.332560573966294015e-01
3.404967045932236758e-01
2.653033697955815562e-01
1.820743367153836445e-01
-6.495984367259546310e-01
-3.917454958229797946e-01
-3.958961130293441322e-01
-1.080698717668562736e+00
-6.643539940520328813e-01
-1.187532602013538385e+00
-7.406633240199376189e-01
-1.022165731942786593e+00
-8.829362534427538378e-01
2.117697519912229431e+00
1.823245655117998965e+00
2.383063326710558094e+00
-9.591741951875869532e-01
-1.388560597464414625e+00
-1.794661759782458343e+00
1.084382491324422659e-01
5.792663903550110405e-02
1.331869477587384054e+00
5.581552436848382648e-01
6.568195833751375723e-01
1.054542243605749441e-01
9.233568455707867884e-01
4.506151826005253547e-01
4.781025111615755385e-01
-2.699072002366329492e-01
1.041917892406858392e-01
2.606234094191330897e-01
-1.575678999134407121e+00
-6.778776528778567290e-01
-1.550451845706497522e-01
6.109997942473688326e-01
8.359766658317098198e-01
1.283331443984272902e+00
-1.194058802182160317e+00
-6.555196532184073277e-01
-1.182154951081386685e-01
-6.528731837703181107e-01
-6.896846868111499163e-01
-5.093010567170370706e-01
-1.100167762778857306e+00
-1.439891885854335696e+00
-1.617466534976681913e+00
-8.634191958226233865e-02
-6.192611738380282560e-01
2.038312187313824353e-01
-4.843110066780447198e-01
7.513124443655705420e-02
-5.157781908039491547e-01
1.675575419944173916e+00
1.138318426058650523e+00
1.024640722711022356e+00
-2.695234785123394872e-01
-1.965118060079942275e-01
-3.502358940051517600e-01
-7.368590610240151051e-01
-7.040738714351149063e-01
-1.275292602517902552e+00
5.277260618046892837e-01
3.498036335853034196e-01
3.089408974644540784e-01
-3.749938893549300545e-01
-3.570298330948600274e-01
-9.245911916471638570e-01
3.689120381207082744e-01
3.722756306747454502e-02
-3.844822027139729315e-01
5.888808446210243019e-01
3.083903523389621704e-01
-6.625382836056825653e-02
1.081180767260561559e+00
6.552866181528318457e-01
4.346735474339702421e-02
-8.068455679383235157e-01
-1.201772113913142093e+00
-1.207538848748157090e+00
-3.118468656731643307e-02
-1.401734882958844963e-01
-2.047167896449368918e-01
1.421575037059995772e+00
9.001828211101390309e-01
1.675963699615365954e-01
-7.590365018261082675e-01
-4.111832157801309506e-03
-6.141578240729419491e-01
-5.340826784214423029e-01
-3.226357518856928230e-01
-1.192429097014686912e+00
7.659863499647836527e-01
2.892168525664358114e-01
1.634217929984003170e-01
1.448501982845813885e+00
7.680371404313866002e-01
2.885852173766831896e-01
-1.225243385631800130e-01
-1.716860027224491603e-01
-6.825026685916628644e-01
nan
-2.688992879018376136e+00
3.026959956375945282e+00
9.415610235155451591e-01
4.038514759286382372e-01
1.627198729792693754e-01
-7.510290725347639196e-01
-1.254305286057668889e+00
-1.684142546842044785e+00
-1.641463113859868317e+00
-2.045184440680207771e+00
-2.083535042193104037e+00
-2.383092419132610829e+00
-2.245674966223756730e+00
-2.411073092593790435e+00
2.546491551988960822e-01
1.112985973957965058e-01
-4.161424901604178217e-01
3.961006539750209221e-01
-1.293065074257704339e-01
-4.958659954953037463e-01
2.677375420300966979e-01
-1.256778681099737227e-01
1.147305412210921638e-01
-3.756481025472639956e-01
-5.090924476350133787e-01
-1.634145062862035758e-01
6.926023459075825173e-01
-7.242288822510887236e-01
-9.456120168771513512e-01
3.687462965834362727e-01
5.347344669702818187e-01
6.405055848138054841e-01
-4.942417991651670839e-01
-7.663420320592897461e-01
-1.054372677702189343e+00
-3.097650864534355897e+00
2.614607654420680660e+00
2.662035261858179958e+00
-3.229281600695390608e-01
-4.563027247275348586e-01
-1.117434649995926677e+00
3.152238694151772158e-01
2.033420134399714918e-01
3.996361867506226240e-01
-1.459273267920475625e-01
-9.573340608406488705e-01
-6.776632824242700970e-01
6.738660068983537421e-01
6.230429842792948314e-01
8.906846595391426646e-01
2.099933318512374747e-01
-5.802468147842576585e-02
2.016208521854259139e-01
-7.150305387636839427e-01
-4.535114638220547612e-01
-5.465150668871396888e-01
1.262555040950217311e-01
-1.068717476698162194e-01
2.237867477683739281e-01
-6.918979639860372011e-01
-7.117379899516609321e-01
5.418070353531323491e-02
-1.361622017987687006e+00
-9.461997937728359176e-01
-8.271396982986662927e-01
2.660305849160029545e+00
2.420200445082305585e+00
2.347570696517806255e+00
-6.866253447384957909e-01
-4.383298684387577637e-01
-6.833897607493706339e-01
-1.884983440659207865e+00
-2.160468077200037751e+00
-2.254799879700828846e+00
-4.898414495059149054e-01
-3.328202040690091401e-01
-5.166119196541187897e-01
7.734277048848570146e-02
-1.629021966692598689e-01
4.156692286158145677e-01
4.591174834109414959e-01
4.121673352135086787e-01
1.120881301022599530e+00
7.137502611012593867e-01
2.809780719959094064e-01
4.836364317472310326e-01
1.242359540153383790e-01
-2.412668471207060072e-01
-4.872680778999294304e-02
-1.557847661176258169e+00
-1.379961741485075777e+00
-1.357758400103161733e+00
-7.819469053130627678e-01
-6.430688567518445531e-01
-7.825493048722282907e-01
2.495481891293764853e+00
2.179244845664937813e+00
2.445125265857058139e+00
-8.834092399710766763e-01
-7.711179522948756748e-01
-6.390784934877355994e-01
-2.394653446444112710e-01
3.227672344413923256e-02
2.740483402766713539e-02
-6.150295021397576001e-01
-7.604413793986890546e-01
-7.604983438154055975e-01
-4.922140214862795737e-01
-4.069979658270113099e-01
-6.348916035257663459e-01
-1.048023853015407791e+00
-1.272288851501497842e+00
-1.656423318258825939e+00
1.362369521583628007e+00
1.275783467015354056e+00
1.105459587212047623e+00
-2.961977228364252035e-01
-7.728026776233765105e-02
-5.285445608297929532e-01
nan
1.887867134154497251e-02
1.309962171572465195e-02
-7.001629601376890832e-01
-4.688941753563007353e-01
-4.838843859042003537e-01
-2.950128610531016271e+00
-3.022758359093135283e+00
-2.732524187378848612e+00
3.156466719756760853e-01
nan
-2.483019639375738663e-01
-3.697852504951111285e-01
1.323708023383982635e-01
-3.748828619642297078e-01
2.139900250742325483e+00
3.044563107142231217e+00
2.775083004755681593e+00
-9.124691777280466987e-01
-7.332689920757919921e-01
-4.612374968272665576e-01
4.072180522963089189e-01
8.183929565602605649e-01
7.159488854647984013e-01
-5.055571729172880779e-02
4.107990795639917536e-01
5.930426887497670663e-01
-1.356542840854286780e-01
8.359351767194533878e-02
-2.889909211974872605e-02
1.009753592828161572e+00
9.495124385357422980e-01
6.447926670066377319e-01
1.561929803396204797e-01
4.087056341768251500e-01
6.725517569835233189e-01
-9.990122227209092820e-01
-7.072404839928054798e-01
-3.699841990496230970e-01
-1.896409588304203808e+00
-1.343996882720540631e+00
-1.104344014202156554e+00
-7.426488629409004893e-01
-1.931600031812421570e-01
8.464940214505567440e-02
1.065397379406155309e+00
1.733089161495517061e+00
1.649772206549324771e+00
-1.014336245133833803e+00
-5.720038922570278572e-01
-3.753852888266862031e-01
-8.057034477507256653e-01
-4.907781990495045932e-01
-1.343459517323459806e-01
-2.570540970581812523e+00
-1.741472438179200610e+00
-6.689910474524012329e-01
3.914544060938522918e-01
5.033991607290602133e-01
7.763029252377604550e-01
8.430106443442597630e-01
4.712996610014736909e-01
4.472132626081699591e-01
-2.520109864381112175e+00
-1.407498069754537395e+00
-1.369939468003198435e+00
-5.973218629649039713e-01
-4.265094164165033064e-01
-3.794047046630941722e-01
-9.330686833841306260e-01
-4.966398469459347709e-01
-1.415683402677441194e-01
nan
nan
nan
-1.389649189196682011e+00
-1.267935022322702832e+00
-1.344818120870603817e+00
nan
3.230837050533255095e-01
nan
-2.051143707514575087e+00
-1.896337814862913973e-01
9.555089019663158822e-01
-1.454197668052346071e+00
-5.279084372564559757e-01
2.660674539971079611e-01
-7.573942710131755796e-01
2.567748211201539732e+00
nan
-2.422500038296296676e+00
-1.555136069943644950e+00
-1.650621641516074822e+00
-6.288985726773179685e-01
-5.110300326038790253e-01
-2.624734634875602879e-02
2.726308711022315201e+00
nan
-2.601464676093743211e+00
3.086109222136865782e+00
nan
2.851263541027942772e+00
1.378677828486747359e-01
2.609579742315037976e-02
3.211250741785010021e-01
-8.430580660044006969e-01
-8.298356420882129214e-01
-1.517843070210052048e-01
1.330947261473887089e-01
2.761261100555310044e+00
nan
8.030182828007665918e-01
1.595395025667790456e+00
1.850108028649309233e+00
nan
-6.046070539806462918e-01
3.018739196541167402e+00
-1.667540718424793234e+00
9.451446251535529086e-01
2.576603465984763197e+00
-1.862796398278812049e+00
1.672015138153667202e+00
1.539370906173690656e+00
-1.304725644987405619e+00
-4.064624190645371726e-01
7.747049757615931398e-01
1.255686071795931724e-01
-2.991095009865198939e-01
-6.027564194526648933e-01
5.797067603243557521e-01
8.475087681458122191e-01
1.233761548357681370e-01
1.181921305517741771e+00
1.032949995607364002e+00
7.487093170961216515e-01
-5.942975850198348731e-01
-1.186972000723063303e-02
-5.267643406241115933e-01
4.058809851393996304e-01
2.887300501358445182e-01
1.086801652933484519e-01
-1.270759670776248740e+00
-9.067606615450212182e-01
-1.466051554877422447e+00
-1.283948378652695954e+00
-1.372818766178612648e+00
-1.588455324484383979e+00
9.539450687360124803e-01
7.608972115614216492e-01
2.203445593044581763e-01
1.036572094193695115e-01
1.858467095086906440e-01
-2.903096490495209459e-01
-4.816004257008748013e-01
-2.740452468715410816e-01
-8.132105151118067532e-01
9.904408046842112512e-01
1.495867930775927057e+00
6.740989125191667597e-01
-7.536088028606844347e-01
5.912139212013651779e-01
1.074407598174226486e+00
-1.894949698683396910e-01
-4.768430405210835055e-01
-4.924737003614501063e-01
1.409618414186263990e+00
1.150734861212482585e+00
1.011604227359683250e+00
2.089575270164010234e-01
6.421988394985560511e-01
1.277095860560759633e-01
-2.678954378301141581e-01
-9.290127085404940033e-01
-8.160857110754133892e-01
4.588292807632141646e-01
2.644756343736260895e-01
3.846181181051004927e-01
8.286065580966326394e-01
8.433881361745583227e-01
8.561265031124971614e-01
-3.749751845740307843e-01
-5.838184664643266686e-01
-1.126382673286539404e+00
6.256170908104308204e-01
3.432490054937411550e-01
4.912872291664407420e-01
-8.590994549096193644e-01
-1.186057933587921553e+00
-8.456516052494684743e-01
-1.533159062131688399e+00
-1.625726388733915728e+00
-1.483202439989084409e+00
-4.553635013674668386e-01
-6.380536645734897760e-01
-4.970445870166035895e-01
4.311957981710552446e-01
7.877622918529070262e-01
4.049567478372870788e-01
-2.546760607501471263e+00
2.067413931372121816e-01
6.569915067072802373e-01
1.820002624911442268e+00
1.415302545388902544e+00
4.868426819817424089e-01
-3.847545671847973914e-01
-1.033580321026953186e+00
-1.164354557377505373e+00
4.116818938825859142e-01
1.335306065243333506e-01
-2.447199674618283360e-01
1.005891500916042958e+00
8.684646237299586957e-01
1.367104389418178023e+00
6.035910508714552591e-01
3.654993422823804572e-01
3.702216531496618224e-01
-2.783183642708469296e+00
-1.703017234280721937e+00
-1.664569609841969333e+00
1.772279793988906782e+00
1.546318342330686768e+00
1.349560416216990966e+00
-3.447799674087792532e-01
2.459930210927980809e-01
-5.229220847121314186e-01
-9.111407660412735865e-01
-7.407587640232247139e-01
-5.979328610488887641e-01
6.730951978119579238e-01
7.489371913892135524e-01
5.686397515461281138e-01
-8.770483613676205437e-02
-5.046180896133130034e-01
-2.128696933988680762e-01
-1.916653491226520956e-01
1.574033249819906111e-01
2.390398118471259714e-01
7.529810854842762247e-01
8.988525323868632455e-01
5.006158512054708076e-01
-8.952305781032152687e-01
9.802013691629332115e-01
9.704635691164797962e-01
-1.617804293778507319e+00
-1.508843988895913979e+00
-2.084684908415226801e+00
-4.021822484509010032e-01
-1.759642080500922745e-02
-5.589555188061692270e-01
1.448842434292602732e+00
9.297739567095648638e-01
9.319572524857075990e-01
-1.798761739771962187e+00
-1.477590076188191714e+00
-1.538020817614442981e+00
2.261975190249687628e-02
-1.065555479904936043e-01
-5.722619828761659200e-01
5.094296135597726760e-01
6.139468877174820705e-01
-2.198958205172139024e-01
8.222322689650600758e-01
9.065736525536269852e-01
6.478112514674942979e-01
1.811354600148336047e-01
1.927579292768957231e-01
-2.411312098669338155e-01
-2.205267023623413536e+00
-1.217029973086979133e+00
-1.570796325917544367e+00
-3.648351770991884457e-01
-7.948435491049354873e-01
-8.912638545493760667e-01
1.341585387029580190e-01
-3.226730300794216078e-01
-9.526148978624280339e-01
nan
nan
nan
-1.593980881827620433e+00
-5.742190017417696524e-01
-1.610048433557521363e+00
1.226445871841606028e-01
3.567486127302736953e-01
2.269501628542753835e-01
nan
-1.429976297645759509e+00
3.707347721186611267e-01
4.376834457685094826e-01
4.404426636144718188e-01
8.787657317755357411e-01
3.261626019500782903e-01
2.661633100656217721e-01
1.197468684074656231e+00
-5.937273415736514792e-01
-6.063998086081543448e-01
-3.654173539402862936e-01
3.225289788852103712e-01
3.403161467600095413e-01
7.196799625308223369e-01
-3.310746730937701443e-01
-6.105268873534517304e-01
1.039542361505912282e+00
-1.117114704105692802e-01
-1.504473363118621343e-01
-1.038506812009387659e-02
1.877260296362832648e-01
2.440475503423127357e-01
5.011725410193834662e-01
1.857970688956669392e-01
1.898572142142520569e-01
5.268736138775507172e-01
5.079335018728481366e-01
1.028443360174779997e-02
3.500579702027839524e-01
1.057687294213444318e+00
1.161829096890080848e+00
1.453464885074637003e+00
1.772389654110912538e+00
5.134740123284045055e-01
8.302138951266417877e-01
-5.931551532469558907e-02
1.276818773047869726e-01
-1.424653879683019930e-01
7.406199906832227065e-01
7.018841247834597397e-01
8.881862374216034084e-01
-2.291986329784223564e-01
-2.458187407562575366e-01
2.328089079420219143e-01
-2.069063555029648782e+00
-1.373034879910306039e+00
-1.620305071360756077e+00
1.663382641566390596e+00
1.895880571139867854e+00
1.232302535385026765e+00
-6.608026367250943167e-01
-7.795878851726305570e-01
-4.127925110078614068e-01
-2.022212240303916442e+00
-1.994070497560131328e+00
-2.031039116440948256e+00
3.146593183251713555e-01
5.524716094747472717e-01
3.462647287819970998e-01
-4.600830636080437408e-01
-4.236603096134228252e-02
-1.855228129469059795e-01
-7.116733673119863823e-01
-8.238075014842927146e-02
-4.536147022627932124e-01
1.558086597632515335e-01
4.876046999572789531e-01
3.690702037333539742e-01
-1.093266648202727342e+00
5.711331828295684865e-01
2.623437252192100111e-01
-2.736286566661394914e+00
-2.219265442265039745e+00
-1.631334913296132116e+00
-5.638342321364540055e-01
-6.395812275999150920e-01
-6.703648357187490525e-01
1.148018180811877897e+00
1.348145458676529351e+00
1.157331011598944137e+00
-1.044698708081813976e+00
-6.963734189343377956e-01
-6.872432415137126327e-01
-9.073268016293152272e-01
-7.454049079363618269e-01
-5.822438558533362674e-01
4.125531123970649361e-02
6.075591379626850141e-01
3.987840482719628987e-01
2.596854349844281984e-01
4.466927900749353419e-01
5.077086449091061660e-01
-1.100091281312354674e+00
nan
-1.170750692803637527e+00
-1.518654813762105649e+00
-1.683911565706097235e+00
-2.119827381718883963e+00
2.795731689740517112e-01
2.677929017984412852e-01
3.119583881628997801e-01
-1.771329435160349242e-01
8.929675002187709154e-02
-7.563662021296555515e-01
-1.961418577243358330e+00
-1.397438475178655493e+00
-1.086908192481360391e+00
-2.866833840069001660e+00
-1.082793587632925103e+00
-3.946572367008371884e-02
-2.123447001806177958e-01
3.347682108214424801e-01
-1.591445961052428970e-02
