nan
nan
1.442493317801257113e+00
-2.599729868835904067e+00
-1.132047135695264384e+00
-2.219431671172428899e+00
-1.389247233558518646e+00
-2.648781595771551700e+00
2.708492970768859642e+00
-1.648311137995309261e+00
-2.120605247372086666e+00
-2.783638546559777716e+00
nan
nan
nan
-2.544672248248328827e+00
1.888530565047378929e+00
2.886575418241054791e+00
nan
-3.411874256610469835e-01
2.102138055979870579e+00
4.101216764579564966e-01
1.489894432306186900e+00
-2.595833207567308065e+00
-2.427439289913538190e+00
2.211934870166389899e+00
1.015430395927704232e+00
1.946014425731426023e-01
nan
-2.228456748511406182e+00
nan
6.921594051317350171e-01
-1.102787738372609905e+00
nan
nan
-3.024477843341309313e+00
-2.328157627093792481e+00
1.177728624766872123e+00
-1.617542773984207649e+00
1.954665909646364774e+00
7.760514867757031254e-01
2.483610382426615359e+00
-1.884451812396260806e+00
-8.621579137615533739e-01
-2.255648282056958553e+00
2.380079783633920698e+00
1.131955834833894947e+00
1.812337869428825243e+00
4.890702883206601292e-01
nan
-2.557073500656592557e-01
-1.263937063184025433e+00
nan
-1.639440063019557137e+00
1.624522178441642595e+00
2.804339817273373114e+00
2.395397385654957745e+00
3.345739964599485639e-01
-1.190094128826783670e+00
-6.388428020550320774e-01
1.077570927288587832e+00
nan
nan
-6.317385001098565489e-01
-2.997086670617524984e+00
-1.572973162125518076e+00
-2.162256646495005707e+00
-1.152551669467836382e+00
-2.947180696970052693e+00
3.129390106295939944e+00
nan
-2.276405806119015551e+00
2.549648884754145861e+00
-1.792029547426970071e+00
-9.319251999229183347e-01
nan
nan
nan
-1.939635224446728534e+00
-2.313716214271098526e+00
-3.674275686154122589e-01
nan
nan
1.357990372335581064e+00
nan
nan
nan
nan
nan
2.513258378519807934e+00
-2.824270284074191117e+00
nan
1.471413830999859229e-01
-1.629609185035274521e-01
-2.549368416930862580e+00
-8.517811206393099965e-01
2.055849117214988198e+00
nan
-2.795754792301963221e+00
nan
nan
nan
1.053507319614108262e+00
nan
-2.347513178080872898e+00
-2.099354112762831903e+00
1.754337239588299902e+00
-1.421372803133588603e+00
-1.414863479621412123e+00
-1.902772824591896228e+00
-2.858558162833924943e+00
1.956685901108166092e+00
nan
-4.999426810214209205e-01
3.295274589638523821e-01
-1.017613899265050303e+00
-3.022627973687540326e+00
1.585856555986036476e+00
2.333610910524107851e+00
-7.630618551793086901e-01
-2.518134381352328255e+00
4.231323706470955237e-01
-2.276325601627130268e+00
3.535497476732558653e-01
-2.612745631652319211e+00
-1.137138564497447657e+00
2.847262259242253180e+00
nan
nan
1.473490858176408125e+00
5.432881058860505874e-02
4.550260488365127642e-01
nan
6.359249680533873850e-01
1.048881502023567336e+00
2.883478867689690972e+00
2.548435380793261373e+00
8.800726519614299193e-01
7.786238973080039649e-01
-1.879202259896950666e+00
1.251009193455354662e+00
-3.595825273460873106e-01
1.150633650473480429e-01
-3.889851456687676290e-01
nan
-1.024210138038728068e-01
-1.920858523098039283e+00
nan
2.556969251881413108e+00
2.139676889905096857e+00
3.074244108373463291e+00
2.014532843823843677e+00
6.096215047723472225e-01
-1.733406263858005669e+00
3.022453059116594787e+00
1.762856665000999357e+00
-2.933107654759997018e+00
-4.264698213813122862e-02
-8.476480788833793412e-01
-9.264125229322033306e-01
-2.752817160665513185e+00
2.219973646593457417e+00
3.039683147564890220e+00
-6.240620160420999873e-01
nan
-2.408666279271543420e+00
-1.175545393379710202e+00
2.058192163340136993e+00
-1.571591550851976216e+00
1.207005151477279270e+00
-8.936500030027771935e-01
8.355674467245397530e-01
1.642546527641679077e+00
-7.013042122346986318e-01
1.363618188858129798e+00
nan
-2.523899902578971233e+00
7.837546660808909493e-01
1.492062672991632866e+00
-2.910725942130714117e-01
-8.762954330293117877e-01
-4.541788979758445421e-01
-2.244591524075358890e-01
-3.141581616714354208e+00
-1.860137026020047823e+00
nan
-1.824689135752560087e+00
1.826123913979400548e-01
3.539180238884132024e-01
nan
nan
nan
2.831960998570107968e+00
1.534489838808237749e+00
-4.152557930052243051e-01
nan
2.700137491068779205e-01
1.249661567589746447e+00
nan
nan
nan
-2.090849821270391651e+00
9.972903117076103996e-03
-1.643605988332946799e+00
1.894463681208092609e+00
-1.642139547796658716e+00
-3.080379636692919920e+00
1.288285545946279420e+00
6.541432348111708706e-02
-2.251709235142267396e-01
2.995720787244017913e+00
1.295784335337768489e-01
2.547262946383021642e+00
nan
nan
3.006188965864038387e-01
-1.115325061942698870e+00
-3.037421102246550042e+00
-2.171991680740954500e+00
3.005769325765306199e-01
2.905382751438580158e+00
nan
2.348846068572064461e+00
6.668961618719104756e-01
8.473850429240674664e-01
1.833858427869672347e+00
1.253060956168593698e+00
8.306374773712379422e-01
nan
-1.438846772850806754e+00
-2.016572564157773861e+00
-3.079966311408823820e-01
-3.487713961447487243e-01
9.858053813476121974e-01
5.891809225694228935e-01
1.850548038961338015e+00
-1.770299611605226087e+00
-2.440328078565570102e+00
1.313194150455969655e-01
1.897542849594098691e+00
-1.544423900583855591e-01
1.543057273133642937e+00
2.866180172237304369e+00
-1.858078028465835585e+00
6.881668672612017978e-01
7.865093505943585583e-01
nan
-1.533843697687409247e+00
1.513186220351527389e+00
2.839959528521894150e+00
-5.944964103065903949e-01
1.126710522144436233e-01
-1.180555263929889298e+00
-5.974454389930814457e-01
1.378342680428055189e-01
-2.494952912057630812e-01
-6.301851090173760106e-01
-1.646995661322706583e+00
5.201286163750333813e-01
5.191165768951018222e-01
3.416940100079086662e-01
nan
-1.801440668996454164e+00
-3.017030261280766013e+00
-9.111288028350630341e-01
2.981636746654465320e+00
nan
1.483640628522291394e-01
2.365426455674688455e+00
-1.626982320520365954e+00
1.179783821713625613e+00
-1.359496079032089799e+00
-1.379997597243826535e+00
-2.709665286651541827e+00
-2.714122164535361037e+00
-6.181388054710548197e-01
nan
-2.417750067009992510e+00
nan
6.139461909701005027e-01
2.345078137582235378e+00
1.069276938854053505e+00
2.648165432322753254e-01
-2.634541321938569158e+00
1.238254948870650907e+00
-2.485400158859964570e+00
-4.112720882988645243e-01
-9.860557294732816835e-01
-3.030733246467701480e+00
2.554213362397905307e+00
5.647442122772856621e-01
-1.407351751898884951e+00
-1.232949523455828089e+00
-5.004379000379683973e-01
2.634730287820814532e+00
-1.449950122815229392e+00
2.583376489789563912e-01
2.690129502590989929e-01
-1.218083617615319802e-01
2.403663852991266836e+00
3.072070124772221966e+00
-3.465547101885833037e-01
-1.107857325270525273e+00
-2.759508325317340471e+00
nan
nan
1.134900151836406579e+00
2.821845441133365995e+00
-1.972084483864353643e-01
nan
nan
nan
nan
nan
nan
-2.374438021450467673e+00
-1.166258324799802626e+00
1.883134738384947049e+00
2.134273063473404619e+00
-4.125580628222542678e-01
-1.671720766044336060e+00
7.179714102900724981e-01
-2.514287819987282013e+00
1.610752824604975153e+00
1.728096049515213117e-01
-2.525290920158900221e-01
2.832426161263764897e+00
nan
nan
nan
-2.851172699475136962e+00
-2.294117145256040935e+00
8.846350293621831895e-01
-8.112050276906508373e-01
3.933886235954022759e-01
-1.791047170244154607e+00
-2.396419201208342287e+00
nan
-1.031828303367095856e+00
-1.477206228333024507e+00
1.099238698767385891e+00
1.000045458376507490e+00
-1.132712448217558787e+00
-2.298210723673534961e+00
2.025240867073207163e+00
-5.206381851646382231e-01
2.698425458718292980e+00
-1.065746956127648915e-01
-7.018443825256550639e-01
-2.470516258547978961e+00
2.758814143605774483e+00
3.061222768773127711e+00
2.673214391502711784e+00
1.316998282220473548e+00
nan
nan
-4.672753889733831656e-01
-1.586321674291406580e-01
-1.454133420190186099e+00
-4.875519056514732164e-01
8.134531839214833582e-01
4.014370304405590062e-01
1.407674387302238372e+00
-1.795657442350052646e+00
-2.556467158102432080e+00
-2.042054959695795979e+00
-2.138416073754364266e+00
1.590439419305164748e+00
1.769690960627757548e+00
nan
nan
-1.235061550294426436e+00
-3.093692287294755872e+00
-8.068998241332385746e-01
-1.279263160839733571e+00
-7.159936112804863306e-01
-1.141731509645753206e+00
-1.361655202077523441e+00
4.341947105021795039e-01
-8.329632229699388546e-01
-1.340212336894079037e+00
-2.385824411837063952e+00
-5.675292621711598429e-01
1.934026447486432154e+00
-4.358905775227479573e-01
-1.507336847046323092e+00
1.012581371999810465e+00
1.867447906443367778e+00
-5.957818274760633415e-01
-6.764442190880366468e-01
nan
nan
nan
-1.072181620972905147e+00
-3.060133762156530768e+00
-1.648297835353295770e+00
-2.240913099315621881e+00
nan
-1.542103044808063039e+00
-5.289717154816058198e-01
-1.153580432427635971e+00
3.092832328188310775e-01
-2.650405496628627233e-01
-1.309123447668782525e+00
-1.975389209516998479e+00
-8.670893627751432575e-01
-6.858523279520931659e-01
8.876451846260735579e-01
-3.344382745479568264e-01
-1.661345686025469615e+00
-1.721606497683204839e+00
-3.108345407116859249e+00
nan
nan
-9.641990754472034020e-01
1.362479610578729350e+00
-6.574890199800647039e-01
nan
nan
nan
nan
-4.435883255080828036e-01
8.321498419038584338e-01
nan
nan
nan
nan
nan
nan
6.603278672534775851e-01
2.879769532835485535e-02
-1.242074214260644238e+00
-6.215281833703509839e-01
-2.316646523592968521e+00
9.066003825916588710e-01
-2.010895753281405796e+00
-1.863572539061592703e+00
-2.809542648379248497e-01
1.023527610290688727e+00
-6.797289995853579292e-01
8.312934324272900355e-01
nan
nan
nan
-2.448949265433587374e+00
-2.273521542930788453e+00
-5.492388458576451526e-01
2.898797011557218362e+00
1.190921735917143565e+00
-8.484112674269921328e-01
-1.048983625900969052e+00
-1.203090423285026800e+00
-8.015942089411591809e-01
1.285795769306314895e-01
nan
-2.754208101622134919e+00
7.907999523904809536e-01
-2.403477880618979157e+00
1.757357940936169705e+00
nan
nan
nan
2.894313216921988285e+00
nan
-1.374735880743024108e+00
2.791237626849438769e-01
-7.936480482109828927e-01
-1.741238408798050585e+00
-2.667439114425370850e+00
2.851280156515043629e+00
2.132697801177482866e+00
2.735991628520869412e+00
2.065744565373849539e+00
2.775355722340814069e+00
4.212877557351002444e-01
1.260964227830443818e+00
nan
-2.347084829919031002e+00
1.149116537001271254e-02
-3.113940657108176691e+00
-1.754963230707621946e+00
nan
nan
2.519605469217077953e+00
-4.194296773260886013e-01
1.667549120569595367e+00
nan
nan
nan
-3.838514576826979052e-01
-6.266359415752194018e-01
-3.843267229390212592e-01
nan
2.253078048874646910e+00
5.390622663231292577e-01
-2.632497603128760133e+00
-4.851937786812001718e-01
6.153235026269987529e-02
2.847667440674185535e+00
1.418530195007621231e-01
4.135452437288877903e-01
-2.364669774051430196e+00
-9.588657735215129208e-01
-1.322160488070830420e+00
6.243139253350671325e-01
-3.517366157525945169e-01
-2.006986386859139326e+00
1.826256253300319266e+00
1.404175136572245464e-01
-8.044812742892002433e-01
nan
nan
nan
nan
-2.056848133227627606e+00
-2.050500150120026621e+00
-2.059331203253800258e+00
-1.982605577010023712e+00
3.013021621400308270e+00
1.712068308309438791e+00
5.069841272410746669e-02
2.981664795477513508e+00
-7.658101402999202278e-01
nan
-2.159239701438002257e+00
6.155285744366736367e-01
1.531488442241063730e+00
nan
-2.058722692504854290e+00
1.588779073949496023e+00
2.473063352495390887e+00
-8.326752867120652546e-01
2.228884983900051964e+00
nan
-1.701287775758626886e+00
2.268451108216412493e+00
nan
nan
nan
nan
1.161038653361159412e+00
1.507912246654021793e-01
2.942748538907498101e-01
nan
nan
nan
-1.922774331190248098e+00
2.010119906821856262e+00
2.016482843691055571e+00
-2.272505366637083135e+00
-8.285226704271893006e-01
nan
nan
2.486029896867334443e+00
nan
nan
nan
nan
nan
nan
-2.866549017523027931e+00
-2.126299119823146455e+00
4.684367189178479940e-01
nan
1.407479080416891293e+00
2.258263005690549718e+00
2.534540872779063037e+00
-6.896929469469057494e-01
nan
nan
1.851122651693702714e+00
-1.985946443756490876e+00
1.397922877193447100e+00
-3.099537131838398629e+00
-2.432343831614349750e+00
1.468382277978847128e+00
2.376375395104259880e+00
1.526960102992999779e+00
1.619319712528209720e+00
7.263359364875010549e-01
-2.227604842220358705e+00
1.016586791031129700e+00
-1.787747966376702857e+00
-1.470510207586111617e+00
1.434588083398405267e+00
-1.633858051314162951e+00
-2.498369766247288126e-01
-7.311412998911444028e-01
-2.067677749201085824e+00
-6.285861618236014969e-01
-9.727847456692755301e-01
-1.997208036034183953e+00
-1.940503718947156564e+00
-2.415946394419366428e+00
2.114701902112924969e+00
1.197735861188080619e+00
-3.102476956489355064e+00
-2.673838559313588714e+00
2.136063080743949349e+00
3.772783823831136196e-01
nan
2.937164935363981044e+00
nan
-1.505695862089931891e+00
6.397279114713820825e-01
2.620824132526830219e+00
-4.911244221380250963e-02
-9.241657410037640297e-01
1.390805161828986058e+00
nan
nan
3.063468271160857626e+00
3.702408241321659688e-01
-3.354289990644852004e-01
6.492468842865366518e-01
-2.663595113000207792e+00
-1.032232398192590495e+00
3.064601055910634031e-01
-2.354472590484538053e+00
-2.681583494802876722e+00
1.523589431249274817e+00
-2.207296140148191199e+00
1.698762951444843239e-02
-2.362806445211940165e-01
nan
nan
nan
-6.146273991665118785e-03
-2.673194758680249805e+00
1.852559469170902418e+00
-2.472462488942963610e-01
-4.255966955818673014e-01
-1.995522686153278880e+00
-1.167792070831877194e+00
nan
-2.808228211020277421e+00
1.937726334416983498e+00
nan
-2.419445439291476596e+00
nan
nan
nan
8.876417127360367587e-01
-4.389888511874273647e-02
1.413469285998624869e+00
-2.940145235550383873e+00
-1.014928716125961028e+00
1.137077361490951510e+00
-1.571708642497156028e-01
-1.891125457864604842e+00
4.391606301382595667e-01
nan
nan
nan
6.436802613865744149e-02
-1.632196132233924235e+00
-1.745882828744533377e+00
nan
nan
nan
-1.357264776285559416e+00
-2.648534111744017761e+00
-1.292956336660939343e+00
9.235966421348065225e-01
-4.939298974801618058e-01
-1.568548947429579288e+00
-2.953294689997797207e+00
nan
nan
2.596128911717522136e+00
nan
-1.727612757526779674e+00
2.544355382919035513e+00
nan
nan
2.888792619746582524e+00
nan
-6.613257090137913963e-01
9.502392103901691200e-02
1.881293588023988939e+00
-1.297237220345102138e-01
1.098307769926266886e+00
1.196557407951066132e+00
-9.822509340296976532e-01
-8.074852615946381817e-02
2.900858681757072510e+00
1.165910555323574904e-01
nan
nan
-3.063798948477577166e+00
2.611945997609240067e+00
1.006866026372367884e+00
-9.782901443346729842e-01
2.750741447722143462e+00
1.742607515649408079e+00
-1.643678204800710141e+00
1.628500482924386539e-01
-3.694305928726322463e-01
-6.324074062552154096e-01
1.470612489352330243e+00
1.149390425978228158e+00
1.737737197012639179e+00
-4.923068657678291160e-01
1.069237623826744255e+00
4.132960238747260817e-01
-4.695246191399427005e-02
-3.087324969123573570e+00
-1.537021698034490402e+00
1.910942623010819297e+00
nan
nan
2.881176198035277025e+00
2.852160435698771757e-01
5.184234055265881658e-01
nan
nan
nan
1.701454129179307273e+00
1.526132146534002310e+00
-2.096353979901988573e+00
nan
nan
4.304713806349709238e-01
nan
nan
nan
nan
2.967940532137599341e+00
1.237178727736027994e-01
7.132430890699090753e-01
4.294675353422885422e-01
1.867396898174473741e-01
-3.050602175705328545e+00
4.641984276630317652e-03
1.467573479215189103e+00
2.887299525107307474e+00
2.264268013918470324e+00
1.141296314402580947e+00
nan
nan
nan
-2.576970234585611585e-01
1.340351925101232133e+00
-2.525289297535975308e-01
-4.057952221961187433e-01
1.404568372024775691e+00
1.934569202008384892e-01
3.012906268202934612e+00
2.570434447044382509e+00
-1.780425718731954543e+00
nan
-3.128971454635360860e+00
-3.020109647039758816e+00
1.545886726229403152e+00
7.259962067262817342e-01
-3.112942557169282587e-01
-3.446124912224020065e-01
nan
-2.205882436269495095e-01
-4.867443709111709538e-01
-2.475956058037347418e-01
6.618439740328723175e-01
2.951968478398812046e-01
1.742015182610424873e+00
-3.270399582758583001e-01
nan
nan
nan
1.343502864252559270e+00
-1.580143568507650809e+00
9.953747342351393357e-01
1.413253857482684062e+00
nan
-2.032330913890555646e+00
-2.979959687169806415e+00
1.586026398512720981e-01
-1.633923187464829674e-01
-8.636038469274622820e-01
-2.449439056054441011e-01
-3.756127795154240445e-02
2.731182593972529382e+00
nan
nan
1.343024628749929228e-01
2.965494628444808711e+00
2.429265408514106994e+00
1.964385478946710784e-01
nan
-3.117932038020710728e+00
-7.039262769879557347e-01
-1.263614580805702214e+00
-9.592355338617997162e-02
-2.190089543169375652e+00
6.662632228869806994e-01
-9.439832866609831896e-02
-6.176893981566307090e-01
2.573741157598672835e+00
5.478558570346314660e-01
1.434827815986843724e+00
1.402572753182750098e+00
1.061996954288415118e+00
-1.859936180316178467e+00
-3.503835142868623187e-01
nan
-1.151910810407535068e+00
-2.951527851742517417e+00
-1.310400378407369004e+00
2.004156899493194643e+00
3.096436757611891188e+00
1.036844203963254607e+00
-4.728080456007459631e-01
2.581811486998777383e-01
-1.239190971949581943e-01
-6.675976581570162161e-01
-9.350828965971773599e-01
1.841732204658461214e+00
2.057870308698790396e+00
nan
-2.003592583920567272e+00
-2.320185725351802120e+00
-2.628204680106541069e+00
-2.295596856276754139e+00
-1.959727431099490103e+00
nan
nan
2.964089895480404024e+00
nan
-2.309727614833510856e+00
-1.597880851771727118e+00
nan
-2.998649190964834954e+00
2.298010566211864614e+00
1.206512048222138311e+00
-1.016260791086072590e+00
nan
-1.113112369172419847e-02
nan
nan
nan
nan
3.563947759127867876e-01
nan
7.846572688418520514e-01
-4.942603543177552794e-01
-7.755052410606877444e-01
-4.446873134357245405e-01
2.433203086147105232e+00
nan
-3.116593920893735437e+00
1.848768138778718928e+00
2.344452033772366661e+00
1.978078322914047504e+00
nan
nan
nan
-1.580163690863839676e+00
3.783068690041422322e-01
1.970070892845880550e+00
2.748145462852765064e+00
9.887556332988838292e-01
-2.319807555834973556e+00
-2.078095257891958259e+00
nan
1.086270457107338494e+00
-3.196008750026604339e-01
6.430516240982400156e-01
1.029747423371536463e+00
nan
nan
nan
-2.167971078887687142e+00
nan
-2.731298303373270731e+00
-1.096796784771310485e+00
1.618933779437148779e+00
2.607145224612084533e+00
-2.511756731059696879e+00
-2.953689932603877910e+00
2.256545407217429577e+00
nan
nan
nan
2.178964232350212527e+00
nan
1.957549025521524655e+00
nan
2.558113328988022239e+00
nan
2.624565700162055926e-01
1.966326139783194371e+00
6.266932626100523152e-01
-2.895610933303677470e+00
-2.191167290707242810e+00
-2.174337076068837415e+00
-1.382300909931471589e+00
nan
1.689640313308499842e+00
nan
nan
1.899769924684320266e+00
nan
2.916989733659898221e+00
2.997258829727103446e+00
-2.446378421748262255e+00
2.505717373899598144e+00
-2.829355940599675989e-02
2.785393580826200477e+00
nan
-8.756157040161181015e-01
4.287598944813839630e-01
1.581790070729470976e+00
5.231723725766577182e-01
3.196185466802421438e-01
-9.925212059636665529e-01
3.611055683050690135e-01
nan
-8.276231054552614097e-01
-2.109139416056483363e+00
5.149370298764694986e-01
2.152750108774140969e+00
2.268757956886978455e+00
7.953299257298507285e-01
-2.080668109760762441e+00
-1.427000604248342297e+00
2.183670903612471292e+00
2.103203534617494874e-01
1.225499763008378373e+00
-2.487209025981908628e+00
-4.475449556824036002e-01
1.534335338546926053e+00
6.420413904273889472e-01
-9.829829440332447099e-01
1.655044699402719033e-01
-1.886663869833752116e+00
3.073879298492301793e+00
-7.343108253234271743e-01
2.356670034304529260e+00
1.809647443601654970e+00
2.122740119722351437e+00
-1.627113409818461420e-01
4.838290336593993324e-01
1.002516394510806208e+00
nan
2.431754083490329066e+00
3.647795654679084620e-01
3.066493055128942657e+00
-8.709285944929279211e-02
1.906162695331862444e+00
nan
nan
-8.092352469407422255e-01
nan
nan
nan
nan
5.256325271747939176e-01
-5.834885304711825427e-01
-1.543854086105544976e+00
4.102601743740175166e-02
3.073834367779483934e+00
-1.000170136520572406e+00
-1.540284356568501822e+00
2.745278532748784528e+00
nan
-1.534161026069311262e+00
9.493847434560240828e-01
nan
1.807213812979697742e+00
-1.057716783514566661e+00
-2.669338801496846880e+00
-2.687309419205214045e+00
2.671517253366975098e-01
2.736630428011212146e+00
1.043004134797658189e-01
-1.889861446675540568e+00
2.019830021165329725e-01
1.700212569953645669e+00
7.358532819762961807e-01
-1.479214924381332397e+00
-9.218281616810042323e-01
-3.632057073303416317e-01
-4.587961200501666781e-01
3.943934010162881698e-01
-1.280043107899720534e+00
6.791560995710224091e-01
-1.740921206707211288e+00
2.258852951468126591e+00
-1.726146173203852996e-01
-7.580484537723406469e-01
-4.013500650091890165e-01
2.356903291195727945e+00
-9.205108580644680849e-01
-2.889434899982716853e+00
nan
nan
nan
2.571354373195213761e+00
-1.370414373450480117e+00
5.981471108889371280e-01
8.743848637394338041e-01
2.633664114764858510e+00
1.765698717809943474e+00
-1.463694913291638366e+00
-6.350199563641973910e-01
-4.407684150852566596e-01
-2.609991008686332936e+00
6.209746068974641986e-02
-1.636064333844697849e+00
3.132995946287111089e+00
nan
nan
nan
3.030548363902000553e+00
5.498993451154605694e-01
2.305404527366103906e+00
-3.478432787798166892e-01
-1.433578877949865493e+00
-2.587695812118745664e+00
1.625372523493559207e+00
7.130071632337431353e-02
1.686342729308163868e+00
-2.192279116472172440e+00
3.675886236438419274e-02
1.769534308231408559e-01
-1.211892192163119830e-01
-2.579555679555584735e+00
-1.559443798653580737e+00
-1.574905539306808988e+00
-2.819141578773236567e+00
nan
2.977767905223683620e+00
-4.344516351479841276e-01
-1.996775071288495962e+00
-1.572107934521651984e+00
-1.666301458998024509e+00
-1.752124539926457114e+00
-5.577193080127869074e-01
1.300269374414190438e+00
2.006845613355070057e+00
1.156698526502250246e+00
-4.053663901849091644e-02
2.649638113518241411e+00
nan
1.134882058411019301e+00
3.064171762579702474e+00
nan
-1.950570960356419192e+00
-2.412030959336013858e+00
2.379365969117742452e+00
4.530978554965301441e-01
2.294516453234323627e+00
1.255014349741028212e+00
nan
-1.982612911355567720e+00
nan
2.782796554922604138e+00
nan
nan
nan
-1.272997624342955714e+00
1.011280177108804246e+00
-2.231133530995808467e+00
nan
nan
2.559967131700721765e+00
nan
nan
nan
nan
-1.208590605417332320e+00
-1.588057649689418982e+00
-2.509156371965032051e+00
nan
-1.857576017874941865e+00
2.390919626877284543e+00
3.440229080082288782e-01
1.497180918448631992e+00
1.577176351989090897e+00
1.459068216227898951e-01
2.172654148605580815e+00
nan
nan
nan
-2.423052950761701130e+00
nan
-3.076500976045837277e-01
-1.655721366077866241e+00
1.247592133460457831e+00
1.556154815562009297e+00
nan
1.459068210931380172e-01
2.261497941406596546e+00
nan
-1.955151402620390000e+00
-1.215664296535500455e+00
7.577949663369345501e-01
2.096285691052303335e+00
-3.737958592122798684e-01
-1.738555286056232996e+00
2.911054755051913467e+00
8.537125507744027786e-01
-1.995044251935681023e+00
1.483150337902915616e+00
-4.368150847903562450e-02
1.872177978482273630e+00
-3.864711201149866326e-01
4.774873056575494878e-01
nan
nan
nan
-3.206645173631224033e-01
-3.069326449222497644e+00
-2.077480638116213640e-02
nan
-2.462401651927028201e+00
-2.824780041378807560e+00
-1.089922071762532418e+00
-2.131846577344908678e+00
-2.047556287050706914e-01
1.020019974078188341e+00
2.436331053433709926e+00
1.721968142566261406e-01
1.041666202387237838e+00
2.172103315958756831e+00
2.418673388104237709e+00
nan
1.976351190300329463e-01
-1.616310969225625449e+00
nan
-1.324962824899677205e+00
-1.000176847103525279e+00
-2.927423095375576878e+00
-9.472354401943334778e-01
-2.083006123219154127e+00
1.729195637258666984e+00
-4.875845473343467518e-01
-2.937165020737462662e+00
1.046020569686143986e+00
-1.880458639598517001e+00
-8.328554452400975805e-01
