-6.263076836621359611e-01
-5.580059323443795627e-01
1.050135317675509938e+00
2.456516549360931556e+00
1.019405398917106353e+00
-1.497352579130651673e+00
2.804930326106197747e+00
2.006046353677144012e+00
-1.111609042018570914e+00
1.665435628172248883e+00
2.198957374943465659e+00
1.239164385769790933e-01
nan
-2.042468274402390094e+00
-8.480703974574383963e-01
3.201874255369565603e-01
1.253243281970537026e+00
-3.168323844096345709e-01
nan
-2.793159742173090265e-01
8.264244772513102966e-01
1.432773293283666760e+00
-3.097232739870436902e-01
-2.543342719755958381e+00
-2.281852848789757360e+00
1.328311462552735911e-01
2.636783977266371259e+00
9.152735185886413660e-01
2.249950934385611667e-01
-1.877626989457940931e+00
1.710267572589923013e+00
nan
1.024062840251591666e-01
1.024046590613791885e-01
2.754471346701974355e-01
-5.971185946107033793e-01
-9.832723812244412720e-01
9.855097354068576010e-02
2.079744246131194352e+00
-2.081220233977441936e+00
4.010538763045206068e-01
-1.104779175386231937e+00
-1.060665457917749244e+00
3.105105343396943773e+00
1.003399142654240350e+00
1.302796826931008844e+00
-5.613395189978498401e-01
-9.863710070567601740e-01
nan
-9.683681652705713461e-01
nan
-7.528897175661515284e-01
2.150384426086210610e+00
nan
2.256019778491466177e+00
1.155641836273654022e+00
1.608175804944829146e+00
-3.118659641684689010e+00
-2.026730569453488506e+00
-2.814716693218237697e+00
nan
nan
nan
-1.716458697869826855e+00
-2.770196873920968361e+00
1.029896322469080694e+00
1.862011262382345933e+00
-1.711960075465500664e+00
-2.382280595732074957e+00
-2.129506551465973452e+00
-9.621775472999338774e-02
-1.600936881278359758e+00
2.279802085978532844e-02
1.229624206370052875e+00
1.500921603226320400e+00
nan
nan
-1.968756776328639546e-02
-1.231286131261342343e+00
-1.619450710646312519e+00
6.221628825823941611e-01
-5.097941261192362461e-02
3.053308488295341405e+00
2.737171067153659543e+00
nan
nan
nan
2.789815375837105371e+00
2.046758864247711251e+00
3.118596872545436050e+00
-3.575590250687912253e-01
-1.929134132343485408e+00
-4.459828915721844034e-01
-2.804576679144593410e+00
2.451840606251344035e+00
3.072680630216185094e+00
6.956865577937025868e-01
2.134118351099232314e+00
nan
nan
nan
nan
1.020955403637220371e-01
nan
1.052213584804491120e-01
1.987089133541064534e+00
1.174922470604695235e+00
1.862529456041948528e+00
1.330331146869478509e+00
3.128205993981003630e-01
-1.358097180788031544e+00
2.427737415894417161e+00
nan
1.558770486074372741e+00
1.380813014852851239e+00
-5.666636593623528562e-01
-2.830362550693802604e+00
1.344016166918962085e-01
-1.648723869534518993e+00
-2.480914128368394422e+00
-1.224113798170152867e+00
-1.934102384681376741e+00
-2.643522521562750693e+00
-1.566823942652651125e+00
-1.723041192152028556e+00
-1.036855289086244802e+00
1.178939429579855869e+00
-3.096843994167553848e+00
nan
2.500479359807617818e+00
1.262668649678184707e-01
-1.384367273722465708e+00
1.038338383336528281e+00
2.310442495639440708e+00
nan
2.338272025619181349e-01
-2.416771502215495637e-01
4.273465426799694100e-02
1.384777478345932344e+00
6.483722221891627946e-01
-1.093064305042943829e+00
1.176898320251209107e+00
1.081464266519450490e+00
1.985870948689693272e+00
-2.452840119679344788e-01
-1.056906771899479125e+00
-1.272106248461445821e+00
nan
-2.646836907551695095e+00
-1.992879600886880320e+00
-2.831330561683930824e+00
1.338497528874839304e+00
4.880105548337221322e-01
-1.156735554350665218e-01
-1.993681851050356446e+00
-2.913995706209219883e+00
3.131770993103184964e+00
1.164406585025686169e+00
-1.485016086576829153e-01
1.496208779266399169e+00
-1.637224954551625977e-01
-2.187082159956355909e+00
nan
-2.145443609493185466e+00
-7.246940402148887017e-01
-1.969019541732621059e+00
-1.619072857900815565e+00
7.799351615083343070e-01
5.443190229280943093e-01
3.074419303849756702e+00
2.650289325886682867e+00
7.203254682250452845e-01
2.166439570174779838e+00
1.020030121867315565e+00
2.940162946628253060e+00
nan
-2.993756567343508479e+00
nan
-2.061797369880930209e+00
1.380963420103321404e+00
5.519077628627555576e-01
3.089217348367382598e+00
-1.429743289403160311e+00
nan
2.764406164701166624e+00
-1.172133166530366477e+00
1.729575638040667052e+00
-2.232504782227047180e+00
-2.756290044163502539e+00
nan
2.091782063088038157e+00
nan
-2.041138745915354491e+00
-2.456359547169966184e+00
8.389703300334709901e-01
nan
1.987842484611869409e+00
-1.171598174841161244e+00
-9.665207349684918903e-01
4.523785724293034605e-01
3.113010605931191499e+00
2.776978854759265758e+00
1.411660809358648017e+00
3.133782239273977588e+00
-5.088935061107560109e-01
-2.260687794940529294e+00
-1.568306133928648816e+00
nan
2.950168767873062592e-01
2.400448212714384688e+00
-3.556009465140186343e-01
-2.663571419409492158e+00
2.275911454449215832e+00
-3.875783283972427107e-01
-1.493269855661486289e+00
-1.587658876275499509e-02
-1.974357827319957792e+00
4.629766410726987580e-01
5.156492729316437540e-01
nan
-2.229246857462473752e+00
-2.324737844577132950e+00
3.098584449540137342e+00
1.434348527103777471e+00
1.554835715382266059e+00
nan
-4.419021760697887657e-01
1.015191936505350334e+00
5.626418577270437815e-01
7.526367668778348730e-01
-1.848606449862018053e-01
9.399218276710730180e-02
-9.746652746169721659e-01
1.394977774375060875e+00
-2.488646259553196405e+00
-3.084056047263945999e+00
6.019478355656779911e-01
-2.635278478271226188e+00
-7.888370794830485977e-01
-1.359917718611365345e-01
-1.731892947914853043e+00
1.919732740921190839e+00
3.089864117731093707e+00
-1.981195024803177773e+00
1.422783623922324381e+00
-1.144483738484103341e-02
-5.977186826868181591e-01
-6.344105684516967436e-01
-4.611365984527200368e-01
2.903678464349613186e+00
5.709605724049131581e-01
-4.422034568794241949e-02
-6.765823323893638275e-02
-1.567145297947667659e+00
2.123117970151975342e-01
-1.293935006877022342e+00
-2.886993025844349248e+00
-1.464524584556352593e-01
1.791317084827999118e-01
-6.586596477794737226e-01
-8.266325905650164785e-01
-1.531577500928960500e+00
3.843996692538200755e-01
-1.744680489534376377e+00
1.547808299322647407e+00
3.038435229236015722e+00
1.441982171797790535e+00
2.749974040018240196e+00
-2.645684958596281611e-01
-1.324682947192412863e+00
2.766794421176014929e+00
4.522622006743781675e-01
-2.202634819168469704e+00
1.253887787282795152e+00
7.782396018995041409e-01
-2.086171401106647227e+00
-2.116162747117201093e+00
1.500678195204101506e+00
6.768133163952785303e-01
-2.041275141534793391e+00
-3.052080890301312355e+00
1.244588842919883476e+00
-1.651612710085540225e+00
-4.887613108681772012e-01
-2.322774837299875550e+00
1.515084840583551973e+00
-2.603350805734274687e+00
1.943953958397885984e+00
-2.991316891297610248e+00
2.774558931257804062e+00
2.277902619351398705e+00
-1.264094255779959708e+00
-4.538768926504559431e-01
-1.816480505085005914e+00
1.936668709692705548e+00
-2.082625220672998267e+00
-1.311739730223158151e+00
-2.385112768556557850e+00
-9.694069260390834053e-01
3.020303222414977284e-02
-1.522147163504325995e-01
-1.988848369363225954e+00
3.607140348326409729e-01
nan
nan
nan
-1.506428641843291061e+00
-1.595956190892318993e+00
-1.362412134049507229e+00
-2.965784072617444256e+00
-2.707194255655154258e-01
1.762683597969820326e+00
-1.798789161178225404e+00
2.431595432603516294e+00
-5.255406906930075728e-01
-1.455081472089874817e+00
2.350008144560606027e+00
3.501696793581414724e-01
1.747284062193674714e+00
-2.025359965586426725e+00
-1.121048864013627799e+00
-1.670475377590835864e+00
2.587415371537487019e-01
1.474283907968606755e+00
5.822165644761825298e-01
-7.830807426342154542e-01
-1.683271250162775123e+00
9.686522020964902779e-01
nan
nan
1.267314715214625132e+00
-2.020820994031292450e+00
-5.576034640068865400e-01
3.106461266125051246e-01
2.077955361013158253e+00
8.243681834093443683e-01
-3.056047675903261318e+00
8.212599109053484447e-01
-2.751535675746299425e-01
-1.301884559967023680e+00
-2.575831510583874273e+00
-2.165865573237400810e+00
1.887330584944918677e+00
1.685111716933877624e+00
-5.815977942041041793e-01
2.471904360277390467e+00
1.809752252597551347e+00
1.566448769641324290e+00
1.961689775211008069e+00
-1.184561636448480115e-01
-1.685538319214278768e+00
-2.727429701015467778e+00
-1.394717277811855283e+00
-1.734896058250663620e+00
nan
2.309570463234423165e+00
-1.176402810287770384e+00
9.399731378710987073e-01
-1.968788397611973773e+00
1.427248998866317287e-01
nan
-1.476651521491191943e+00
3.298503982040759119e-01
-2.812308457398433603e+00
-2.145936299418251814e-01
2.036846016376231638e+00
2.402129815531051094e+00
4.116525981505883003e-01
5.584832153698768842e-01
-1.284961880146328062e+00
nan
-8.512811779227704712e-01
2.679971928000004056e+00
nan
2.582750044326072469e+00
-2.332867523888507488e+00
nan
1.568789622512001714e+00
2.665935374645603595e+00
2.380200100972860611e+00
3.789797623701107732e-01
5.184055112244423391e-01
-8.969280985591518984e-01
1.334704331284290113e+00
-2.197337849438991686e+00
2.741947516741395141e+00
1.218232625289783044e+00
-1.203004070262091441e+00
-2.151297424815782122e+00
-2.756514782302883937e+00
nan
nan
-2.423939532137630692e+00
nan
2.662042633757347510e+00
3.524404832696661494e-01
nan
-1.714499980733650064e+00
-2.460145675014038247e+00
-2.782223376605188481e+00
-1.277747396184649054e+00
1.605995765012642629e+00
-1.792270970456681711e+00
2.820396847298136223e+00
-1.637231185001963851e-02
-1.752704846740362976e+00
1.108351327942065367e-01
-8.161732391580764912e-01
-1.674999949376942521e+00
-2.090871610514410062e+00
-1.878900478821998732e+00
nan
2.714528307918152805e+00
nan
-5.256411689225983785e-01
-2.800639419515353001e+00
-2.539780349666387771e+00
-1.446452772722614633e+00
-1.934760373856600602e+00
-2.622555192277632674e+00
-1.295667589169241962e+00
5.360588125305576490e-01
2.356998473056703958e+00
5.443360150544895859e-02
-9.791173680987967920e-01
1.536678146030578951e-01
nan
nan
nan
-2.966922380581786367e+00
-2.592446245210946909e+00
-3.385222024202092506e-01
-1.223729182502934387e+00
5.226009474995247928e-01
-7.364443596460867880e-01
-1.798094555645089354e+00
-5.507983782590044619e-01
-1.271905899006208207e+00
nan
1.098418139719250952e+00
-5.272777335673968224e-01
nan
nan
nan
-6.604400394772764749e-01
-8.315743063489300368e-01
1.484848062910249844e+00
2.689720134893374137e+00
1.437287183482818698e+00
2.674814930875074381e+00
-9.738859547286944363e-01
-1.666211878856596051e-01
2.832702605279870056e+00
nan
-2.920997593735092046e+00
-2.009437284742935148e+00
7.561289087583409341e-01
1.728498771432426473e+00
1.198946824915214648e+00
-5.799343011591995278e-01
nan
-2.590859783691118245e+00
nan
-1.332886429736531708e+00
-3.444250783933955340e-01
-6.385769474373836907e-01
-8.567670965771476688e-01
-3.038122315884468350e-01
nan
-1.715079832044230645e+00
-2.066577243729947000e+00
nan
nan
nan
2.658757027688968044e+00
nan
2.653349827344264611e-02
-1.070507131832103553e+00
-9.320613614584867257e-01
1.668255480419436054e+00
nan
-1.364985930482746301e+00
-2.630802727553457565e+00
2.489131853981083609e-01
1.805607354701551870e+00
1.706481798875645772e+00
nan
-1.796514868978106971e+00
1.119605233414200818e+00
-2.815498789466439167e+00
1.068156218000470226e+00
1.332592397974361020e+00
-2.791947525176617706e+00
-1.967968071776516004e+00
2.317014301192656056e+00
9.220083117521156169e-01
-4.546859612667204509e-01
1.677592248633399841e+00
-1.383189413787452304e+00
-1.594776486058443687e+00
-2.774287495338691567e+00
-2.660609976159472367e+00
-1.081114694146211530e+00
-9.867779554308082623e-01
nan
-4.006052800997008667e-01
2.526023919598435974e+00
2.214815697643651937e+00
2.901107485029169375e+00
1.922609131516555436e+00
1.362259941370425054e+00
5.854076410346680248e-01
2.262626581995473174e+00
nan
nan
-1.828091910454750835e+00
2.481965538848648123e+00
nan
-1.808329783237860644e+00
-2.031140762651530984e-01
-2.165031093158033215e+00
-4.471713931226375394e-01
nan
7.937054875785123365e-01
nan
nan
-3.103450073062799408e+00
3.771845841283343326e-01
-7.732670962816823312e-01
-1.192067164012998060e+00
-1.355905835112422908e+00
1.283822423777364108e+00
-7.803533863648062230e-01
3.736989974658828650e-01
nan
-7.982900293665600167e-01
2.966818775836125077e+00
nan
2.778688516550143817e+00
2.734289296312145900e+00
1.177196255268824210e+00
3.311909127894896443e-01
1.088369955027574498e+00
nan
-1.314433251940565706e+00
2.749990138683418017e+00
-2.439789433909173688e+00
1.926497016564939990e+00
-1.628629473868694610e+00
nan
1.070060009724496553e+00
-7.252657870896395131e-01
nan
-1.689871802679616009e+00
-2.653109459546152404e+00
nan
2.207152720588899442e+00
-6.132873769849229717e-01
nan
-2.454942465986030609e+00
-8.926053687293333816e-01
-2.959661779293764727e+00
-1.077036510251908386e+00
4.825686403809821279e-01
-3.114059807736113683e-02
6.902503445526626535e-01
-2.708519976355057146e-01
1.291475604866825222e-01
-1.085080467911758717e-01
-2.870377720918213971e+00
-2.592826381635898958e+00
-1.217035888826205836e+00
-3.561868253944533436e-01
nan
1.551301806047120202e+00
1.543866355317380368e+00
-1.476496465357877153e+00
2.093155333192440182e+00
2.044754639263654639e+00
nan
2.263178014637800217e+00
-8.260973468496213279e-01
-8.963278981939426515e-01
-2.415673112127093347e+00
-2.117413154852473056e+00
4.004719906168459076e-01
-1.015433508374061766e-01
2.460591458288599931e+00
-1.390725004456141445e+00
-1.655787215506632659e+00
2.080426954038521181e+00
-4.849209594925540934e-01
-1.225095654759956965e+00
-8.549554955938418743e-01
5.796932191239756449e-02
1.048491041130601431e+00
2.523269222374766585e+00
1.626662946407495980e+00
2.568507068629884316e+00
1.727902661975333487e-01
nan
-1.732965580017876039e+00
-2.637707680371971453e+00
6.096520750428258140e-01
-4.177932136212607617e-01
-7.696214155093676901e-01
-1.420960341732428578e+00
2.057008504159300699e+00
2.899555618586528105e+00
2.866633106424014699e-01
9.533439343846419334e-01
-1.355733873627897212e+00
2.551891177148164935e+00
-5.347819372024580353e-01
-9.954085055857619935e-02
1.664614126646250192e+00
-9.063685474467324532e-01
-2.961411954438438965e+00
-3.774823355717216167e-01
-1.299029178514909955e+00
7.251616131400488996e-01
-3.080315118310845701e+00
-2.621633278066876294e+00
2.649205681061236994e+00
nan
nan
nan
-7.099364646287962266e-01
-1.142858129886090923e+00
-3.044846232529422991e+00
6.005904460211546336e-01
-1.541554861955992672e+00
-1.568370386319261511e+00
nan
1.900209421698547452e+00
-1.291705837090503017e+00
1.208257917995886110e+00
5.045789590896636589e-01
-2.007664264409716459e+00
3.111153261503407208e+00
2.258489114051021041e-01
-2.348944230606088812e+00
-2.622166461126449910e+00
-1.790535944775989208e+00
2.988010232534223931e-01
nan
1.994094343207533093e+00
1.721835687254844593e+00
2.348002588427714699e+00
3.701313926643701180e-01
-1.510474370037039549e+00
1.416359439847150625e+00
2.253505319558723130e+00
nan
2.860657531887520477e+00
-1.692834538198462191e-01
-3.434531616537572773e-01
nan
-3.491324755552471792e-01
2.447663215555303751e+00
nan
1.217712464193068556e+00
-1.393974116833419208e+00
-2.440664720295563139e+00
4.264560994088482104e-01
8.064765573280396893e-01
nan
nan
nan
-1.078783692857188115e-01
-7.957379713425005718e-02
-1.247014230091360920e+00
-2.324029887257344829e+00
2.936475450368642548e+00
1.514584563409854034e+00
2.419329272380644547e+00
1.298100777770643255e+00
-2.273714764300570401e+00
-1.373007414875701659e+00
8.209934859911927063e-01
2.411775575088523915e+00
-2.222647302980524930e+00
1.930398504432165652e+00
4.480624816023182078e-02
-5.670845321132849115e-01
-2.318829123386296764e-01
2.542205520681717346e-02
nan
nan
nan
2.499101638034846751e+00
-5.630783355205362106e-01
5.957249725806663676e-01
-2.958197268988389084e+00
1.627318522711275861e+00
-4.708695043536033076e-01
-3.710752114086681708e-01
1.213222650247869794e+00
-7.714077894379789413e-01
-1.438292892098262943e+00
2.090105479413084666e+00
2.153248568770192328e+00
2.557697182829606675e+00
3.008290760739283698e+00
1.242164899008365353e+00
2.862248672753202605e-01
3.133010866625759228e+00
-4.394678194217949141e-01
9.965309911438424706e-01
-5.004596804838201685e-01
-1.105376791488613009e+00
-2.106457954230392282e+00
-1.677875110591637853e+00
-1.403499561844544941e+00
6.637359290213491470e-01
2.705763229083361310e+00
1.320814043859599884e+00
-1.097270588606520381e+00
-1.246268180589924945e+00
1.287238395303113236e+00
-1.569614740427322186e+00
-2.466873168593908261e-02
-3.288372663007677055e-01
-5.014998627644651208e-02
2.736204392763873727e+00
-3.256004772887495236e-01
-2.654399421231992129e-01
1.715363871942430229e-01
-5.648813201922555649e-01
1.306340019625173099e+00
-9.311430316068940449e-01
-6.412115714103485686e-01
2.828128498643222244e+00
1.515861011365465139e+00
7.989663424424726657e-01
-3.128205995688198904e+00
-1.901492053923983017e+00
nan
nan
-2.182629496244631540e+00
-1.930661394332929603e+00
1.503291389920072163e+00
2.552596890686646525e+00
2.540165643411449459e+00
-6.219746782262358664e-01
-1.176002291580548365e+00
2.089430682045741783e+00
-2.374565544240077042e+00
-3.017175464928710138e+00
-1.069530559855424112e+00
nan
-3.572679950144665995e-01
2.660023460997412492e+00
1.616437857797411226e+00
8.874947460623072715e-01
2.635805968785303044e-01
1.346508970397042759e+00
9.416198329573512993e-01
4.267646895852674760e-01
1.025520939953532107e+00
1.077446394551580866e+00
7.614019826533220403e-01
-1.677033711871942945e+00
-2.209276550977974374e-01
-9.801354908252188913e-01
6.146612902654289279e-01
5.023388020786039299e-01
-2.136203489893961915e-01
1.072497863702499998e+00
2.198315283649336926e+00
8.983133316892981668e-01
nan
9.614314416911806660e-01
nan
-1.201046963516209320e+00
-3.194660224287071415e-02
-3.387560665040147967e-01
1.131093408862823502e+00
6.629441494023886605e-01
3.208288668578695990e-03
nan
-3.007170654266744236e+00
1.573030878167586799e+00
1.304430711407278842e+00
1.212359455080648019e+00
3.891873383867152647e-01
2.165904548954408426e+00
nan
3.073709947406033649e-02
nan
2.680302606996738390e+00
nan
2.831620279616561042e+00
-1.710566516724685293e+00
2.783618186971749786e+00
1.346446166548009415e+00
1.169424786957551810e+00
3.583613509988672341e-01
1.314712457153505376e+00
-5.169350357232032067e-01
-1.514028790704154304e+00
-2.833193133000624364e-01
-1.451518975013012858e+00
9.232522743976696589e-01
-1.966554323552179628e+00
-2.221383628958987444e+00
-5.811632214519995010e-01
-7.945387520382047875e-01
-2.381497334114686559e+00
-2.584323998467268346e-01
-6.207478686928538103e-01
-2.683581547350480712e+00
-1.258536827690073689e+00
-6.745017150179055676e-02
-2.553020317647485715e+00
-1.263796610120199393e+00
-7.366898691742855831e-01
-1.764070417212376229e+00
-1.624013193804374033e+00
1.443703602467062197e+00
2.025415196239064741e+00
-2.857000371360257862e+00
-7.373527935511194897e-01
-1.935244493354121076e+00
2.068668001797834499e+00
1.387529476522149530e+00
-1.072430850571187477e+00
-1.714136030821265200e+00
nan
-1.809951768311295339e+00
-1.677867084005147058e+00
-2.079007248017587184e+00
2.620477134882988501e+00
-1.926931321109881523e-02
nan
-2.850045370825293300e+00
1.671044160301184966e+00
-1.125093826601284430e+00
-1.736925404765690129e+00
2.932559607210079022e-01
-1.937896190220191883e-01
-1.393914327610332293e+00
-2.666470645186519661e+00
-1.897819522950307425e+00
1.825037553227241816e+00
1.324008274799028939e-01
1.520498168928113181e+00
2.587214846501932897e-01
-1.279889973685538029e+00
9.350091117609959923e-02
-6.001843934057982111e-01
5.970592605290248045e-02
nan
nan
nan
-1.325262125886754738e+00
3.051959787442033445e-01
-1.607134788237887912e+00
-2.047104276872540041e-01
-1.361535700984911390e+00
-2.977739851962485140e+00
7.954460697872312025e-02
2.253879903216585490e+00
1.205867443076682477e+00
1.216983434006074560e+00
8.512712882948170190e-01
5.621328921986914473e-01
-1.724516477636266254e+00
8.430437862964983431e-01
1.179733421171961893e+00
1.238456838421823747e+00
1.190631896314435778e+00
3.700266891377230749e-01
nan
1.612042515672353460e+00
2.604633559226599004e-01
6.044119500686062629e-01
5.642539147585345916e-01
-5.347415079200477095e-01
nan
nan
nan
6.381463320388460758e-01
1.230316859644795535e-01
-1.042877872678779738e+00
nan
-1.572997228273300685e-01
1.678277997486287809e+00
-1.413460351072302501e+00
1.081872541510828789e-01
-1.490087987177668438e-02
-1.145379678463436468e+00
-5.909284504688048223e-01
-1.704825399368995020e+00
nan
1.510757806178903095e+00
nan
2.127303973786903057e+00
7.797836637081960731e-01
-4.811302671289539035e-01
nan
-5.112823583433239172e-01
2.877251440365866664e+00
1.283406108179041105e+00
1.004791013188065740e+00
-5.682556706195622809e-01
nan
-2.178426383680272416e+00
-2.752214343818323972e+00
2.552751952074257424e+00
1.640418219874172578e+00
3.562099480315468192e-01
-6.025495671386922325e-01
-5.813398254589512426e-01
-1.582877888756661910e+00
6.400674606324874283e-01
1.770381976409891145e+00
-9.651618772113113032e-01
7.730535983894402108e-01
-1.184913273401172251e+00
1.449493152062084178e+00
-2.472833950510804346e+00
4.814915352393627224e-01
3.069281804817359571e+00
-1.970721000067593431e+00
2.098579170918798198e+00
-5.485512308001676551e-01
-6.291363274271297712e-01
-1.109846718081364259e+00
3.423594436805235119e-01
-2.522082260148992283e+00
-1.551222197398719693e+00
-2.721682440047929141e+00
-6.018168607454561503e-01
2.645299040888740016e+00
-8.582496661332639221e-02
1.906288088596517660e+00
-1.489707948309844321e+00
-1.101400332330295662e+00
2.038122831324682416e+00
1.810179480917583739e+00
1.867808461411511800e+00
-5.912972964563980582e-01
-5.745967266093030545e-01
-1.570676090965408944e+00
3.229627739893516924e-01
-7.802038997595062142e-02
-1.826734405953481577e+00
-2.443944399598358075e+00
1.632106627651737085e-01
2.247320259098943396e+00
-2.670769240706326819e+00
8.417757878870668620e-02
-2.349617327536666078e+00
6.373459812610686726e-01
-2.325984412342817720e+00
3.087270484359227574e+00
1.384182733157296674e+00
-1.730509293390980696e+00
-2.410716034835000521e+00
2.440273748791137010e+00
-2.853045685547463961e-01
-3.090607384130286572e+00
nan
3.013227630494367482e+00
nan
nan
-2.345330009215849110e-01
-2.050852720443426591e+00
-1.027309699051456082e+00
-1.646418886084463962e+00
nan
nan
-3.433481043999599969e-01
-2.582348675635374402e+00
-5.741310418381937453e-01
-1.792882957336864758e+00
-1.368897832465003628e+00
-1.610386660325528130e+00
9.638544774912531921e-01
3.072197675339894296e+00
1.820640072535080201e+00
-3.259936394839346718e-03
-2.923329103616617353e+00
3.440757307648594221e-01
-1.529476052132572983e+00
1.837951446437962488e+00
1.853583293502155449e+00
4.840314180568947577e-01
-1.879667921390716367e+00
-6.308038665189807936e-01
-2.503524932157676464e+00
-2.475985927051156388e+00
nan
-1.432507647663883166e+00
2.573509759533783914e+00
-1.650159668822767545e+00
-3.063919410222008644e+00
-1.018876699757624849e-01
2.698745384536297642e+00
2.059893598304054052e+00
7.584586978441221206e-02
1.744590900381245646e+00
2.023593248899406838e+00
-5.079376307959053705e-01
1.207507891326542016e+00
-1.707429403589261874e+00
-2.229953721977296688e+00
nan
-1.194168855606406732e+00
8.090490560194050218e-01
2.841080660367116373e+00
1.587727602892337053e-01
3.181098727050120090e-01
8.374818494006337488e-01
-2.763917961050728067e-01
-2.551428476080142005e+00
-1.829206369482904160e+00
-2.709017561340560043e+00
6.318052334261725633e-02
-2.827951247401628621e+00
-7.599777514001933021e-01
-6.045239807392031040e-01
3.194111338517280352e-01
2.982318107106340932e+00
4.698061811702198831e-01
3.088451175498077461e+00
nan
4.401261040678869918e-01
nan
-2.288050696687008667e+00
2.727664120174448925e+00
2.388256394224241852e+00
1.184138331283824286e+00
1.856611273321839839e+00
nan
-2.226817409646045132e+00
1.275381029835323865e+00
-2.264782546002083841e+00
-4.086074887079780282e-01
-1.169075694402324173e+00
-2.791765630767357287e+00
1.183981322803627556e+00
-1.181935432324945578e+00
nan
-1.535352297734877469e+00
-6.146116493095696853e-01
-7.068821301560634929e-01
7.258307327260316022e-01
-2.368171481627449282e+00
nan
-2.738089184749723959e+00
-3.290656566052754251e-01
-2.577794546474124537e+00
1.725869740502574246e+00
6.347268343447520778e-01
nan
nan
nan
-9.002742134817243169e-02
-5.464085516273184950e-01
3.338687819096781695e-01
1.387861500589718133e+00
5.773007605727347169e-01
1.585181085859506567e+00
-2.803216351900270631e-01
-1.319413373960266478e+00
1.329960149258404556e+00
nan
-1.433349155962587940e+00
-1.157800994078583390e+00
-1.026676894779215310e+00
2.559218134751966467e+00
1.198970261598543807e+00
6.822656286595383257e-01
-1.043497231922783541e+00
-2.995846313686678641e+00
nan
nan
2.488413184039328208e+00
nan
nan
nan
nan
-2.618134746320002648e+00
2.807005712256312790e+00
nan
-2.680519428098207424e+00
1.455477172026723665e+00
1.477858730885282412e+00
-2.329919610565513555e+00
1.557165533646083233e-01
2.859532888870933043e+00
nan
-6.218489900902728351e-01
2.205739295818270662e+00
-1.638243054983150593e-01
5.877729271240852427e-01
-1.474459729752578996e+00
1.233782076051754828e+00
-1.935065784829366642e+00
-4.128865016755502992e-01
-2.171747233940965138e+00
1.620260343542725856e+00
-7.378154416590740894e-01
2.458844460442677793e+00
-6.861251848347840188e-01
-1.724691910243714599e+00
-2.083293644183032534e+00
2.678906728598763110e+00
6.228588390631268901e-01
-3.415187188540880214e-02
2.125991313572208163e+00
3.172211077013642466e-02
-9.410986553401681221e-01
-1.784883810713087771e+00
2.000743966406832719e-01
3.004407424715386021e+00
2.683768270719490978e-01
-1.593315109277878561e+00
-2.812473833396443190e+00
1.853424683898120762e+00
-8.905846419399292557e-01
-1.262222206625413401e+00
-2.254598412760443260e+00
2.184386149763902552e+00
2.792038940619590015e-01
-1.616461553673609330e+00
-2.943587581706140544e+00
-2.461601317236612907e+00
1.131377060288777159e+00
-9.548010884493578487e-01
2.399181257592966077e+00
9.225433139300287522e-02
-1.095854735702626037e-01
2.926266810786928296e+00
-1.954179853786575105e+00
-2.536660990836484775e+00
-1.039336348857264447e+00
-1.247041204028151107e+00
