-7.094933353676391441e-01
-1.886473049067525443e+00
-2.556462715909941785e-01
-1.307465163044509104e+00
-2.465348845062624861e+00
-2.379237582554279307e+00
-3.023630074043823335e+00
nan
-2.236202906979386285e+00
9.827225569518462933e-01
3.016300641057604537e+00
nan
nan
-1.771771256830307451e+00
nan
2.964713202531990888e+00
1.025947631983298081e+00
-1.063820980997888466e+00
-4.145687059890277304e-01
nan
-2.366258220058265582e+00
-4.715941663521454608e-01
2.503140005597241036e+00
3.639089806087238976e-01
-2.474280024496788855e-01
-2.845880179202182614e+00
3.414567763942701895e-01
2.643357325281519010e-01
1.499770517621470844e+00
-1.617066342232373888e+00
1.007538860102172862e-01
-7.561265622306208023e-01
1.808371557616017533e-01
1.142954890284198832e+00
2.548643904168691243e+00
nan
1.248632028916595083e+00
3.119874934729462979e-01
1.460717516854650455e+00
-4.229424887654427145e-01
1.367148208117763275e-02
-2.518780692062820847e-01
-5.531548106591426262e-01
1.191976906878229769e+00
1.182969609786067799e+00
-6.610275515978467631e-01
2.934676730423591451e+00
1.864373484436931072e+00
nan
8.316818267103309736e-02
nan
-3.044589927941888874e+00
4.450726068818680048e-01
6.617412694280586649e-01
5.732680295027199335e-01
-3.221490717058945741e-01
5.631677450562477816e-02
-1.286514233570772214e+00
-2.541070666508280951e+00
3.238067986566708356e-01
nan
nan
nan
-1.143113204240761016e+00
-2.288522612362228870e+00
7.539575519336616516e-01
1.520098626411351184e+00
-1.512508461168229790e+00
-2.563473502565125628e+00
4.616175925219341281e-01
2.010760641476943889e+00
-1.973906859211246534e+00
-6.973837252966346156e-01
4.568482390124990467e-01
1.483157023447419398e+00
-1.972641060353937714e+00
1.049923539285892993e-01
nan
-1.693061388076549489e+00
-2.940421601429445086e+00
-5.356573314496779759e-01
-1.360657102473714852e+00
1.351325247960112996e+00
nan
-3.117337165809791699e+00
5.672251633489096001e-01
nan
2.808405106142114249e+00
nan
-1.641677027659348198e+00
-6.262763528143562297e-01
-2.351954016427835192e+00
1.346507355897202274e+00
7.993950556508755412e-01
-1.636466615043293826e+00
-1.956792940410391424e+00
-1.872993045708438276e+00
-3.025598673262199778e+00
3.984904721860251797e-01
nan
-3.172033062932815284e-01
1.514611045122569166e+00
-6.424307757598719526e-01
2.269196512917269537e+00
1.134231961956314372e+00
1.586460854526717590e+00
-2.733091973129648355e+00
-1.914948592488721069e-01
-1.607823257441157283e+00
1.213628857379943859e+00
1.748762945988423745e+00
2.432526931821239913e+00
nan
-1.611217392742226417e+00
4.010692494528664831e-01
-1.728149141490850527e+00
-4.903723272167215264e-01
-1.245780064761377037e+00
-2.401920086925466880e+00
1.194781674150291906e+00
-1.912800172499558693e+00
-1.720885793859898039e+00
-2.964685573259273621e+00
8.059577499970211889e-01
2.436724658439961111e+00
nan
nan
-2.129954185905815756e+00
nan
9.960104116700545518e-01
2.750550372259872312e+00
2.168861955774969097e+00
1.788685572488558861e+00
1.871630850558975823e+00
nan
-1.917921063484838040e+00
-2.349056033361724971e+00
nan
-3.061860306635065143e+00
1.125717946266886926e+00
-2.073854648987168758e+00
9.212260906655336257e-01
-1.423088594235990101e+00
nan
2.018545909715240505e+00
6.849146275649031779e-02
-1.414647114455012122e-01
1.653416773804709194e+00
2.988159987826062292e-01
1.191222817304678827e+00
nan
9.145893967478615494e-01
1.267145114474143242e+00
1.461358741851377374e-01
1.478427137614262143e+00
1.637824565337300697e+00
-7.541509401809642910e-02
-2.191747241367817178e+00
-1.551470168097135449e+00
-4.575366551294148820e-01
8.675547174244400139e-01
-8.880668354294067868e-01
nan
2.435171712580488368e+00
nan
nan
-2.292890340319473808e+00
7.150268866961577707e-01
nan
2.517040393048232794e+00
1.927540553965978454e-01
-5.598433465996213165e-01
-1.137308316964509736e+00
5.882143203292851119e-01
nan
-7.879421373239057225e-01
2.781207543901365042e+00
1.942808177422472582e+00
2.732366235111459041e+00
8.470646933853269722e-01
-2.258862936466116800e+00
-1.307550311552395650e+00
3.023836193215774237e-01
-1.469801385959841999e+00
2.358873856551810810e-01
2.627113193272288427e+00
-1.120928661154300787e+00
2.393407471041324008e+00
4.275381764311667609e-01
nan
2.285026796435150054e+00
1.781083089334045688e-01
-2.891544094571523615e+00
2.493219971016991998e+00
-9.945813523410631518e-01
4.985818623062572286e-01
8.488482848200447073e-01
2.299380083061661750e+00
-7.369488512122530643e-01
-3.775669685373195250e-01
1.249609179262892056e+00
-2.127352678417775866e+00
-1.664677193949714029e+00
-2.476464568817934087e+00
-2.161329301742891396e+00
-2.578869975427602768e+00
7.674048983997243667e-01
nan
-2.764409076263921961e+00
4.096517766548655182e-01
1.201979614142821617e+00
-4.896709867760455914e-01
4.721788120573209291e-01
6.245026206929646939e-01
1.522504155950179516e+00
-1.029995788635034160e-01
nan
-1.584513177008786355e+00
-1.311286190412092267e+00
-1.935676790681317927e+00
5.029811498407532611e-01
9.816146350984844560e-01
-1.774900161389002751e+00
-2.743451426850835873e-01
8.037806103472089347e-01
3.010716694902292545e+00
nan
-1.381776694100016245e+00
2.441230467884858868e+00
1.668764989261388720e+00
1.084142956537061053e+00
-2.835979773264933002e+00
-2.977742400548311075e+00
-1.185415943640748537e-01
1.730139301935220253e+00
-4.327499854910077381e-01
1.811242156546841287e+00
1.718300866321119891e+00
1.213783114766361138e+00
5.441431909715763737e-01
-1.829587158108756828e+00
2.521520576908422129e+00
-7.312567415083117695e-01
3.795842137062157562e-01
2.569166663532018724e-01
-3.067132549121572183e+00
-1.050354334385897648e+00
-8.148514036799192617e-01
3.100231466852290119e-01
1.978589438015367463e+00
-6.373176921487977431e-01
2.574466946283993529e+00
-3.457319158426024330e-01
2.644672277584781739e+00
1.589655479588046205e+00
-5.902568396893568270e-01
-5.504480461810867808e-02
-3.135342470480805943e+00
-1.426295312093932344e+00
9.288556400800080937e-01
2.603684166379411025e+00
-1.559061638007229078e+00
-2.990131792902747332e+00
5.776201179945834596e-01
-3.516354323561023953e-01
2.084865867922525595e+00
-1.517145356896661523e+00
-4.851239970292988701e-01
2.696427964751004325e+00
-1.399320772085485221e+00
nan
-1.142970469093151920e+00
-1.969575378998124737e+00
1.695762514396761844e+00
-7.642879175275707482e-02
-1.887089482646152394e+00
-1.769020949388069530e+00
-1.796357979750522915e+00
-1.075418718203955848e+00
-2.075983105129854955e-01
6.983881696431937236e-01
-2.059688526434806377e-01
-1.010644078670548396e+00
1.942485302775098788e-02
-3.093762048037326462e+00
-7.617072175127224121e-01
-1.772728211709017732e+00
-1.191133928863947533e+00
1.394201662180314827e+00
-6.113761287533687749e-01
1.747749808459521326e+00
2.691588462820730498e+00
-2.209943009924955071e-01
1.965175078381036222e+00
2.112489047805281572e+00
5.447357976045941186e-01
-2.407792230145618273e+00
2.543791196927390530e+00
-3.562178087452032571e-01
3.068598901809236779e+00
1.039990650750840295e+00
-1.467837472184825520e+00
-2.535597089614964439e+00
-2.723789194109913492e+00
-1.352868051344885858e+00
nan
-2.109216555728399278e-01
6.794882802092252483e-01
-3.745959033481240930e-01
-2.942161748147105627e+00
-2.214353664558018853e+00
4.286906112828252624e-01
-1.235726337447173862e-01
1.874086897380245809e+00
8.976433811880051294e-01
4.808313059421998048e-01
-3.590832125446792311e-01
2.572138255449790911e+00
1.095519297312119278e+00
1.642062486207436223e-01
-6.112704067492935600e-01
-1.492110420327191322e+00
2.934207796729860540e+00
-1.123400493857514171e+00
-3.014621136663413470e+00
-1.152623428571985853e+00
nan
-2.241145289508668537e+00
-2.048042488302607378e+00
5.432439595588527403e-01
1.193047699112385729e+00
-1.863734220998619628e+00
-2.876305376032074701e+00
2.786395384906861672e+00
-5.090066342647694420e-01
4.819478696701100517e-01
-3.146102344024681585e-02
-5.324401420498605653e-01
1.826097013560692872e+00
-5.600560611520526422e-01
1.783434156844435847e+00
1.499519485311927802e+00
-1.889448667719244801e+00
1.494032830576689896e+00
2.578245967674795303e+00
-1.526355465098111486e+00
8.422870203034795722e-01
-8.307871088736558107e-01
-7.645505772982725823e-01
-2.275119128199819762e+00
-2.911561948171980774e+00
2.544341144380632969e-01
2.058772995216711088e+00
2.491378989348561390e+00
1.636063412354476831e+00
-4.003925553376048718e-01
2.497163510523455088e+00
-1.960932361588514583e+00
-3.104828245978391799e+00
-2.922205466271824204e+00
-3.007797263832193035e+00
-4.818224869372729202e-01
3.054526899273787066e+00
-1.382468457664781214e+00
-4.773190261388093880e-01
5.808343395682573629e-01
-2.200229222483591762e-01
-8.023954000927520092e-01
1.819184595409701899e+00
5.198007856352293565e-01
-2.052075254237096136e+00
-1.522318330580598733e+00
-2.328758246668531484e+00
1.971430356127621408e+00
-4.823275643188420503e-01
-2.276586589315121145e+00
1.938404973833082856e+00
-1.176437029481480989e+00
2.780363258679885874e+00
2.258885979743816996e+00
-9.162327478616267840e-01
1.599278581133790844e+00
-1.385578310895500431e+00
1.196869299305515000e+00
-9.213122769090422715e-01
2.403073328489107929e+00
-2.476863458203112600e+00
1.790119179325051491e-01
8.591212032930171105e-01
-2.216942375202117788e-01
2.560934428466097756e+00
2.002330962285669536e+00
7.044610906507342563e-02
3.093821029928843558e+00
nan
-2.721512631344158439e+00
nan
-2.421538476765608294e+00
-1.075052483586632412e+00
2.173960991646025853e+00
1.794891429052179355e+00
3.070807367993977799e+00
1.348515354824801449e+00
1.669024501285591988e-01
-1.310320889110113018e+00
nan
-1.779499617878573581e+00
4.136316399683179768e-01
1.265614904926749773e+00
1.739624461570032032e+00
3.774150290837883226e-01
-3.106232409530804262e+00
4.144105345050079769e-01
1.707311297123642824e+00
-1.065018185798688233e+00
3.352154836886001021e-01
9.149421018622660995e-01
2.821987106696211889e+00
nan
-4.064408200630040824e-01
-1.568177858205624498e+00
-3.125187444706585715e+00
-2.904340222000153737e+00
-3.046778551878519536e+00
1.993664097077623154e+00
4.189699263148658481e-01
-1.165137226265573034e+00
-1.353943977916922226e+00
-1.657553748270136129e+00
1.338990176967715939e+00
1.571060214807239674e+00
-3.400785915414554772e-01
1.263678467537438621e+00
1.655153928012399689e+00
-2.822496500955029575e-02
nan
-3.078147718959251211e+00
-1.784032758148064612e+00
nan
-2.896331962225494383e+00
-2.156581352110888972e-01
nan
-2.191615337533090013e+00
-9.754044688522807149e-01
4.299028477906929879e-02
-8.576089382045455345e-01
2.450030938472200326e+00
2.232054109669721065e+00
1.997306692538710848e+00
-4.905973370156520019e-01
1.064120757312833732e+00
nan
2.282520392297457512e+00
nan
-8.274094885600424831e-02
nan
3.088422857563726254e-01
-9.012434261392123780e-01
-2.348341713573760092e+00
1.743464516368675277e+00
nan
1.467011373869247848e+00
1.429012869689763043e+00
1.115552249078842095e+00
1.095601900934568107e+00
2.448408198759329579e+00
2.200435620018970972e+00
2.080986789774586398e+00
1.670999148936047618e-02
1.748251350589504760e+00
-1.207544600587473482e-01
nan
nan
nan
-2.455375615263207134e+00
3.387642711423333175e-01
-1.004639440038213483e+00
1.096396555868603073e+00
2.282618316832055960e+00
-1.213341845215434311e-01
nan
-4.976429652323233199e-02
1.925959083684863238e+00
-2.928188376937460369e+00
9.628054792663043315e-01
2.075141244616826697e+00
6.903969187391765239e-01
-2.387036600915520168e+00
nan
-2.280299141766888305e-01
-3.468242403293522180e-01
1.158210059552171600e-01
1.675830117107485862e+00
-6.386804763991964506e-01
-3.086522872027448461e+00
1.596359697902377306e+00
2.586227755608681456e+00
-1.840892448568687279e-01
1.318334010534316647e-02
-2.965321067620639628e+00
-2.826371986003866965e+00
-8.197342876454869476e-01
-1.754561797821222902e+00
1.654310350028472598e+00
1.447902191353796830e+00
5.400939344297488454e-01
-1.162152706059549345e-02
-1.193800827720629121e+00
1.957117416748486605e+00
1.046613297305931667e-01
7.797709463163515764e-01
-1.059328482395537119e+00
-2.599700127702899710e+00
4.891845805603165509e-01
2.595862497312140249e-02
6.548188584644130117e-01
-1.642410135253576486e+00
-2.167852836848827014e+00
-3.094928861834239875e+00
2.700008164203136829e+00
-6.178207855537682924e-01
1.872817769914207453e+00
1.695154231123423116e+00
nan
-1.663495109956522056e+00
2.071329172551440223e+00
1.431037544230279401e+00
-1.140677455741198276e+00
4.976112785660631310e-01
nan
4.466037155928104241e-02
-2.722272683119995929e+00
-1.558472689168372893e+00
-1.543247062667741698e+00
2.828603245643587449e+00
2.722553974302535984e+00
8.951262936919581747e-01
-9.064253652393405858e-01
-1.838575720964733762e+00
-1.203392433744268075e-01
-2.709913877874654542e+00
2.211683443041921215e+00
2.860092172049022885e+00
2.484059467706626556e+00
nan
-1.343164185824451184e+00
-3.094898540627705419e+00
-2.725778009273625457e+00
-2.651639932374907360e+00
1.863405155705916805e+00
nan
-2.934146818994815220e+00
2.401899200693765835e+00
nan
8.465944475365163591e-01
5.895957870075547724e-01
-3.117043007375811747e+00
2.643333917657804122e+00
7.031353095261771990e-01
-4.839767951175546479e-01
2.654595211728159043e+00
1.210048231126515716e+00
1.122672993439909561e+00
2.229004920936971779e+00
-2.042269186207707587e+00
1.986289123702703385e+00
-2.300374182421076164e+00
-2.126178975527764692e+00
-2.328023325597039950e+00
-3.733718588327361587e-01
2.102718433602378312e+00
1.033979921969699234e+00
6.017710263790370107e-01
-2.387496487710902393e+00
nan
-2.258977125980236256e+00
-2.371092247208263615e+00
2.419218171248452620e+00
1.375399331612662479e+00
-1.014087253253982635e+00
-1.416152282725214651e+00
2.987288802361673490e+00
-2.282439008889720178e+00
7.383016519965748259e-01
-1.805946376041390300e+00
2.704190673726758476e-02
1.556990693291079531e+00
-1.893925706656623076e+00
1.369401154795265363e+00
8.273568319878652488e-01
9.070773262860285513e-01
-2.372448800111598644e+00
-1.060967819323391126e+00
-3.132626625881673732e+00
-2.178409967549210791e-01
2.119646092448074448e+00
-2.953473183968681859e+00
8.832277003569668494e-01
-3.112298619437557257e+00
2.197195091726716676e+00
-2.113523062729168345e+00
nan
-2.254007467721982128e+00
-2.468812753177487274e-01
-1.332042868466405627e+00
2.440162219351299733e+00
2.612104013550606396e+00
1.119031386878354795e+00
-2.849492646540160656e+00
3.970306617556484952e-02
5.009677138467929502e-01
2.777602443788995679e-01
2.448589157390668625e+00
-5.132439214754858092e-01
-1.156368380885571368e+00
-1.277760925066958153e+00
8.398473347671719935e-02
2.589634242034781764e+00
-1.912878853601502893e+00
-2.300800564331072273e+00
1.917610867977783684e+00
-2.322180982163678742e+00
2.314524951883844217e+00
-3.584925135391197060e-01
nan
2.474642145993440678e+00
-1.024453996402347133e+00
-5.933297903634273673e-01
-4.159772007344884059e-01
-7.238220028450070842e-02
nan
nan
nan
2.214734525791179465e+00
-1.623246398160490100e+00
4.716042139091949359e-01
3.406819406003132045e-01
-2.825930949314194862e+00
8.484244388149595473e-01
1.387534856417349971e+00
1.053120728079818491e+00
2.211554482013513123e+00
-2.189186894195299882e+00
-8.895324630681180622e-01
-3.002035313924200643e-01
3.930783694363100267e-01
2.550981120951577807e+00
nan
-1.073240774629017569e+00
-2.615470638369381540e-01
1.018478846917621361e+00
nan
1.832462249565291579e+00
nan
-2.082142036609325508e+00
1.411727976283142283e+00
6.700777953616698923e-02
1.658426729310642500e+00
-5.837766668170689677e-01
-1.553507598411127288e+00
-2.944875023859738761e-02
-2.558464506384861004e-01
-1.182151265768030646e+00
6.284514471276043679e-01
-4.969147739278452214e-01
-1.983208262584829518e+00
nan
1.327813009893334950e+00
nan
2.591335912070970693e+00
2.437886744349320622e+00
2.863767488041121467e+00
-2.891328578797978111e+00
-4.388458110846080729e-01
1.360568807518500734e+00
-6.473641394913700609e-01
-2.904844321370239957e+00
3.607391441006719823e-01
-2.137688128988861624e+00
-2.158691965778015920e+00
1.498736223318636540e+00
-2.542420963431352821e+00
1.351629980497038197e+00
1.679547128029636127e+00
nan
-5.646505810734407937e-01
2.983379743656135119e+00
nan
nan
nan
3.061915582584178175e-01
5.266835937349734209e-01
-4.665076841807280772e-03
nan
-1.234322923735820865e+00
5.318380581584758460e-02
nan
2.109202931778912493e+00
6.383018776394902005e-01
3.074025829142958521e+00
3.019789004945681476e+00
1.866596247470866388e+00
nan
1.260980604783935810e+00
nan
1.781353019794521764e+00
4.277682851142898812e-01
-6.823134479823016463e-01
-2.983357454832447075e-01
-3.037407700279201705e+00
-1.824683977070526986e-01
1.255150491258231860e+00
-1.256680924004543565e+00
-7.075045779322381989e-01
8.501584690911561104e-01
3.589357900610479213e-01
nan
nan
-1.880758020228294969e+00
-2.274029990616432961e+00
nan
-1.192307468966366635e+00
2.755194163059201173e+00
-1.207010802003348093e+00
-3.337225865737876163e-01
-7.396738597143057703e-01
5.973300412718547392e-01
-4.922331678357538820e-02
-1.596242056410990484e+00
nan
1.740421537784786032e+00
7.450676070075381574e-01
nan
-2.620393317344872131e+00
-2.015070758474387436e+00
1.849718971133656353e+00
2.523328356758415048e+00
nan
nan
nan
nan
nan
-3.867286315755400494e-01
2.691902320970103624e+00
nan
nan
nan
-2.618292263510144657e+00
-2.940564902469006814e+00
1.572536909001957639e+00
nan
-2.701912093358317613e+00
2.549478232831347668e+00
1.379767142650463185e-01
2.566840480656455981e-01
-1.166646049583416112e+00
7.902182673305957472e-01
2.479881967282668853e-01
-5.184733940485410919e-01
nan
-1.565821463571396510e+00
-4.173599672258432314e-01
2.286422935312315552e+00
nan
1.467620404165509207e+00
-2.739502453991072617e+00
nan
-3.005612484339801771e+00
2.136437068156621599e+00
1.677151364909756914e+00
-5.217810380852099250e-01
nan
2.120591473242878777e+00
nan
-7.603969595872288600e-01
-6.351721285163125508e-01
3.053949814055801681e+00
1.147626541614843454e+00
7.402285993392920815e-02
-1.239121138759250229e+00
-2.145896412503926598e+00
1.197623473633172786e+00
nan
1.849825320677513041e+00
2.207936468954765807e+00
1.913314993033114142e+00
nan
5.746623454288637411e-01
2.555332918446191925e+00
-1.633021248918460344e+00
-1.382773792097600873e+00
2.913437738852352688e+00
2.497841919610468864e+00
-2.024431000710118056e+00
2.538585352893361957e+00
nan
-1.113395641438823525e+00
1.659631243996586569e+00
2.184579103333682326e+00
-2.471406791343015996e-01
-2.083100436509965458e+00
-1.858532823898040753e+00
1.519797268053054928e+00
-4.847177060482779076e-01
-3.511794589133980793e-01
-2.918168040098674254e+00
2.228979003728587038e+00
1.830682108736586322e+00
2.274783501955037757e-01
-4.304482051209519433e-01
-1.734472011509190281e+00
-7.415078804454897643e-01
1.818909935001800093e+00
4.235967407403409268e-01
3.666924890808078707e-01
-1.519384768685474674e+00
-3.102667599741208537e+00
-1.586387671158010271e+00
-2.132936758342037109e+00
-3.043463345132241482e+00
-1.858779846861459584e+00
-7.556218934094061090e-01
2.170569120615283509e+00
2.104217524268739758e+00
2.728561347093704903e+00
-1.179604230232441209e+00
2.251212302685391187e+00
-1.888890248040705266e+00
-2.106026415057578483e+00
nan
nan
5.992046276311411290e-01
2.702544240378226270e-01
-2.239074455097443739e+00
-1.214266859784021602e+00
2.320226229171229448e+00
nan
-5.514739014321783372e-01
1.267138312081215190e-01
1.564371567991865497e+00
-2.299968055271170098e+00
1.192661487706175194e+00
2.228831231254700285e+00
-4.030405499289466675e-01
-2.432383966618595572e+00
8.410614518713686039e-01
-2.358061173365165519e+00
-7.486255947618563056e-01
-3.099443691650936028e+00
6.052917236641897070e-01
-2.597312597283365498e+00
5.201362278573413711e-01
3.005709021628927502e+00
1.684865461020388366e+00
nan
3.125977476812533240e+00
1.666547811575694205e+00
1.145510027816348142e+00
-2.086267508663375736e+00
-2.199627696473624106e+00
1.661384304159209790e+00
-2.327142590766111407e+00
2.475804134941409274e+00
1.458492473361856945e+00
-2.993824527135651614e+00
8.289601890622919633e-01
1.798369538964254666e+00
3.064363851714513309e+00
nan
-2.033141213611555642e+00
2.347579790811886724e-01
9.901971234734876504e-01
2.012903148261242059e+00
-1.011313232246031202e+00
-2.174394949299229385e+00
-2.120061078272172495e+00
8.061116454533028275e-01
1.367690960760983288e-01
-3.997511444314274520e-01
1.785111523737819894e+00
3.026142841872691669e+00
6.920854566311227529e-01
-2.065415477605337280e+00
8.828731392943156564e-01
5.645946125685235017e-01
nan
-3.130611162196328845e+00
1.324766613814052363e+00
-2.902258630291814079e-01
-1.079662413447271874e+00
-6.795401599071322352e-01
-3.505170999279467736e-01
-1.487884325684418307e+00
-1.864388555118881907e+00
nan
nan
nan
4.513772727034144339e-01
-3.818471845418431876e-01
-2.362111678497007539e-01
9.935797074032137743e-01
nan
1.691845907737521415e-01
-9.366818946673052260e-01
2.261756037720596524e+00
1.186913214865068511e+00
1.286662104551555608e+00
-3.046873334438526371e+00
-1.011518780594364841e+00
5.462103630647363595e-01
1.807314548931446829e-01
9.988171193575547946e-01
1.837465942730199586e+00
1.631723903810312848e+00
nan
-1.717100173249459516e+00
-2.792779978786379402e-01
nan
-7.779804349198196078e-01
2.444587932328944113e+00
9.096256518960386117e-01
7.802758671637892718e-01
1.946410660513389068e+00
5.206843764444770706e-01
2.053110074988127032e-01
-6.712821111317524014e-02
nan
2.111026958802913356e+00
2.197994555597038158e-01
-1.391050231290238415e+00
-4.211264483405798842e-01
-2.017800908989596742e+00
2.277608674980949210e+00
2.119426909655910407e+00
9.484441638529244045e-01
1.755798536785517783e-01
1.861802248916450075e+00
4.570496560361627658e-01
-1.146870725551570880e+00
2.545785432280656124e-02
6.683411299850359200e-01
4.710697137010622093e-01
2.680097057804560201e-01
nan
nan
2.186914365174605912e+00
4.973275510834960222e-01
-1.621601405745864311e+00
2.843314262484277322e+00
-8.556873353129530457e-01
-1.314806939170399147e+00
3.075346549500550530e+00
-1.099490020927625711e+00
-8.001333151856422354e-01
1.086494636207010700e+00
9.958816431905956890e-01
-8.954060288907270682e-01
-1.764019524868443156e+00
9.314599112438104456e-02
-2.119380922287967817e+00
1.959042801169963433e+00
-1.902849806045581182e+00
1.394467673322722590e+00
6.589606897147506359e-01
-1.485102716809407530e+00
nan
1.353899212962801357e-01
1.854424656731278986e+00
1.371441908124610976e-01
-1.843177940349957522e+00
1.337364504989920988e+00
-3.135956020785877207e-01
-6.010581057186050735e-01
-1.295478406547519112e+00
-3.794763374299607861e-01
3.008853480766062738e+00
-9.743019682582421126e-01
-1.283154040221230474e+00
5.385875619444107087e-01
-1.359495975938579182e+00
nan
-2.584188657159602887e+00
7.069428228362375499e-01
-2.041374495867439798e+00
8.594343528482086825e-01
9.964663619489080304e-01
-2.125897365585137422e+00
-1.748304338942690883e+00
5.224436468789850352e-01
-4.481211299229848066e-04
1.916643459333598365e+00
-6.385908499931245430e-01
-6.611657498552614420e-01
nan
4.908421338703128356e-01
-1.112469382301872756e-02
-8.093939449920042328e-01
-2.957890787537542643e+00
-9.870367399583739321e-01
-1.581800834151709800e-01
1.905773530779906189e+00
-3.649170161123871381e-01
7.591202406507586709e-01
-2.815270041880334695e+00
-8.320432543598359487e-01
9.844701543730174365e-01
1.061481772890449093e-03
1.723007214567510381e+00
-1.850427979787689914e-01
nan
-2.854102450438444905e+00
2.964146590739079379e+00
-1.537773742306618452e-01
-1.608606934815649536e+00
-8.318889703657186274e-01
5.926121409602478352e-01
1.330773995959311229e+00
-1.714076501443535960e+00
-2.588036027100621084e+00
-6.937188304098436120e-01
-4.026355044800311589e-03
-2.673163141548177357e+00
-2.259485369105494357e+00
2.706367300532286357e+00
-6.433867437265679001e-01
-4.339483880418355533e-01
2.161677453772809621e+00
2.457970579352926066e-01
-1.137325016688080392e+00
nan
-2.448004788455165670e+00
nan
8.237724142476183786e-01
1.447721357807017384e+00
-9.465074416054215511e-01
-1.649182777230723262e+00
2.477498313244115735e+00
2.873559924327959259e+00
1.793456459778123957e+00
-1.696307128226819394e-01
-2.471582629708696022e+00
7.367172801871491039e-01
-7.529748645060641010e-01
-3.061567962400218779e+00
-1.724160340004045500e+00
-4.926383655162971387e-01
1.193569754980483566e+00
-5.136012123905762117e-01
-5.653580580325381355e-01
-2.431336136250779489e+00
-2.860225007649279672e+00
-8.487334777978228217e-01
3.383448529445738373e-01
-1.752518477411434628e+00
-2.570339143996359876e+00
-3.115788205911848241e+00
8.015013727326762982e-01
3.630410351185267004e-01
-2.921673453954086508e+00
-4.521505292845131585e-01
2.023694376954454199e+00
2.532746965438398945e+00
nan
nan
nan
-3.627281911838524664e-01
-2.871729215070840002e+00
6.004442539416543489e-01
5.641529413307226903e-01
4.035657363647517926e-01
2.380344118963433786e+00
nan
-2.518774271359085937e+00
-2.147412564388838430e+00
-2.318073184213349514e-01
-3.059312967728738286e+00
1.461142015687055817e-01
nan
nan
nan
1.147644566493509544e+00
-2.073961133629818931e+00
-2.273385658631926987e+00
-2.972677550837965477e-01
5.772005295230600019e-01
-9.231131859005152762e-01
nan
nan
nan
6.134639398922558939e-04
2.311829631395129425e+00
-4.150339161419589473e-01
3.073147605470700761e+00
nan
-5.197062008376254205e-01
-1.857923796655712945e+00
-3.030650831339010587e+00
-2.193426809050479598e+00
-2.039201240636935974e+00
2.701936184283583842e+00
nan
nan
-2.749187058319477739e+00
2.448747149918239607e+00
nan
-9.705304392427427373e-02
nan
2.277678172005543011e+00
1.111440818641485251e+00
9.940326698785364457e-01
8.200119355018240519e-01
-1.255513554831658496e+00
-2.487472190601082378e+00
2.459442662176085648e-01
1.131694905736098100e+00
3.088273873467700881e+00
-9.276264370066398257e-01
-1.916885387880669089e+00
-1.827094748172794603e+00
2.309483593235166055e+00
1.520657115812809046e+00
1.406273995471844174e+00
2.234209267070120575e+00
nan
2.283762693122466381e+00
-6.999193578568512208e-01
-1.509867206992625999e+00
-1.384644999577551161e+00
-1.817595060641850724e+00
4.931939690915814190e-01
nan
1.605368087105970787e+00
2.013558904293100582e+00
nan
-8.306849477980180474e-01
-1.882866893503137629e+00
-3.028774444153613743e+00
-3.058813965641265842e+00
-2.166633456892022025e+00
-2.090240870139723928e+00
