-8.221508877420231620e-01
-1.180777323563202197e+00
2.492973497780211822e+00
-2.731658830095625046e+00
-1.947644016359619812e-01
-1.695742177563212216e+00
2.231520284468155424e+00
1.484822031467261993e+00
1.150147710870962570e+00
-1.070452578590853410e+00
-1.165659655055617083e+00
-1.872264510053377684e+00
-8.876376752965406958e-01
nan
-2.947951673600919698e+00
-7.301724964966136433e-01
-2.880640273605632906e+00
-1.555556083032999748e+00
2.780593026322033978e+00
nan
-2.251115316150515966e-01
-8.862103257258193700e-01
2.307949926026269694e+00
-6.859656046056938905e-02
8.556697104355781569e-01
-1.380312604480916638e+00
-3.028650395676901752e-02
nan
-1.012284851452851075e+00
-1.752713807682950931e+00
1.284902203317454195e+00
-7.274715648589160644e-01
8.115029633022268207e-01
-2.437796148873851987e+00
-5.901116209689853953e-01
5.823603788953937155e-01
1.931605640826259851e+00
1.075209475364052203e+00
9.744328510053001935e-01
7.366287760801695228e-01
-2.007673419421315053e+00
-2.486032881045113552e+00
2.866862020317900495e+00
1.517255487009347092e+00
1.962868188782392664e+00
-1.696892013794935039e+00
-1.834389337085782223e+00
-2.125881854793372661e+00
nan
-1.557552078527379535e+00
3.613828430531520475e-01
-3.015374018197676698e+00
-2.278660382243478555e+00
-1.637460039878264384e+00
-9.007247101802278166e-01
1.467246670603581826e+00
1.469234303526619101e+00
-2.499937781528183134e+00
2.011563486144801516e+00
2.912016142909796379e+00
nan
nan
nan
-9.831765639092218123e-01
nan
-1.282369781518863716e+00
1.670834073989425406e+00
2.903182940889924346e+00
-4.652979267591108581e-01
-2.590464355061323332e+00
3.106477451865556461e+00
-5.635223989779825082e-01
2.611897726115929075e+00
-1.643467089894334432e+00
-2.796056625060759249e+00
-9.629897663191528956e-01
nan
5.592762645091156060e-01
1.657662454524952977e-01
8.431644458786546892e-02
2.089982821363912890e+00
2.468735946990996410e+00
1.090677658550650797e+00
8.869842534268848055e-01
nan
nan
1.563376556722634092e+00
-4.082693804268000548e-02
nan
-2.884106950596009522e+00
2.132379036908678138e+00
2.031158136430935457e+00
2.742195827757086590e+00
2.053426227612519916e+00
1.318585971291126313e-01
-7.893633202157919193e-01
-6.139824623887215616e-01
-2.587527361945620719e+00
8.010064369971110487e-01
nan
nan
nan
1.944716583510154528e+00
nan
1.248417651918673599e+00
1.695045414250073712e-01
1.432893226194867253e+00
-2.009632815399600148e+00
-1.576967481905592106e+00
-1.256095898607858974e+00
-9.198059216269434124e-01
2.095534392567116377e+00
nan
-6.685924383516326230e-01
-2.952726992618652346e+00
2.363449038960402149e+00
2.625749703732451756e+00
-1.477882186790768548e+00
-2.016719722210603472e+00
9.968871875581495345e-01
-1.486600770822369411e+00
-1.571129805750712150e+00
-5.859575848767311079e-01
-5.128514711267673221e-02
-2.161994180435495849e-01
3.094063020851819168e+00
nan
2.414476777883740155e+00
1.068797047020351165e+00
-2.760770337475303204e+00
2.524382676551084614e+00
1.364743658785852354e+00
-2.199751519668431410e+00
-1.832287156838236397e+00
-1.218587358934886122e+00
5.199299809270820916e-01
1.023800803285614514e+00
-2.210414544027887729e-01
1.685560544818175188e+00
2.147363790814473816e-01
-2.062008081625672506e+00
1.028674228712304739e+00
1.487446688342273227e+00
-1.173494775510652843e-02
-6.872985777543938468e-01
-5.347695157595770965e-01
-1.088070535555342389e+00
-6.850819881891272445e-01
8.996594737202014969e-01
3.914626929310487391e-01
-5.881061950045962661e-01
-2.147978767482684237e+00
-2.605428521513183604e+00
-2.997723760643627777e+00
1.098536814641015269e+00
1.310675665804418522e+00
1.395556744051662079e+00
-4.552185790394918108e-01
4.047655887206125236e-01
nan
2.867993767379488190e+00
2.542856456811098731e+00
nan
nan
1.667503074360729975e+00
-1.662634507867849276e+00
-5.972979079755504905e-01
-2.758417942863865768e+00
nan
3.095606405240799219e+00
1.857964763679653686e+00
-2.175895056673223138e+00
-1.925787527343369332e+00
-4.922211105363185624e-01
2.825686891955371927e+00
2.879695026981943684e+00
nan
4.181981762391484558e-01
4.103656497349650323e-01
-1.069844646249177522e+00
1.162261112337334978e+00
-1.178460468600073252e+00
1.704054636556392666e+00
-3.126895098299934173e+00
-2.238316932951322169e+00
-1.314987136845632065e+00
2.808415965131274561e+00
-1.541044363774561887e-01
2.477205999863350883e+00
nan
-4.594940907885280978e-01
1.600177860847798783e+00
nan
-2.191544949030537648e+00
-1.182053335395827354e+00
9.366175757035444249e-02
-8.404130616598228798e-01
8.119536883161493357e-01
3.041808992461570327e+00
-4.298442886084310466e-01
-3.025549301887591191e-01
nan
-1.680953544172054004e+00
8.787269150514287475e-02
nan
-2.540764744945194664e+00
-2.347432683647973306e+00
nan
-1.137539114062642742e+00
-2.640808163748208148e+00
nan
1.649542264699785932e+00
1.072964497694131936e+00
nan
-6.460201018836895237e-01
nan
3.046205228079257310e+00
nan
-2.489117088897816910e+00
nan
2.162513586527695431e+00
2.598918932463987197e+00
1.542670100634091490e-01
2.998162017003641822e+00
1.818231164323822924e+00
nan
3.097325234082995316e+00
nan
-3.290853907071533690e-01
nan
7.037966403703324048e-01
1.785765785409301643e+00
nan
-3.064659812671606254e+00
nan
-2.529266031692054106e+00
-1.994205043380214981e-01
-3.810028436709331778e-01
nan
-2.760168136660311244e+00
nan
9.071411771838358007e-01
-1.331928546806087077e-01
-1.696785798576260440e+00
-2.819272675386502058e+00
-8.837828547369901422e-01
-6.487545482064072111e-01
nan
1.139771659287402983e+00
3.595535713022033342e-01
1.570273805029533953e-01
1.097469103104852017e+00
nan
-2.991305600679287302e+00
2.948060143392297938e+00
1.010248828307117819e+00
8.176705295548840624e-01
6.678192808514009648e-01
nan
-2.486318188755536784e+00
-2.168260099165491006e-01
-2.091309524841920009e-01
1.755952889424760244e+00
-1.414232087289130746e+00
-1.138882521285516702e+00
-1.524991822642347339e+00
2.234658710390818648e+00
1.559830658874888698e+00
-4.469961177096344329e-01
2.395900109040614012e-01
2.164208431124365895e+00
1.859578451440879299e+00
-6.994088805121423391e-02
9.601296732079891427e-01
-1.682887736116872368e+00
2.772983862618740858e-01
5.341134744919151522e-01
-7.406894012188218746e-01
1.110950330492160631e+00
-2.284241195031979643e-01
2.021255074686202136e+00
1.880951058324756175e+00
nan
-2.704938709995611479e+00
8.337990545956635025e-01
1.205429172297968421e+00
-1.938848415218008991e+00
-1.437610457109589790e+00
-5.451101168658096796e-01
-1.023323041482690154e+00
-8.428311339686516135e-01
-2.646615576544701920e+00
3.076096871809248512e-01
1.785113114547917768e+00
1.701837482436422633e+00
1.503241863368733888e-01
1.704222372967905130e+00
-2.460141901519417473e+00
-2.517064273213879044e+00
-1.018141616779999481e-01
-3.368122703663911643e-01
1.841618962638706058e+00
6.696310438161221512e-01
nan
nan
nan
1.619617402771540426e+00
2.245370750650677927e+00
-1.053065417826917205e+00
1.979062028551703101e+00
2.033723391006891923e+00
-8.368020103625499750e-01
6.466361806859461936e-01
1.074549674426345192e+00
1.927927980063122604e+00
-1.585918979739003642e+00
-2.421510791661075856e+00
-3.423510719555786785e-01
2.932050843737309620e+00
1.224797503163903123e+00
-2.698576536834500939e+00
-6.227769523947292996e-01
-2.657666170817680751e-01
1.158178465104128030e+00
-1.056905252922791583e+00
-3.232317007008416176e-01
-2.625850232386292227e+00
1.160523694152435503e-01
-1.620176723199348467e+00
1.026605403483783263e+00
-2.823459401621247089e+00
-2.455184481127868246e+00
2.355618935538228875e+00
1.592297936813378278e+00
-8.190827852334336967e-01
6.315722011939763902e-01
-2.689792894138058443e+00
1.409402470295392007e+00
-2.085741244117198967e+00
8.690647855181659054e-01
-2.604283302620258311e-01
-1.727762030456877707e+00
2.545555909990691035e+00
1.840072543810791217e+00
2.073429356296972337e+00
-8.288243445076699523e-01
-1.765782992119732331e+00
-2.645179033657569789e+00
-1.060658502074319998e+00
-2.567871758100622959e+00
4.545222904399999209e-01
-1.811338221218722566e+00
9.320703801897316509e-01
6.232722185848467156e-01
3.584285206615343000e-01
-1.258197176784980886e+00
1.493590408886269927e+00
5.762664984079060027e-01
-1.027977963847184206e+00
-2.895573343133728716e+00
1.510556358867916060e+00
nan
-2.131884353683994426e+00
7.538206000621618941e-01
-2.474666441059421018e-01
1.350972144785483664e+00
1.500866696141696544e+00
-2.861804344169032177e-01
2.062032245972860167e-01
nan
-1.215715182427067109e+00
1.010332123222993594e+00
1.077527117057957895e+00
4.614488351690173573e-01
-1.359730562418613786e+00
1.322146246415921489e+00
1.588455324484549180e+00
-4.935355497505837796e-01
-1.291685187457101813e+00
-1.848504003052950706e+00
1.249449131126454837e+00
-1.333539148151265952e+00
9.245339758432624677e-01
1.554400455167731288e+00
-9.169285016524031384e-01
-7.375123732064774451e-01
2.396422586818980349e-02
-4.769777436452162789e-01
-1.636615749250709628e+00
2.190009555505154637e+00
nan
nan
-3.039208443325374542e+00
-1.343760881434789223e+00
-2.219334409836162259e+00
-2.912848061166509073e+00
5.975396212661796547e-01
-1.608814650558252346e-01
-8.477057523827444818e-01
2.587879009038647204e-01
-4.468783549126720267e-01
-1.419760723040795591e+00
-1.201487091454351397e+00
-2.289480944032453280e+00
1.575415768697855157e+00
-2.163731352577338729e+00
1.826529728448624823e-01
2.460231525863605384e+00
1.287603735063683530e+00
4.867662175761342525e-01
1.749424680732167836e-01
7.973026502213191868e-01
1.081224278007595352e+00
2.509888057535072825e+00
3.903851174669630275e-01
-1.688017892822872401e+00
7.578414873802818974e-01
-1.592268988922961537e+00
-2.699683575890623022e+00
nan
9.632967903099096674e-01
-1.745049663104922821e-01
-1.522507038240320298e+00
-2.846693855484531355e+00
4.578766674838630202e-01
1.919327027197067714e+00
3.113104483429244063e+00
3.081753189978422292e+00
1.669746431826396815e+00
-2.881718812262953566e+00
2.302798150624537854e+00
8.543493338231771261e-01
-3.032205351197486909e+00
-2.778670893063952096e+00
-2.400916851698822185e+00
-2.398809200436847533e+00
-1.780242226869656719e+00
-1.278913696595709526e+00
-2.331754524594928046e+00
-8.852941922529748986e-01
-2.674863437399070953e-01
1.889115096760501267e+00
nan
nan
-1.452310146333131158e-01
-9.496918035456722862e-01
2.965631184996013303e+00
2.095544945394239633e+00
1.643845859949248478e+00
1.589904120296243839e-01
nan
-2.295954522268489839e+00
-2.302315559074167073e+00
-1.462169390630754240e+00
3.037500968694421211e+00
nan
nan
-2.647763144531784629e+00
2.928476084309874494e-01
nan
-1.153317683821072359e+00
1.119884264269733976e+00
2.107308007251737614e+00
2.029753409720860269e+00
1.264080803663357955e+00
-1.111095589747169043e+00
-9.044593268386389440e-01
-2.308384272822587846e+00
nan
-2.840412484338527221e+00
-1.940063437463529716e+00
nan
nan
nan
nan
-2.284641905113499849e+00
6.975106609332346608e-01
3.571575008838618892e-01
1.920632552653043668e+00
2.526177343286160948e+00
4.265103658033497780e-01
2.514673936645338337e+00
8.725158833313706452e-03
-5.924294661713802590e-01
-1.319157834929969075e+00
2.053309830344506537e+00
-6.598982295896260730e-01
2.357783265872737566e+00
-1.152216085101570586e+00
nan
2.357429996963652741e+00
1.317756751390190217e+00
nan
6.817575594888003465e-01
-1.753537426171557057e+00
2.947130062207379275e-01
-1.634312999934339983e+00
1.531748770223608780e+00
-2.560148792756366642e+00
1.134263056179203311e-01
2.727734295057554270e+00
2.219726039770328008e+00
3.391651713093302156e-01
1.914430642725830189e+00
nan
-2.906513031882043574e+00
-6.984407970153854173e-01
3.074659355558960527e+00
1.068351558992508110e+00
-1.141037084784427336e+00
1.601740872021699680e+00
-5.037738211424080959e-01
-2.571424442738292626e-01
-1.044165140334817998e+00
9.770904113509821798e-01
7.068055599145095513e-01
-1.411564859572655761e+00
-3.250589789980122823e-01
-1.524849418770555687e+00
-4.756536475354256055e-02
-2.111069088789185422e+00
-7.977119913617243263e-01
-2.828857500950640258e+00
9.584456599146191635e-01
1.982383890162404683e+00
-1.119886637827439468e+00
-1.448672110410333946e+00
-2.172480626783883650e+00
1.604680596813641280e+00
-3.253983535502280589e-02
-1.100877093714509591e-01
-1.534650564767027658e+00
-1.047651653392021931e+00
-1.154437983698808345e+00
2.075705877164699231e+00
-2.433916865951100128e-01
-1.637605252169614278e+00
nan
-4.569650155387319224e-01
nan
1.383089369275134928e+00
1.882334939089578718e+00
2.899697609815623522e-01
nan
-6.528132694477317699e-02
nan
-1.583741869656815515e+00
-2.983963314125283706e+00
3.241627060963154783e-01
-1.889332601885204133e+00
-1.013779701503591646e+00
-8.022506387810675044e-01
2.573317919213137905e+00
nan
-2.206324665481784741e+00
-2.946889030993327996e+00
6.515144786670297172e-01
-3.172306019328985371e-02
-2.925483548792578770e+00
-1.899139754814943126e+00
-1.424492480340417533e+00
-6.346259259369095851e-01
1.829594634412603504e-01
1.925509100583164823e+00
-2.894081863382212738e+00
2.790178599555672712e+00
-1.633837049730163082e+00
8.436084144060891354e-01
-8.973841212424309433e-01
7.669264720958945958e-01
-7.711935545478514342e-01
-1.298692059380375019e+00
1.045506417345220207e+00
nan
nan
1.969239329785188453e+00
-8.941535826540878418e-01
3.122790852933881034e+00
-2.247702616530227182e-01
-6.662222065893561584e-01
-1.379205980920168662e+00
-2.011081304340770703e+00
-2.306808297286448983e-01
2.751916013997483645e+00
1.985201853205317057e+00
1.985291250174206823e+00
9.627735859255395212e-01
2.898964730510643406e+00
1.820270359231317414e-01
3.249006831868146428e-01
-5.571832697080307817e-01
1.214963047587579226e+00
-3.164892089299806699e-01
2.860523833966309937e+00
1.182816144241130019e-01
-1.342361336556337159e+00
-2.720026688439808105e+00
-1.445656897535458230e+00
2.044833796126741987e+00
-2.529130609164651045e+00
2.913883947466899826e+00
nan
2.212550055761623113e+00
2.183301306476388426e+00
1.203687316327589407e+00
-1.038100081798222885e+00
1.876461980530991447e+00
1.106593305135668892e+00
2.649504508019314031e+00
-4.437636949394909713e-01
2.600978578999053603e+00
-1.219287806713184263e+00
5.927162214416341612e-01
-1.391808523816257637e+00
-5.085629935336744012e-01
-9.851736104621138246e-01
-1.625772013714774200e+00
-2.325621519254933656e+00
4.127397040191240762e-01
-9.923141480516362023e-02
-1.577659541630877849e+00
2.270239113736063352e+00
9.521807501446515332e-01
-5.742971894037554037e-01
nan
nan
nan
7.412013340074006251e-01
-3.539200173267031957e-01
-1.906749204626031258e+00
-5.739461105460414991e-01
-2.270678895056846169e+00
3.043621828000151908e+00
7.898739462221437968e-01
-1.225002770950208708e+00
2.450731839386501854e+00
-2.619451898153024150e+00
-2.213109138477680204e+00
-1.804196533496730037e+00
1.633399116828555542e+00
2.541864609776427031e+00
1.580100522489669146e-02
-1.131543438811671631e+00
1.426916367557431009e+00
-3.938863177678122440e-01
1.270347322705946524e+00
-1.501704786738997655e-01
-1.678382725919096208e+00
-2.006201152099646112e+00
1.067147257904730751e+00
-9.337859614299639510e-01
-6.299377475077432287e-01
1.160535870030237504e+00
nan
2.363622880325575437e-01
2.203637056386817505e+00
1.237075354925673665e+00
-1.415414674662752725e+00
1.432757081140804800e+00
-1.149410867934309577e+00
1.143242963980648952e+00
-9.714187564936316299e-01
-3.421782072813757125e-01
2.782507560773556321e+00
1.968721047415503911e+00
2.226019099449122685e+00
-3.607045274549847136e-01
nan
-1.760842270299685097e-01
-6.661704608419292128e-01
2.445681247388852064e+00
1.290248874847580218e+00
7.254211085849782137e-02
-2.850432808609856039e+00
-2.221255063219265580e+00
1.783547483353118857e+00
5.922595694929904120e-01
1.694995665304939614e+00
2.464591377384395265e-01
1.055936856237120303e+00
-1.864258487327514757e-01
-1.444255915118535682e+00
-8.052096363397480694e-01
3.053600051920889236e+00
-1.919638077247989294e-01
-7.419519022775338257e-01
-7.817673505502549247e-01
-9.971815258164449247e-01
nan
nan
-1.757298573234971961e+00
-9.788462169321858752e-01
-6.062484562789443032e-01
-2.386706105109110965e+00
-8.177765052463192852e-01
-2.716342552337922100e+00
-5.232515888358126865e-01
5.705548103557052109e-01
5.893955066095637463e-01
1.316023629798070971e+00
-1.958578801764159660e+00
5.920398588779822724e-01
2.437652580558947513e+00
3.216859858480165535e-01
3.732082254750990202e-02
-4.681416307934669341e-01
-5.621667859420629298e-01
1.339829678904491672e+00
-2.195587597334552665e+00
8.967068146515710936e-03
1.528735607420022014e+00
-1.131455772480109978e-01
2.161615406252336058e+00
-2.194876248401284702e+00
-1.536858741406520013e+00
1.222453798965966953e+00
-2.043586233456342605e+00
-5.895483972508914761e-01
-2.990521922191462956e+00
-2.042660710156383619e+00
7.398419546876477959e-01
-3.541201528205615290e-01
-7.835853428775911844e-01
-3.644696037566763636e-02
4.233855780290123327e-01
5.650344095916106646e-01
2.334655052278526988e+00
-5.372547823416153889e-01
1.052124131705931553e+00
-3.032364009658882420e+00
1.186948960162964362e+00
1.124612443159686670e+00
-3.384134180700244521e-01
3.016787972257650274e+00
1.448468041612516188e-01
-1.939232089628588396e+00
2.467132869516901472e+00
-1.624687750813545328e+00
-1.042321448591763566e+00
-4.720648834139500316e-01
-1.640796713562200360e-01
1.943233043893711098e+00
6.957428627052202330e-01
-2.925952008216308187e-01
5.786728042576729791e-01
-6.593864041009216415e-01
-2.103844414992248169e+00
-1.750821975631311034e+00
3.401920458249909629e-01
2.593054416342975621e+00
nan
-2.113326307443709418e+00
-4.743944320055106800e-01
-1.641599929428735782e+00
-1.451303656975285739e+00
-1.586565018187872766e+00
-1.386126739008471276e+00
-4.909877801444748613e-01
-1.401833388364475796e+00
-1.479758374056165060e+00
2.209190809541840217e+00
1.225455910423301376e+00
-1.823210894675374005e+00
-3.851641012006519205e-01
-1.427762209676851413e+00
9.877860663939905805e-01
-1.148800754004392743e+00
-1.773674202981607495e+00
9.770821874146751185e-01
2.328046190894959011e+00
4.292437474930617114e-01
3.028431418742195902e+00
nan
5.010638872253601050e-01
9.367788063858544234e-01
-1.633328760758312237e+00
-2.168707406378305169e+00
-1.590592669660251923e+00
-8.257297475127973740e-01
-1.612404118936644259e+00
1.941550822241686625e+00
nan
-1.596724332315324624e-01
1.769126312816196034e-01
1.551587182373721063e+00
7.366213873097149367e-01
1.995491506165887330e-01
2.317743446843794075e-01
2.842732427704528497e+00
3.987450593652246411e-01
-1.957080136740526166e+00
-1.977605720740993611e+00
2.547849102921224684e+00
2.011203184509517072e+00
-7.908911695919638163e-01
2.233258826793721674e+00
1.369405071031547294e+00
3.002208129954043514e+00
nan
-3.068593305884216527e+00
1.024861621282395774e-01
1.846726077440105307e+00
9.828890887037449176e-01
1.262705972552080169e+00
7.584134425614950104e-01
1.460157763711312562e+00
1.780302368524750989e+00
-3.246655779273552866e-01
6.679486556545279896e-01
-3.329827489586985045e-01
-2.800234892620661498e+00
2.799347287913039217e+00
1.638608301950401192e+00
nan
9.771998421608740770e-01
-7.903845297657396962e-01
1.637590852282853504e+00
1.844736052164115847e+00
2.391862269711531042e+00
1.212970283971325003e+00
2.400287281807149675e+00
-3.272821357602460068e-01
-1.364340490932351102e+00
-3.042622264897484108e+00
-1.564653471358415260e+00
-1.890353612075888368e+00
-2.012092835967613347e+00
2.330701448555663191e+00
nan
-1.767492178142876069e+00
nan
-2.272407451693086777e+00
1.708711339466639778e+00
-1.109003677827886669e-01
nan
nan
-2.408585844130294085e+00
nan
-1.875957294023501420e+00
-2.430773079826500371e-01
-3.083129187099547863e+00
1.603016960880483843e+00
-1.730647611323979929e+00
1.386168024727767012e+00
8.711360315878113880e-01
7.423558909480654222e-01
-8.411186296788386585e-01
1.534774726369159126e-02
-5.357893263170163678e-01
9.256099713125438555e-01
1.359709314337927744e+00
9.921683760851083278e-01
nan
-3.702280071354442370e-01
nan
nan
-2.229281669447706449e+00
2.216399313919129810e+00
2.927153400058277732e+00
-1.649458784472606965e+00
-2.278244694705761297e+00
8.697847536154750259e-01
6.060688638003544071e-01
-5.440986955777291634e-01
nan
-2.519322413350750800e+00
-1.568276742756862019e+00
5.368021992860452229e-01
1.255272114193028976e+00
2.918628582325651699e+00
-3.006807507412627700e-01
-3.483834128427560906e-01
-2.063101414058845506e-01
2.938989264168634818e+00
1.538286940536036873e+00
2.049429932063847382e+00
7.671230945145759428e-01
2.075406073550931652e-01
-2.666798806788501786e-01
nan
1.398806363402687047e+00
-8.470711359138283214e-02
2.017203256114075138e+00
3.141542809040652529e+00
nan
2.882717443902616417e+00
nan
-3.407189675448085708e-02
-2.213127129186640119e+00
-9.153265674195671942e-01
-7.999590023698694985e-01
-1.192048992283635256e+00
-1.676103764986943911e+00
-2.683981623836992014e+00
-6.804736683654857288e-01
nan
1.304738960674010073e+00
-2.795439983990293698e+00
-9.477198257454189090e-02
-1.756689854069960033e+00
5.464320494934877814e-01
-4.333963392054047681e-01
nan
2.562483056101823031e+00
-8.769023251196199631e-01
-1.884965738947766756e+00
-4.391963619068928182e-02
1.633405500422139056e+00
-2.593309257564238024e+00
-2.303710524899525769e+00
1.273542185574352281e+00
1.932380147661796777e+00
-1.674649363265619639e+00
-1.142556929932863063e-01
-1.753085602792099129e+00
2.932291903050641579e+00
1.301227612950842882e+00
1.294783639316038126e+00
-1.555129717552485857e+00
1.334722744078398193e+00
2.589594238544358440e+00
1.887606139494956814e+00
-1.341363777735698370e+00
1.059097747769848219e+00
-2.406018771313861215e+00
-1.430788798980412446e+00
2.884336954698373923e+00
2.073624893128648949e+00
2.422512017373014359e+00
-2.020086554095987363e+00
1.721104741520779413e+00
1.243273343382043095e-01
-2.445785126612426197e+00
5.325751041251600704e-01
-1.829206405269480085e+00
-7.892704240715131547e-01
2.574892412813490239e+00
-1.654404402111833150e-01
-1.277858992715188879e+00
-2.438314197141603579e+00
-2.455251340098778989e+00
1.448278438967953718e-02
1.699220182418629044e+00
nan
-3.026564712360157561e+00
1.660137161703120867e+00
1.143800496742247930e+00
2.944731157824476142e-02
-8.868776970202767451e-01
-1.981958159630533123e+00
9.593486700475004625e-01
3.696969772945895016e-01
7.185867854356278173e-01
-2.044623181387373645e+00
2.173917045292836470e+00
5.201630245143724629e-01
1.818108968902447664e+00
1.508708572915556267e+00
5.493665925395299077e-01
-3.014697040547141160e+00
1.148990188267561052e+00
1.926853857949049953e+00
3.041172130773303728e+00
-2.816632040945425519e+00
-1.120191239274625161e+00
-1.572515083280220827e+00
9.043937356173747943e-02
1.121854207745345278e+00
-1.616823944450354711e+00
-2.610421069484081258e-01
-3.056628506731114747e+00
-7.953775103366207411e-01
-2.878976464103813804e+00
2.465078746601250259e+00
-6.532902980923238623e-01
9.515702080392429707e-01
1.231446089820398271e+00
-4.160668070894808501e-01
1.772845057190404638e+00
2.145584042830645188e+00
4.458553165425169773e-01
-1.777997301462793001e+00
-2.715346204375212125e+00
-2.453054171697418351e+00
-6.659739025664648260e-01
-2.586724900754008516e+00
3.816457517648830233e-01
8.301369680286225794e-01
2.769422897112740145e+00
1.244843192864565573e+00
2.418793093236673464e+00
2.713276683640303055e+00
2.480743748550404248e+00
nan
-7.789424321830193954e-01
1.484786960192748140e+00
5.727328682869297083e-01
7.534095723561566871e-01
2.335598180856178985e+00
-1.515703509116379077e+00
2.012818128332220624e+00
9.848372376687670737e-01
4.135263225701466538e-01
2.607164108063247276e+00
2.708580422035534063e+00
2.789332981425651781e+00
-1.194198320596101093e+00
-2.820523672206385779e+00
2.906281830156418167e+00
2.226023011625936299e+00
nan
-2.600317723117822055e+00
4.779791096038166209e-01
-2.654024958261245626e+00
-4.301023849862222193e-01
-1.870942323018865094e+00
-1.255149654819915028e+00
6.247699470062682003e-01
-2.298984977156035114e+00
-6.882794516653234496e-01
-1.049164183043653775e+00
2.118327791305338437e+00
-1.066739542368826843e+00
-1.431232975429208798e+00
1.205794813225176121e+00
-7.883112652892045880e-01
-2.077159744328606283e+00
-7.832678942153239454e-01
1.556710816311169587e+00
nan
2.530566920148594079e+00
nan
-1.570575792721873976e+00
1.320645028222751982e+00
-1.188538710038068658e+00
2.107638197837972349e+00
-2.422019014427605477e-01
-2.058079926250647063e+00
-7.630440696627660557e-01
4.053008515062965778e-01
-1.002412356823080941e+00
-5.430827398322244370e-01
-2.568438756528753864e+00
-7.308734187538687976e-01
-1.158555774049880860e+00
2.658087669282924281e+00
nan
-1.817839196685113734e-01
-2.063529561559963810e+00
9.097790029454078109e-01
-1.487615530559055488e+00
-2.033892351762003337e+00
2.599988993528233649e+00
-4.155021780836114509e-01
-2.883681771698329843e+00
-2.787055779383615928e+00
2.025425594778265115e+00
-2.302989842652903185e+00
1.004440811268184852e+00
2.078449583632437481e+00
-1.210869130262957283e+00
-9.884313238861652806e-02
-1.792810006303529491e+00
1.670549522772280859e+00
-2.132023613103357640e-01
2.788576269246581418e+00
-5.901923884620225991e-01
-9.830004055857828327e-01
-2.827331055566857820e+00
2.404270501208527477e-01
1.817287711325187516e+00
-6.179957463313279220e-02
-1.351189804817826134e+00
-1.912490293964895560e+00
2.703103872075169889e+00
1.057738154992843960e+00
2.507154192601144693e+00
1.821643610041727257e+00
-1.297448063433560561e+00
9.673868208256140022e-01
-2.300261242565614150e+00
1.576462260959976547e-01
nan
1.220645257549355378e+00
-2.884072387369145396e-01
-1.138181825338420605e+00
-1.175991185809751149e+00
3.227592786892814480e-01
-1.329560824395406682e+00
2.210426381380211858e+00
3.032993886690648289e+00
1.401301020519832186e+00
-1.384318938744828920e+00
-2.027163419174407899e+00
7.672083600636536715e-02
1.458833784230200159e+00
-4.925783726294885589e-01
-2.650655676135593275e+00
-8.531235673884998150e-01
2.245355512250593932e+00
1.028898529263737593e-01
1.137710233344038535e+00
1.353087090004104986e+00
-1.366094366927637083e-01
nan
-7.428707393505593615e-01
nan
2.289094346696193938e+00
-2.979716613306884199e-01
-2.802284857895196879e+00
1.730111291573810384e+00
2.908768453577254220e+00
-3.082537795741746578e-01
1.895284157016975612e+00
1.769431568554988843e+00
4.962847064737516689e-01
-2.748000428857083843e+00
-9.838254887312292141e-02
-2.174988406625229853e+00
-9.609470393794996568e-01
4.738398977408464496e-01
-2.026990898284992682e+00
-2.378551335978614567e+00
8.228591635432453977e-01
nan
9.001482191949676803e-01
1.164383894089746185e+00
-5.317518621697066017e-01
1.235680118513831083e-01
2.454031033855179622e-01
-7.433992218359160020e-01
-2.498704100622537005e+00
6.332348526416202716e-01
2.387976847122581958e+00
-8.151771098429820839e-01
-1.002290530189869244e+00
-3.042548710023085246e+00
1.597331744119165897e+00
2.930079730218174916e+00
1.993380537968115540e+00
