1.868335570078474284e+00
9.595665012298173480e-01
5.105724164848424174e-01
2.787902525688426003e+00
1.508239586751621175e+00
1.010421026601417971e-01
2.110681217873133342e+00
2.840413270832610415e+00
nan
2.926492389318702259e-01
-9.984142249775826983e-01
3.014595147552698862e+00
-1.652145063225068489e+00
-2.032043521659259611e+00
2.598941504597291896e+00
2.176072087150134671e+00
-1.294960322712020995e+00
1.683425366614605068e+00
3.992642413239733123e-01
2.193081798184039144e+00
nan
-3.963037389777448460e-01
-7.763757623391565055e-01
-1.798655192158844729e+00
-2.640594755871939370e+00
-9.471438372239804337e-01
2.879201547234782055e+00
-2.671820591702423808e+00
-3.121053970585074389e+00
1.248826040569793960e+00
-3.464881051237838072e-01
-1.616056829872489109e+00
1.246470914128435581e+00
-6.759294670711670783e-01
-2.557136794553836356e+00
-4.398134774217288268e-02
-1.263442440392089638e+00
1.922970209699826682e+00
1.523486115584414158e+00
1.167977500129175006e+00
2.672671175335871396e+00
6.259212743091393527e-01
-1.374956105457969979e+00
1.064276848961870137e+00
-1.085118112619740671e-01
-1.825498776673551093e+00
2.787420222694833249e+00
1.514275836118890162e+00
1.483224349416277121e+00
nan
-1.080698107490349891e-01
-1.400175025416145358e+00
-2.175644703190136475e+00
-2.132267311818204725e+00
-3.922292339545982998e-01
-1.810814212165765991e+00
2.670575611726510701e+00
1.221382604007678729e+00
4.404011620215624312e-01
-2.987677599292566377e-01
nan
nan
nan
1.246908179648484882e-01
-1.244213620050258484e+00
-6.986906539712780528e-01
6.556691630800450810e-01
-1.328712700811996328e+00
6.616752179951213009e-01
-2.127003266884784694e+00
-4.150378432454724376e-01
2.676721370392924904e+00
2.191646372032559853e+00
4.144234033571421172e-01
-3.086160795488108288e+00
nan
-5.775272920408274224e-01
nan
nan
-2.963370255219850868e+00
-1.357991468648892308e+00
-9.379905264380248298e-01
-2.005675944201898986e+00
1.061508391991692335e+00
nan
-1.152349416460711762e+00
nan
1.328293264678893415e+00
1.559271759294294846e+00
-1.821329287463968605e-01
1.701828390100733834e+00
1.004432525707365187e+00
3.664096554489559843e-01
-1.392686930707027981e+00
2.133408756963751429e+00
3.865067346473147758e-01
2.459092110574653489e+00
nan
-9.245136319441806805e-01
nan
nan
nan
nan
-1.576557639222537111e+00
1.889884853461069270e+00
1.049011505549190204e+00
-3.067795132572496808e+00
-4.549238559569985796e-01
1.203024694997769650e+00
-9.678787883618409360e-01
-1.642266440722858434e+00
nan
-9.678787883540520554e-01
2.090048167863015394e+00
9.370273369555235377e-01
-6.119901884025229499e-01
2.567629372199083271e+00
-2.091602417728040120e+00
1.960357375828785109e+00
4.032996069136580708e-01
-2.198870573989008204e+00
-2.196165964715881547e+00
-2.387096026355155942e+00
nan
1.815304018217944737e-01
-1.090666978522184305e+00
1.416384531610947128e+00
1.849744939343272776e+00
2.123274588842565258e+00
-1.796175361798272307e+00
-9.259677908335666174e-01
4.003687830466793329e-01
-6.686873792008620754e-01
-8.012414173693338526e-02
7.908382739766031122e-01
-1.732911433749512398e+00
-1.531353033350353998e+00
-1.939098650462059537e+00
1.547852922071635717e+00
-1.078265964074490491e+00
-9.189206923134984883e-01
-2.465324342673407276e+00
-2.912595417667034337e+00
2.172386825180478098e+00
-2.780387919523326090e+00
2.610490020407698175e+00
1.656184986022471328e+00
-7.105562930796045507e-01
-7.227372038538293353e-02
4.642607457254572800e-01
-1.255312731541904814e+00
-1.549919279393521698e+00
2.909405316220603943e+00
-2.259706106577371809e+00
1.789397628838589327e-01
1.100668236674918532e+00
-3.104160230605495396e+00
-1.180635458891079681e+00
1.497585540054029885e+00
3.017677520503200483e+00
1.140880682600334595e+00
-1.361953045120012362e-01
nan
nan
nan
2.897880090667913855e+00
1.015670593811659472e+00
2.843479222211501956e+00
2.341075872072154951e+00
1.170299103657819195e+00
-1.112693515388764709e+00
-3.108791303298606756e+00
5.102356766266598065e-01
1.138179294143873754e+00
-3.028978685663954895e+00
-1.735910353701473952e+00
-2.450593724203663726e+00
-1.527821114980480788e+00
-1.457526149105879298e+00
9.916276284907219463e-01
1.814574280634452030e+00
-1.629177677732182472e+00
1.720586353866191409e+00
8.335332918979410088e-01
-9.497113142915747375e-01
-1.349305215215073961e+00
9.786090785341006182e-01
-3.043575697384713674e+00
1.641642516618097680e+00
nan
nan
nan
-2.445273690028801905e+00
4.357357675088957549e-02
8.823254107804689994e-02
-2.872451962713906681e-01
-1.833619176940002315e+00
1.825279572910217141e+00
1.669393821506803377e+00
2.095756354620162298e+00
-1.227058453705609731e+00
-1.274212987024547772e-02
2.345581552480162202e+00
-2.781937259530309348e-01
3.629267008083680857e-01
1.291774044482548511e+00
-2.058983305436982825e+00
-2.151039897318558936e+00
-1.565514891690181098e+00
-2.393128639895126142e+00
9.925828289305291818e-01
-7.306597685933082786e-01
-1.802243125623656406e+00
-1.676717439668763410e+00
-1.744306172750449857e+00
6.081816481053312629e-01
-1.690701865984656216e-01
1.598551983921722375e+00
1.042969384287822265e+00
nan
-1.687254268619585940e+00
-2.022996974113696389e+00
1.610149308204423590e+00
-5.257224524558226086e-01
2.137450776875597924e-01
-2.001044513797253899e+00
1.074110783102901756e+00
-6.887009099288121661e-02
-2.255146081300375194e+00
nan
-1.512020788689967699e+00
1.983453415218116689e+00
2.087412583329270710e+00
-4.092369097893842067e-01
-1.485046816544160375e+00
-5.423320285071264735e-01
-2.183258884772836250e+00
-1.866544810331187465e+00
nan
2.691083975139915374e+00
-2.961532408598310795e+00
-5.467282647950129082e-01
9.343004422881797666e-01
-3.763724153666831995e-01
-1.404287359272824220e+00
-3.015836674826055219e+00
-1.159443823870875745e+00
-1.324652684797544611e+00
-5.400628281351775861e-01
-1.091009805253047471e+00
2.987636101296448743e+00
1.768827303697300124e+00
-4.923182227778122311e-02
2.355038680293173314e+00
-7.584453081314066480e-01
1.943432508638651690e+00
-2.474851551544521300e-02
2.628865325317780943e+00
2.011043585657321664e+00
-1.080676542561067599e-01
-1.946728396445258857e+00
-3.138832821358973124e+00
-2.270890138447223983e+00
-2.575758296011359860e+00
2.554942433287133774e+00
-1.905434332614719395e-02
-1.797451280901956716e+00
-2.861631736371976764e+00
-7.803568043791284659e-01
-2.064668795566239723e+00
-3.940223279667107725e-01
1.127232780862583716e+00
1.502237821805508133e+00
1.307314397291635899e+00
-1.660398898389684241e+00
-1.594569714958016027e+00
nan
9.499822509158262207e-01
nan
2.708865822098680098e+00
2.520967613147560016e+00
2.926777167821281722e+00
-1.251703151670475300e+00
1.700646366582047264e+00
-2.818753844775079287e-02
-1.428306230608732408e+00
-1.227902119839035633e+00
2.644360325207659734e+00
-1.383464623698389406e+00
-2.200398664178680797e+00
-1.350661255363238222e+00
6.425407172650499099e-01
-1.376902141389679812e-01
-1.615592316904896464e+00
-3.690331766866172813e-01
7.976158119597656082e-01
1.952729940875372883e+00
2.658623125478746019e+00
-1.633175002438254975e+00
1.859847060842367839e+00
-3.136809130211544616e+00
-2.640342127128154637e-01
7.845541893260592481e-01
nan
nan
nan
-2.245226204078076826e-01
-2.794873527718013229e+00
-2.737156635559103712e-01
-2.703120452849224087e+00
-1.895166479522170100e-01
-2.244287113232428243e+00
-1.423847190959230957e+00
-1.452820104696681991e+00
-2.308181279374905692e+00
-2.965450132912512693e+00
-1.263809264574671909e+00
-3.296767723399760541e-01
2.514897610778400683e+00
2.922335763923417318e+00
3.914050877673078688e-01
-1.617532786693859581e+00
-1.443618046081930562e+00
1.813637001190894438e+00
-2.132551828923789028e+00
2.910539653627793655e+00
nan
1.910069748711882731e+00
2.644171443249927478e+00
-4.940846641492724345e-02
-2.782786528694962680e+00
-1.415165388027134208e+00
-2.459169081440837346e-01
-5.835380895383459610e-01
-1.813174924247059172e+00
7.768855671103138683e-01
-8.199613790399093993e-01
8.680648107185966467e-01
-1.986727184106463540e+00
-1.919020368342976735e+00
-1.742370950214815029e+00
-1.305806426821274124e+00
-1.472580791123413668e+00
-2.288165846314013319e+00
1.216371141258729693e+00
4.757629479880414181e-01
-2.949365715224505191e+00
2.330584856916181558e+00
7.014363940315231361e-01
6.239965513215852688e-01
-2.615153289649278623e+00
-3.034003430092506726e+00
2.141714773706627106e+00
1.372396558833453462e+00
-1.874600868760897487e+00
-2.171202044721052715e+00
1.854207636015861915e+00
8.543626014978702443e-01
2.695670410517874593e+00
-1.189871747344939168e+00
-2.260422909977418016e+00
-2.987137457202897028e+00
-2.893945643906736365e+00
9.655245673975141329e-01
1.548671514149696726e+00
-9.692407760461989596e-01
2.749454316668180631e+00
-4.489541783005237541e-01
-1.075269248136663247e+00
2.679978087371631013e+00
nan
1.410733921108808353e+00
-1.171229283519264142e+00
-1.789594970298842291e-01
-2.358806312942935524e+00
8.902128593648752641e-01
-1.671257306741733117e+00
8.784917925247537340e-02
1.854898803194870993e+00
3.068423369747804053e+00
2.984449864607723768e+00
1.057688514878297958e+00
2.677128463191288610e+00
-5.784126676796903510e-01
6.077023631124967018e-01
3.083585897973478041e+00
-5.605000540309359458e-01
2.865014140486067618e+00
1.342122050635746078e+00
-1.375048758387024561e+00
nan
nan
9.924499113145417439e-01
nan
-2.406478935840206113e+00
2.954521420751593297e+00
-4.445668417523496174e-02
1.749379312036225542e-01
2.048394386821640545e+00
-1.970775631718839627e+00
2.487721642904699770e+00
-7.104948898771459298e-01
2.210533235052088763e+00
3.409310853063018953e-02
-2.537319340424628589e+00
nan
-1.520554754194789471e+00
-2.297222053822343124e+00
7.388409121913417366e-01
1.618483865430033752e-01
2.720453257434827243e+00
-1.624101024018940187e+00
3.147911216827634640e-01
2.007352383715495847e+00
-3.078975999696963228e+00
2.654282793351165459e+00
1.040023464677902076e+00
nan
8.829633013076740866e-01
2.310221639656909076e+00
nan
7.484318699025056532e-01
-2.374972626895115013e+00
2.311437317336070052e+00
2.970448183914419005e+00
-6.541006679416661029e-02
2.088502442283011185e-01
-1.235764066121034510e-01
1.227208911388687262e+00
9.475745377116950863e-02
-1.143470094335166554e+00
-6.702065277044226832e-01
-2.160860500493940961e+00
-8.087611820090341297e-01
2.162853530180908201e+00
-1.528849243874127017e+00
-2.713626542332034930e-01
-2.323976289525969907e+00
nan
-3.004862841265167894e+00
8.417218207678800468e-01
nan
nan
2.916399774621702079e+00
nan
1.545307482767091400e+00
-1.595048966440581362e+00
-1.845082021043249476e-01
-9.881143877008704557e-01
2.743721906386039855e+00
-2.026670630969008791e+00
3.096980448898931648e+00
1.444634181200961542e+00
nan
-2.125615650657768363e+00
6.436989480937072017e-03
-9.618625992910021516e-01
-1.792977278574847455e+00
1.196629508701204436e+00
nan
1.424397539492681553e+00
nan
9.621911312072164435e-01
1.111427408222865232e+00
9.058917707484042126e-01
2.738850181598705191e+00
2.196460311854552039e+00
1.315704699855070103e+00
-5.439303213398449799e-01
-2.756087904634342944e+00
2.348443329351792563e+00
nan
nan
nan
2.897066365274036492e+00
nan
7.361970628063430055e-01
-3.046011686268452756e-01
-2.690814268039066093e+00
-2.825507703128497639e+00
nan
7.165480097244403268e-02
-7.130535222139053886e-01
-2.034495862536702226e+00
2.549750206734190172e+00
1.142325527462941359e+00
-1.170852892951637525e+00
2.864311356752116566e+00
2.875949775672025588e+00
8.704015891015153272e-01
5.134137114294476945e-01
-2.516999601608311821e-01
1.191766538669400965e-01
-1.849081623125324647e+00
-3.346422784233586967e-01
-9.769837183661960189e-01
-2.618310979145697104e-01
-2.922601714320417265e+00
1.936760436723927725e-02
-2.827934960679541199e+00
-3.132574317401203068e+00
3.629020428303326717e-01
-9.331991325248290003e-01
1.625241579968959904e+00
1.685975824413278978e+00
-6.433543100664262937e-02
-1.779496627277575183e+00
-1.493565600213170752e+00
-2.285188230031678369e+00
2.910886391104461346e-01
-2.353730227456994228e+00
-1.355544537860229326e-01
2.025340921097519065e+00
8.381786295346294047e-01
3.805636479880658563e-01
4.727578574291380065e-01
-2.423393658664757311e+00
1.516006722964207576e+00
-1.569087392197405784e-01
1.066879519252718289e+00
4.446649547349608156e-01
-2.991434208718691146e+00
nan
-9.370092032449801600e-01
4.669380776331641947e-01
-1.313457260036154484e+00
3.006039730737235516e+00
nan
2.067666880318627776e+00
3.221376790232062248e-01
-6.406502387673107535e-01
nan
-3.084945187889634344e+00
nan
2.067387753725429711e+00
9.612404820585540577e-02
-7.890057574091313697e-01
-1.060359675358971021e+00
2.606531788362237201e+00
nan
-9.060029471488482145e-01
1.043473644067418604e+00
-8.411325556732194286e-01
-2.180981155584391207e+00
1.746282616340717020e+00
nan
5.903222528816209902e-01
-6.591649909134678076e-01
-3.102542376389552103e+00
nan
2.989593097861192206e+00
nan
nan
-1.234286858525527331e+00
-1.473911407174872679e+00
1.943385987586323971e+00
3.305768818064493964e-01
-7.670943590396350764e-01
1.684915225846335574e+00
2.342914639106728814e+00
nan
nan
-1.848660833463407593e+00
-2.073334690596466245e+00
-1.873942453807898811e+00
-2.814812189275444521e+00
1.914260667174414898e+00
7.202554496792838989e-01
1.909453624026591356e+00
1.447212932544900355e+00
-1.262544280985067546e+00
1.523593805625502284e+00
1.010060574617540397e+00
nan
nan
-1.603602187342509922e+00
-2.601396793695083254e-01
1.975733215962472755e+00
-2.090830738151268520e+00
3.120377361558982265e+00
nan
-3.018386282383367369e+00
2.391167423346326260e+00
3.977985242971127100e-01
-1.233074860205121581e+00
1.292077032051626162e+00
5.950908276433559685e-01
-2.059805872965379425e+00
-3.058124054339869780e+00
nan
-3.110003839711331874e+00
7.939206947465069497e-01
-9.462476289900489945e-02
-1.659308777349566943e+00
5.751451525016579858e-01
-1.352890296921207547e+00
7.248202250384885303e-01
1.761438023823250099e+00
8.975339177762498011e-01
-1.899217653788611182e+00
1.814444068825002532e+00
nan
1.187341929737861790e+00
-2.116240753934288676e-01
-1.955084903826241005e+00
-1.627881970518205712e+00
7.544801778641949674e-01
4.596506883288897782e-02
1.146054993768173880e+00
1.252259694954642733e+00
-1.985768836890791311e+00
-1.050166323078332908e+00
2.074387220629039241e+00
-4.546784990929531034e-03
-2.818370107030263139e+00
3.045452940672793929e+00
nan
-3.116573072164871672e+00
-9.270589311578714131e-02
-1.513083751844634950e+00
6.245358025875140662e-01
3.126155271071271002e+00
1.627353945038918503e+00
-2.040713648344337106e+00
nan
nan
nan
5.741402989707728999e-01
-1.125900971086902569e+00
-2.549684726119614275e+00
9.220081697086843775e-01
nan
nan
1.166690102232696979e+00
-4.989887515532909212e-01
-9.353743218450056851e-01
1.581192349629534810e+00
1.824735968694788824e+00
2.950898264339858912e+00
-1.290443479959911599e+00
-4.505617987216110620e-01
4.918761901169945716e-01
-9.205316256699611621e-01
1.597814999048584816e+00
nan
-1.597290283533192135e+00
2.636134158605487166e+00
nan
-7.319121678535118747e-01
1.131185956099512779e+00
nan
-3.044960316108204168e+00
nan
-1.343238305165712854e+00
-1.207124341009812474e+00
-3.122845227028213877e+00
-1.822567586635682302e+00
-1.722583007209914197e+00
1.349651966320328356e+00
-1.730107069397905484e+00
-1.672759000301279553e+00
-2.711124270126127112e+00
-4.256112766884232457e-01
1.320528685341932906e-01
-1.840063501739144236e-01
1.373860528362791378e-01
nan
nan
-1.968829660296518291e+00
1.688058717335515269e+00
nan
-5.041154895725385998e-01
nan
-2.077617698290014303e+00
7.262025447957882740e-01
1.079808070950008414e+00
-1.507632248578021361e+00
1.612776796180368954e+00
2.097955384185476113e+00
-1.646966012684579761e+00
2.219527139789829739e+00
2.907909522979859496e+00
-1.448888208334535577e-01
1.565883612574183736e+00
-2.439008068800101459e+00
-3.010097315415375174e+00
-4.060399916133281550e-01
nan
nan
nan
-9.166913033313353054e-01
1.633570120092771027e-01
-9.507807293135237536e-01
2.409670760701020598e+00
6.913401194095478708e-01
1.942492059909349145e+00
-1.199751301414320181e-01
2.716748828443503072e+00
3.038332376737106877e+00
-2.106187146641465890e+00
-1.725623451357293670e+00
2.043134461784706701e+00
-2.050772407955833376e+00
-1.518807120511779907e+00
1.660740437128866098e+00
-4.898130975053676117e-01
-1.161987353116114008e+00
1.852133710286401502e+00
-1.047543973586376964e+00
1.814602561630304756e+00
2.992799932788071438e+00
7.035617773950915144e-01
-1.135609937582176876e+00
2.804546829005991171e+00
-2.917348095223193383e+00
-2.332980357288076512e+00
8.497134078742312191e-01
-3.085033095666150249e+00
-1.972344078069663276e+00
2.833985908447218982e+00
-2.257247724943827194e+00
-2.482307449124836474e+00
-1.080077168548637445e+00
2.722209888208316997e+00
1.362549423028589501e-01
-2.012707225617774043e+00
1.876026824254299008e+00
1.357152470662266630e+00
1.288092149510551288e-01
-2.314177133189875057e+00
2.403263387311056043e+00
2.397659490234072877e+00
1.866199944100700669e+00
-2.637128044163716822e-03
2.000125366158584939e-01
-1.043036908023182718e+00
-4.493623358534724055e-01
-1.361985801865612578e+00
nan
nan
nan
-1.490861885436848722e+00
-2.531149147380111319e+00
7.281888857849310170e-01
nan
nan
nan
2.351964037725227108e-01
1.212511476630652396e+00
-6.711487206765496261e-01
3.460258816847412433e-01
5.941398255118568450e-01
nan
-2.411050873816424467e+00
-2.828401346562580354e+00
-1.810038433655429380e+00
-1.877995185802773692e+00
-7.741513968262401235e-01
-3.276584248569758273e-02
1.688994722951132843e+00
1.824458845876045565e+00
3.114939100318696141e+00
-6.027485874772375851e-01
-7.219762896587567091e-01
-3.151926020737421119e-01
3.005401687272067690e+00
2.198622005007770497e+00
nan
-1.579147761204060529e+00
1.935234329831569511e+00
2.551467259972319823e+00
nan
-2.558056990462789670e+00
2.511963939172431104e+00
1.363093540705119011e+00
-4.017757194863835757e-01
-1.454257339356882950e+00
-2.615741552023192362e+00
9.782075795237510363e-01
7.387107651614197579e-01
3.126998675130120198e+00
nan
nan
-4.797989109679061670e-01
3.507535943087738417e-01
1.369193803738691706e+00
nan
-1.746444198360788347e+00
2.537085287500247865e+00
-2.245443216035174050e+00
-2.426797945457265904e+00
nan
1.319276111555527820e+00
1.799530738561847087e+00
2.926466186566413441e+00
nan
-4.553567542870240459e-02
1.086390225266141485e+00
-1.153644517690743276e+00
1.491539260274127088e+00
1.367994649089729897e+00
8.108897810301205489e-01
-7.977544355009924537e-01
-1.362124974324152360e+00
1.442018798122332690e+00
7.698546431639590182e-01
1.166110358813490677e+00
-4.708821580221265179e-01
-1.401627317555121932e+00
-2.500179147584764561e+00
8.165420838937067494e-01
-5.242642273445223822e-01
-1.171031445869858079e+00
-1.600176484223473139e+00
1.078477796070394845e+00
-4.297803875662702389e-01
2.810818265059057630e+00
1.995554782699218599e+00
nan
2.831857394159408514e+00
2.684212215165534765e+00
5.410455371836575544e-01
1.967144697341248083e+00
2.740550533200200256e+00
-1.386104443173760137e+00
9.422385452732635613e-01
1.630371652940609373e+00
-2.282765296452137882e+00
2.972178068888355007e+00
nan
nan
-1.128612888485287513e+00
-2.699772992230296875e+00
-1.894718533394645910e-01
nan
-1.405838837528791130e+00
nan
2.702841327132331273e+00
nan
-2.342257216842448031e+00
-1.523376933573453273e+00
-2.045287982023341833e+00
-2.753676389703811900e+00
1.058469640951702928e+00
2.041809883137148951e-01
1.412014103133121701e+00
-6.547165954897260498e-01
-1.205348311686205154e+00
-2.129525071623832311e+00
nan
2.209418731683993720e+00
nan
-2.984048760163722669e+00
-1.663588998287033327e-01
1.450152876910040689e+00
nan
-7.520557472099285157e-01
-2.845312217155997914e+00
1.696686466636800006e+00
1.308190360547415665e+00
2.785523822380873149e+00
-3.375147139149854425e-01
-1.351901825067124863e+00
-2.366978907400469012e+00
2.246395399715582997e+00
8.646877331974049952e-01
nan
2.809833491233965752e+00
1.617090944790952278e+00
nan
2.753406586719449045e-01
-6.565360090757761391e-01
-9.142677503913776427e-01
1.441724861182118289e+00
-5.844570635547827742e-01
-1.743272242778696413e+00
-6.228731512361349587e-01
2.295560590703953352e+00
2.569973542621044160e+00
-2.450514045674296426e+00
1.556316605485470461e+00
-1.148255166070541788e+00
-1.355034849150660303e+00
-1.962749502079254693e+00
nan
nan
-2.296042159971213525e+00
7.022910141282192598e-01
6.220152674279177951e-01
-5.003488553961741303e-01
-1.154445781055084552e+00
-2.309771690361259289e+00
1.103600923933528044e+00
9.415718568934767774e-01
nan
nan
5.650207896329866308e-01
-1.234201162457871037e+00
1.509842111584543289e+00
1.401741126806510529e+00
-9.593108083913217676e-01
2.225800538885851942e+00
nan
-1.636959179522931684e+00
5.289017696853672845e-01
-2.449632560067502851e-01
2.331585822442709066e+00
2.428703736911627331e+00
-1.020315728291479651e+00
1.902701603674775477e+00
9.355294407004306478e-01
1.481950003774243463e+00
-1.372566738067958481e+00
8.062926027684595986e-01
-1.753754600702985833e-01
1.088504123130267232e+00
-1.119195943123414416e+00
1.088893337646081427e+00
1.510059672198118541e+00
1.374788715403603589e+00
2.534922479117937222e+00
-2.265659283983056937e-02
2.420276429559624631e+00
2.544951411250946371e-01
2.844172354354947529e+00
2.205255634491609662e-01
2.838336646467245927e+00
-1.646244503969701789e+00
2.544846915433612189e+00
-4.055682856867823816e-01
2.539890022619020193e+00
-2.449416198863869631e-01
-1.121657144307657283e-01
-1.225486074447091456e+00
5.294867460003427340e-01
-9.577946308613771720e-01
-3.008787789006090563e+00
1.625122951483978007e+00
1.870980020126058463e+00
2.006689404614481198e+00
-1.183223979500874323e+00
-2.163434634717361860e+00
4.283682304760727533e-01
3.023583550878350401e-01
5.129494840244346321e-01
-1.800958192501476152e+00
-6.701204402266931481e-01
-1.733262470139695921e-02
-5.645530623201531206e-01
-1.464959901319098812e+00
-4.884513955803626573e-02
-3.028884867739962683e+00
3.575804628240808469e-02
2.284115370364295572e+00
-2.863301365004060628e+00
2.479468606442045697e+00
1.264558060182961796e+00
1.452787829510311823e+00
-1.962376056426804460e-01
2.066298503769806949e+00
-9.033772480997166454e-01
-1.409630131632955141e+00
-4.227837980790791761e-01
-3.066180407357822268e+00
-1.645847055397013925e-01
-2.243379631636607918e+00
3.088863949093282990e+00
7.113339060923111745e-01
-1.633595844130541153e+00
-1.701342384489373583e+00
2.397290395552897913e+00
8.090119630326082500e-01
-1.117174415099806861e+00
1.145448750046091924e-01
-2.403639056655615391e+00
-2.235243501669376798e+00
1.474583271639050785e+00
-1.268080225973471586e+00
-1.843930191192390655e+00
9.407546196897245139e-01
1.391827243942445946e+00
-1.380595888892487411e+00
-3.211602035159648594e-01
-5.852759804780847119e-01
2.508778802932699392e+00
1.075301293193285268e+00
3.082330045826562781e+00
-1.601701817395275063e+00
-1.316136880116852481e+00
3.418691414154206853e-02
1.790917243187363894e+00
-3.361188246442821104e-01
2.033218207658103793e+00
-5.336067923856737671e-01
-1.580082318016196696e+00
1.438211684498393872e+00
1.002887190137069062e+00
nan
-2.850593566092349374e+00
1.341911204729855811e+00
6.400739338728773653e-01
1.889546261382762715e+00
2.050466446216766769e+00
-8.504784333718387046e-01
-2.029236306068988860e+00
-2.922038016128467142e+00
1.385607039619670466e+00
-8.132891596969131776e-01
1.636268700590070679e+00
nan
2.024630053469143043e-01
3.042930987661566888e+00
2.782525288354393389e+00
6.014491259172518589e-01
-2.719451120342353256e-01
1.462227151846887452e+00
8.920809601643968634e-01
-1.465875253916107734e+00
-1.486222156410690332e-01
1.466251542080072134e+00
-2.392034660235290211e+00
-1.974830051073915183e+00
-2.033817256742699087e+00
-2.633810161092910995e-01
1.069763178135036519e+00
3.426080102275763650e-02
-1.550300680330050529e+00
-2.680169945410513233e+00
2.086871989614391687e+00
3.128996146912633058e+00
nan
nan
-2.753268859623315912e+00
-3.030854306023364586e+00
2.601711857697579511e+00
-2.387003652701868539e+00
-2.318664080561204432e+00
-1.101322657955370321e+00
6.558196632967487893e-01
nan
-2.907215114830631553e+00
-2.195696481669128897e+00
2.572220886906401383e+00
1.508822375958868811e+00
-2.054003973515416526e+00
2.361201560982838288e+00
nan
-1.540150845297284521e+00
4.637667973683750056e-01
-2.827730779144554951e-01
1.528117965626259789e+00
4.535141719211166489e-02
1.230492613775225230e+00
2.025642217343179396e+00
8.873405322967320430e-02
-3.061970009131383286e+00
-1.889155254636814218e+00
nan
5.806451006094848211e-02
1.855141195211683858e+00
-1.222696949798091737e+00
1.382993975536296993e+00
-2.309639326197427955e-01
-1.320718518648311690e+00
-2.974821096128170694e+00
1.287986238433465047e+00
7.664307348794960895e-01
-1.481246108481971691e+00
-1.880145306650318204e-01
-1.612271090025506171e+00
-3.592823605541535237e-01
2.295798007654607176e+00
2.393424521393332505e+00
2.405358965485040912e+00
-1.209769974353824828e-01
1.710123846164044892e+00
-1.098588864854139757e+00
2.707605787728575741e+00
1.002378168308387885e+00
2.982259007705767573e-03
-2.198411208012817752e+00
nan
nan
1.367868074055876626e+00
-5.691554113728445330e-01
-2.816647832977201560e-01
-2.364110811173197657e+00
nan
nan
-2.827194504807120978e+00
-9.590194130188050003e-01
-1.666848540986920701e+00
-2.259194038525174086e-01
-1.702997805781627516e+00
1.310770098946773210e+00
-2.513856110366551988e+00
8.426116404728318798e-01
-2.995706547126237851e-01
-2.710556268313586425e+00
1.084884878957312893e+00
-5.522196434854920177e-01
-6.346117791348540038e-01
-1.857034489283293510e-02
1.945604992486944518e+00
-2.318914446792254225e+00
nan
-2.099963857244493859e+00
5.258270371759827810e-01
1.836899829952002960e+00
-2.726997840204909984e-01
2.547258202194928600e-01
1.586868528290225733e+00
-9.858769184532856222e-01
-1.126738993480034257e+00
-7.752031917708608333e-01
-8.547524527121868054e-01
-7.754169382969244850e-01
1.287407277260404825e+00
-1.395566392925839949e-01
-2.676181889532236013e+00
2.534790787818188562e-01
-1.286794784589268881e+00
-3.041278818345166002e+00
2.842307910329359366e+00
nan
-3.972569069760969462e-01
-6.663686444409226972e-01
-1.379160599044012558e+00
-1.821762963859638429e+00
-1.905663866484393454e+00
-2.299229981514216092e+00
8.619925468186142581e-01
-2.256919425151534320e+00
2.289274009510513963e+00
-8.838992929878024540e-01
-2.873574640260789348e+00
-1.190558231373408660e-01
-1.824568180766342085e+00
-2.891420447055708109e-01
1.539581200111309833e+00
