-1.374370684920841690e+00
-1.491913566310064887e+00
-1.672927104334765103e+00
1.465322978695281719e+00
1.446773910557030085e+00
1.451776106475666239e+00
-8.270160777435808797e-02
-7.008450314459091501e-02
-2.002273107463765633e-01
-1.060785604325741094e+00
-1.162117364839870381e+00
-1.332493582301043089e+00
5.857225182911922623e-01
8.087309153315329624e-01
8.401890305056669561e-01
-6.371376157191703804e-01
-6.443035729076429519e-01
-1.187791892348082357e-01
4.962277147381328746e-01
-5.285282809604208154e-02
-3.050304356369339942e-01
7.758204712015093207e-01
9.647972916402203225e-01
6.452630687142417720e-01
-3.382328227612267924e-01
-1.452522875626023335e-01
2.838296698078912605e-01
-1.495541938393794679e+00
-2.598116438975244247e+00
-1.821928101604975758e+00
3.586490802896333818e-01
-7.925980324739234639e-01
-7.696576235234635632e-01
1.396121514538951836e+00
1.518801526548303471e+00
1.738002469029147790e+00
-4.423294098880576897e-01
1.948279654486881896e-01
8.760838818380900506e-02
-2.708762075466029096e-01
-6.657744753774932356e-01
1.147315939415607389e-01
2.398561841803426020e-02
7.565856919147284643e-02
1.410697574125676645e-01
4.736185013580507253e-01
6.369636960296856110e-01
7.282812746868447817e-01
6.557683513575884859e-03
-4.125983863967457310e-01
-2.697820435993780741e-01
-2.718951601856367972e+00
-2.439184659445190029e+00
-2.905207745271986219e+00
-4.556911474376867943e-02
9.269398362728109575e-02
2.564316992852111454e-01
-1.303795397012606383e+00
-1.065439426345140994e+00
-8.757168161395707529e-01
-5.325307512592858394e-01
-4.052189907977101768e-01
-5.383842105615839202e-01
-7.406454212674939974e-01
-6.806902758839910028e-01
-1.497098493664226204e-01
-1.996712837616382741e+00
-2.125488230111560739e-02
2.192599541836592891e-01
-2.030603634700692606e+00
-1.743823648382958114e+00
-1.762477388802662803e+00
2.507672612851389538e+00
2.253610904147893557e+00
1.706466798296049525e+00
2.210542174675960148e-01
-3.335216205717368432e-01
-3.567286052797244977e-01
-1.743853909947695513e+00
-1.027237186989687245e+00
-1.024276100499362574e+00
1.143164709788341504e+00
9.406017649299398542e-01
5.686790642850176880e-01
-1.105509982529496948e+00
-1.355384799865252621e+00
-1.303698764956599421e+00
1.355892970948162635e-01
1.506923684554384302e-01
1.480566912974712324e-02
7.775444191005824734e-01
6.103083706340739489e-01
7.710629257251784274e-01
2.745940911625504022e-01
4.386981598124228832e-01
-2.336339985455362367e-01
-1.557013882639702196e+00
-1.357687589994226895e+00
-1.357290974813999185e+00
-3.568414664018391136e-01
-4.732067846489234064e-01
-7.096312131127504585e-01
-2.662196200726238970e+00
-2.913222412898004432e+00
-2.914814571038673474e+00
-5.931049688313283497e-02
-1.944644901202199350e-01
-4.060292514635333028e-01
-1.164092285510140989e-01
-1.540609888675388284e-01
-1.540830626632008205e-01
5.189515398759039222e-01
3.416669518754953394e-01
3.775474718516509398e-01
6.302181782479969741e-01
7.614028137928321449e-01
3.146917653182885743e-01
4.448435615940198318e-01
3.748480657808603844e-01
3.839848165695065596e-01
-1.072119525887847313e+00
-4.469340415874358818e-01
-7.323974371816435180e-01
1.984973401785596892e-01
1.210701118970676227e-01
2.956414090234034120e-01
-6.852507598492549867e-01
-8.095188354483484616e-01
-6.947154129013695112e-01
-2.387187929651388707e-01
-5.948359795153099761e-01
-8.680527162435915933e-01
-3.586390525615801295e-02
-5.725407826386663679e-01
-3.346427532670603888e-01
6.549731737361916828e-01
4.218459219713537323e-01
3.666615541898567976e-01
-3.591593283203353693e-02
4.297071191189618666e-01
4.045266938785996302e-01
3.177507828284706903e-01
3.724723136652912103e-01
6.369384174651151476e-01
8.303518944176775385e-01
6.498119985254291464e-01
4.392255554357968883e-01
-2.083321203035444213e-01
-2.227361662242772766e-01
-4.217301536140385387e-01
3.453423975805649526e-01
7.111080892100343220e-01
5.874022589846461528e-01
-7.623415891246545506e-01
-6.350193605628544624e-01
-6.360859086037868870e-01
-1.661350907422910028e+00
-1.061286773009199713e+00
-7.622029275201440690e-01
6.879138507781270562e-01
4.001895361154517161e-01
5.694247942852612709e-01
6.466311012442900186e-01
6.967889208121413880e-01
3.089870660085058951e-01
6.519749411442310461e-02
3.060540322599208274e+00
4.012687688855489654e-01
1.052717696911908973e+00
1.739408614100089956e+00
2.008014507142591221e+00
nan
-3.131149160346380356e-02
-1.498700620501387526e-01
4.307549812577851078e-01
3.118879954601450066e-01
8.620099981438373860e-01
1.353210891814659256e+00
1.618323715203186630e+00
9.570393486085864154e-01
9.011522287847473223e-01
9.705697486765680893e-01
1.128453298960295115e+00
-2.388728701235475427e+00
-2.756051809728061297e+00
-2.966117163558751990e+00
2.364596755222544644e+00
2.588001201073743651e+00
2.359137656474000089e+00
1.043557756511455104e-01
-1.241909147552897608e-01
-2.346415583117904546e-01
-1.650946102365016488e+00
-1.274520292505634256e+00
-1.397969330048973724e+00
4.085334355941974138e-01
2.075250712439458134e-01
2.577368695579131952e-01
-9.041616873916353825e-01
-9.563926719737105842e-01
-7.994008703458455045e-01
1.329088821002955001e-02
-3.513107411742351083e-01
1.175699980636890629e-02
4.385220444209969592e-01
2.859255846295694070e-02
5.530173842699608322e-01
2.011776389852952818e-01
-1.357238973126726478e-01
5.116611506499246786e-02
-1.520210418845909350e+00
-1.257791757849803460e+00
-1.655934175962138433e+00
-6.338978482791080005e-01
-3.623869719553933777e-01
-9.555195828883782383e-01
1.797011291317252457e+00
2.290941256821889205e+00
1.943431677667923907e+00
-1.251083024861854298e-02
-4.163302925021428180e-02
-4.080311978902377845e-01
6.876719868740188701e-02
-1.599317424495794171e-01
-2.861403224520011612e-01
3.157937907263477229e-01
6.941474927310453680e-02
1.976026412155036383e-01
-4.553493590226453946e-02
2.117034255625860339e-02
1.611243511299873532e-01
5.961061686861532927e-01
5.463778037674646981e-01
3.641885821178862948e-01
nan
-3.041464582449679543e+00
-4.356123462480687714e-01
-9.253279186666052425e-02
-8.079949482481296741e-02
-1.565560339021820901e-01
-3.899067536762812480e-01
-1.085310864676504838e+00
-6.377345268117426969e-01
-8.604086722743651272e-01
-8.651565022218679069e-01
-3.720762678821949443e-01
-1.466408864643363952e+00
-9.746627434796573120e-01
-1.377662907169141304e+00
-7.546373287099767957e-01
-7.691244389858296060e-01
-4.146778879623473912e-01
-3.339226637728298641e-02
3.470050010144722918e-01
4.860440833050780896e-01
7.955717981887344692e-02
2.577759034193971566e-01
4.675865885097385544e-02
9.970661184630982277e-01
8.924281199125880804e-01
7.472577961066351193e-01
-5.218092497692476961e-01
-5.821950252716487917e-01
-2.663886088345672754e-01
5.277800077510579335e-01
6.701041894255812537e-01
4.811647446032982778e-01
-9.257798546533226869e-01
-3.990990436544303854e-01
-3.976476544815850112e-01
-8.652470679652686236e-01
-8.101229511066225797e-01
-1.102832888005663481e+00
3.504329488605835152e-01
3.694692841598117283e-01
7.321849870694125961e-01
4.733343156351157432e-01
3.564738174586374875e-01
2.931411146132112400e-01
-3.248965276593867024e-01
1.239564139669568910e-01
2.116899735346504663e-01
7.084121635649252013e-01
1.007648151755817345e+00
8.971163004876760994e-01
7.197246577197136119e-02
1.270965826311662994e-01
4.044480116139079762e-01
-2.198216571132181052e-01
-8.686967071505957705e-02
1.391762353344168091e-01
1.279729596876911124e+00
1.528094854712171546e+00
1.515584572230539884e+00
5.658968222851976648e-01
5.905371489142674513e-01
6.320860759007191909e-01
-1.550699655023143775e+00
-1.859132251204390185e+00
-1.629630898916222259e+00
2.486480459325674630e+00
1.480583533218432279e+00
1.197597417084690363e+00
5.450964350788023438e-02
-7.576773339157449882e-02
4.339981471114975342e-01
-2.511591228588907931e+00
-1.871651056472851682e+00
-1.441938538588365182e+00
8.074323401574559078e-01
2.793643937130969590e-01
5.865654786609537652e-01
-9.867702446461059651e-01
-1.112735123493484579e+00
-5.939135950460960878e-01
-1.639115080059942997e-01
-3.745024337235740575e-01
1.556446357037359896e-01
8.590656833213738963e-01
8.761220235141147228e-01
4.545886806847017070e-01
-1.068053003797806433e-01
-1.456469507322175616e-01
-1.991495498931614705e-01
-9.135145983552579452e-01
-1.730343472123825554e+00
-2.322845534014835955e+00
-2.171149348621317365e-01
-1.015171154312159985e-01
-3.971596057383877110e-01
2.086737003981759209e+00
1.668574956621440286e+00
1.447465113906367229e+00
-3.007331375187547451e-01
-2.442482427247516519e-01
-1.981626396099192000e-01
5.834486047075384541e-01
-3.502927986149151351e-02
1.900244497629177687e-02
4.608474526480708100e-01
-1.246193574456189168e-02
-4.489275275343378446e-01
5.944840541008753476e-01
6.661075520536221539e-01
4.143048045925858958e-01
1.148457385145134069e-01
-5.855960975011820224e-02
-4.419294376241986733e-01
-2.690311678039286392e+00
-2.547205980720133489e+00
-2.947425056666935550e+00
5.179536606001713395e-01
1.365076598943444353e-01
-3.649055893039347964e-01
-4.430724914670665093e-01
1.052315807378780832e-01
1.386877254565166417e-01
-4.167399353030623033e-01
-4.813100332991475661e-01
-6.807168254699385024e-01
nan
nan
nan
-1.811064486611601021e+00
-3.197797635484538326e-01
1.927434840051729381e-01
-6.912866239662389667e-01
-8.881972651845058131e-01
-2.438358198765882001e-01
9.055100128173636520e-01
6.224750161468866061e-01
4.816268506443348585e-01
2.702329833432410844e-01
1.149479035574199948e+00
7.725739318208377782e-01
-5.081938628267956837e-01
-6.081360999400331480e-01
-6.416742389740917041e-01
2.877341890545732639e-01
3.614223389984698720e-01
2.721985435673035525e-01
-3.722873687952050759e-01
-3.433152201198796938e-01
-6.430191670769280776e-02
-7.735590396769476129e-01
-6.005578268218423332e-01
-3.354450034347449261e-01
1.058137582642579844e-01
4.404289786333417389e-01
4.503507716858821119e-01
4.443239270857710643e-01
1.032706634655931488e+00
6.856121993897872358e-01
5.876830882391663735e-01
1.886293307460924495e-01
2.819540004525187271e-01
1.561679631906191190e+00
1.218102185316979558e+00
1.238574944887731455e+00
3.485278522617374364e-01
6.638833723025667766e-01
5.186808396824620360e-01
4.236825526691845312e-01
1.469278926323949186e-01
2.936354275864228036e-01
1.604595268609733338e+00
1.467766518764616279e+00
1.356059117247791157e+00
1.282973651343555233e-01
2.451523644857029893e-01
2.377822965281009004e-01
2.386124252937888990e-01
3.947856258948876373e-01
1.170011133076294563e+00
-5.705687210400522957e-02
1.159869697833704194e-01
-1.639773228339342914e-01
7.505450345981135030e-02
2.700001598207184550e-01
3.573803749491979431e-01
4.401169517468206394e-02
-5.222944315941235871e-02
-5.020837544363581095e-01
7.880073415651760449e-01
9.690016769535043650e-01
8.119870607997099476e-01
-1.099233952097673050e+00
-1.098871773336692392e+00
-1.183410609836298866e+00
-1.798145749821481010e+00
-1.871788026877841959e+00
-1.678032014381244164e+00
1.218524448104063573e+00
7.428612307420601191e-01
7.154493060734812282e-01
3.853031561426463192e-01
3.517894723777654775e-01
4.115707110772586219e-01
3.081447288680339014e-01
1.635726009000793013e-01
1.731422000188000965e-01
1.012708830265299120e+00
1.212002411113906497e+00
8.127496722448217525e-01
4.448317793726412894e-01
-1.712659862830290258e-01
1.701814696754979650e-01
1.798464140772937370e-01
1.574371945127066574e-01
7.834563857007958987e-01
1.485573352919703716e+00
1.336014913335717758e+00
8.610185486675066002e-01
4.247795599203354477e-01
1.605773629039513040e-01
2.629958793799511696e-01
-2.404544968284378026e+00
-2.615272351127559958e+00
-3.056111284636130687e+00
2.807695185973765994e+00
2.541072803105644873e+00
2.387496487710556892e+00
-3.844117425153834589e-01
2.422771767592513115e-02
-3.528657943982431711e-01
-1.010624152813183407e+00
-1.464714598714571769e+00
-1.515670205481999044e+00
5.333339152920548720e-01
2.374451616697621503e-01
2.550080321726651000e-01
-2.859988604858392236e-01
-1.000472080654915441e+00
-1.004387963390016569e+00
2.974444547031267483e-01
3.560807288201361942e-01
-8.529010654698687688e-04
9.622245484357039302e-02
2.449187626767836967e-01
9.416859943686395340e-02
1.467163644363496111e-01
-2.075167207322561325e-01
4.329786857770345776e-02
-9.799133045966841316e-01
-1.193718052646421501e+00
-1.355458806118639004e+00
-2.947285289688696963e-01
-2.222127094978527673e-01
-5.174734297477092682e-01
2.862710938808042727e+00
2.614113123427551422e+00
2.293291431466607300e+00
-1.278668939545028804e+00
-1.275488041532753636e+00
-1.513534890699670843e+00
-5.363330966833088631e-01
-7.974287833404161141e-01
-3.688178508711823511e-01
-1.509088099115341031e-01
3.771826614300675118e-01
6.317026497302808963e-01
-2.772063881537754071e-01
-3.789071203670637544e-01
-5.448698017079012246e-02
-2.338092589413727218e-01
-1.130475058482878659e+00
1.061640432112929133e-01
1.539067095882400871e+00
6.569716781852452669e-01
1.140144629257497932e-01
4.717943018167414237e-03
2.498174255738971894e-01
-6.616840675634882984e-02
-6.076777252263143581e-01
-7.284706813202350695e-01
-4.732598563468934927e-01
-4.774863379546703257e-01
-1.193529642561576454e+00
-1.166232249667948251e+00
-5.334441415159050237e-01
-1.402978884235912549e+00
-1.456069806322589644e+00
3.081210274381098735e-01
-2.473968611906163240e-01
1.972994240315147252e+00
-1.360117363637916021e-01
-4.042275904950649590e-01
-4.359083702912243119e-01
3.184962573816458864e-01
1.095307560076820508e+00
4.701558602423658861e-01
5.315252945864230583e-01
8.854047389286616720e-01
1.038526368643730713e+00
-2.651354664299092612e-01
-4.703804740717152377e-01
-2.396478355756181955e-01
7.336265395589154359e-01
1.217495006504875299e+00
9.561911469439179356e-01
-1.796344451152463106e+00
-1.866569189543319185e+00
-1.986146775596579372e+00
-5.289724275835743228e-01
-4.651468603051123196e-01
-5.595054042348692747e-01
1.011091833091956715e+00
5.456385022249574668e-01
4.929534848953753823e-01
3.934206789989609376e-01
1.660270162364221314e-01
4.015745791230020956e-01
-1.970435394407574536e+00
-1.863708146837221635e+00
-1.380408263987925377e+00
2.022540118614429616e+00
2.097649358185428525e+00
1.941199215002630041e+00
nan
nan
-5.092627075806639425e-01
4.110056234574592793e-01
5.187028343169881595e-01
8.294539447743445315e-01
1.706827573519640318e+00
1.474779482724330570e+00
1.688855271029755301e+00
1.061208921509745551e+00
1.615598596392049835e+00
9.166250232774482143e-01
7.758857378108015013e-01
3.327954892909703588e-01
5.204926909016829306e-01
5.626968401538956499e-01
6.134009489550882321e-01
4.254711900337850849e-01
4.237301087064864191e-01
5.579455713880960843e-01
5.639526214041725716e-01
-5.535474351117448677e-01
-3.959120232473116729e-01
-4.504474230890438413e-01
4.843639102820942455e-01
2.431122757444570404e-01
7.154343544778849484e-01
-4.796107387805630395e-01
-1.659139022528107743e+00
-1.449272231464648675e+00
-4.769482953920611834e-02
-7.086100056993953622e-01
-4.476840737004970094e-01
6.586147148227574633e-01
2.005943931072464714e-01
8.237701678863076360e-01
1.183344454946291258e-01
2.258413488632409205e-01
2.404524603954083517e-01
-1.106102909817549218e+00
-1.780663545896881361e+00
-1.173565433640936684e+00
1.518050298879502158e+00
1.503701534751332503e+00
1.276519668758391290e+00
7.791191209663184125e-02
6.981855006112156481e-01
7.832619943225394010e-01
3.726310031597579453e-01
4.685174187136142976e-02
9.204809511004352629e-02
1.493842454163201161e+00
1.363901231276224202e+00
1.562023792459154237e+00
1.157901514104069385e+00
9.170552479372213739e-01
1.263833388036661454e+00
-1.737443407637098369e+00
-2.699911357402149825e+00
-3.033293723449177026e+00
2.418997861009509975e+00
1.941948583085365776e+00
2.629937436644290472e+00
-7.709356519348142811e-02
-2.727494853775733752e-01
-3.007190592349648917e-01
-1.375867273041696981e+00
-1.787943609963792646e+00
-1.915770543046018348e+00
2.592470319792221645e-01
-1.617759293190657033e-01
-2.231568960642560384e-01
-1.580549168515910985e+00
-2.232968295346630327e+00
-2.197506464590070152e+00
-5.170597249828055020e-01
-3.899533957097389703e-02
-2.757233177784121914e-01
5.843401178047771261e-01
3.970484642174731960e-01
6.276403682695161912e-01
5.076058171557784604e-01
-7.405243728287214111e-03
3.394356995579510539e-01
-1.069329729973864218e+00
-1.393538440775109910e+00
-1.187377048290648052e+00
-6.078962365358089315e-01
-5.601377102894935511e-01
-5.519325423731893387e-01
1.183998120700774592e+00
9.818106500003525028e-01
1.272756593094230837e+00
1.020102298151517317e-01
-1.022307716043562742e+00
-1.303123660684877727e+00
-4.129774110884563143e-01
-7.777513904550739099e-01
-7.768314134609464183e-01
1.954159702963558232e-01
-4.497293843027385662e-01
-5.898657783939591503e-01
4.006688056985572288e-01
-1.715732551932602767e-01
-8.118154699726876089e-03
-9.437205910014512256e-03
-1.011078717631916923e-01
2.959757675700016577e-01
7.975290143011219968e-01
-4.320188357789631617e-01
-4.599884078085363370e-01
-6.118928146400879342e-01
-2.623869292374196860e-01
9.104836797764148670e-02
-5.072966556206059963e-01
-6.633236482891953223e-01
-1.871242953324545821e+00
-7.926313642133830939e-02
4.104883855527563519e-01
4.343315927045772185e-01
-1.246435235790155804e+00
-1.662964901835664477e+00
-1.402038969839626947e+00
3.179396372985796582e-01
5.225924026115600363e-01
5.448655255040488754e-01
9.871802987137785479e-01
-6.385618575180451728e-02
-1.414055316909363924e-01
3.345834946359764750e-01
5.584903283164877053e-01
5.095165159740004945e-01
4.412794427619064486e-01
5.759357087091800942e-01
5.548396151050694058e-01
-1.521426293682863751e-01
-3.625759310048559669e-02
-4.369302824782557160e-01
7.733697119628484273e-01
8.089711054473491814e-01
8.522135762197384778e-01
-5.197168027558856096e-01
-6.053608052752119661e-01
-7.969331598200866118e-01
-8.625534257067992705e-01
-9.142487173322484395e-01
-6.309926979308557726e-01
4.934062410259945075e-01
1.404641137868987144e-01
5.792538913344369433e-02
6.358652207441446436e-01
3.543095917681604590e-01
5.365219655302695401e-01
8.719361132937057945e-01
4.894066205885314602e-01
-4.631332438914439464e-01
1.039481550235478835e+00
6.751999257614413885e-01
7.013110324414855157e-01
nan
-8.723798034537439960e-01
-9.101187904530290140e-01
6.707908728106333207e-01
4.760085680035963662e-01
2.858510747980602673e-04
8.889628048691751161e-01
1.018699473382321585e+00
-3.087159900919411726e-02
1.165088291794436515e+00
1.229230328660703364e+00
9.049335170727355049e-01
-4.236698840017218970e-01
-6.572939078178197114e-01
-8.916958947464035390e-01
1.758707999796617294e+00
1.672041246885300758e+00
1.211510489717822381e+00
-2.223858822447422057e-02
3.839996515453858450e-02
4.154937824597304541e-03
-1.816884161527656527e+00
-1.666376601433812166e+00
-1.683803409170165244e+00
3.725591014564209047e-01
6.432382953298505512e-01
6.037308688588831629e-01
-3.297788446239184879e-01
1.958270813526614695e-01
-1.616067089946677804e-01
4.326540770885483056e-01
-6.671749714262649178e-01
3.842202726075960584e-02
1.187668350739214951e+00
4.608573063918863788e-01
4.328271956269240661e-01
1.105905411260610371e-01
-6.839225370419259598e-01
-6.986147815762810964e-01
nan
-1.844696305508309653e+00
-1.296345863368092433e+00
-8.794653475261013931e-01
-8.384606980250457475e-01
-5.609183909389927614e-01
1.286544407471182261e+00
1.540196037015562069e+00
8.865030457182161427e-01
-7.693239362527015679e-01
-8.943975671374859715e-01
-8.447111230481216815e-01
-2.097066500625270891e-01
-3.348614022505471688e-01
5.489509335075304364e-03
3.483798038455656609e-01
-1.295362484166897588e-01
-4.651825027542497715e-01
1.896442848586374907e-01
4.227984638915951443e-01
5.764899067981037462e-01
-9.662132984256022183e-02
2.473258452186990475e-01
-1.747954171043524241e-01
-3.923074506138264361e-01
-1.785647464110797777e-01
-9.787570672633907343e-01
2.675989681624204586e-01
3.607906020431794758e-01
2.775066093421330038e-01
-9.862318790794732948e-02
-5.875821659456770263e-01
-5.880415971536989694e-01
1.155747577109833557e-02
-2.596229638251572602e-01
2.039481611312528031e-01
-6.984738834327228751e-01
-6.474965819664726396e-01
1.595540285279843928e-01
-1.175427033751659245e-01
-8.645313600284243449e-02
3.715154050345663705e-01
-4.913001068099620561e-01
-6.363979671882349365e-01
-5.109703076875660166e-01
1.751614132549144109e-01
1.709786164476208015e-01
1.801415361159737216e-01
1.059786144696857946e+00
5.373577814944088260e-01
4.814407079408531409e-01
-5.477838885399544111e-01
-5.502395932074710672e-01
-8.272245319372895089e-01
7.427468770162191092e-01
6.098564218070898768e-01
5.762345446732233256e-01
-7.031829789791648189e-01
-7.315843254602425461e-01
-5.780914096651432743e-01
-1.298755195039343224e+00
-1.018988251794588074e+00
-1.076789426693713914e+00
4.140497344218858622e-01
3.983268190039264134e-01
3.844880044344218817e-01
2.937908908618291903e-02
-1.046104243419345714e-01
2.186086002839804365e-01
2.223816983089439425e-01
3.218244630174256216e-01
6.629817013079448706e-01
1.369603022516931112e+00
1.429401159513049357e+00
1.299886385542887268e+00
2.011559212730151813e-02
nan
-6.214649882681007043e-01
1.988304342047602091e-01
1.078212560327177272e+00
7.575792785538961738e-01
1.244781323068202994e+00
1.155578462760196601e+00
1.113478130565961344e+00
6.686388999528807275e-01
4.380499510135060781e-01
9.707182183076348281e-01
-1.098356291398342677e+00
-1.156695780907828652e+00
-1.193278388378881116e+00
1.804594945983159171e+00
1.981184922885095290e+00
2.041140068268592955e+00
-1.308703639368542504e-01
-3.726854153751264498e-01
-2.521698767450879508e-01
-2.285968033615946027e+00
-1.634943449180114916e+00
-1.741686394627633527e+00
2.351835687236247807e-01
3.857550063668719886e-01
5.312124549484269487e-01
-1.026177274520237326e+00
-1.145750050588912883e+00
-4.340753543156012917e-01
-2.344510666334906901e-01
2.815462701370452514e-01
-1.863105658898955852e-02
6.149196648274224408e-01
8.657970573270965531e-01
8.956514442815572963e-01
1.482457597666893001e-01
-1.897930276259200966e-01
-1.563947361837687566e-01
-2.237609438035200071e+00
-2.150155388215233554e+00
-1.707189399974016641e+00
-7.996814036814403615e-01
-6.538650785737174509e-01
-1.435200453930032261e-01
9.972127546623941186e-01
1.636170119512644128e+00
1.413106360169055442e+00
1.483803382681632144e-01
-2.545253592131078157e-01
-6.357190341727543270e-01
2.124174384080660616e+00
-1.568212579963410569e-01
-2.993621242645141400e-01
-1.400665718475946342e-01
-4.741128591758974054e-01
4.274523146374216154e-01
1.524625573824107683e-01
2.020102876391378643e-01
4.289326799814503488e-01
-8.717716188657131937e-02
-2.815756681683225793e-01
2.290888760581610839e-02
-2.555753372726934813e+00
-2.872618451913883320e+00
nan
-2.192885381602995842e-01
-1.249261174780991190e-01
1.225419493449217967e-01
-7.734834256272344888e-01
-5.535591231950562907e-01
-3.273096240129040879e-01
-2.357429297408573987e+00
-2.152712382484961218e+00
-1.404880888408896356e+00
-5.729612349602417609e-01
-1.955103315635264849e-02
-1.659498204569644919e-01
5.507247321171648835e-02
5.995107649010771311e-01
4.351681573652905755e-01
-4.249436044324985673e-01
-6.488165518560382594e-01
1.249324242108831307e-01
3.570106989083425830e-01
4.391793822870067032e-01
4.361754630948335709e-01
1.131323925623723525e+00
8.379324771292204765e-01
6.958150658254589338e-01
-2.677781686886553381e-01
-4.363360781108971409e-02
1.778442641373692013e-01
1.396458822495660890e+00
8.205890842683505326e-01
1.095453849131949653e+00
-8.149002018610409515e-01
-7.080449616531518942e-01
-9.997712757182268817e-01
-4.865955801697032790e-01
-4.905520574232520303e-01
-8.588823795924223070e-01
5.023481640029370254e-01
7.062869485070053521e-01
-2.741808694414604730e-02
8.975351300602785187e-03
4.330922861133572610e-01
2.514812165978677072e-01
3.352388630230813682e-01
1.299778803504043623e+00
7.224018253903854436e-01
1.192190857922277303e+00
9.360989760933540182e-01
1.169300144785687223e+00
2.042414988214553695e-01
9.883342255630100937e-02
1.878404673648357281e-01
5.980186338534960733e-01
3.919319231408890936e-01
5.009152708955211253e-01
1.460308915170639210e+00
1.451521409392602990e+00
1.674186910044011434e+00
1.064804687276500239e+00
1.049531525863512726e+00
7.714931269291720461e-01
-3.889706656026712395e-01
-3.941347653326543465e-01
-2.504156241240118597e-01
1.866887162057563998e+00
1.612825453353615046e+00
1.876891553893936582e+00
2.983729758756545891e-01
7.563444831683652225e-02
-8.606705318562601903e-02
-6.347281053792324101e-01
-7.580017952317903429e-01
-8.954847462590138640e-01
4.201746682560081325e-02
7.347558291363887051e-02
-1.437676504639990860e-01
-3.086608551423490887e-01
-4.233383327604389734e-01
-5.777781945081557069e-01
1.025049628585494865e-01
2.513661299729488263e-01
-1.693992757741211719e-01
6.653801740417741861e-01
6.622964363673786714e-01
5.318396115731545137e-01
1.452505074264816010e-01
5.146300104077283777e-01
3.177586212523926257e-01
-1.217504135201370019e+00
-1.157234972936016737e+00
-1.762603037071299283e+00
-1.972633761130553331e-01
-2.268422860813692488e-01
-5.265149430025610755e-01
1.854719008954026194e+00
1.533222180825253744e+00
1.521149710115740739e+00
-6.144868424176053168e-03
2.921098172180447428e-01
2.010228557527922177e-01
-1.454898474180974510e-01
-6.216792286248638000e-01
-1.195491003332591617e-01
1.664073929359384252e-01
-2.155769316827349513e-01
-9.438849966405582492e-02
3.168607183052518650e-01
3.091844838988508926e-01
6.560308739292208813e-02
6.143131836219395403e-01
7.000962151228624641e-01
2.662598569979435226e-01
-3.086728711008478232e+00
-2.469393649956309389e+00
-1.608695527308195095e+00
5.274482709483674370e-01
3.885522434815635862e-01
2.063611422552282804e-01
-3.633782924125981140e-01
1.913496586951586309e-01
2.109119845092610745e-02
-7.603348477251676840e-01
-2.483131888368159679e-01
-3.888578046566792956e-01
-5.039400863033827171e-01
-3.733311487501311809e-01
-2.034701044351101551e-01
7.521273300481823298e-01
5.922706775704233984e-01
6.757770870099153449e-01
-1.061285933201258302e+00
-1.971054191923042431e+00
2.206716567305990750e-01
5.828580042662419025e-01
8.356284493467551755e-01
6.462542123423613560e-01
5.543066253712543023e-01
8.214976919389127552e-01
1.077982528658474770e+00
-1.071578000029709266e-01
-4.259118311488689912e-01
-1.679914893691218936e-01
4.529999574358947179e-01
3.917431962555832925e-01
6.620447753156919468e-01
-1.261580376139646464e+00
-9.730189106757101136e-01
-8.202493550277818457e-01
-1.825602955997242427e+00
-1.581314416432508807e+00
-1.646966012684011993e+00
6.603457309059468372e-02
8.796805292247062980e-01
9.037031740651562117e-01
5.211657704254917256e-01
7.133861738134519292e-01
4.990251680098429787e-01
7.331029917630815795e-01
2.582863085698005712e+00
2.769703927783075947e-01
1.353696915904131437e+00
1.403101764813786012e+00
1.836961264273770489e+00
-6.758181671850671535e-01
-5.944043035871460212e-01
-5.434210683202116421e-01
-5.266379781390684300e-02
4.478624946746427860e-01
5.430772468270066433e-01
1.343551756024070620e+00
1.630629405374096841e+00
1.035635112232880850e+00
4.951748370231436880e-01
4.438251352077644540e-01
4.433993257771273733e-01
-2.734504811703656557e+00
-1.690839169596210612e+00
-2.206609962738522945e+00
1.939950078240078923e+00
2.019873840015019795e+00
1.965417960661968166e+00
1.819790568483456994e-01
1.418115012288700960e-01
1.354153176590777719e-02
-1.161280373333090088e+00
-8.870043333549499920e-01
-1.028157044950190890e+00
5.537750115297916942e-01
2.430698592119373558e-01
5.106825472337499505e-01
-1.918056718781060432e-01
nan
nan
5.406386403036842481e-01
-5.896604430809659902e-02
-2.314610387140003667e-02
1.190915208941983217e+00
1.319712875504355232e+00
1.080780146373563788e+00
-1.752674508944962461e-01
-2.007626470232137805e-02
-1.184502192115965968e-01
-1.224450096522209375e+00
-1.409673309407154518e+00
-1.975545894435945193e+00
-3.542570577721373404e-01
-5.728110083631943183e-03
-4.729752478495767853e-01
1.122040845448107227e+00
1.269373558532219448e+00
1.449435933278896194e+00
7.929554568063634790e-02
-1.758769345279667107e-01
-1.684835710984495805e-01
-2.138391873064748872e-01
-3.960269041847488403e-01
-3.767814174836292551e-01
6.044363977182261038e-01
6.879592758416888110e-01
1.479407452734364803e-01
2.252087108968838791e-01
7.736558110869218297e-02
1.493538218236833970e-01
-4.681928402314134985e-01
-1.075178811755823638e-01
-1.216776502766639734e+00
-2.006195053854305854e+00
-1.390832297829423192e+00
-1.593439720105703339e+00
3.999067535107010407e-01
4.840415618190103686e-01
4.073710029639645569e-01
-1.518731951134308922e-01
-4.472042101457684993e-03
-1.520744816850883918e+00
-1.295260897100760200e+00
-1.239862656722508616e+00
-1.083895036913323118e+00
-4.570452412932972663e-01
-6.468539054664361743e-01
-4.734462727522927850e-01
7.780877181160410494e-01
5.995514538351445211e-01
7.721539151287544200e-01
