-9.544429241001353148e-01
-5.451440285447586298e-01
-9.115024229942183531e-01
1.631054096130627684e+00
1.848017668557628390e+00
1.433612386484130141e+00
2.197838496982331691e-01
3.676845414899831965e-02
1.388285392257686546e-01
-9.529120917966342752e-01
-9.753471183150113077e-01
-5.568111508312409974e-01
5.663407004604459338e-01
5.967390089073250081e-01
5.866535164243966705e-01
-3.778294757905502621e-01
-2.401551590060408969e-01
-4.156882819568341603e-01
1.236161881358301962e-01
-4.903873396685343167e-01
2.620709184548433157e-01
5.506791094159773081e-01
7.971995183119355843e-01
8.012563286303531207e-01
1.276984071782325536e-01
5.953467609629470303e-02
-1.318170458827032654e-01
-3.990256134200564908e-01
-1.107312701481419914e+00
-8.048475221828947923e-01
-5.000212840920448265e-01
-4.157690849874380312e-01
-4.293180479850322584e-02
1.561460110928207357e+00
1.485720723104354768e+00
1.151920796745915965e+00
-4.584533029542292581e-01
-1.585913639307423129e+00
-8.352517422077614384e-01
-2.399368247243738317e-01
6.558134297608906316e-01
-5.874370295644171236e-01
2.416865251459081598e-01
3.388134156282838205e-01
3.642556971704604685e-01
5.811387440641624380e-01
6.762245253321297334e-01
4.790011493559438449e-01
2.324230281272297027e-01
7.525635052763934851e-03
1.288908300405715579e-01
-1.187247169551154391e+00
-2.132145957758695420e+00
-1.942992374418053059e+00
-1.964062383373619269e-01
1.585677414624133696e-01
1.293341472455131758e-01
-3.755136015644402470e-01
-5.484412062004926369e-01
-5.641605826251572253e-02
-3.377530747576478198e-01
-8.675608335591284970e-01
-5.673768942060215537e-01
-3.629529273219929131e-01
-3.972028381660193119e-01
-4.135455787335091671e-01
1.080723538076124868e-01
-2.087927257136414916e-01
-8.716407541096677924e-01
-1.437148095297815509e-01
-8.081965465244396185e-01
-1.708818957796285787e+00
2.694160173136305403e+00
2.492434606780048689e+00
2.510520838285642320e+00
-1.487390792015328422e-01
2.871070569550004947e-02
1.951699007914906581e-01
-1.403079402448242030e+00
-1.411893947479278877e+00
-1.472521274372503797e+00
4.903898915315569873e-01
3.199090012932996885e-01
6.785988471892054896e-01
-5.728711767758252194e-01
-6.820141073316925429e-01
-1.022692131612873201e+00
-1.826005628069546916e-01
2.170684820261894465e-01
-4.358758024663389463e-02
8.736474612309219623e-01
8.698048491975001184e-01
1.035688346908805180e+00
-5.181254354665698614e-02
3.707797321600763141e-01
1.124264597877502325e-01
-1.352051664129416908e+00
-1.204224135624158531e+00
-1.558090867672307311e+00
-5.172901936344156404e-01
-5.054842993678589913e-01
-3.924079692652888696e-01
-3.013933528339261425e+00
-3.055772179633219565e+00
-2.891354094099112704e+00
6.531574311535504052e-02
-2.137626417124489642e-01
-2.989356189181129331e-01
2.548793832868989639e-02
3.101349582447410214e-02
2.659283651290564876e-01
4.585171804854435429e-01
1.062715870159186338e+00
1.002245551974635163e+00
5.654922561692541372e-01
5.338591523562845609e-01
5.797882111047547582e-01
4.653732150930962597e-01
4.032932881282080828e-02
-1.828017194115845179e-01
-1.215242869343660104e-01
-7.942751335827811232e-01
-8.075905882271290359e-01
1.935916278967724224e-01
3.607835289480796348e-01
2.748490073240938969e-02
-2.543512782232237868e-02
-9.904181814689483332e-02
-7.780730021753505810e-01
-2.024882975391295581e-01
-2.936275950121323142e-01
-2.696797155706396332e-01
-1.529259705883125875e-01
-1.557741960184051422e-01
8.212383334368489329e-02
7.681901347340258646e-01
5.559973399078415035e-01
3.019356312043464108e-01
-2.614603540050657315e-01
-7.084540178505838171e-01
-1.934963120241116608e+00
3.599161965973003419e-01
1.442482815843222355e-01
5.981061690784237328e-01
6.972121674192028884e-01
7.688906088165823327e-01
7.305375431174270240e-01
-7.108394066544430068e-01
-6.047865874505475858e-01
-5.068144677660622044e-01
2.801559156482120727e-01
2.949345036237103201e-01
3.146954912957204975e-01
-5.270767432735299352e-01
-6.569971228802309327e-01
-6.631529923508003854e-01
-9.661560435170719607e-01
-6.089316095974983689e-01
-1.030468973814540057e+00
1.433283053213223468e-01
5.539356039677580945e-01
6.019581102155382446e-01
4.094471225813016702e-01
3.286389795562216776e-01
3.873380572785514175e-01
-6.139547399200036004e-01
-1.128189879674625029e+00
-5.102058500243997763e-01
8.092952494922909246e-01
9.582637057538656578e-01
9.743402294022995846e-01
5.160035077746103482e-01
1.530826229872368494e-01
3.344576186178054300e-01
2.640782529727809802e-01
-6.224920109261633527e-02
8.759850239911992631e-02
1.487362309752106704e+00
1.501261649869130466e+00
1.741253124929369456e+00
8.655670701510054243e-01
5.348852488323956322e-01
7.246340271256168641e-01
-2.176969516365837798e+00
-2.693936943466171741e+00
-2.905848788899907387e+00
2.862544239943201951e+00
2.380523082440419103e+00
2.879426448878518841e+00
-6.918410784590700580e-01
-5.072805801202360243e-01
-1.838936036911484884e-01
-1.745281983579891838e+00
-1.990748535517799178e+00
-1.559173236796150164e+00
4.997101479679315617e-01
9.065984612144051269e-02
7.177320965835232158e-02
-1.221330588425279196e+00
-8.726915259023657612e-01
-1.034593808385412927e+00
-3.012612059072279358e-01
3.079595096008009847e-01
-1.842932617212262869e-01
4.542633453196547322e-01
5.412921903810863355e-02
6.527043898952986645e-01
1.104282891702146330e-02
1.874998669558758380e-02
1.198463351445462344e-01
-1.697094669277273926e+00
-1.425099508231896461e+00
-1.458288185501539713e+00
-4.081411245348078864e-01
-3.998344799859041565e-01
-3.494661271395895774e-01
2.258547094424026014e+00
1.876944720519721166e+00
2.092728588238212950e+00
-5.313079744961113349e-02
5.564696684225900469e-02
2.919275711159974307e-01
3.627417055207353691e-01
1.065700332979075959e-01
-1.944559892822654845e-01
4.177802958020637725e-01
1.617323275764781521e-01
4.008057785776246718e-01
7.655396893743717790e-01
5.389712419908305741e-01
1.592411770486341638e-01
5.625135184450820169e-01
7.056618549087074754e-01
4.163924335436455237e-01
-1.453760153888438600e+00
-8.015143725448821144e-01
-4.091864241657554579e-01
-3.480363175873701920e-02
2.305020186455042364e-01
-1.079586189854704337e-01
-8.143647456300557863e-01
-1.081041708484500319e+00
-1.368481694080752042e-01
-6.378301793834579847e-01
-6.316312540914847951e-01
-9.434147327496948954e-01
-1.145452697677349141e+00
-1.136465683334921373e+00
-1.322689998538797651e+00
-3.575558637886704361e-01
-5.817025744486037375e-01
-3.977676283217670417e-01
1.012197971813004749e-01
1.281178592597891353e-01
-1.097729087951635485e-01
4.069755920307285280e-01
2.012389266615679517e-01
2.054517026368349875e-01
1.002109995735515291e+00
1.085644967043108089e+00
4.984535809529768713e-01
-2.803348359113484456e-01
-3.970528991964603627e-01
-7.118156838666904740e-01
6.903154162135423100e-01
4.446917075196168412e-01
2.596075330837850359e-01
-4.233332791525548089e-01
-6.364683210935444535e-01
-1.025397745180531839e+00
-1.107696780669909398e+00
-1.085153545848437595e+00
-7.561162149942366462e-01
6.477540547759068623e-01
3.907256687634532710e-01
3.168069088055314175e-01
4.385222089218445696e-01
3.414250222362484877e-01
2.070459418162924337e-01
-5.339155230264935881e-01
-8.016860458818406698e-01
-6.624425720829245634e-01
1.722706211215369265e+00
9.243300225205048903e-01
8.258040752698909692e-01
4.672185182915868928e-01
8.796947697272505806e-01
3.067100603782435542e-01
-8.879342793496558528e-03
2.251042076057863106e-01
-3.513243349379422398e-01
1.385113937931055084e+00
1.050161061946621288e+00
7.221785134795033478e-01
7.779019627128409553e-01
5.613265393552691052e-01
7.184103113717834610e-01
-1.339545241814899201e+00
-1.711418248333588021e+00
-2.199660699572247413e+00
1.795419591192333186e+00
1.672971667193601242e+00
1.484474751680152416e+00
2.991292814549377788e-01
6.591714585789709702e-02
-1.584614289063250858e-01
-9.588222358679852064e-01
-1.497677442862854313e+00
-2.720704379521876604e+00
8.155972875482784268e-01
7.536140563158739702e-01
8.018918298865118643e-01
-1.781052938653608253e+00
-5.346505548708062605e-01
-8.820908393882493925e-01
2.496043375558349986e-01
1.968412395837035866e-01
5.445774478402172214e-01
1.117995518114381248e+00
6.628422510055611561e-01
6.634552570504830271e-01
5.296176523590605534e-01
1.810985278757373251e-01
-6.919092324637743374e-02
-1.048945073015434382e+00
-1.658202858790580381e+00
-1.879991541969890045e+00
6.626335472419730976e-02
-1.149847572952822361e-02
-4.100337884923779264e-01
1.843778186677200281e+00
1.489418348716650797e+00
2.020501521541543610e+00
1.575882686459806337e-03
-5.826741990812602801e-01
-5.658310077328394527e-01
1.563861918716464849e-01
-7.425997786020488434e-02
-8.720248760102577990e-03
3.124525679844967208e-01
2.295827301100819007e-01
3.054311835988725576e-01
7.953656307623551136e-01
5.302852702433282772e-01
6.362255098321867308e-01
1.639225952654466134e-01
-1.095418009133775072e-02
-2.925017666469011957e-01
-2.385490521889805926e+00
-2.162220842748912464e+00
-1.853075810341122898e+00
1.660758544346685461e-01
5.511778576494199555e-01
2.779771387271616767e-01
-2.664077484822824360e-02
-6.394903147688921763e-01
-3.115670745922343166e-01
-8.114512865475376202e-02
-7.641759407129060655e-01
-7.561252213658007371e-01
nan
nan
nan
-2.053163648491147519e-01
-4.707167233753586366e-01
-1.251957833937671349e+00
-3.079314305917248973e-01
-7.150658884590890274e-01
-5.606126045075789932e-01
5.429705058489333602e-01
7.347708604591081105e-01
4.537037031024637734e-01
6.247404933948650374e-01
4.827199991253983136e-01
4.089458335760394192e-01
-7.939039136879526559e-01
-5.125878209997654089e-01
-3.601442448674525565e-01
4.708722369665481189e-01
4.517370038209311822e-01
8.015925088832114298e-01
-8.001842508242891228e-01
-1.836237641185687330e-01
-3.708208173168388022e-01
-7.650143633752595207e-01
-6.255082816229542431e-01
-5.278711137489153771e-01
1.598699434569144096e-01
5.618522464583368681e-01
3.244543654020630719e-01
2.202867870789098070e-01
6.058146064126925801e-01
5.322079168192521692e-01
-6.010975655033523601e-01
1.823942805022427116e-01
4.243117254798796090e-01
1.228867053314565361e+00
1.283839797963413965e+00
1.459185670002639768e+00
4.408103563199587960e-01
1.867486476159876396e-01
2.257693360603578725e-01
-1.778865840656145281e-01
5.724032133440157821e-01
-2.737268065209463863e-01
1.052096498942079350e+00
1.049248273508182727e+00
1.180380572485501212e+00
5.440172288674620660e-01
5.423832019205954147e-01
1.880454444775523370e-01
-3.439318753877023127e-01
-1.620529394395560097e-01
-2.731306875333254780e-01
-3.020488337776949805e-02
2.747866163854695287e-02
1.501640323662747356e-01
4.698548793998034157e-01
6.805888600260341370e-01
3.134044851582742375e-01
-5.913771555332969498e-01
-2.141348772187510185e-01
-3.066097148011825979e-01
7.916013792233433932e-01
8.668008540225136116e-01
6.133147373763745414e-01
-1.103417870295382741e+00
-6.842629687785302117e-01
-1.409920010264950063e+00
-1.347867913025928344e+00
-1.344057237789170633e+00
-1.865872481746114975e+00
9.141162618978668775e-01
1.005641161187937449e+00
1.231638076850168240e+00
2.855511415783253959e-01
2.851070608410726237e-01
4.739878734010516403e-01
8.454190370669958376e-01
4.159175104989683014e-01
5.899325584325514349e-01
3.328469106767353303e-01
9.289761903138664678e-01
7.324478998550767450e-01
-1.207866678237663471e-01
1.093922011291734719e-01
2.791041830957903258e-01
5.962828960468877781e-01
8.091563306773355002e-01
7.228785195396980612e-02
8.744052082062383491e-01
1.006583212807588446e+00
7.525449784878919246e-01
4.982130168071927656e-01
4.504593637391671734e-01
2.475575666454266077e-01
-2.482388535921319139e+00
-2.513623884955869858e+00
-2.557129515767125660e+00
2.815955039731495191e+00
2.549332656864807589e+00
3.011017340919181606e+00
-3.556151865450494221e-01
-5.584293445481316454e-01
-2.886717617988394657e-01
-1.444060406997152768e+00
-1.403448699369615138e+00
-8.960501400303857444e-01
5.863584667800836314e-02
-2.692441770088160879e-02
1.148050048528501677e-01
-3.511561472182722632e-01
-5.368877884678222578e-01
-5.232772425773832836e-01
2.881821675001119409e-01
-4.188174512064191113e-01
5.402629513192445110e-01
4.496496343394813522e-01
1.836552854764006426e-01
7.124139693821027741e-01
-3.209477258642290387e-01
-7.749125638847740305e-01
-4.611019054902136816e-01
-7.353871698604201868e-01
-1.179743091908833641e+00
-5.899185968797664437e-01
-4.796518439547883261e-01
-4.901620804805522091e-01
-4.357014311538787155e-01
2.329166112539197364e+00
2.163594353543899729e+00
2.189200343251918035e+00
-1.691380080374847106e+00
-2.100566114922824301e+00
-1.595958816153972837e+00
-6.237855800639078296e-01
-4.227112606013858631e-01
-1.184048453967951886e-01
1.373284709061328712e-01
1.132527060781476358e-01
4.452902983769022605e-01
3.821360106112816624e-01
7.016959300361991225e-02
-2.311717875825998192e-01
-2.815700124196913734e-01
2.609662343476677471e-01
-5.174155946809531059e-01
-8.556069254901688126e-02
6.401101830082689403e-01
1.778875028094133448e-01
3.345310553633877859e-01
-2.871187827362295941e-01
6.588815719998786236e-02
-3.308706581113223244e-01
-5.277812987184105076e-01
-8.154524796266486852e-01
-5.062804730570396039e-01
-4.799251309531977761e-01
-6.837747456833165316e-01
-1.052732602626611946e+00
-9.174134122568036176e-01
-1.036311000657680559e+00
-8.266404676805456653e-01
-1.030459479731264949e+00
-1.291511999539745048e-01
4.032378323563072797e-01
4.974964035061257839e-01
1.063057421414486114e-01
7.227674259847933769e-01
5.755609938134638170e-01
5.956835632944641468e-01
1.181371596497085896e+00
8.655869621065965802e-01
1.178777973410150892e+00
-5.439765630086972337e-01
-6.063715244337553045e-02
-1.791704686566024662e-01
1.175719293951735800e+00
1.033585977335380157e+00
1.463835493705958335e+00
-1.495098724179564575e+00
-1.192416698804338759e+00
-1.647234152710869814e+00
-4.810336288362306867e-01
-2.849079901529800729e-01
-3.753961121878894858e-01
1.378643963267762729e+00
1.137965178962057955e+00
1.216669339792050053e+00
8.130647172239786613e-01
7.356467854787571703e-01
6.178740876478858723e-01
-1.458044733921622482e+00
-1.416185108651898616e+00
-1.682613385034350983e+00
2.279034955586441313e+00
1.901465758099960546e+00
2.402327197554526172e+00
nan
3.987515607629887882e-03
nan
6.959713218049912165e-01
8.940996902066311591e-01
1.278495767546107942e+00
2.254402077880432564e+00
1.825285269315080505e+00
1.969263064998843404e+00
1.885257820074835777e+00
1.219735167482826732e+00
1.341648045653174748e+00
1.294344718061641863e-01
4.662896792443920191e-01
1.217081903590731429e+00
1.906049541196468411e-01
6.057131621356957041e-01
1.125200571778420588e+00
2.836795491933701285e-01
6.032010271836774074e-01
8.670159151353669102e-01
-8.491343325365585670e-02
-5.399459281170186919e-01
-3.948922164760237941e-01
3.094917366661547042e-01
5.338661071871886321e-01
4.711662683858302003e-01
-6.536607589002008112e-01
-7.462550017296449845e-01
-1.001635581261244745e+00
-6.090075622760484642e-01
-1.973535403145358913e-01
-2.755658107290273051e-01
6.537798152436660182e-01
5.218706626816320693e-01
6.688084766333313169e-01
1.244102017164898655e-01
3.399292967875542359e-01
6.268558242506556688e-01
-1.848306478889452098e+00
-1.920112805246840582e+00
-1.460791024926666681e+00
1.139563888011339010e+00
1.285936471617114663e+00
1.837516403827895495e+00
-9.104637421998527103e-01
-8.128265743253395570e-01
3.901499199374089955e-01
3.833485000240917095e-01
1.282191340151110914e-01
8.776296842383706220e-01
1.199729517268205647e+00
1.347609381795498606e+00
2.186326325315612884e+00
1.122920994502563552e+00
1.470264364856535444e+00
9.356599986415092829e-01
-1.981256087837587110e+00
-1.968780290790732357e+00
-2.030224061190745832e+00
2.594220689702115834e+00
2.980753363337242945e+00
3.003026486229731340e+00
-2.922850364911271370e-01
-1.811451437778686113e-01
2.501035298791975947e-01
-1.423499350949661402e+00
-1.362853369017265726e+00
-1.189035712394998612e+00
1.269902677383707434e-01
3.537511655133562805e-01
6.372863114492477443e-01
-1.208335003166538746e+00
-1.106992436418867243e+00
-1.317468605785131475e+00
1.507465979338284967e-02
6.802030869551165537e-01
6.354650129875762943e-01
6.289776099960961986e-01
7.571372163878211659e-01
8.238123224975115733e-01
1.279951210520242633e-01
3.759207553084653597e-01
6.281170187647120429e-01
-1.325777306507155417e+00
-7.043600259751734427e-01
-5.439194872047203866e-01
-3.597358561846553116e-01
-2.951332617393864766e-01
-8.551768387867841881e-02
1.852701290556147740e+00
1.662636216486951035e+00
1.561186698961511077e+00
-8.230991266623917113e-01
-5.514966213830230224e-01
3.763972640466706210e-02
-3.461703286135606739e-01
-3.194381663400283067e-01
2.241029339694611267e-01
6.930998518315218959e-01
6.234352497065787091e-02
2.557558333413130214e-01
6.086293186394540200e-01
5.758866877152168939e-01
8.346773057628702475e-01
8.661231387921608516e-01
2.209848405373522340e-01
1.478663070809642655e+00
-1.060935491217675164e+00
-6.995241676182368806e-01
-4.385982362505087551e-01
1.741555986248251031e-01
2.591064855919715804e-01
2.716450860080583674e-01
-1.024635144304859136e+00
-8.436579029962287812e-01
-2.130085272101500671e-01
2.850035481048052155e-01
4.326321989124162215e-01
2.137403778407311883e-01
-1.626165829232573357e+00
-1.666696077153198896e+00
-1.594180257607928475e+00
6.473161943627236958e-01
7.951960588900157667e-01
8.551512042720896822e-01
6.139851527343793691e-01
1.294542274024259143e+00
1.569982762873815219e+00
5.029627493189710030e-01
7.250552633931572899e-01
8.490000660262833065e-01
7.157266135794095874e-01
9.400172461224842735e-01
7.644946422537746145e-01
5.768685047951871425e-02
-1.597744496859161423e-01
-1.005520102918464609e-01
9.611133397265900769e-01
1.046957429814372453e+00
9.326681124562892222e-01
-4.488921169250419396e-01
-4.379584920436783158e-01
-4.074511487304874890e-01
-5.260355906918645630e-01
-7.661409947691915079e-01
-7.201421540118562170e-01
4.723984417921549550e-01
8.910135318969381046e-02
7.015517067814460717e-01
2.906175749483299597e-01
4.867164719449532662e-01
3.555749159707235485e-01
6.167066321438778864e-01
1.103340900704183447e+00
nan
1.636144903520680316e+00
1.382850791536363033e+00
1.406065964990801831e+00
-5.818608091961405826e-01
-3.265173990470757737e-01
-4.410160614896825315e-01
7.146449998078128196e-01
9.039750890794531202e-01
4.264729433050118423e-01
9.254200904220892809e-01
1.027244149683700591e+00
8.010950502333349377e-01
1.161316529633118932e+00
1.083208931319960655e+00
1.099690187695861354e+00
-8.887403267753501979e-02
-2.222049302765740642e-01
-5.146637025262337239e-01
1.692187694788301222e+00
1.779927279279138297e+00
2.104990501007196535e+00
1.437496528103920923e-01
3.604533424232299055e-01
1.393287322029572728e-01
-1.222935434238873853e+00
-1.020043252699570857e+00
-1.705499351258412677e+00
6.085364662326382401e-01
4.829984203174553237e-01
4.924092827488730784e-01
-3.670092275895435741e-01
-3.174305412648141811e-01
-4.720411482162440997e-01
1.749001245581967012e-01
6.394573174839188745e-01
4.531362417615527605e-01
5.352658666336571613e-01
7.275390449436858198e-01
7.898041784798870424e-01
4.331894544657535207e-01
-8.768796041365778393e-02
-4.269483279660639674e-01
-9.078299880953393242e-01
-1.096074583017004667e+00
-1.505993976535096701e+00
-4.580741151525140609e-01
-2.951353447880054048e-01
-7.982837250482059943e-01
6.353325706663035533e-01
1.169910288116460251e+00
1.220091006138612322e+00
-4.708860028716470580e-01
-5.180088069153332420e-01
-6.488117027143931459e-01
8.982249151334098514e-02
5.789305685883703312e-01
1.166357805117197444e-01
-1.143722012021730627e-01
4.495948769511808329e-01
1.691812678532405023e-01
7.150509831290623453e-01
5.251551831988892083e-01
4.684602649201226043e-01
4.120456535979699630e-01
1.774600206696543836e-01
3.212893837645225403e-03
-1.824801070459632468e+00
-1.525100108586029402e+00
-1.353381784170860636e+00
4.639212372529017969e-01
3.708944028845198027e-01
2.059840431440793651e-01
-2.123454601878305148e-01
-6.490715918346854352e-01
-3.671595193006189639e-01
-4.475650179279191399e-01
-8.815898562577029196e-02
-5.833287214179270208e-01
-5.603598718616731311e-01
-4.652932274391545775e-01
-2.145473278502918468e-01
-3.761366508005377085e-01
-7.557588174755189847e-01
-1.345008002564440197e+00
-7.150283927342520052e-01
-7.309623762568060457e-01
-1.093287594467058366e+00
3.447392377098470462e-01
3.485906246261767372e-01
1.487668191109916549e-01
9.145228197369492662e-01
7.456557008520170449e-01
8.025891618892586621e-01
-3.581089859311306078e-01
-1.922202848939784658e-01
9.208677763754380408e-02
1.027608138586051822e+00
7.213471018643069499e-01
7.973293797447298381e-01
-3.005261446112852397e-01
-2.709092130039829627e-01
-6.095446305675067400e-01
-1.627600622792271690e+00
-1.512457968202006287e+00
-1.963192784540852553e+00
2.830741772757532360e-01
5.514085695939816567e-01
6.506835090491556173e-01
2.559117200262654990e-01
2.648404829994981391e-01
1.351855909432022607e-01
6.117713200985637201e-01
2.175532387791969668e-01
2.848146218486027337e-01
1.298329919345479588e+00
1.124101424991694742e+00
9.683508088816665804e-01
5.783677771713939819e-01
8.666814910004996264e-01
2.192243513650384834e-01
9.180555090705500021e-01
7.347205259607245686e-01
8.936540497302098984e-01
8.531325244984104827e-01
8.519042272790944281e-01
1.114172385514948793e+00
9.433338656857852556e-01
9.468112034646445352e-01
9.029567990974154412e-01
-1.110333282796126753e+00
-1.224971508286004873e+00
-1.145055171719449483e+00
2.297826213264764661e+00
2.079652145028051180e+00
1.921507818555530989e+00
4.764835999766541264e-01
-1.303536144316916889e-01
-3.210749465975264449e-01
-1.915696794050936180e+00
-1.228291114896393532e+00
-1.675031883294441748e+00
5.965726164855742475e-01
6.003187456924012899e-01
4.255315255870435465e-01
-1.292100519788159652e-01
-2.191306650930719968e-01
-6.036482463646701824e-01
3.999083469938184976e-01
6.928191383242623402e-01
-3.534396171960199062e-01
9.654975610901654903e-01
1.041691863622661529e+00
5.554507656488643086e-01
3.447759594949837414e-01
3.814041385633757386e-01
2.384612184740979579e-01
-8.526600242644679639e-01
-2.311649261775353903e+00
-2.403174164847060812e+00
-2.727606139749627623e-01
-1.844542324706397451e-01
-5.310475496764079928e-01
1.461733909614231663e+00
1.457450178441245470e+00
9.987588257431436745e-01
9.975309406344656793e-02
-2.477959179269388912e-01
7.204142861223292726e-01
3.869924587392770121e-02
-9.563232227357909565e-02
-9.069885273820617044e-01
5.907857349165164251e-01
3.175241385136691186e-01
1.710027080147114020e-02
2.060702287747382400e-01
4.282375091037642356e-01
6.219309089933311441e-02
-1.870788727290420006e-01
-3.849315645959299204e-01
8.307798834970903101e-03
-2.331679408330352476e+00
-3.079196172688228206e+00
-2.809679450160766923e+00
-1.297895641308599579e-02
7.999281819917092307e-02
-1.374797592372676291e-01
-1.787349954541137542e-01
1.092861052310056813e-01
3.573193763114579369e-02
-1.738456710075145129e+00
-2.333136986141733260e+00
-2.279493393176305727e+00
-2.143086194332646244e-01
-1.453815639321747177e-01
-3.394135308718109201e-01
3.868093583910305888e-01
6.172307959944145495e-01
2.886201773012344596e-01
3.552208259841096449e-01
-3.259202454959577722e-01
-2.861260812117452090e-01
4.845957699484055858e-01
2.510011816041979316e-01
2.279718456977226637e-01
1.020256188407508979e+00
4.750159737016792505e-01
8.089553612569848617e-01
2.858231011918346276e-01
-1.931635807124711945e-01
-5.679038713487494228e-01
1.150834862304033201e+00
8.897114625880924166e-01
1.139929125709861601e+00
-2.809773214631916538e-01
-3.731460160458732744e-02
-3.445332160435148339e-01
-7.394942634879200227e-01
-4.437973414545210993e-01
-6.826246956580450664e-01
9.701181624488652844e-01
5.884968317347154532e-01
8.513999717621536512e-01
2.214496457880943403e-01
-1.228721169833457694e-01
3.196124305187639791e-01
5.941353158760862563e-01
5.891731775037167829e-01
-8.332352957715105646e-02
1.403723101754688507e+00
1.659922339742790243e+00
9.395340363720547927e-01
1.502201564264336042e-01
-1.056253447454453820e-01
2.698930950734701462e-01
6.813273289764949503e-01
-1.238383222771672898e-01
-1.514128508223619995e-01
1.804042254618437369e+00
2.087661605339789617e+00
1.463157140605494178e+00
1.110379023901217899e+00
1.154451825365455875e+00
9.576423418143189537e-01
1.902393852395238838e-01
2.773013294475656920e-02
1.855844948039804265e-01
1.883104245621902706e+00
1.796356792990146722e+00
1.869735387491372691e+00
2.136336408153165500e-01
3.001711555075337046e-01
1.469996737599674752e-01
-9.579632416626755465e-01
-7.059388442776648454e-01
-6.411433776722921252e-01
-3.273500779905180735e-03
9.501347750774069567e-02
2.539664674692154733e-02
-4.548297372596130650e-01
-3.819571893472888391e-01
-2.413606704301756167e-01
8.272786471709236977e-02
2.308268311901917613e-02
-1.597555405223047842e-01
9.225659412914284374e-01
1.045940249738424477e+00
8.534198392419356516e-01
4.416098769479077646e-01
3.417469870198557302e-01
5.145956536732749775e-01
-1.157049927151162505e+00
-1.454931845298392590e+00
-1.216068985540895264e+00
-5.832626305926269517e-01
-3.508067172948479140e-01
-1.950431845085520699e-01
2.080542342623007634e+00
1.760056444597464242e+00
2.076240720975169651e+00
2.071962952960055837e-01
3.165419009535050954e-01
-2.188692133245617732e-01
-5.283881856132919275e-01
2.323853839602390003e-01
5.117695019436450110e-01
-9.940191050785562865e-02
1.918144065079299132e-01
2.977277638000517257e-01
3.183582618049221047e-01
8.199224557483653086e-02
4.660407975657219204e-01
-8.470760401654611194e-01
-3.113662008390267744e-01
-5.306094450841620791e-01
-2.034256008532128845e+00
-2.323544332151572078e+00
-2.008372759872331770e+00
1.367780158286970860e-01
2.169776236728839791e-01
5.817952604532190541e-01
-6.541911874742054600e-01
-2.024232869685436143e-01
1.415436313025746351e-01
-8.888402817321643390e-01
-6.290675191814121270e-01
-2.488185708119425854e-01
-6.525818511340935046e-01
-5.650499497460845788e-01
-4.696901754593563183e-01
9.096519979506894060e-01
2.304594139419315901e-01
1.422261370416418202e+00
-5.947886106452586752e-01
-3.474102628354556188e-01
-6.779126457102382375e-01
7.962987228290474562e-02
-5.425310007633976639e-02
2.732434878190881378e-02
5.316347042326401429e-01
8.059470906475407759e-02
2.629715679376256610e-01
-1.714041718611110099e-01
-6.052181000399463606e-01
-6.535539097853018120e-01
2.464625411778205155e-01
1.074207198647201267e-01
1.190172706660450608e-01
-1.178276785147853500e+00
-1.246305937151002130e+00
-1.603230595058174224e+00
-1.462462037969920470e+00
-1.770355207373839335e+00
-1.853950623859497604e+00
-1.278006888158902399e-01
3.179465915891896977e-01
3.144254736218128343e-01
-3.185434984982316031e-01
-1.078602628285731946e-01
-1.020505952935661931e-01
7.186990306968299436e-01
1.498129960050023080e-01
2.793453042867839464e-01
7.516708001795304739e-01
4.982819847565522764e-01
6.405095459041438843e-01
-2.695641928496605999e-02
-2.899900381055400267e-01
-7.862933199624766445e-01
2.043394235255884261e-01
3.080326307362808436e-01
5.549175234001282320e-01
6.638806597075537219e-01
1.118599850229199610e+00
1.008088703394863117e+00
2.612661933125255409e-01
5.618031083433345785e-01
1.867551918705889769e-01
-1.792122668534547714e+00
-2.040299560068882911e+00
-2.223635011179887488e+00
1.760559346329508834e+00
1.854282395174493558e+00
1.774137713349289491e+00
-1.766576212946713298e-02
9.018401921465990512e-02
1.397524533139082870e-01
-1.076582930104590385e+00
-1.121099762995291016e+00
-1.272163943736918323e+00
3.692553381628327358e-01
2.187376881105409510e-01
2.473877691396175749e-01
-2.060235385386954832e-01
-2.000641745482654166e-01
-2.709815918980984506e-01
8.648316106074238618e-02
4.366170745060813374e-01
-2.201591721208746577e-01
5.721102254243790597e-01
6.719847840345822831e-01
5.049782092487555829e-01
-3.753309590028952591e-01
-1.139752462391219190e-01
-3.808874908114945335e-01
-1.306547939902581890e+00
-8.463108602973736794e-01
-1.734928165771820519e+00
-3.652300837658839505e-01
-2.162481204173625216e-01
-4.034483941008799590e-01
1.521278503286134232e+00
1.620363994082125281e+00
1.287798071763921470e+00
5.031311903719628553e-01
3.706735355306376434e-01
7.084611312512629766e-01
-3.813496152779767279e-01
8.689892025034984258e-02
-3.667808873492961474e-01
3.139360356325431312e-01
5.381169839290396162e-01
2.271457591670200671e-01
6.158632409212545511e-01
3.691276061606738601e-01
-2.988566259379945578e-01
-5.849895451689830495e-01
5.264692703209794544e-02
-8.183371239124865859e-01
-1.913437847916123813e+00
-8.897418078667969077e-01
-1.742851052140817814e+00
-1.491341518014328571e-01
1.730173272383535910e+00
2.881616495235421738e-01
3.906661573014336142e-02
-1.943152509433123676e-01
-3.098230609562224735e-01
-2.004235710871835607e-01
-6.620071219134895379e-01
-6.538406022947040874e-01
-7.201738009608766866e-01
-7.351488939158770108e-01
-1.134141458352934340e+00
3.265490459957867131e-01
1.634224116269185068e-01
1.219259579972571395e-01
