-3.173327748929506420e-01
-6.744134990805656926e-01
-7.372781957551266530e-01
1.934833045781759076e+00
1.660301811055128418e+00
1.696705692381747177e+00
8.948529543350280946e-02
-2.706775431114971653e-02
1.542941572370399861e-01
-6.404007029056133504e-01
-7.195926740919569298e-01
-8.935800845413526261e-01
5.101939933377384051e-01
4.956132989649510989e-01
5.299760711369594368e-01
-7.342725171302966203e-03
-5.579917504262272843e-01
-7.120390910894749403e-01
6.511321462195320819e-01
2.239494681240143947e-01
3.064353231401542033e-01
7.700891192388348294e-01
8.696466246224767715e-01
3.745769802407945548e-01
7.629658748971657189e-02
7.042326387333375237e-03
-1.834309693562463650e-01
-4.017478938608638472e-01
-7.586092680548901512e-01
-6.491572159896730199e-01
3.693666699176181289e-01
-4.049197491265177362e-02
1.663701843420373194e-02
1.278094502942725974e+00
1.076348218787289923e+00
1.568665320122492268e+00
-9.224986673775101842e-01
7.078774789929287437e-02
-7.113325531276153413e-01
1.938866632733917683e-01
2.858107883015637007e-01
-5.509484448701460479e-01
4.060142842044789369e-01
3.181152724207008120e-01
3.248053089257920689e-01
7.563832064214004447e-01
5.183010166993704537e-01
4.215617520033356769e-01
3.944880190077260096e-01
-3.589835688074556330e-01
-3.746672327336746378e-01
-2.394905224403464761e+00
-2.406216450033197951e+00
-2.330560461506598902e+00
5.099052337424403447e-02
-7.452355145716138551e-02
-3.325104708339794435e-01
-8.056406769791957245e-02
-4.158206199034868433e-01
-1.178432624520121985e+00
-1.734761127081556609e-01
2.793341909495850039e-01
-2.591875354183632574e-01
-4.960268364465032498e-01
-5.221153248507630629e-01
-1.402929040264813132e-01
-1.635384027073278901e-01
5.881585521036347686e-02
-1.468616239364539666e-02
-1.775624085270823826e-01
-4.810817717565472051e-01
-2.222492854510393911e-01
2.189810654428286263e+00
2.689389395534302452e+00
2.697008398569972876e+00
-5.305472589237947290e-02
2.366037482603084996e-01
1.976959207114838968e-01
-1.527049837919800979e+00
-1.637030147532939406e+00
-1.518667867015409456e+00
4.453946942577728940e-01
3.958102934065776957e-01
3.569024652484804605e-01
-2.239322306278110908e-01
-2.880660787615165752e-01
-4.590703295710873988e-01
4.982541977980958769e-01
4.827406261064943749e-01
5.816338614770097948e-01
1.294967292187069852e+00
1.225338149113572861e+00
1.124254984426805493e+00
3.790324653427354917e-01
2.963192866700818939e-01
5.481910660478055419e-01
-1.695886234085796973e+00
-1.721814698203282479e+00
-1.570532984504555918e+00
-1.215104002604294742e-01
-3.925813549591365970e-01
-5.570959240161461601e-01
3.086747461964247208e+00
nan
-2.869254356845252651e+00
-3.533595106022344723e-01
-2.136440843938793854e-01
1.316477090947958395e-01
-1.321346370219371735e-01
-2.994230220293085942e-01
-1.099882606660140816e-01
7.478452605378662632e-01
5.522953589957904086e-01
7.509936177204794561e-01
8.292279616416995403e-01
9.935413753126285386e-01
7.779990670228844607e-01
6.141787517504528893e-01
2.677437527561083996e-01
2.639011401134170320e-01
-1.285309199342179243e+00
-1.309091881734727458e+00
-7.153080831159988051e-01
4.162434625402386956e-01
-4.742449626447919897e-02
1.144814544147116919e-01
-2.488965707538879357e-01
-4.723939723272314595e-01
-2.731723515449324680e-01
-1.919324183238346748e-02
2.925510842496703567e-01
-1.420703155907983017e-01
-4.165292344958255732e-01
-2.414345759449494366e-01
-6.001685693464908766e-01
7.139314402178458252e-01
5.540747877406868582e-01
8.861778733338745440e-01
6.769700196534556014e-02
-2.035446323663769874e-02
1.266107420706363840e-02
1.019168069346801708e+00
6.700220572762942695e-01
4.356417764889868316e-01
1.179819091754048088e+00
7.556021177014882184e-01
6.495657586722680676e-01
-5.007991107221578808e-01
-1.940267185516253434e-01
-5.651299376807910058e-01
4.435961104383108200e-01
7.592028444173060109e-01
6.443452280194752468e-01
-5.615509052811544777e-01
-4.089398531929244740e-01
-2.977045311309334252e-02
-9.657952682953436785e-01
5.470111886652433419e-01
-5.261918475036786447e-01
1.897867549793814668e-01
5.058959148764596847e-01
3.290330543064308166e-01
5.317301745607934116e-01
9.376900244477228696e-01
4.341501969552670204e-01
-2.625684090211466426e-02
8.131300052269390122e-01
3.034916286277638875e+00
1.190202582925613761e+00
1.276828226456991011e+00
1.002167433465918300e+00
6.754661557334644684e-01
8.317198030371701911e-01
8.476318891282796919e-01
2.984365862621070065e-01
3.841411136847745489e-01
-2.027544877937486056e-01
1.889664658204145198e+00
1.870068867219322861e+00
nan
1.162066673083674395e+00
1.159134709671818086e+00
6.666011729474279335e-01
-1.540101648614949026e+00
-1.810778663792207199e+00
-1.681739810514945921e+00
2.883025570109158053e+00
2.660978346831706531e+00
2.553457836701787720e+00
-3.377596614045352830e-01
-9.870643917009269686e-02
-2.510266871158255420e-01
-2.001478048091361650e+00
-1.492888935652477933e+00
-1.840475330015947764e+00
6.595578683221217098e-01
5.797269741421144928e-01
2.163350638560830319e-01
-4.425271026295929389e-01
-7.813790799589357405e-01
-1.123260835502751132e+00
2.920078392644409604e-03
5.094395347072646629e-01
-6.481469266477146718e-02
7.412593436859680196e-01
9.358744228282160904e-01
3.274970303649995529e-01
2.735455126393890879e-01
9.017469855419424363e-02
-2.452173753685524815e-01
-9.071007646732907048e-01
-1.046513976867763152e+00
-1.552312530331084961e+00
-2.180161226403765085e-02
3.949803917135605857e-01
2.368572407551994274e-02
2.276173725990524588e+00
2.346542803412418721e+00
1.812953758474189492e+00
-5.954072862620884976e-02
3.862402558005033626e-01
-1.381899642487831592e-01
3.725464623170351430e-01
-3.875496091619043959e-01
-2.296735412750599004e-01
4.866773154544956626e-01
1.626602557026886053e-01
1.661447034890333185e-01
5.868772396663475277e-01
8.488917541967118119e-01
5.141277148605492009e-01
6.213049046123559904e-01
2.542485050490963516e-01
2.914897638160951487e-01
-9.536894485068656557e-01
-5.838624787761910184e-01
-8.065225030070317658e-01
2.038908650099853226e-01
1.332996798542067651e-01
-1.036481103007127480e-01
1.320095523260911285e-01
4.956185104286969789e-02
-3.691493613164973375e-01
2.756008956116300368e-01
1.503089260398140503e-01
-2.833180868355706927e-01
-1.775842665080156202e+00
-9.502154751717530878e-01
-1.047268756828181768e+00
-4.398436858676806338e-01
-3.849851378137274516e-01
-7.437191312152715561e-01
-4.691376744782824737e-01
-9.212232424788613372e-01
5.691994489925860101e-01
1.792346630313619293e-01
3.565838016249109899e-01
2.303994182627651099e-01
4.812705671138024499e-01
7.481386631457964675e-01
1.135057818790689232e+00
-4.113102634978393901e-01
-2.846386141985211005e-01
-2.298043582794973005e-01
3.716062203059569136e-01
6.143191742557618795e-01
5.351890082006320881e-01
-6.518954836306076750e-01
-1.679209649038440055e-01
-8.965622107511173056e-02
-1.166786503710030454e+00
-9.957177022647538678e-01
-1.124172669333012742e+00
3.342140593818925254e-01
5.293413822149881653e-01
6.513269341573244553e-01
1.765292878290378731e-01
4.338319487842863253e-01
6.148043582402369367e-01
-2.491326355131979753e-01
-2.352655024147556340e-01
-5.129992507842060512e-01
1.015920493885106524e+00
1.225879074950436909e+00
1.281872776912723388e+00
3.018461677139994137e-01
2.989979422804314169e-01
4.120944014323915106e-01
2.400090026004719768e-01
6.867846019259196133e-01
-2.613509748718354508e-01
6.979905067169380750e-01
9.077075363577558065e-01
1.339651878121020268e+00
6.391002689387472735e-01
6.602622555399109139e-01
6.744675603980407885e-01
-7.920814294391171906e-01
-5.740177231566319094e-01
-1.758780527825534845e+00
1.608430878861152991e+00
1.828031772410543709e+00
1.959762198728118854e+00
1.073047095786021643e-01
6.779794618769763304e-04
1.969164395229947573e-01
-1.398343301726901577e+00
-1.111568800766415954e-01
-4.324630551651225119e-01
4.873907100038281648e-01
3.011472491568047971e-01
4.492962703790071011e-01
-4.737939461249416340e-01
-1.334611403299801324e+00
-1.780402831198282021e+00
-2.801920882483215358e-01
-1.012429196317281566e-01
1.196682936390756069e-01
7.633487213958547457e-01
7.625725863932570903e-01
5.858038835188872362e-01
-1.259051407264175637e-01
1.765722772157753973e-01
2.825981810468625177e-01
-1.488361467185252529e+00
-1.579589408970750508e+00
-1.692119235595649140e+00
-9.693185224774714115e-02
5.868137861514766129e-02
-1.245919595334004093e-01
1.726459346998394651e+00
1.916808822905665899e+00
2.121301440457381560e+00
8.695641761268690928e-02
-9.369642530669963776e-04
3.039778765375178438e-02
1.164321329695217067e-01
1.606919963180599709e-01
1.823819450440296031e-01
7.138118149507555188e-02
8.344385017302347052e-02
6.063046980911090955e-01
1.372206467321896106e+00
4.199353391049713835e-01
7.935036024039803237e-01
-6.758174434526953434e-02
-2.847184816176322464e-01
-4.501111714332628466e-02
-1.849941406285488199e+00
-2.047833397854260440e+00
-1.494423195111984182e+00
2.638107096584962896e-01
-1.967489027458952933e-01
5.251354610411551604e-02
-2.536471970021749733e-01
-6.142118807699992189e-01
-8.426139262860550261e-01
-1.223103937258152030e-02
1.161913222185471106e-01
-8.628190329071694364e-02
nan
nan
nan
-9.982080737326315401e-02
-2.265356443318382595e-01
1.025768045548063334e-01
2.970290882698156665e-02
-1.654492381423060543e-01
-7.819556087102297326e-02
4.549235973642127284e-01
8.385673158495441371e-01
3.933321468603723225e-01
4.976717583441208070e-01
5.877725217481346576e-01
4.867416923836782594e-01
-3.541512931732899716e-01
-2.213442380220573824e-01
-7.869525346453145609e-01
7.246431413400094002e-01
5.161348115008168591e-01
4.810056533226236830e-01
-1.102725604547929450e+00
-1.095734635362362486e+00
-8.096454862166018174e-01
-6.978532076438930254e-01
-1.069147875207203224e+00
-8.877728795761581360e-01
1.549328301654764317e-01
4.850262084982830402e-01
1.509530041902094055e-01
5.911231750497885074e-01
3.126518896482846088e-01
4.281252150441012816e-01
6.323640551072275962e-01
2.354456121527754853e-01
-3.418441116805448488e-01
1.256378347626647241e+00
1.069725590251252356e+00
1.081112795540017046e+00
1.202995482430929464e+00
1.334127781407770108e+00
6.948720650234565532e-01
4.499830663215811377e-01
1.998989044369530177e-01
-5.052020876547436146e-02
6.084569053573551933e-01
8.903172942968122783e-01
1.063318507151439718e+00
7.303791823507368441e-01
9.022080655302486818e-01
9.536219528178184746e-01
-2.506102698554717456e-01
-8.870144118030474090e-01
-2.946824895039448222e-01
1.460378769970938073e-01
9.547185879823549826e-02
1.780025954136918998e-01
9.077081872093692994e-01
6.900748498181403789e-01
7.896625667795365011e-01
-3.077613370612262145e-01
-1.505241128639926984e-01
-2.620695960884136255e-01
8.523515011962499166e-01
7.794005680186102403e-01
5.417238311722605282e-01
-7.143234450094571031e-01
-8.202979087072241882e-01
-9.342899623133997800e-01
-1.386902686102106985e+00
-1.506207337724982942e+00
-1.159126029258978674e+00
1.138465713630826492e+00
1.023753988723466790e+00
1.075776780258580700e+00
2.279962753938136188e-01
1.878894351762272485e-01
4.701728483786502544e-01
1.030175675888171938e-01
1.459561074484767573e-01
4.856045335202323621e-01
1.045023270185104991e+00
1.093079249586343060e+00
9.129814717628121912e-01
1.921534944512397480e-01
6.484313841666318190e-01
5.634807131619949949e-01
7.129280171788794362e-01
5.913286270063418115e-01
9.577961627880391404e-01
8.381310228596472456e-01
8.320104680938116282e-01
8.505818368980162525e-01
1.105548870173400644e-02
1.280813016215214262e-01
6.074879322662551928e-01
-1.028619526111301141e+00
-1.200778803520200722e+00
-2.224809838443791321e+00
2.789267167415789395e+00
3.022622277216110653e+00
2.416861691934608203e+00
-5.060256992355292027e-01
-3.581459772092947524e-01
-9.722004511043946806e-02
-1.035737242230099664e+00
-1.188092523049795401e+00
-1.186544512683225028e+00
2.659672912279851253e-01
2.497278488161236432e-01
5.030507325701760735e-02
-4.155988138530597453e-02
-1.762610069424708215e-02
-2.738859273493847724e-01
3.805485522077587390e-01
2.439499385727073033e-01
4.785612582555320849e-01
6.480909116811202075e-01
6.937476807482214625e-01
8.921842590229145387e-01
-4.185196693587784900e-01
-1.154737524235605051e-01
-1.583277250856953700e-01
-9.736316857250022494e-01
-8.348863651732809643e-01
-1.086938365930014250e+00
-3.994693135938338635e-01
-4.513397710281763509e-02
-3.174086633459443085e-01
2.751654926671926127e+00
2.758220086222382683e+00
2.143415815260410362e+00
-2.219441218409735406e+00
-1.444393078844398604e+00
-1.471923029048628928e+00
-4.797978190963281264e-02
-3.617885734015104937e-01
-3.638203546469944705e-01
7.167559303316428654e-01
6.394227647869903386e-01
8.374825225264301842e-01
2.710613422116665561e-01
-6.554507230849315746e-02
-1.433177193597052757e-01
-5.036531272551640903e-01
4.317320170969800586e-01
5.419888118972915336e-02
2.761354558294351946e+00
6.486548593099588089e-01
9.347021401978707900e-01
3.379419479785816804e-03
2.471529106776562124e-01
3.339878987731372817e-01
-7.920601617951659179e-01
-5.268986335085856787e-01
-7.413314163930238010e-01
-7.268144384278638626e-01
-6.462878424605946748e-01
-7.868638600221906643e-01
-1.146410737150146852e+00
-9.339900842872124187e-01
-9.242776355550597067e-01
-3.229887642042417184e-01
-5.320485110535693174e-01
-3.590472981970336264e-01
3.204060566700746016e-01
3.578835133087903131e-01
2.970175371152570243e-01
5.417530472178135881e-01
3.879035250349431863e-01
5.702121995401498999e-01
1.070696994111999700e+00
1.564336268815444519e+00
5.017565256314346911e-01
-1.842539186588774136e-01
-4.976240038772337115e-01
-6.651998842014128499e-01
1.485687712017834450e+00
1.206859479912018251e+00
1.343391476806210960e+00
-1.424760055008849502e+00
-1.332280802569986822e+00
-1.637047157954686138e+00
-5.279977015462358203e-01
-7.667992513141395072e-01
-6.735736681677342297e-01
1.517996557908865007e+00
9.408244020922538198e-01
9.182824373627669345e-01
9.114555578321841267e-01
5.427138328623217767e-01
8.011192598639120810e-01
-1.126025354798704026e+00
-1.375552324449886399e+00
-1.240967232618742644e+00
2.166894940211793852e+00
1.909063969126905569e+00
1.739820309266651321e+00
1.174671462837951097e+00
nan
nan
7.159277297811308394e-01
6.018746089197728466e-01
1.176194946988935008e+00
1.914355608022881405e+00
1.682532210567663000e+00
2.145599866304353398e+00
1.079280120199382687e+00
4.977466198532534136e-01
1.400263417406300448e+00
6.663147124484085637e-01
2.992697396368240170e-01
7.202157476370945055e-01
7.200743966928495610e-01
7.270234971331452911e-01
3.849599342505003463e-01
1.090865499233491853e+00
1.064151992486546128e+00
1.090470164734527181e+00
-5.533267500940870498e-01
-2.035968517550394985e-01
-1.313408670750741969e-01
4.981272860380889789e-01
8.364897739751477879e-01
5.278661519487686249e-01
-1.212573732013304095e+00
8.430213245579443182e-01
-2.983407389336751869e-01
-3.866466026518033949e-01
-6.407083113553011522e-01
-5.737620671799872341e-01
4.896488292955538668e-01
2.180021771559936816e-01
1.971778573214146846e-01
-1.023985474095026049e-01
6.095811943408739886e-01
9.869075156420326067e-02
-2.041400071172230213e-01
-8.576311544165018397e-01
-1.297142711141181293e+00
1.524773988148219850e+00
1.367178256999547870e+00
1.366804997077220918e+00
-4.243286251413862509e-01
-6.532689855184954375e-01
-1.041932649636707620e+00
1.688492122269624751e-01
4.286446835654205145e-01
5.946660999070783049e-01
9.322241845150198714e-01
1.318756858148713462e+00
1.116219547544587520e+00
3.586409989321883707e-01
9.206462904809953329e-01
1.144309782247156626e+00
-1.375639765166701611e+00
-1.303563569226043439e+00
-1.958687603962535828e+00
nan
-3.052386233000350835e+00
2.973889140041842793e+00
-7.517036573859314785e-02
-3.998230632454702338e-01
-3.894825807324728828e-01
-1.617307136478848273e+00
-2.401240883886958777e+00
-2.084922378801274512e+00
3.804052855836461688e-01
3.911225891830962809e-01
2.159239024824177733e-03
-1.198722669565071675e+00
-1.537945749099083548e+00
-1.333228833992692319e+00
-1.732692310819166082e-01
-3.802912153461139866e-01
-4.021688622738657237e-01
6.694892019902987101e-01
7.175117075069503692e-01
9.680750827459494445e-01
1.869081007563813124e-01
4.472059990490429016e-01
4.866244421806786846e-01
-4.609714723144935355e-01
-5.876051417697429891e-01
-9.917041032957767399e-01
-6.132068435342028501e-01
-6.443793891995226453e-01
-4.831852097241267074e-01
1.888439826191780746e+00
1.447475286058986121e+00
1.646916717898658788e+00
-9.561132480343297324e-01
-1.155598827442471999e+00
-8.179271763613220614e-01
nan
-5.522468445500248180e-01
-3.802504849271755027e-01
6.262023005535688469e-02
1.883933079136528299e-01
6.560679367299484532e-01
1.764827421494818971e-01
5.891416176002870486e-01
5.437127071424017188e-01
8.225410181295491618e-01
9.990335945637029980e-02
-8.840321963462605126e-02
2.413586224964689997e-01
-1.180845782101775265e+00
-8.696771546181927270e-01
-3.986705287351095528e-01
-1.016991788179812506e+00
-1.706128334193190987e-01
-9.057449445859711012e-01
-1.076843400644787341e+00
-1.700000519897256535e+00
1.123604995829290409e-01
-3.895233106002100598e-01
4.932457103081766547e-02
-1.203118905536897820e+00
-1.432059265914007895e+00
-1.522832210487410798e+00
1.031912074695862103e-01
2.761924203261192368e-01
7.255284647757878069e-01
4.009199305977739769e-01
1.039014995156456678e+00
4.534669765920753548e-01
4.371714322033213307e-01
4.510009904118379431e-01
6.736851495172349047e-01
8.699215473099224383e-01
4.107021618346973213e-01
8.243393537360663714e-01
-3.794468425329937666e-01
-1.798588696203076154e-01
-6.044931298710887191e-02
1.065554047985743935e+00
6.744414277715540251e-01
8.427370460941716601e-01
-8.298865744106089792e-01
-8.198601089262327335e-01
-4.198693096635075506e-01
-1.257333294319678441e+00
-5.553881361356154400e-01
-4.579946497707192421e-01
5.999019443992024136e-01
4.127956072218639250e-01
5.825463756787376823e-01
-1.125325166757824569e-01
-2.613800573767477431e-03
1.806048022791126861e-01
-1.756847948590087860e-01
-3.750377895821817020e-01
2.949808232840802624e-01
8.765856829940252837e-01
7.382217396217027883e-01
1.579937790084766647e+00
1.059413273613130535e+00
7.264557203917521022e-02
-5.244923365187221798e-01
8.336351555259913226e-01
2.546706751316132333e-01
1.189116107825244129e+00
5.220955455070446227e-01
4.145750353773203223e-01
1.041897617986760061e+00
8.102932362730941307e-01
7.839635279825230008e-01
5.145340188999250053e-01
2.717073553432314270e-02
-9.412483120964054706e-02
-8.809659174372841406e-02
1.508348984157198203e+00
1.689700244575661259e+00
1.557783496844425741e+00
1.459868627307310263e-01
-1.229306440260806710e-01
2.816975060480362281e-01
-1.169272731143348398e+00
-1.531024086725046418e+00
-9.430859808737048766e-01
9.008833804228695286e-01
6.026157644728029616e-01
5.290250304552053251e-01
-1.377273649651571397e-01
-3.354572508060593705e-01
-5.808282879180035607e-01
3.914302861769964892e-01
6.336406299847956447e-01
2.297669686444043791e-01
7.744915961329059684e-01
5.605375063417334935e-01
6.520803853977810149e-01
2.062780986792924764e-01
8.787933743106757234e-02
4.009454063739918972e-01
-8.264055781806534107e-01
-2.113085727227354216e+00
-2.764501491254029997e+00
-2.428445066429647525e-01
-2.679226927052247298e-01
-2.553498187107461348e-01
9.585839768890771495e-01
7.656533153373152878e-01
6.497252590944611050e-01
2.701805284139657815e-01
7.582109023409655535e-02
-5.355313566892632160e-01
3.298004720960223679e-02
-2.809857938708177905e-01
-2.042828278339570147e-01
6.156383200432795633e-01
1.826705584330858834e-01
1.042387313382380221e-01
8.636331307768809751e-01
5.595326525558936837e-01
1.011276415045944788e+00
-7.884920425488273210e-02
4.500454425598015007e-01
4.421601184313654898e-01
-2.354058321043808188e+00
-2.187361180368466052e+00
-2.045559903076685337e+00
4.020283551024181889e-01
1.735012663007036160e-01
4.989186648624732712e-01
-2.302838327967826615e-01
-2.522218503518014465e-01
-5.560602085635304448e-01
2.084762167166132052e-01
-1.582996238253508992e-02
4.253441941240820867e-02
-3.207991908999265895e-01
-1.525319660699699931e-01
-1.300570938749778804e-01
6.997555848819270174e-01
4.671279593295172283e-01
-3.027663636233626221e-01
-4.029696041620534075e-02
-5.734411482241426050e-01
-4.586115575953466639e-01
2.431425025553624053e-01
1.478555649874011557e-01
3.090418937988834713e-01
3.694950348966350440e-01
1.938590343770263402e-01
5.644161019593387785e-01
-9.038264937703299751e-02
-2.665930168973895675e-02
3.023417950801299270e-02
6.739343735837186600e-01
9.355668435007400419e-01
8.329790151450344737e-01
-3.562371675930822157e-01
-4.791183352169974263e-01
-4.878151248589133182e-01
-1.736812266773021474e+00
-2.320591672268401240e+00
-1.797461667106400984e+00
4.042331488594781419e-01
2.694978442936393215e-01
3.415818913237473886e-01
4.000724249339384642e-01
2.483017070068491705e-01
3.542603214729576067e-01
9.801400591009974406e-01
9.063632766941278618e-01
8.697189874017423605e-01
8.340044655091074510e-01
1.147959993744655627e+00
1.209249710731453042e+00
-1.902792603931233728e-01
-1.852770644753825025e-01
2.279470417568831841e-01
-1.425486985727708600e-01
4.073656624557919770e-02
6.588566697683444495e-01
1.348403324635670586e+00
1.227798778917896350e+00
9.737370702143977041e-01
8.721182612821039015e-01
9.834936661444606543e-01
7.896446892333197631e-01
-1.458779133290160512e+00
-2.154081158285107822e+00
-2.704036462643645944e+00
2.068969943353294205e+00
1.980533899928691888e+00
2.264786798231479104e+00
-3.068397057735436917e-01
-3.336805955721793282e-01
3.746525221765173441e-02
-8.818254996873964302e-01
-1.108449894028206817e+00
-1.282706462263899949e+00
4.220143467658159508e-01
1.567688704689205181e-01
4.473918250548170050e-01
-4.319115508397208814e-02
-8.758110111600414527e-02
3.122977463440390622e-02
-3.356455188889087005e-01
2.878036180209475603e-01
3.048281734734907822e-01
5.504681748941480102e-01
1.055933703092999387e+00
7.883692693887844882e-01
3.451754909121085291e-02
4.906585059244061853e-01
6.079441569613623919e-01
-9.288024214866905659e-01
-1.540761382675679192e+00
-7.157266022161818952e-01
-6.931223053552431068e-01
-7.763995003449948307e-01
-5.194212089894727491e-01
4.803796130960242827e-01
5.853121576806099569e-01
5.699481177443512792e-01
-9.473178815223493032e-02
-6.175518316766099858e-01
-9.805545021212136447e-02
-5.802437133445224049e-01
-7.331997531958709402e-01
6.287864388621056122e-03
2.234300884596538417e-01
-1.420405954883379174e-01
2.842376399002866094e-01
-4.181691477490567799e-01
-8.771091910975186146e-01
-1.932025563758097420e-01
-6.085889684359964136e-01
-1.257832197517707584e+00
-3.012243547169370927e-01
-1.707606090263508625e+00
-2.738690822800993629e+00
nan
3.903939179197912779e-02
-1.537040786515033730e-01
-1.262721074408128530e-01
-3.613111625850269348e-01
-8.418047243905921739e-01
-3.562221636816587100e-01
-1.406149908450482267e+00
-1.092614472207177556e+00
-1.236590843796650629e+00
-2.003251888485597654e-01
-3.790784607831039210e-01
-4.178143266849025927e-01
-1.752038405240750052e-01
-5.316009327688293595e-01
nan
9.813525138382983570e-02
-2.498411862768001868e-01
-3.686182850828059188e-01
6.938252232734214431e-01
5.165531794396072129e-01
6.311067060355997071e-01
6.900570215765218229e-01
7.631771862177343380e-01
2.692022811131526971e-01
-2.919858211419290583e-02
-1.848638523513224108e-01
2.965975897351036394e-02
7.628042601536564327e-01
7.732257244510711836e-01
1.000233518762317253e+00
3.326011685079861557e-01
-3.988301062154664400e-01
-5.319070498074176534e-01
-6.260399503713065528e-01
-5.323114241696487170e-01
-6.947771241757574323e-01
5.862221141257792922e-01
9.303307704163179537e-01
8.648922537667163013e-01
3.390385142920693262e-01
1.913766491164508032e-01
2.779424176354829967e-01
7.281053967686403894e-01
3.486749374129050061e-01
1.001751266261831752e+00
1.501110219177746785e+00
1.066952258486309368e+00
1.230931233506521671e+00
-3.957609240401267492e-01
-6.192699376093449004e-01
-6.005720679494199743e-01
8.236188565206217227e-01
8.275264848889087865e-01
4.614329325866002307e-01
1.603479713646859928e+00
1.255169129865135069e+00
1.492873625963905937e+00
1.506500841988996697e+00
9.183015105907319509e-01
1.068270502781236253e+00
-2.099481261633022733e-01
-2.191159407888512156e-01
-2.154090643936270588e-01
1.640435438653641498e+00
1.888800696489520980e+00
1.721093622659769729e+00
2.001971373589106484e-01
4.230485258066023491e-01
-4.992218235580159202e-02
-5.811160472428777979e-01
-7.737089572263546877e-01
-9.804718768927611627e-01
-1.710492882891996302e-01
-2.034150984954035124e-01
-1.473066590132008358e-01
-1.001207314361804990e-01
-2.947940026113156087e-01
-3.759501810170546854e-01
4.742553464375784955e-01
3.267238554195017741e-01
6.836364041391540525e-03
1.351618437212651180e+00
9.465538740017853669e-01
9.366402693808995039e-01
1.987448094311661251e-01
1.332502216129407557e-01
3.822435131580865786e-01
-8.963889692357085437e-01
-1.534100769324577396e+00
-1.351796807123685440e+00
-4.626531894892629282e-01
-6.335004317055905609e-01
-8.324914349151866233e-01
1.976668985076863727e+00
1.858144801107663113e+00
1.611069967245383872e+00
6.802504029984199896e-01
1.405511133717132211e-01
9.640967172031045251e-02
-9.933568969206962862e-02
-3.599917519648951902e-01
-7.880973022762187696e-01
7.572870689423627510e-02
2.401337082931251921e-01
2.798347666212834817e-01
5.333690196967895147e-01
3.768487963290203524e-01
2.479620563367612718e-01
3.047102784266408904e-02
-7.950621032218188056e-01
-6.999370704621146189e-01
-3.054116530872412749e+00
2.344125135003936045e+00
nan
3.304356276144320148e-01
1.454576268106455572e-01
-5.769409942486047882e-02
2.908695037137736250e-01
-4.573938497910345902e-02
-6.201767890256077997e-01
-5.410003946040000677e-01
-4.881891327489715771e-01
-2.189025019927344218e-01
-4.006741129158664094e-01
-4.898769732220831230e-01
-4.927251986581238086e-01
6.120302415166678500e-01
6.876862296059473856e-01
6.377354760579279080e-01
-3.379856882499421289e-02
4.429915205159677960e-01
-5.209725761550614287e-01
4.289725551254952585e-01
2.911868013928513577e-01
1.564963561969445749e-01
8.800353366510051956e-01
7.024591614622077707e-01
5.127709073015784824e-01
-3.966226136577892802e-01
-2.206606702747619941e-01
-4.387450199720435151e-01
1.174678359066718691e-01
4.715084611450759411e-02
1.866419749944832063e-01
-7.589980630960369012e-01
-1.046973592110374440e+00
-1.302739963998993611e+00
-1.462889271784996392e+00
-1.070973452080340227e+00
-1.262231789966846707e+00
-2.938045231182164763e-01
2.077928968914770635e-01
-7.146761141754081059e-01
1.585591837909805513e-01
1.082944133050087743e-01
-1.745222677999427319e-01
-1.998237655340018293e-01
4.051163273053193237e-02
8.646043627658013264e-01
1.233977190207057539e+00
1.050883290515389312e+00
7.917973121306181028e-01
7.890601675264599102e-01
3.376164362538909280e-01
2.899086602360316789e-01
8.252169652965735125e-01
9.117738241764836715e-01
2.689711517388726492e-02
1.013357920447784721e+00
1.118172616415144205e+00
1.249903042732202429e+00
7.891947464512285570e-01
4.855632341400606400e-01
2.485930144994110691e-01
-1.356197374856910942e+00
-1.399447413337450818e+00
-1.619740232649342637e+00
2.146398951774589392e+00
2.142807631627477782e+00
1.811449466532891961e+00
1.073305097245711437e-01
-2.316911984125744617e-01
-3.697599121762200625e-01
-1.307210745028982268e+00
-1.156011886139714173e+00
-1.300650798385597717e+00
5.110515112314004682e-01
6.612278035347545213e-01
-4.002742708488771228e-03
-3.242333200265075099e-01
5.097228056144675890e-02
-7.217486505346046854e-01
3.352020737292140673e-01
1.624724188300521455e-01
-1.874852061760923227e-01
7.063699944898735872e-01
1.181529575300714896e+00
6.950953946056905863e-01
-7.066471034030197274e-02
1.523755692757560176e-01
-3.347349554307514907e-01
-8.767983108755044164e-01
-8.971170673952992836e-01
-1.222243205675064726e+00
-1.396437460781503326e-01
-3.080697593017567293e-01
-3.332856470506393443e-01
1.179436385616600802e+00
1.645549865598994188e+00
1.308442776459527224e+00
3.699009358956844018e-01
4.498703058163524560e-01
1.866296431461380578e-01
-1.578567233835914685e-01
-6.400619801626961092e-02
-2.642985591447621907e-01
1.817001679690326554e-01
7.778005219949353233e-01
6.628872228604976158e-02
5.161281179200072344e-01
5.024318959590332589e-01
1.481746560087007225e-01
-7.537496314685920851e-02
-2.551699968369809390e-01
-3.638660576285732695e-01
-5.541459942737065880e-01
-1.432153477001199438e+00
-1.473649931116375988e+00
2.178644423983802092e-01
-1.958932770436367932e-01
1.778519598818473213e-02
-4.844342519141453529e-01
2.586581963425382824e-01
9.026363810989019854e-01
-2.750373460914303791e-01
-3.955596859008649879e-01
-6.510223927553751011e-01
-1.339188128595144356e+00
-1.161615879077684710e+00
-1.232098503853180205e+00
3.146339695968594086e-01
1.330997654669512364e-01
4.877476508413254308e-01
