-8.863369585929032901e-01
-1.118396932113510989e+00
-8.643031756371994945e-01
1.849299370003045340e+00
1.427430061866176381e+00
1.843424905045448980e+00
-3.171421584075932998e-01
-4.147036336407943224e-01
-7.592461138111694652e-02
-6.942371480598739097e-01
-6.114628998276643301e-01
-1.199005890385678175e+00
4.943558968570398449e-01
5.522466180540721581e-01
6.080040970202262862e-01
-1.993465860682865909e-01
-1.458313202672747444e-01
-6.484165884367696364e-01
8.122747311072142651e-02
1.212307783846995335e-01
-1.716997519732905708e-01
8.677611881368241242e-01
2.475763831857458186e-01
5.970135070621012119e-01
-3.252513233657694514e-02
-2.186093441000669380e-01
-2.437273677592908250e-01
-2.095301846889607411e+00
-2.054056327792765480e+00
-2.639322695555923914e+00
-6.302562144278183176e-01
-9.317231483618750865e-01
-1.111316683783686976e+00
1.284814822745670604e+00
1.337916786902769495e+00
1.329575575584402536e+00
8.118822093355282377e-02
-2.674851439148686616e-01
-4.032871816670859921e-01
-2.757704382716439362e-01
-4.250107751875336071e-01
nan
-7.271928974346009156e-02
3.153301372780474843e-01
5.248745347226524416e-03
7.148742320098957492e-01
5.683907785982493799e-01
3.755531201141564246e-01
-4.927560834197466377e-01
-1.989925258487534876e-01
-2.354451725423349906e-01
-2.209368468797058505e+00
-2.215165446784853831e+00
-1.916926923555982931e+00
2.396097238454371059e-01
-3.795729510202505708e-02
-1.237545050376365197e-02
-1.059635010276791078e+00
2.185021164859235476e-01
2.596809014841148233e-01
-5.176026676997502740e-01
-7.044118889236208325e-01
-5.772525190062536282e-01
-1.054555466869135927e-01
-4.862255901003083025e-01
-5.352527646621361157e-01
2.321125714533969209e-01
2.083058048216930302e-01
2.890414773144498461e-01
-1.751613544941293510e+00
-1.590858989393228562e+00
-1.966759237486753742e+00
1.965299284601555563e+00
1.962451059167896972e+00
1.949135605264315174e+00
-1.758769711255787627e-01
-1.372226356536327962e-01
3.860472881210696983e-02
-1.332087027226303899e+00
-1.316094241982318058e+00
-1.537812214570385638e+00
6.165445604227954846e-01
4.149236659886188505e-01
5.790277347146508546e-01
-1.567285651583826267e+00
-1.669206194487736106e+00
-1.923791264593158967e+00
8.036078203853724844e-02
2.013398694931161081e-01
-2.338572277272779054e-01
8.468759226558137954e-01
9.349879122515112329e-01
7.646640316358417344e-01
-4.880097240856708929e-01
1.324377358195905074e-02
4.275669387781499964e-01
-1.694305468956825989e+00
-1.480063376099969519e+00
-1.727059705393711786e+00
-5.217665357898364498e-01
-2.138950841817663928e-01
-6.920601542695759001e-01
-3.083673040086427175e+00
-2.758007299863206807e+00
-2.759704130171688696e+00
-4.226942182196258280e-01
-5.779452902198776165e-01
-7.377496065464894670e-01
8.208787448294962985e-02
5.877621730251680887e-02
6.267935421707004906e-02
3.914991481477820834e-01
3.354774019694599652e-01
8.015962589086678136e-02
2.163300800410157265e-01
5.748105809920227571e-01
4.175707356708717732e-01
4.155737727911534840e-01
1.523254614126701156e-02
4.561777167147917922e-02
-1.080664201702126626e+00
-1.219586396636114234e+00
-3.117857460747415210e-01
3.049351686159238461e-01
6.515877017807882865e-01
3.056760632542339096e-01
8.346249550001960671e-03
-3.262084460598067004e-01
-8.843954772420636878e-01
-3.467544759347895855e-01
7.573312737565851549e-02
4.556543573989113582e-02
-3.060892932915475484e-01
-7.799627998628437808e-01
-2.489823733500320380e-01
2.172721301820241813e-01
3.609651033225369510e-01
3.476496494183600738e-01
4.066964007964979366e-01
8.007586434135349762e-02
5.135265014268153294e-02
1.250442166515965958e-01
5.948122916877243149e-01
6.452631929598942051e-01
2.132201490319314274e-01
5.726217660345205296e-01
7.731308557299283457e-01
-4.844834316358652693e-01
-5.456969229125587795e-01
-1.468547879918871146e-01
1.156655806671991193e-01
2.075248381964267530e-01
2.562591145760646505e-01
-5.330932403497308236e-01
-3.879767243722906933e-01
-5.776440428024733897e-01
-1.393750633823637175e+00
-1.128637810436539990e+00
-2.019961477716836207e-01
3.959779596018409009e-01
1.174229367097896493e-01
-2.572801904358357206e-02
3.794816067015123195e-01
1.056996402670375979e-01
2.883725713644382793e-01
-4.363341803385214490e-01
-3.961830311023479823e-01
3.854076230359781974e-02
1.346402303842912929e+00
1.289836261935001893e+00
1.574292523497900831e+00
-1.544307830260929215e-01
-6.516739792752446192e-02
1.413289460299118616e-01
6.595427716870441159e-01
8.253425313594551227e-01
2.826365303689426511e-01
1.352850116592452245e+00
1.341628108383085660e+00
6.521296953460016255e-01
1.398780315350369285e+00
1.120267160716170274e+00
nan
-2.880534279106225615e+00
2.625198464232120443e+00
3.106150889875746834e+00
2.479276668374529535e+00
2.228071816091132362e+00
2.656022003027123546e+00
-3.875830214842075350e-01
-2.311501090430967409e-02
1.987905986080207299e-02
-1.546647776560210463e+00
-1.537042601104753770e+00
-1.760653597048642105e+00
2.538677715119233014e-01
2.922102470938878760e-01
4.214209752056086167e-01
-9.628048041873120688e-01
-1.054503368091799231e+00
-7.686458076591722310e-01
-5.383111112940297538e-01
-3.378645709180694290e-01
-7.398133507659205854e-01
6.918356409717127953e-01
4.730316188122314358e-01
7.070621247188637604e-01
-3.941488284550240806e-01
6.460036369977029125e-02
-3.745261087987481474e-01
-2.004541443940230927e+00
-1.952015872989239842e+00
-1.459654168374395988e+00
-3.071376131311076563e-01
-5.001589485228965515e-01
-6.575409353079213481e-01
2.482702306504086742e+00
1.905890523648309909e+00
1.645572860470712939e+00
-3.103348753985160080e-01
-1.574618884802503338e-01
7.565987179667077456e-02
-3.335150289973753956e-01
-3.974231011189628404e-01
-1.864014665835469486e-01
-1.578706633195947617e-02
-1.630618555509668610e-01
-2.465423940378697054e-02
2.483867495325644548e-01
-1.320265227612655856e-01
1.297068947128332539e-02
2.403935922023903160e-01
7.387945493003189590e-01
-1.429529522708214984e-01
-6.494730786337727935e-01
-1.613401031756205084e+00
-5.023234053402925170e-02
2.851785715615928751e-02
-1.889159098174442164e-01
-9.750614950311309315e-02
-9.784485529786683955e-01
-1.061254730873165464e+00
-7.858310941730120014e-01
-5.497299061981455459e-01
-4.012959752883120679e-01
-1.814342902901291410e-01
-9.463617398472785602e-01
-5.457437283464008360e-01
-5.526593060128850432e-01
-1.470461112647862834e-01
-1.898579603797077020e-01
-5.754968953979151536e-01
6.118461475974172892e-01
-3.916821634623040005e-01
-6.517793637049789091e-01
3.116460349779344163e-01
3.814721904974676114e-01
2.599323391713723730e-01
4.705868733881515276e-01
7.974099438402495466e-01
8.592697382013589902e-01
-2.751306898543668389e-01
-6.566675284463001638e-01
-1.318847782234667587e+00
8.032514975768165755e-01
5.992204495039739065e-01
4.033655771656898814e-01
-8.825842156161378682e-01
-7.426632868484519534e-01
-9.456991389444162621e-01
-9.027779154134578654e-01
-8.679560120463158945e-01
-1.121258715620120139e+00
2.547365198003688214e-01
5.059125829909842942e-01
1.409441060530478573e-01
3.846911868121098976e-01
4.107654776106470784e-01
2.622995443012250405e-01
-6.179887839544737638e-01
-2.270027533306548939e-01
-3.375692685384552583e-01
7.189500498990297750e-01
7.141057583398575659e-01
5.024016611368007368e-01
2.953171586428706696e-01
1.189541008000665201e-01
-1.357288966381773321e-01
1.011098119473348156e-01
1.428642412575262810e-01
-3.495019088505046945e-01
1.686653373674715795e+00
1.348105786798869055e+00
1.294255546590857620e+00
7.633472023756207037e-01
4.600212637234513124e-01
1.133589340336476070e-01
-1.357355500618674604e+00
-1.017970214653847627e+00
-9.199917208656724910e-01
1.616428967139056816e+00
1.335451528085347839e+00
1.411143797140141487e+00
1.574865273673342614e-03
-9.610645010361906770e-02
-3.095010875147936602e-01
-1.862384321259384690e+00
-1.336159006365462032e+00
-1.112421248370316640e+00
5.157101743406666827e-01
7.363522298251741205e-01
1.016110594458115912e+00
-5.922310058647091147e-01
-4.552520121119778551e-01
-7.695985822137134669e-01
-4.077255058072726257e-02
-4.078354668269383865e-01
5.898722355647390003e-02
3.447055678527539690e-01
5.964352920367916866e-01
5.795852986368026372e-01
-1.672316236313236004e-01
-6.578139395894755381e-02
9.461766914458502598e-02
-1.822997635699327157e+00
-2.040588529716167887e+00
-1.976093204515963819e+00
-4.860035899922214853e-01
-6.735385849958603899e-01
-6.997612338620498029e-01
1.690312647054384776e+00
1.825900994560962332e+00
2.048639879741066316e+00
-3.038289549567054770e-01
-3.187892592579801843e-01
-3.613348027747869118e-01
1.539178993227134917e-01
1.906357975552888107e-01
5.471659447923560293e-02
3.014161013109721843e-01
4.763462748771192246e-01
-1.872019901651320595e-01
7.792151745049080702e-01
7.952079602711288331e-01
8.266537592991638483e-01
-1.628353875898320702e-01
2.000563028420061507e-01
6.191514223032714703e-01
-2.097941819586300660e+00
-2.531441730608896101e+00
-2.281694406489615634e+00
4.010940227198873664e-01
4.041223984133544000e-01
-2.490423759624302846e-01
5.090261015867580952e-01
4.471875666570892527e-01
-2.161043570995380136e-02
-1.011578084738284034e+00
-1.648761411270855959e-01
-1.648021211511392359e-01
nan
nan
nan
7.326042705325175319e-02
5.818110782763472599e-01
-5.315738068129456373e-01
-9.446053315405951167e-01
-8.197255460274814887e-01
-4.045126663919669241e-01
6.500115053929205189e-01
6.328326824201631062e-01
3.701041086047731632e-01
6.583722038218264849e-01
1.534754871535639609e-01
1.706406028704368083e-01
-3.324687266601253910e-01
-6.933651636924982320e-01
-8.325804417930546819e-01
4.865264815365057949e-01
1.327922451036300799e-01
1.971436263461496807e-01
-9.099457207897021505e-01
-1.256250841605085489e+00
-1.015212643690061256e+00
-5.998540777879077801e-01
-1.103345568583248948e+00
-1.240174318427886613e+00
5.763745535416946453e-01
6.829079045297730133e-01
5.467071887615762016e-01
2.546642861455756801e-01
-1.617136955056750480e-01
5.059687343785115310e-01
3.210788508779627293e-01
5.467501963205951832e-01
1.889373188849647889e-01
7.848424924090080523e-01
5.843066120498203730e-01
7.287950945329741970e-01
3.107947990655497428e-01
5.127945071191692961e-01
2.838541467425397258e-01
2.181205749889079115e-01
-1.570243771174486547e-01
-7.529739650603239909e-02
5.777091250378925125e-01
6.802701626317593231e-01
3.759657572735837228e-01
-3.069852962313346367e-02
1.028978401007072385e-01
-1.555045650969866244e-02
9.720718441789655273e-01
8.836076211244900946e-01
1.724183125217630952e-01
1.572143767172828888e-02
-2.866883344482507034e-01
2.044963418165584024e-01
6.601806436319899163e-01
3.823470024111967902e-01
5.086095871102354060e-01
-1.167453641795495045e-01
-8.342970989798415005e-02
-2.477845483567069351e-01
9.295104830225335846e-01
8.586208521967559903e-01
8.502116146341824887e-01
-9.457015494488878460e-01
-7.369436441815686578e-01
-6.743160572683253307e-01
-1.404262776616643560e+00
-1.252873334969551111e+00
-1.564771234530523802e+00
4.360209184503891500e-01
7.765278730790683426e-01
9.626779579505573281e-01
3.823481922848417369e-01
2.488898394825911353e-01
5.640697950676512029e-01
6.035609884361994304e-01
5.748393345710733904e-01
6.142158711145944139e-01
7.626467577534103981e-01
8.942841941915808945e-01
1.165532846385978871e+00
3.059213210270548267e-01
1.546362621465526388e+00
-5.749033491177657496e-02
4.362141603246421084e-01
4.877220872368175364e-01
8.785214416872468846e-01
1.388071710496755706e+00
1.322064868546496186e+00
1.701004047976899081e+00
1.287675048884935336e-01
-2.050439526855276640e-01
3.600554603802614828e-01
-2.735970540167949494e+00
2.922507865268796579e+00
2.601120943041894229e+00
2.775374156689161431e+00
2.984997219234330146e+00
2.793738881346802927e+00
-3.008745089531599248e-01
2.285572741397507990e-01
-2.804233166950820255e-01
-2.099214141389837529e+00
-1.457713233260825358e+00
-1.181777294567769143e+00
3.106907604525561695e-01
4.108754592867533972e-01
2.213128119886174083e-01
-1.117178766581523597e+00
-1.026002861378117803e+00
-1.395748379135175243e+00
3.338582254450797038e-01
2.252914986627145844e-01
2.050467393806592042e-01
7.360789248644699079e-01
7.179839429140022489e-01
4.228488296310848327e-01
4.480905787418558717e-01
6.663595720353301388e-01
2.085009250310752016e-01
-1.588343610535403405e+00
-1.204490041210520612e+00
-1.511934614954087097e+00
-3.052009634366208424e-01
-3.428905967292954493e-01
-4.455961817535931679e-01
2.426326978259175426e+00
2.505116662918752901e+00
1.863181336106306318e+00
-1.081590189619367148e+00
-8.227711533833046431e-01
-1.035696654126730287e+00
-5.931893097115530367e-01
-2.247574567155505854e-01
-5.865269464203479721e-01
8.507997487346607990e-01
7.796568529153153904e-01
2.750096945774074264e-01
-3.689114950093341783e-01
-1.660363053194147120e-01
3.000054353028325238e-01
2.473291375275219472e-01
7.914805546933356695e-02
-3.985564578112299472e-01
3.993844921923539459e-02
1.955021937476833394e+00
2.140583826133029888e+00
-1.548915626090332509e-01
-6.247354631036872163e-02
6.863781820672754108e-02
-4.423216557927678316e-01
-1.813603275031479001e-01
-8.221023899574917415e-01
-5.309441907222200996e-01
-1.156051980220231812e-01
-7.961017942276806814e-01
-1.076565920118973896e+00
-1.928533441295239292e-01
-7.291457118364430556e-03
3.330208471188549346e-01
3.472556448992571987e-01
5.704995544085673664e-01
-8.438500757275146924e-03
4.872324752104542078e-01
-3.743600700413844962e-01
7.805113989670156016e-01
1.034528960882035165e+00
5.067712228903986649e-01
4.274866742696805666e-01
1.170882058762524380e+00
4.901283301127503655e-01
-1.706107605791231663e-01
-5.285514023311232989e-03
-6.855507718661155714e-01
1.172334651880325929e+00
1.210797088477109540e+00
9.176936778897903935e-01
-2.321765775198978865e+00
-1.612493557015866719e+00
-1.911284161338247412e+00
-5.130286945438351509e-01
-3.763138737166125125e-01
-1.333681559422783991e+00
4.291614305794135831e-01
7.166043415088005908e-01
4.786353134749505855e-01
7.069374625071800367e-02
6.711067880538919006e-01
3.140904806979007979e-01
-1.900145811265419704e+00
-1.802159735901171400e+00
-1.561846205524196618e+00
2.001199583857837361e+00
2.339862132638875991e+00
1.429541149779352871e+00
nan
8.518409333806333805e-01
nan
5.382299514219135439e-01
1.179186058383641544e+00
4.197257504431801678e-01
1.482722866990275890e+00
2.652204230147204633e+00
1.442227430709569269e+00
1.249373453501151587e+00
1.453357662539250583e+00
1.532601480903506896e+00
3.220119654012392196e-01
3.635564274568574561e-01
7.098078269289351816e-01
7.418524989685066906e-01
3.051492918496498952e-01
4.334729946360917907e-01
7.765199604290060620e-01
3.518521615086731558e-01
6.010951926196952400e-01
-7.178862495129751942e-01
-6.478062188460778081e-01
-9.117752085616057656e-01
7.273449209731870369e-01
2.764310238572034173e-01
2.708750694810349025e-01
-1.342716985367826021e+00
-1.393339323742572855e+00
-2.054294129758732712e+00
-2.118794900279858950e-01
-5.721567037525900901e-01
-1.071986606556957877e+00
8.689037175501272969e-01
5.141703304442390987e-01
8.924771844535905885e-02
2.560056223517999108e-01
2.272731119262543231e-01
-4.011210002076279757e-01
-6.515658894117515310e-01
-5.783799468659238663e-01
-1.484541949473365596e+00
1.800466117685055600e+00
1.221050815010699786e+00
1.372194978909038632e+00
9.562632071776482334e-01
5.583039709608645929e-01
5.985830571878745232e-01
4.400823024341651291e-01
3.507102834389748125e-01
-3.978552241851023297e-01
1.571736241188451011e+00
1.026474553418882607e+00
1.214056091198677301e+00
9.104167466452075530e-01
1.249997459722085758e+00
1.298463821375654526e+00
-2.522096358739138733e+00
-2.706069505615944504e+00
-2.327512860080207968e+00
2.338193705449791437e+00
2.335345480015892150e+00
2.633953434505786895e+00
-1.462448407927712246e-01
2.581867936772019867e-01
2.160236579595040673e-01
-1.687439560743240197e+00
-1.880267983332766013e+00
-1.199375909968583009e+00
-1.415345879405185414e-01
7.172358611240792214e-02
2.334201919932969993e-01
-2.357300313684671078e+00
-2.049209050220979655e+00
-1.859941764309532175e+00
-6.133468394754348907e-02
-2.125872743240866392e-01
4.115305508791866629e-01
8.683436152475447756e-01
8.222866706860916253e-01
1.067323349615540984e+00
1.864874178694582163e-01
-6.694625712494772785e-02
4.824355570253007208e-01
-1.253028644600491459e+00
-1.144024066669556694e+00
-1.365993252582236472e+00
-6.415122231139838149e-01
-6.132099763126541703e-01
-6.842626626962320380e-01
1.176833772221051788e+00
1.790840254841071122e+00
1.987204321839740828e+00
-6.361111330402571262e-01
-4.521193303741024572e-01
-1.553954770368135563e-01
-7.478383301692725915e-01
-7.922623870850240557e-01
-7.932893147883834928e-01
6.623485586867032815e-01
4.994145410391683804e-01
3.839598717182739485e-01
1.602356094620374094e-01
1.742814907396690316e-01
5.803460132208928535e-01
-3.765781125708711485e-02
1.486577162762392490e-01
6.478596362179644963e-01
-2.367444992588252362e-01
-3.526387902222669624e-01
2.097433207650958309e-01
1.021424908614374516e-01
-1.966352178597152722e-01
-5.218531457010988639e-01
-7.215865216022745443e-01
-2.336071750783208500e-02
-2.218414441049763042e-01
3.251572605809589511e-01
2.006589059080421400e-01
5.757075339442030426e-02
-1.467690566086639503e+00
-1.445417443194142670e+00
-1.058884769560453076e+00
1.446898520456851855e-02
6.773364904342544790e-01
7.749736583087587505e-01
-2.440399108124680083e-02
-3.111234525892463409e-01
-3.495253641018085666e-01
4.012981910510644568e-01
4.532982422346818474e-01
2.874403789865431769e-01
-1.795980989710055375e-01
3.256678361752656237e-01
5.574250916823868529e-01
-2.761757263716906330e-01
1.834879830503139964e-01
-4.503368826459119845e-02
6.890074107327985864e-01
7.838184265828846975e-01
4.745595331923708748e-01
-6.084753401113487392e-01
-9.197578976469116263e-01
-4.494176151256294993e-01
-7.454913603734625305e-01
-1.536870797182250614e+00
-1.511806413363969259e+00
3.841319356268426688e-01
3.024305891282605963e-01
5.339436090694245074e-01
5.510144491945441203e-01
3.005813793070513107e-01
2.795899579723042372e-01
-1.383608498655613195e+00
-9.131635434587908051e-01
-3.870329326366062084e-01
3.895051133560403223e-01
9.188107832862160151e-01
8.850493431096149166e-01
-1.066486366773743644e+00
-1.076312744520684372e+00
-1.107073579207075387e+00
7.862842780595302727e-02
4.965278960801291497e-01
5.187312374493502354e-01
2.523844203922069873e-01
2.076672810800443969e-01
5.607048236118896689e-01
5.842653442912539852e-01
1.132167790186335843e+00
5.196383971636642229e-01
-2.273667158250045617e-01
-4.787476213422268145e-01
-1.168730191169861543e+00
1.674528697097943386e+00
1.504308064322295024e+00
1.249953225751509578e+00
-2.886209368523338092e-01
-1.257141732048308036e-01
-3.482250858615500988e-01
-1.744235596741268823e+00
-1.536238629712393333e+00
-2.076071423463562660e+00
5.313817414107391279e-01
2.904759154465814674e-01
8.478322134185622971e-02
-1.601252401291457517e-01
-4.228133692143836164e-01
-5.130629998269347070e-01
5.704873069295590682e-01
1.119717502968953227e-02
-7.949245280942167646e-01
-6.491533024263063112e-02
3.871146015356652370e-01
2.106411765402107505e-01
-6.968838615186134788e-02
6.944730167637924723e-02
6.779819932637192181e-01
-1.316879592690581191e+00
-1.094730932823705150e+00
-1.400725842942632360e+00
-1.031752289040509751e+00
-1.217393766451550619e+00
-1.279850288415625759e+00
6.577421234867815159e-01
7.378714277008735500e-01
8.336924838819754768e-01
-5.942221391896462812e-01
-9.374477410790902354e-01
-9.121156179274465536e-01
-1.745281464745347400e-01
2.889987517432723862e-02
-3.184981571820140189e-01
-8.863415513264545353e-01
-2.783263642076039268e-01
-5.506612845756038155e-01
5.900400899326778692e-01
5.254782786136247275e-01
8.051378853230897192e-01
2.791634041211104034e-01
9.496117168306161815e-02
3.992606338692414880e-01
-3.519267342537335530e-01
-1.227638565271951920e+00
-1.362667000442341347e+00
2.058099216271669363e-02
-2.746614991349050072e-02
2.517145810644136894e-01
-2.650068691056985948e-01
-5.370762522932737149e-01
-5.828584793419371302e-01
-2.837641427804578065e-01
-1.772521894097560669e-01
5.220920640583281980e-02
-3.016840379550957962e-01
-2.149342118050920902e-01
-3.913081982753974231e-01
1.839953630303212684e-01
-4.268955883143519259e-01
-3.913081982782538049e-01
1.789050504706191091e-02
-1.129195884277707229e-01
2.354207853773959691e-01
5.295809684810603990e-01
4.998450502610314317e-01
1.558175126495635610e-01
7.337311765990977008e-01
8.047946683936921808e-01
5.204303322370202878e-01
-1.521420114441579541e+00
-4.718801048969001322e-01
-1.455209115809612541e-01
5.458313401267602671e-01
8.112712650602391662e-01
7.898175404578218206e-01
-5.593509761319559459e-01
-5.269900620253364920e-01
-2.784285435722533286e-01
-1.244496500523462501e+00
-1.498558209227855542e+00
-1.540658541422089911e+00
7.049201301933067931e-01
5.043197897761002579e-01
6.328091141818639187e-01
6.617059603045882810e-02
2.207625709584584150e-01
3.809283454483347597e-01
6.767371170228702049e-01
4.289164931509752421e-01
7.487598376231967556e-01
1.549860979746542355e+00
1.138594583452851694e+00
1.458320171393566511e+00
3.720494473427482518e-03
4.718975501705631181e-01
4.219467966234353717e-01
3.765762565937373907e-01
3.129657698952796885e-01
1.892603077360517361e-01
1.126330747835696755e+00
1.264790106740949938e+00
1.450351993759961822e+00
6.271224539595872116e-01
6.143041932547355088e-01
nan
-1.199356501456460444e+00
-1.402255719795074906e+00
-1.349569571229950693e+00
2.253617685637307133e+00
2.117370787559842427e+00
1.808094194373564001e+00
5.052029692046611231e-02
-6.994501123203944459e-02
-5.355481663314125562e-01
-1.950350237993730973e+00
-1.407531202482987132e+00
-1.894657969929925523e+00
6.394364771269063219e-01
5.577956142409141727e-01
3.096954856049305427e-01
-3.842584673501971970e-01
-5.830485508689293717e-01
-8.951871833633289199e-01
2.809189486476584285e-01
9.372057290019508713e-02
-1.694045149310685616e-01
1.003516589933872716e+00
7.529884913854307804e-01
6.934240818219929992e-01
3.074309431073838361e-01
2.423552173431597900e-01
-2.183462841650789521e-01
-2.311963075009717983e+00
-1.589200420314260898e+00
-2.152376088394550635e+00
-5.008484391962739757e-01
-7.958682403880321665e-01
-1.074087070946231126e+00
1.511775297645433724e+00
9.564714125068363160e-01
1.551856441521224816e+00
-1.154151806549603698e-01
-3.840037342332873749e-01
-7.189788686821869668e-01
-9.681220102847110098e-03
-5.827135998719530363e-01
-7.662159753145094676e-01
4.223162521717447326e-01
1.303977416886654694e-01
-1.704362840951589853e-01
2.106240329122699428e-01
6.784558401546902928e-02
6.848568264372945080e-02
-1.838259960641326352e-01
-3.405438019029789487e-01
-2.802524640226371488e-01
2.702213190874593884e+00
1.263244943491120154e+00
6.955773388900392540e-01
2.491135273466360545e-01
3.079159551997534550e-02
-3.056420540947257791e-02
4.074091537278157205e-02
-3.123660227674238676e-01
-1.077765554425499150e+00
-1.594972877943388934e+00
3.013616758046997468e+00
3.126785543389706490e+00
5.549970702780671061e-02
-5.119970039969166109e-01
-4.617990651700054627e-01
4.502637521649321961e-01
9.031722850886838572e-01
1.572627328853841711e-01
1.056703028923315024e+00
3.047414984249043890e-01
-3.420001943007475731e-01
6.534007162376753719e-01
3.233892685106432019e-01
5.648804805412068752e-01
1.410861703524546762e+00
1.103117273955524169e+00
1.184749749853636125e+00
-2.966049389665825764e-01
-1.899558226370960945e-01
-4.756143653335143107e-01
1.244694452359643044e+00
9.716166761678044494e-01
7.974099610400231519e-01
-9.996363405005741498e-01
-9.852397391509790658e-01
-1.152477695059921814e+00
-7.151894064525046169e-01
-6.532514579780532848e-01
-8.153282656655340688e-01
nan
7.222872930625419130e-01
3.900777647171493889e-01
2.185397090117406904e-01
4.316526176266295423e-01
2.196712854246873903e-01
6.719800465874161688e-01
2.926057575703633340e+00
-2.872042533758731864e-01
1.247311259296692398e+00
1.059879567030090008e+00
8.809384439449523541e-01
9.078718570484012318e-02
5.545056731274358164e-01
2.418618097610525375e-01
8.245399014283387729e-01
5.425266943016193721e-02
-2.896117157678590459e-01
1.284051231236864155e+00
1.424090807521102953e+00
1.654937653152547483e+00
9.555896019459186874e-01
2.780259105644788953e-01
-3.561309528013376635e-01
-4.913278770592102163e-01
-4.107261235198347293e-01
-4.153853871661783437e-01
1.614979423837993089e+00
1.470823614065126073e+00
1.607804269265847630e+00
-2.279462407444428074e-01
-2.342486515756481147e-01
-5.183760802098813514e-02
-1.165247298098466722e+00
-1.259670688225678514e+00
-8.210532931877088103e-01
-1.052441552803600189e-01
-2.653755725502651153e-01
2.350900589869913127e-01
-2.538526311501612120e-01
-4.492716923491943959e-01
-4.005219227340677257e-01
-1.951755388115561374e-02
-2.245926333564778332e-01
5.007132837377881174e-02
5.054401222435567220e-01
7.153775673630047294e-01
4.451464001675908833e-01
1.887148725800185112e-01
-6.534683612347880199e-02
3.010669236261698245e-03
-1.731537442297983898e+00
-1.837971977390361333e+00
-1.746816848371484099e+00
-4.586701242523263389e-01
-1.048101833016869211e+00
-5.737336195663056415e-01
1.521598661760667603e+00
1.108879937482113220e+00
1.455694504985945770e+00
-5.033045766690191769e-02
-5.039178341125349903e-02
-1.993349569009472688e-02
-5.133483090312509489e-01
-2.723304069319887333e-02
7.850032095579351221e-02
-4.568645273012590380e-01
5.609918223979759588e-02
2.918643060512073895e-01
-4.516439966484662172e-01
-1.099764811971453149e-01
5.250322873524910783e-01
5.402959929663824212e-01
8.139788600257396034e-01
-1.234334509852899053e-01
-2.592846421399288559e+00
-8.293498433233441602e-01
-2.043165021327677522e+00
2.039446899969297178e-01
6.363558668673530150e-02
4.855499016715971727e-01
-1.851614445116314123e-01
-3.416424154737551788e-01
-6.143883349965739704e-01
-6.127346434095364280e-01
-1.356866115470367617e-01
-3.475158778846334506e-01
-6.773436109980779385e-01
-5.310338307408319913e-01
-9.964421739664204303e-01
2.961086366709033690e-01
3.874654674641759833e-01
6.531930328397534957e-01
-1.672958103735702196e-01
8.080633241281667267e-01
6.974175987413513411e-01
5.611784308298917168e-01
4.214188575089283795e-01
6.434964180536160150e-01
8.466197521932428138e-01
7.632934939416560205e-01
7.682508287478313491e-01
1.603134874081129091e-01
-3.450065636721699747e-01
-3.025466431099190778e-01
7.942237971292986920e-01
7.020153460301870041e-01
6.998400143831267073e-01
-1.059327973411009705e+00
-1.029159570344786001e+00
-7.806148739595939468e-01
-1.838224350570514698e+00
-1.921819767055154671e+00
-2.615505071481677213e+00
7.553305672496706258e-01
8.044745616102977337e-01
4.446788914938140103e-01
2.278719700884579424e-01
3.710415819254664349e-01
3.008591707653303082e-01
4.743303417878479422e-01
4.121777904852925722e-01
3.601634975217820056e-01
1.529382111741501404e+00
1.254056976094518383e+00
8.564447054810604421e-01
-3.847749116524274982e-01
-2.171568448675706975e-01
-1.365113761542424697e-02
4.384875606670313175e-01
4.533139981638489857e-01
4.867122896065101401e-01
1.176337448668547836e+00
9.850791107810197289e-01
1.179612907916088638e+00
3.711982351365121779e-01
1.270430711921442857e+00
1.153549509179346622e+00
-2.287972589577961013e+00
-2.181591260078311834e+00
-2.381796595238062864e+00
2.294596137827681126e+00
2.030872372075571697e+00
2.239013748800066317e+00
-2.452204883334170304e-01
-2.169085797692336115e-01
-3.404958562609117223e-02
-1.105336806675065286e+00
-1.253695611089556960e+00
-8.334841594245641083e-01
4.036832625619197756e-01
4.921897872363989457e-01
4.024861775033947708e-01
nan
nan
nan
5.584211067717483878e-01
1.199590390438212140e-01
-1.180672513799008172e-02
1.062732174402812646e+00
5.018035335286534782e-01
6.954115661548803118e-01
1.161404453035292939e-01
-1.335733376994241439e-01
-2.496744921356723879e-01
-1.080698561436284955e+00
-1.532735818922168258e+00
-2.037424778577872964e+00
-4.480753760636342342e-01
-2.611608012685300295e-01
-5.780837854307701029e-01
1.287519931607080004e+00
1.583036027840265980e+00
1.077308397063405643e+00
-6.329105274136033188e-01
-9.455726119582785749e-01
-1.105632100069783519e+00
3.970647542657932405e-01
-3.780716909259944636e-01
-3.594233822466601502e-01
7.165889804969838295e-01
3.460028638084589048e-01
2.876606813130728746e-01
7.971449069264657794e-02
-1.351192662257796329e-01
3.924376384264491868e-01
-1.406358193791220845e+00
-7.685154169864190088e-01
-3.347730597664089203e-01
-1.309351142487266362e+00
-1.225240854625585518e+00
-1.801336441022418855e+00
-1.613311568846276245e-02
-1.056016825642251966e-01
8.496280204620942911e-02
2.484623163203112384e-01
-2.024437902546052825e+00
-5.327606865027925132e-01
-1.195870281360998488e+00
-1.854965421339893172e+00
-1.379297788519153301e+00
-3.334833794593303757e-01
-3.943039471840168453e-01
-1.100032132989547495e+00
1.979297582296548619e-01
-5.613195047384289538e-02
2.397731111106975455e-01
