-1.270977075427366376e+00
-1.002279226295146319e+00
-1.286147860239895913e+00
1.455906033354445128e+00
1.908382246347594347e+00
1.534757897922091274e+00
3.777291648127723001e-01
4.084022386158614459e-01
-5.793558599924164554e-02
-1.229016573617413233e+00
-1.157011031398588186e+00
-6.640620005964095185e-01
6.416603304601578017e-01
8.064578531737840450e-01
7.202720647224087891e-01
-6.166444557310519770e-01
-9.036779341090013240e-01
-8.873095123719227928e-01
-5.877941570909732683e-01
-3.349797924662656357e-02
-4.857373709592045508e-01
8.702253484523909677e-01
8.070466346889246800e-01
6.310912781835020802e-01
-1.833011970855848993e-01
2.554760306379693091e-01
2.290758186279933106e-01
-3.029549962528955920e+00
-2.206219844915937145e+00
-2.411547322138143379e+00
-6.608423283409674553e-01
-4.672593941924096939e-02
-3.149491455759494407e-01
1.187107606296249784e+00
1.444500848604555188e+00
1.071823168759836520e+00
-3.220573944925200216e-01
2.709021086341527607e-01
-3.867297038366248607e-01
-2.888108602918739720e-01
-1.605963013547588858e-01
-4.849246212868822958e-01
2.976941191642339390e-01
5.568929584378872200e-01
1.762101575881520610e-01
4.868107691304417450e-01
7.680300404975137774e-01
7.358990205386759520e-01
-5.099179774168258739e-01
-8.495885309023365473e-01
-1.063306722615112054e+00
-2.155287789409123800e+00
-2.856823514192890379e+00
-2.957530274206570553e+00
2.517299021445551510e-01
-1.340226247422018346e-01
5.810287736930375146e-02
-5.921903936225687559e-01
-8.413063372847222610e-01
-5.627269154237981574e-01
-2.778435027150072401e-02
-4.187966594170253742e-01
-2.258422450581090146e-01
-6.009043609141500042e-01
-3.603895244329375913e-01
-3.271773310169514559e-01
8.993271807492764225e-02
3.696996613196925630e-01
1.456951080772519447e-01
-2.115572963924259753e+00
-2.062526189329894066e+00
-1.705458763843870962e+00
2.239369776978404225e+00
2.226054323074822427e+00
2.129001041414809947e+00
3.403005158219771786e-01
1.587767003009030731e-01
-1.296698539014151663e-01
-1.712165978368715313e+00
-1.694603107865808589e+00
-1.875237209044188003e+00
8.455012974956805927e-01
6.005984139952866840e-01
6.110435685570880793e-01
-1.743410655683250265e+00
-2.092200782034050466e+00
-2.546709915920073897e+00
4.651745515414393850e-01
6.284455157065371722e-02
2.097823658879081066e-01
8.449256004203915538e-01
6.744447107914108841e-01
7.571660781089608605e-01
4.251374024953076258e-01
6.865343597681965448e-01
-1.665144981022179671e-01
-1.731896704392216435e+00
-1.574334653313444354e+00
-1.663380505297734624e+00
-9.024735205483978007e-01
-5.882693956286941805e-01
-3.769581265169703599e-01
-3.116606358723007730e+00
nan
-2.793841180089942533e+00
-5.597241242695263352e-01
-5.954394468921035966e-01
-3.548722744329069201e-01
2.102975380820728546e-01
-3.119869002422750448e-01
4.000391960232363431e-02
2.245853049819399594e-01
-1.398009916599032287e-01
5.209730677764219386e-01
1.728248605745159594e-01
4.692346968600298318e-01
6.218248143319056176e-01
4.066104070870864007e-01
5.186400149022549755e-01
-4.628940722518004591e-01
-6.600525105952192995e-01
-1.186262159020504470e+00
-7.913557022400761198e-01
4.290102770216526196e-01
5.125690226051462517e-01
6.776151418220304201e-01
-6.026397602914439489e-01
-4.065059734861256047e-01
-3.334144559649936390e-01
5.767893698429560345e-03
-3.903864413647597509e-01
-3.428349617304258246e-01
-4.716423966384013511e-01
1.746911599709610741e-02
-1.842564503573851376e-01
7.265348377620739484e-02
-3.384166519719773447e-01
-6.313566378798984857e-03
-3.058740623021187766e-01
3.511736638779514585e-01
3.113540304333013431e-01
5.144635672654214176e-01
5.407561055202325662e-01
3.621462558414334509e-01
4.866626082995564317e-01
1.704674318221828244e-01
4.405719655389850331e-01
-3.595081416473404623e-01
-5.800747188662858100e-01
-6.650028738622801860e-01
6.067845224871826204e-01
6.239077689713674602e-01
4.286785780192352568e-01
-5.637865720971051431e-01
-2.956591863229052208e-01
-2.215718232625416562e-01
-6.402810775401217569e-01
-5.175225613392195889e-01
-5.821416758700799221e-01
6.066170475061003486e-01
2.405932480949423358e+00
2.889410777105840822e-01
6.733560955474482412e-01
6.656929453981246247e-01
3.070755511186429310e-01
-2.910601512488675269e-03
4.892197444633694658e-02
-3.125189546291067266e-01
1.651037103359903391e+00
1.598406739348531502e+00
1.127287573551693178e+00
2.892088105581556157e-01
7.301710722337904080e-01
6.896265831823531478e-01
1.103977874630592382e+00
1.191361430895452322e-01
5.642553541881492052e-01
1.386174354169974698e+00
1.492185304819003910e+00
7.210282685916777901e-01
2.393372946709040328e+00
1.042764383612849066e+00
1.738931527447848957e-01
3.022675325414090786e+00
3.131597194823644514e+00
nan
2.714572455412940677e+00
2.661485417268638187e+00
1.934538449915626401e+00
-3.785982295783316687e-01
-5.768847580769316252e-01
-4.468083630553709718e-01
-1.377590514458199911e+00
-2.090902745998681311e+00
-1.542936527966197291e+00
2.527326553612905258e-01
-2.387253026817504065e-02
3.746073920278343294e-01
-9.640826540666695976e-01
-1.093071372127006224e+00
-1.059873934494974801e+00
-8.711860011743883803e-01
-3.883604573331567167e-01
-6.690799596870404820e-01
5.637663494550406718e-01
2.839781738862856564e-01
6.802504626249019637e-01
4.150270329274432513e-01
-8.690427765120034564e-02
-3.116764435211223372e-01
-7.068505143170735749e-01
-1.494042347835912610e+00
-1.173809716458026342e+00
-6.349929914511212026e-01
-7.306959228358222980e-01
-7.888773896365650629e-01
1.724896003535699052e+00
1.965909538400417489e+00
1.544477180803000671e+00
-3.448414178360863502e-01
6.034107978182490228e-02
-5.626805824493832375e-01
-6.152622654276203029e-01
-3.831649060655357708e-01
-4.420457745480832479e-01
-2.729838945131795036e-01
-1.181917751326553301e-01
3.219572317569094899e-01
-1.793545346957388098e-01
-1.338355230114003369e-01
1.307209686789119196e-01
1.533555066614387563e+00
-1.337213355242989898e-01
-4.750698795924561679e-01
-6.977440262736256393e-01
-1.609143799764861438e+00
-1.059088893806381826e+00
-5.261338149093410799e-01
-4.736017599649300358e-01
-2.751981522979796146e-01
-8.150816576901385169e-01
-1.166322940834094268e+00
-1.275080152903307340e+00
-7.616464555513440260e-01
-1.373688251560453155e+00
-1.301195886951484582e+00
-7.919490818906904650e-01
-6.842214280990752684e-01
-9.962855215671866382e-01
-1.001293651286783160e+00
-1.677656566481582123e+00
-1.718524285965139953e+00
-6.827441750242124741e-01
2.574726777655169663e-01
1.113822875376553334e+00
7.466122342252692334e-01
4.150125173590635264e-01
4.902337125385654026e-01
5.271869193033738021e-01
6.564190129705176346e-01
8.460389640927581389e-01
-1.127247110082584047e+00
-6.961240431674959872e-01
-3.035525838524417708e-01
6.554024163011611392e-01
5.474793203351531190e-01
6.157921449871306407e-01
-9.696106491828317964e-01
-9.902853692844182376e-01
-1.002312548844526585e+00
-1.597547736447164191e+00
-1.764650931710965986e+00
-1.796485328292016348e+00
-4.968461973180722246e-01
4.738061345098905086e-01
7.728971932020005653e-01
4.451077439525228385e-01
8.514989080373958075e-02
5.736655760529840720e-01
-1.955832586236212478e-01
-2.264031393895611366e-01
-2.911368402080496409e-01
3.398879429233616634e-01
4.573323277808087894e-01
8.202412718968057348e-01
-1.192530079745246496e-01
-1.993976897991793784e-01
3.774775076970948717e-01
-6.690240540604848185e-01
-8.765600003521134553e-02
1.307085706611572640e-01
1.368703777546725675e+00
1.539772578993098051e+00
1.556248467655103163e+00
-4.350090320804200772e-01
-1.377537658332808057e-01
-8.572150698519243051e-02
-1.253416430529644021e+00
-8.816874085867589805e-01
-1.256466167909678466e+00
1.203944890908586807e+00
1.631748351080018367e+00
1.880113608916034629e+00
-4.821013177811526162e-01
2.452037281147712022e-02
1.276304057997572627e-01
-2.370912694613986904e+00
-1.620210189111963572e+00
-1.817345128970992318e+00
5.864980365941510065e-01
1.666649081356374573e+00
7.032681588404527950e-01
-5.171814863644503824e-01
-5.936890938492296321e-01
-5.194237518298914225e-01
2.327676633198370482e+00
-5.224521272999806953e-01
1.594806867889486668e-01
6.832152277556433617e-01
8.232895305336782599e-01
1.140873075073813858e+00
2.609074185219375508e-01
-1.283161160831323144e-01
-2.387375438180554532e-01
-2.479607386115275425e+00
-2.244879431548396642e+00
-2.267824735815091142e+00
-2.760165419582114588e-01
-2.311790653893148750e-01
-6.243950981055412797e-02
2.110825565507274071e+00
2.032119840131032085e+00
1.823097120222463730e+00
-4.474248851255708814e-01
-4.613982791104622727e-01
-1.483904088427734358e-01
-2.776378919470490203e-02
2.586615939291547761e-02
2.655286644972933985e-01
-2.130401420436944804e-02
3.095579571037059274e-01
3.461861362047415902e-01
5.221245822348787868e-01
4.942895865395073862e-01
7.855854342855703720e-01
-2.229476942563404229e-01
-2.218034199947638285e-01
5.079945345167171666e-01
-3.033360068719055391e-01
1.165209025291870759e+00
1.557124844528360086e+00
1.924966038915258970e-01
1.700447548523840169e-01
4.359052374152954101e-01
-2.364504183961892991e-01
9.073306943261805202e-02
8.348860560796200758e-03
-3.056238457053876978e-01
1.463166159956444723e+00
4.051764452827284479e-01
nan
nan
nan
-1.597854468417860829e-01
2.141865526297310751e-01
-3.987515607456377786e-01
-4.247364910576729713e-01
-4.006211359630014179e-01
6.676211933992157732e-01
1.023512648853448503e-01
2.611589166193648559e-01
5.759282717936042850e-01
1.771710134209381060e-01
7.582685310437553561e-01
1.519636502449630555e-01
-1.100542629726251054e+00
-9.023781995143700385e-01
-9.636754292564360114e-01
3.462376892091043601e-01
3.219107111783610087e-01
2.924757247782117098e-01
-1.142202198454941309e+00
-8.546476378631142623e-01
-6.916112267719576323e-01
-1.159284716105246638e+00
-1.321234814276753378e+00
-1.374325736364382156e+00
1.184289283832944406e-01
-1.364282901264659564e-01
-1.651515044450886371e-01
3.500477601386933202e-01
6.058656850866728227e-01
9.298880695220814729e-01
6.913212773586843163e-01
-1.371050276515273225e-02
-5.269160086191027048e-02
1.204634161455909513e+00
1.489216029802954644e+00
1.432231298734480518e+00
4.819767079245123043e-01
5.712400930226047002e-01
9.452120924935849544e-01
5.506835955843243369e-01
-5.423961141126376617e-02
5.350223432215122088e-01
2.893797040831538325e-01
6.633517035546003804e-01
8.196053508583092118e-01
1.550223594375141900e-01
3.305357068233787388e-01
3.544246277315421523e-02
-7.521711723765993618e-01
-7.813450290729950787e-01
-9.410948810016992461e-01
4.635675085073067692e-01
3.892131825954789903e-01
2.022404850105212759e-01
5.189241934759580843e-01
3.257817787407750743e-01
2.823147825587910553e-01
-2.418937840074897316e-01
-2.893530834989150868e-01
-1.402740799916335490e-02
9.780616939678639099e-01
9.692264677347512958e-01
8.724421707105580737e-01
-4.578476619498790257e-01
-5.063628860122904030e-01
-2.709829150859963676e-01
-8.636022960251414915e-01
-1.590010893760571253e+00
-1.873949235297895477e+00
8.989743046470506371e-01
1.208507310357054720e+00
7.543718327702504389e-01
5.784079571899067851e-01
7.139549192903351660e-01
6.390827882993876941e-01
7.138389407512955032e-01
3.434633425177255894e-01
3.441312434316867730e-01
9.802149520803782323e-01
9.530425215498503633e-01
9.158662155600154620e-01
-4.715847539838380342e-02
1.201732038842253658e-01
-4.367957147556333908e-02
7.868702890521332982e-01
4.308083380011349384e-01
4.413418894412983740e-01
1.478066244454026901e+00
1.347254449087485817e+00
1.526404698960704742e+00
5.364642776212384945e-01
-1.402192339933625576e-01
-7.705507760481644652e-02
3.028789824561417099e+00
1.995338284013278063e+00
2.706135378725714524e+00
2.778329981749720012e+00
2.762921082152615782e+00
nan
-4.051728849420248579e-01
-3.828369586488880039e-01
1.191947532608423899e-01
-1.457192149866482156e+00
-1.637334291460107893e+00
-1.588568462968182882e+00
2.287643402966752504e-01
1.404407270318848155e-01
8.597162763880294989e-01
-1.644848621560902613e+00
-1.642170150365390047e+00
-1.921775235292462192e+00
4.078167503379175329e-01
-2.415921774815510403e-01
1.118676931808666453e-01
4.144739078876531480e-01
2.092732213539991726e-01
1.198925685189453638e-01
-2.465315702892394434e-01
-3.006901496871128288e-01
7.620933497500548270e-02
-1.952647941906975992e+00
-1.601096745837379043e+00
-1.879208506191951011e+00
-1.858635140128388485e-01
-5.350723296886714664e-01
-5.493820200542569587e-01
2.247013464531788074e+00
2.311678862848927096e+00
2.846605585011900530e+00
-6.914306489793116128e-01
-1.091070571221406382e+00
-5.999038424383651424e-01
-1.824093286365955358e-01
-8.560603579387984219e-01
-6.125342984405741653e-01
3.291869299588263686e-01
-4.595967778056708752e-02
4.194802994197388557e-03
2.151360088765468248e-01
3.213144348036709452e-01
5.020161881597173803e-01
-3.802399469689419220e-01
-7.157576266444847235e-01
-4.442910453712141106e-01
6.932580720146099829e-01
1.255640183001974997e+00
1.573581257394428334e+00
-1.763174017298063667e-01
-3.260627115018492894e-01
8.221054598398414015e-02
-4.790924522860819934e-01
-6.856748125315537123e-01
-6.872703085107896293e-01
-4.745078060352048155e-01
-9.429174194815090893e-01
-1.128080191201257243e+00
-1.391813840532199364e+00
-1.281615998494489261e+00
-1.427024236280142855e+00
6.430153739566968341e-01
3.512716427607571745e-01
1.081692725896328255e-01
5.387893112831965148e-01
3.213651333356972728e-01
1.138081261314094483e-01
5.336254788574796848e-01
2.070629975855560190e-01
4.852551740977140149e-01
2.374392279122631955e+00
4.009370041361570713e-01
3.031254010433004353e-01
-8.622143279664444826e-01
-6.090040021698106543e-01
-6.098262687772000312e-01
1.017769686342661295e+00
6.278455823081761089e-01
1.012454581002958598e+00
-2.262869060805579924e+00
-1.937483704891793668e+00
-1.775666175486712905e+00
-8.010159328598875916e-01
-2.588752096869151309e-01
-6.674658069596044463e-01
6.890987134403951941e-01
4.769918862625424083e-01
4.102400390590279500e-01
3.825484812123418621e-01
3.273942569617904752e-01
5.516871830490162054e-01
-1.720457281379046188e+00
-1.658259918208369488e+00
-1.506867748781050897e+00
1.322924286620178691e+00
1.450758150703423510e+00
1.574126060530063320e+00
1.619690863413527637e-01
-1.709504905424128474e-01
2.396939937369650941e-01
9.822508907479674534e-01
4.351020378431385005e-01
4.386411161962038285e-01
1.711118899838483642e+00
8.841461391909026801e-01
1.774887502607533918e+00
1.178336970284529883e+00
1.019613009577901686e+00
9.019206483132826691e-01
1.802277304323065543e-01
2.982131904202973693e-01
1.997571837593747901e-01
8.633399945813344800e-01
9.607259489075303804e-01
7.223954163721155730e-01
8.212617359628473501e-01
6.917391121170237689e-01
7.024696181195535516e-01
-9.751030800042794766e-01
-9.295299063217363766e-01
-1.108836689357338923e+00
3.909958431489441999e-01
8.226841400936115711e-01
4.815159439198670732e-01
-1.597044860737421912e+00
-1.403192928348042656e+00
-9.778060195025686241e-01
-1.099956180317246623e+00
-1.253532495712331052e+00
-1.210806524909293858e+00
7.294432076340058302e-01
8.547766612908040962e-01
5.468314470891870727e-01
-3.437407921043771353e-01
6.739657573680508662e-01
2.502282562758590956e-01
-1.311038309902886390e+00
-9.868065801570176099e-01
-8.651025157696641266e-01
1.217676612966918981e+00
1.700863674234580181e+00
1.175321908372627178e+00
8.971910116777790378e-01
6.180079546478984831e-01
6.618758049214839012e-01
1.851891967186434229e-01
2.018100162489817606e-01
3.080644513319596989e-01
1.173525843275194269e+00
1.823832674341689497e+00
1.335584691872032437e+00
1.605675837808616890e+00
1.403175696311835807e+00
9.399805497323869830e-01
-2.476818546250508124e+00
-2.687169108866879430e+00
2.408016009983668937e+00
nan
2.565453612820607354e+00
2.409443359327210210e+00
4.312915394679630587e-01
2.057425610264767002e-01
-9.127267863731391984e-02
-1.245998084784579740e+00
-1.512683270869126906e+00
-1.525073634008392132e+00
1.007573990918806395e-01
1.036870839014083501e-01
1.023900788023004438e-01
-9.264545342338199596e-01
-1.121606681139315054e+00
-1.412370130815525204e+00
-4.219550568855607864e-01
-3.803384957158826296e-01
-7.397320488432246322e-02
1.114717821028628819e+00
1.215809173933822152e+00
9.994505905709560878e-01
5.383712866769942984e-01
2.765847633699669572e-01
-1.740018462454098191e-01
-1.058216006260306319e+00
-8.517405967240492259e-01
-1.179255437188235112e+00
-2.358686683937651907e-01
-3.616858943917180547e-01
-8.156239199321535516e-01
1.963128557011758701e+00
2.398773466469303450e+00
2.069277465227655988e+00
-1.346924382094516481e-01
-4.273154165403401095e-01
-2.848783426657082174e-01
-5.798427306506201973e-01
-2.157308605520542599e-01
-6.298401306739584982e-01
-1.323071905527495318e-02
4.361681286065546281e-01
3.415567342953957919e-01
4.941577132761780788e-01
5.057542634508309654e-01
2.709885834562584250e-01
9.491668646168571755e-02
8.305104941289864762e-01
3.538319396730718047e-01
-6.636365354572681952e-03
5.934277684508275641e-01
1.485220083671707769e-01
-9.123250575348107461e-02
-9.696968624624657807e-02
2.280108031521876910e-02
-9.387024779810104747e-02
-1.886626077966431225e-01
-4.619267542659160064e-01
4.301610787732550456e-01
6.241386173984544428e-01
2.368463865633425591e-01
-1.375749849082783971e+00
-1.139945265413123909e+00
-1.758416704017097931e+00
1.375037792722471508e+00
1.246582825653782756e+00
1.485220098990072124e-01
-1.368896699963073615e-02
2.036665478970656196e-02
2.229282308273106139e-02
1.755236327964544429e-01
3.689253623959607431e-01
3.784926081066029013e-01
5.816520980217068093e-01
7.570871382473112199e-01
2.741343401214328956e-01
1.377020468443088674e-01
-1.060897800089271037e-01
2.580496992303986659e-01
5.549955554883898579e-01
7.731574119102728737e-01
7.317266781550180177e-01
-2.356988834124793541e-01
-1.210148164746951416e-01
1.326523018547489663e-01
-9.982713676321854912e-01
-1.296361429105157281e+00
-1.052656649945050926e+00
-1.364695574382315257e-01
-1.694842406876846397e-01
2.503737309152720414e-01
7.755037486687044179e-02
-7.897350017862070359e-02
2.606316157494803498e-01
-4.710719602914084092e-01
-1.070503015083432707e-01
4.610092591674845863e-01
5.825592573679183594e-01
6.486589651084218033e-01
6.989991436435087913e-01
-8.028831028666250091e-01
-1.584518071679277273e+00
-1.352717199405881088e+00
3.814140169483124509e-01
5.505009908434148613e-01
7.761775082689905680e-01
-3.493032025187385869e-01
7.946213875219685363e-01
1.126947863342375733e-01
5.344797878508833477e-01
6.160381554737690557e-01
1.014969880469220875e+00
-5.057370791940969390e-01
-4.202469400833002133e-01
-9.635983370782787993e-01
1.464823352484406094e+00
1.747332899469622447e+00
1.232844884978378630e+00
-7.494782431496815889e-02
-3.640058812088797779e-02
-2.521617524398420684e-01
-1.018380060434866952e+00
-4.874465470381723620e-01
-1.188183190794383393e+00
5.447958392490672708e-01
4.872617681011082169e-01
6.337844650198274365e-01
1.192820671797054644e-01
-3.575220734860069527e-01
-8.199879624631920549e-01
-3.220162849773298142e-01
1.787009569802209263e-01
1.664017796424404061e-01
6.235931346701675260e-01
4.065594366973308560e-01
3.682518136055645819e-01
2.895210710036666413e-01
9.014820413698343415e-02
4.345721729756606422e-01
-1.024953480250352378e+00
-2.076685845295653365e+00
-1.848790914246167816e+00
-1.352954551603561040e+00
-1.026966754160546280e+00
-1.435795947582353849e+00
4.267255018505777819e-01
1.361327681691681946e+00
1.519856289570194363e+00
-3.517432140243337280e-01
-2.434161991157908211e-01
-3.718649773488480470e-01
-1.834720492704908779e-01
-2.313658024304121597e-01
-6.048236140707965447e-01
-1.112900415571642654e-01
-1.704929950359401758e-02
-3.890312320013240566e-01
6.588886297468170561e-01
4.073837312754822193e-01
4.173221804670799173e-01
9.910125068229103107e-02
6.828942681676561932e-01
4.684859938530707701e-01
-1.223160918752388193e+00
-7.019985613144217318e-01
-1.815212045768013649e+00
6.681835281226269352e-01
6.316310168976788653e-01
5.346388771453938205e-01
-7.780524955439096502e-01
-8.040147876788812376e-01
-1.434632140611569184e-02
2.640229024104847610e-01
-2.427168719362615690e-02
-9.363920978477047186e-03
-7.291077347354244509e-01
-6.234943488832942471e-01
-6.010135428898828458e-01
-3.355399442820043987e-01
3.264066347252372324e-01
1.526269069179617688e-01
3.526900590338497565e-01
7.069304428109335348e-02
2.475409635676375508e-01
5.816268168507607861e-01
3.935023696712947050e-01
2.593558475345059122e-01
5.974384898700670909e-01
1.950044668403347892e-01
1.629134207319236083e-01
-5.008446935821804225e-01
-8.620547693159803515e-01
-7.909127736240031403e-01
7.790141173364126814e-01
6.329794732673161839e-01
5.128852045104288493e-01
-1.995732285851254950e-01
-2.620863167384857029e-01
-4.845500789410963627e-01
-1.061198533868900284e+00
-1.216815309587798044e+00
-1.345270276656671538e+00
4.310095560725373254e-01
7.530516682285428587e-01
6.180415986510015003e-01
2.709348476114556981e-01
1.229375984202110139e-01
3.462207604722551402e-01
2.124168832463335654e-01
1.399337605182027211e-01
-2.299609152379202826e-01
1.353923562449750762e+00
1.239620783568557982e+00
1.172045834130276631e+00
5.273573162199514108e-01
4.553244384267216560e-01
-2.848225434039175497e-03
5.786713644901873010e-01
3.594315416064888247e-01
3.543851981866765755e-01
1.546988513021265277e+00
1.303169944463760999e+00
1.009856128998494640e+00
8.301434499197917205e-01
5.100026231360321738e-01
7.130316974116004403e-01
-1.231162431432252458e+00
-9.209807128942015808e-01
-9.037767192112142745e-01
1.957768440924775533e+00
1.802397743505556704e+00
2.041791091224496313e+00
-5.601981333119963047e-01
-2.127829877813165460e-01
1.055064073347100617e-02
-1.675496279397778121e+00
-1.552692904023193154e+00
-8.230295281437478572e-01
5.993315298744312791e-01
5.391527994657758782e-01
8.526989834782447986e-01
-1.018259004386059541e+00
-9.772345893409499773e-01
-8.835002023689062511e-01
-5.158054894167296567e-02
-7.232773494257171976e-02
4.249183094721655785e-01
1.082917485681891279e+00
8.986572377391812694e-01
7.191072424398403662e-01
-1.137558859490566121e-01
3.495314787486880626e-01
3.108404723958346771e-01
-2.411013471448013590e+00
-2.410407511453448226e+00
-2.884998770882598595e+00
-9.244128248795133729e-01
-1.007155909755272916e+00
-6.458791629078217689e-01
1.192240210206376716e+00
1.372463810689292352e+00
3.291880286270645328e-01
-1.099634229113704897e+00
-9.212050107230536078e-01
-9.218102586778891272e-01
1.041534993318782298e-02
-1.220769767358058644e-01
-1.650745000475706270e-01
3.649403782991704759e-01
2.920663944983914462e-01
5.617399388543673489e-01
8.645228799825943611e-02
3.611052431755581438e-01
5.753772420179235070e-01
-8.699084710729874104e-01
-4.984934658864981216e-01
-1.724763258538057897e-01
nan
-2.477203383017117844e+00
2.014875359019435486e+00
-1.218754645934221337e-01
2.750197652257102554e-01
4.643947140434052656e-01
-6.898422342578198752e-01
6.592940041372585824e-02
5.711485486046496973e-02
3.137798919248497853e+00
nan
-3.002844810145423704e+00
-5.902540322374827397e-01
5.287527073615594375e-02
4.089034499714871984e-01
-1.865180769858301169e-01
1.964258326032743973e-01
9.472180569777721715e-01
1.144597513075876094e+00
9.263463966176797015e-01
2.799729648939335291e-01
1.300332127514032265e-01
2.434120756746707137e-01
1.884893878676567880e-01
8.784078427927664023e-01
3.961289394146652043e-01
7.766952936682813835e-01
-2.817153476671734325e-01
-5.283890153575652171e-01
1.701696795888274494e-03
9.070075312160446046e-01
1.098218288087339900e+00
1.183818143827711111e+00
-8.021137413017447315e-01
-7.326569806925404826e-01
-9.452684646278877167e-01
-8.229837844119347601e-01
-9.049998964092349496e-01
-3.321505560167281601e-01
4.655964525051796699e-01
4.813845137739383162e-01
1.350456418986181184e+00
2.374752863887032994e-01
2.889445189382739976e-01
1.166842009332929031e-01
-6.848163686690829088e-01
-3.403975926804485574e-01
1.464634657291030706e-01
6.499968126170729832e-01
5.274403196306454156e-01
3.528772111135145551e-01
3.557871755460735308e-01
4.138708907571126971e-01
8.715807179846244424e-01
-2.783819388428407926e-01
1.786199309142468827e-01
2.602422392345684621e-01
1.321992880429146311e+00
1.303585310670276165e+00
1.164663115131776117e+00
-6.669415631233310826e-01
-7.452998941527511079e-02
1.864482786151695493e-01
-3.921437667473282040e-01
-4.162666340422620515e-01
-8.447647051970830212e-01
1.999133829235295146e+00
1.674418328362040853e+00
1.640168417519356048e+00
-5.645974973124623375e-02
6.531746379900438271e-02
1.206801126004379832e-01
-4.001511964742072713e-01
-6.734856898101506673e-01
-1.084202556480277302e+00
4.508737298017111428e-01
2.930974395062775351e-01
1.402276615323807540e-01
-3.914372288220606677e-01
-2.324097659564068330e-01
-7.432195049943448595e-01
3.424594111250418571e-01
-3.726967956030300400e-01
-3.241640132911380867e-01
6.070578628703819923e-01
4.753057191998011355e-01
3.466152394079529131e-01
2.604225081536672981e-01
1.939858697684186950e-01
-6.074312474743726042e-02
-1.577714399255829569e+00
-1.552144099461577165e+00
-1.329842240467884462e+00
-3.561495846930147202e-01
-4.028424132908217103e-01
-5.672130583836492157e-01
1.479985465165168712e+00
1.472073717924234693e+00
1.378160604729354866e+00
4.115823712840303017e-01
2.380681485291519905e+00
3.259838502821699180e-02
3.901114687570603756e-01
1.578130474912731174e-02
-3.644607100491192853e-02
8.331700252431151199e-02
6.786885074719428701e-02
-6.949634454819264562e-02
7.852231758553034346e-01
5.715126324824177928e-01
4.149139052172672315e-01
-2.657127307157307605e-01
-4.905708722984587489e-01
-6.541564747618262565e-01
-2.561960976996684014e+00
-1.889672966610837612e+00
-1.531401808776916784e+00
5.822505314886785577e-01
6.984931979662256651e-01
2.219657683512954449e-02
-3.067111514304121656e-02
9.087058555624549783e-02
1.359884346233681818e-01
-5.250906522652329933e-01
1.241956238827510717e-01
-4.010196381867237037e-01
-8.191674362001628573e-01
-8.220156616326317334e-01
-6.835563027291673421e-01
6.724126207166527536e-01
7.088165020423784490e-01
7.138186979619054462e-01
4.152738113188019220e-01
-6.411559233892027976e-04
-1.524258356998986486e-02
5.756915634223696010e-01
3.853304171460529837e-01
2.914621636148568840e-01
7.929015079007477595e-01
1.088414154176437165e+00
4.996553387026132498e-01
-4.606986333049833959e-01
-3.086019708172100806e-01
-3.108221623564371150e-01
6.437883616753108385e-01
5.220174682878977457e-01
4.430425851090382672e-01
-7.469474254160606286e-01
-1.068298459352233998e+00
-1.040148735766492027e+00
-2.770875768900895153e+00
-1.876532982656214710e+00
-1.619195814704153857e+00
-5.252158177236587733e-02
7.371638744380946129e-01
5.284103102431956245e-01
3.945935584875783775e-01
2.566732261229054401e-01
1.186183151261936963e-01
5.016733058822473446e-01
7.688795748389165574e-01
2.977873606259522354e-01
6.340986990592498707e-01
8.514660074154996039e-01
6.690001414528556900e-01
1.449950190528737082e-01
1.421467936188780534e-01
-4.911154426763086889e-02
3.744067607451917468e-01
2.675292374979583165e-01
-4.915164321295222294e-01
1.463865806220923105e+00
1.505877131370271016e+00
1.646579467803896080e+00
8.501871541322496562e-01
nan
1.316727192731238283e+00
2.823964030553575810e+00
nan
-2.366950694865529226e+00
2.508497867913459523e+00
1.713360964475659998e+00
2.439338937650483707e+00
-9.948457072316196914e-02
-4.384274506203804656e-01
-2.173483201440813417e-01
-6.835559193667317679e-01
-1.039745570818615406e+00
-6.954389809639796027e-01
7.945938776233267831e-01
4.589360973912288699e-01
5.973684079739198793e-01
nan
nan
nan
3.992708138431355636e-01
-2.676505923233629680e-01
-6.353570890101130075e-01
7.065725380581335813e-01
2.975314347945769988e-01
4.093769843828938271e-01
-9.151337362856448721e-02
-2.684235567974426750e-01
-5.275115252689843715e-02
-1.749715604359918686e+00
-1.983873475731464220e+00
-1.763933662649237677e+00
-4.183324534327774735e-01
-6.370310333543085513e-01
-4.349096643499903436e-01
7.508730700721284457e-01
1.047500302890586710e+00
1.138785800232276380e+00
-7.841862435015101163e-01
-9.679081768759174587e-01
-4.098406516753052564e-01
-1.305963941243826199e-01
-4.182337512986888939e-01
-6.049690120831296980e-02
8.446433337700791633e-01
3.899973207008597953e-01
2.748730985576139929e-01
1.685408921433229068e-01
-1.910304802798861168e-01
2.515813881405204455e-03
-4.580435082711864503e-01
-1.297577563630859965e+00
-1.292228011227259721e+00
-1.568890207128753822e+00
-1.426807576470120242e+00
-1.506806195906394308e+00
7.178288350529196116e-01
4.626175390022524425e-03
3.411306547812444911e-01
-1.775056817217137706e-01
-8.604661026762112641e-01
-1.076517662716982571e-01
-5.263542509704683958e-01
-1.308399067252186132e+00
-6.076712697030148824e-01
-9.891667837683177922e-01
-1.040325294446590387e+00
-1.339330539868782477e+00
-9.059547822552227458e-02
-5.089121567598016149e-01
-7.279589504907812980e-02
