-3.038537092855751354e+00
-5.996687651202297076e-01
-4.192881561948533786e-01
4.472069959394375793e-01
2.030143883646846170e+00
2.254957877425844082e+00
-1.277962348317089214e+00
1.018056348473814765e-01
4.333853590445890802e-01
-1.052537498786402015e+00
-1.071165071202233587e+00
-8.410520435745580947e-01
1.508701719183754619e+00
7.304281244365609105e-01
8.854518721710267215e-01
-1.140069697250912562e+00
1.569940969299077338e-01
3.007132381171313540e-01
-1.089434479523306187e+00
-1.254640635830650552e-01
1.214488666276234419e-01
1.401818232446450985e+00
3.282902906483671224e-01
1.148990517189114158e+00
1.539946396046838473e+00
-3.439020374733092744e-01
-1.613625626663610646e-01
1.685955420560354412e-01
-8.825586985110680516e-01
-2.510143744564135027e-01
nan
-8.071946538346344013e-01
-2.981169027504604330e-01
-2.732998693879102436e+00
1.181199318686643629e+00
1.190440742023901599e+00
-5.254209574869688204e-01
-4.280585542842989533e-01
-4.215255261451655855e-01
nan
-3.764027818923691981e-01
2.778685118453960712e-01
1.395027617791363639e+00
4.513848975396341778e-01
7.025763070649806430e-01
1.142793579349079103e+00
4.442410136327454850e-01
7.228696463331916178e-01
1.492835063031270337e-01
-4.038792565592053130e-01
-1.086998476243739020e-02
3.216002528866508392e-01
-2.633006400061123298e+00
-1.576047742511760275e+00
nan
2.533187669011081056e-01
6.202117690781339121e-02
-1.755581983541699032e+00
-3.523019885216123193e-01
-2.956440199299148475e-01
8.255492415339205081e-02
-3.765990425497345306e-01
-5.217681988610056720e-03
1.585518092009270852e+00
-4.584396849922618422e-01
-3.827836969047675453e-01
9.417835411277097890e-01
1.040990793272086101e+00
1.039424269279383140e-01
6.842707326097041687e-01
-3.674984577620108439e-01
-6.738963088145299984e-01
nan
nan
nan
1.150795105479898162e+00
-1.530772825317217034e-01
-2.599697589318479274e-01
6.016319648828436506e-01
-8.574694214880689280e-01
-1.092847127664491325e+00
2.298474371221736590e+00
1.295220784114014201e+00
7.204431962075523721e-01
1.946461477619551239e+00
5.573335136850157134e-01
-6.302885532061619500e-02
5.843514242066749631e-02
4.250277462778520032e-01
1.454260000017146837e-01
2.140576229539232322e+00
8.004872310976578476e-01
9.610847777847304485e-01
2.729410167128187403e+00
2.984789536219305539e-01
3.814096655035945638e-01
-2.374253426160964686e+00
nan
-1.861089361640090090e+00
nan
-3.069455411862644922e-01
-2.105644402803497073e-01
nan
nan
nan
2.044225391683156978e+00
3.306133452018147345e-01
-5.410671795211139390e-01
nan
7.573633143781188792e-02
4.071067113755546529e-01
1.507308907210299864e+00
5.908809809393171797e-01
6.171839867460078288e-01
2.190661918347741377e+00
1.154488898058822599e+00
8.656236553352005814e-01
3.550240609058761265e-01
8.234627970650851836e-01
6.057223711188157722e-01
nan
-1.405219488276604922e+00
2.666888415191652761e-01
nan
-2.912970345054888277e-01
-2.116634995988864176e-01
2.755254609551291978e-01
1.662986856526710078e+00
-1.036417018989914673e-01
8.065279610922404530e-01
2.248943375118952481e-01
2.263900118250239402e-01
7.350795140736199329e-02
-2.014882142395535425e-01
-4.555499229430495234e-01
9.946240567297008894e-01
3.218732092411578094e-01
7.167796656526972399e-01
nan
1.923849060242819320e-01
1.992571050252323062e-02
1.323307277534183868e+00
7.776285835963192561e-01
8.327688038355209876e-01
1.446527491544707722e+00
1.009121808628488104e+00
1.021681343843700240e+00
1.946050978420297284e-01
-1.017023451826446490e-01
-3.139788776935739101e-01
nan
2.916979694890713404e-01
7.110558724534299380e-01
-1.163161910883071082e+00
-4.407149408970778559e-01
-5.855825225178206139e-01
-5.553090187623852536e-01
-1.177817169594817859e+00
-6.196219490593728452e-01
-8.994714896223143796e-01
7.122712104853383686e-01
5.713393065174137142e-01
1.728263413667568749e+00
8.955314459984951014e-01
6.765140177161605983e-01
-7.858392587344686930e-01
-2.880190120171373103e-01
-4.151341737489606665e-01
6.088142626882366848e-01
8.246473744474243084e-01
9.986953101397055832e-01
nan
4.383229061071265420e-01
5.443338567571021080e-01
5.915642701948873317e-01
8.100769924336175265e-01
9.585430217565793498e-01
2.836073005380534084e+00
6.057985616201926327e-01
6.364454672900499155e-01
6.529936638607569677e-03
7.012178164040068218e-01
1.106842714866515642e+00
-3.034051375144575680e+00
-5.149046537672115065e-01
-9.117322705946357964e-01
2.923110027598036176e+00
2.888980950561465200e+00
2.561765160883989978e+00
-7.095939488626408220e-01
-5.632061553466281012e-01
-3.869054350961840250e-01
-2.970201282093561712e+00
-2.183361840571150569e+00
-1.306189775539740916e+00
2.083324287674039432e+00
8.850966702047760037e-01
8.739769068616336511e-01
4.590197735941381474e-01
-4.485043626187033006e-01
-9.336611142377719830e-01
1.945994249966811473e+00
2.153843611585894990e-01
-9.324734051079763830e-02
2.227248678960115136e+00
5.113595194635358610e-01
6.482511242772908133e-01
-7.724496558892526288e-01
-7.492183209109457565e-01
4.937024960012306174e-01
-3.003748748586271944e+00
-4.139625086875087234e-01
-4.653573123049548066e-01
nan
-8.014022127154931674e-01
-3.821951825204843445e-01
-1.920233593912547665e+00
2.679388973975751931e+00
2.525182197159837827e+00
1.582572077240214981e+00
2.909767817023647396e-01
1.643511520534306491e-01
nan
nan
1.303849956709233204e-01
1.369459305804506144e+00
-1.149042757684211047e-01
4.039460118001616529e-01
2.099548492267854449e+00
9.955164155550528804e-01
6.523333440008114437e-01
2.125193201103919627e+00
5.624015315782737723e-01
2.246858592825568657e+00
2.902175569469393146e+00
2.740536620240309418e+00
7.090657217104840981e-01
nan
2.061922311583765932e-01
3.832208995112864613e-01
1.802959571954827034e+00
-1.854153336948343167e-01
-1.777862313343758771e-02
-2.486772334472541424e+00
-1.694861141073595867e-01
1.076187740391216785e-01
5.365819365387496376e-01
-8.449649144010815682e-01
-8.400840917311134248e-01
-2.949005143833362652e+00
4.225212966407267956e-01
2.275732121689664211e-01
-3.011398516341627474e+00
-4.912420947690776529e-01
-6.212465904064203848e-01
2.145144709460167221e+00
7.034712585619780079e-01
2.942919775223487022e-01
1.507593876277053546e+00
1.638951622933348951e+00
9.237611913420060716e-01
1.799484619695140175e+00
-1.984817667636220584e-01
-3.480070683214648852e-01
nan
3.775700751911523767e-01
2.762135788489392674e-01
-2.278676419938687747e+00
-1.975575608533787442e+00
-9.457157197591978814e-01
1.595663525774766889e+00
-4.941890222076685824e-01
-6.410745117685019423e-01
-9.728011003821150915e-01
9.286454984602396934e-01
7.415416964143242140e-01
1.898520703806852339e+00
6.965628891592650085e-01
3.655289442041960157e-01
2.196981645992773124e+00
9.106257623611941909e-01
3.039816403342476825e-01
1.152464968945245971e+00
1.004444336290443829e+00
8.431934383744232875e-01
6.197957638430824368e-01
2.497893705529570241e-01
2.381726796760124110e-01
2.584719995567885675e+00
4.644802781710732908e-01
4.703657134898593384e-01
2.619841572951703057e+00
1.206333018388517253e+00
6.149929045805131445e-01
2.501722925839943379e+00
1.726103377491565283e+00
1.212432399351895285e+00
1.112827311034729760e-01
-2.417873829211196757e-01
-2.357534173349042916e-01
nan
1.836779893385784845e+00
2.282527173790862562e+00
-9.700657076249976640e-01
1.602887690620584671e-01
3.082134930429196729e-01
-1.582189227867600856e+00
-1.859602214692737565e+00
-9.323773777450128364e-01
1.780931278908098214e+00
1.023117364248419037e+00
7.407492799761987712e-01
-8.877932918752571290e-01
-3.906707382003116180e-02
-2.687700465812530304e-01
-6.481356287069357514e-01
-3.534876638684059103e-01
2.913911618194080511e-01
1.089675510845138362e+00
1.367997589955786353e+00
1.223931499365328968e+00
1.406455713014079123e+00
2.394210161861032304e-01
6.333106561216657049e-01
-7.617678610570361997e-01
-1.083262832805607978e+00
-1.257519401041301776e+00
nan
-2.860188994056924727e-01
-3.038639437049273084e-02
-2.010675693158485267e+00
2.091761578760687357e+00
2.279611302976611853e+00
1.970681196502489740e+00
-4.014370290994806467e-02
3.458506559948837378e-01
nan
nan
4.611845606190305702e-01
-7.275609584753137682e-01
4.143284039168566579e-01
6.835982122461707888e-01
5.381363087181947336e-01
8.627893316721477746e-01
1.259415404074220035e+00
-5.357175953312829364e-01
1.741109980226696052e-02
2.271522850476994648e-01
2.361862459632463995e+00
-2.088156130222640350e-01
-1.745860467556469064e+00
nan
-1.087339558886104562e-01
4.767508245844025438e-01
-1.958716371418971036e+00
-7.878626924107607898e-01
-1.284631022521232069e-02
-2.972153431359034759e+00
6.832669043609174153e-02
2.353478501573746939e-02
nan
nan
nan
5.447515964878477668e-01
4.371619151686307880e-01
3.356226784498388405e-01
-9.261191083135331681e-01
-1.476515318483180295e-01
-1.668670855655429719e-02
-2.264895574446463833e-01
5.444834827898334950e-01
4.975472916531877843e-01
8.581067058030278361e-02
7.915938117100473903e-01
6.290994186295808532e-01
1.091292638211606381e+00
-4.317321124798603194e-01
-3.598024576360163707e-01
1.310183319738412955e+00
3.679222738153926642e-01
5.191097827154051991e-01
-2.847232352491501750e+00
-1.156357405050912446e+00
-8.720267500303697794e-01
-7.897939246501342048e-01
-9.433702400461734250e-01
-9.462184654800704919e-01
-2.108999663604084418e+00
-1.492707415532956716e-02
3.837894520924391983e-01
1.640822132279451395e+00
1.086560311929257061e+00
7.435271610391689379e-01
-2.499301678452902298e+00
4.851133636486220091e-01
4.837724191371948201e-01
2.219952949524053309e+00
1.358875727372776510e+00
1.107744842667634622e+00
8.933364132574164174e-01
8.737406222725923044e-01
1.021620486800360439e+00
1.427876836738734667e+00
4.236497980743254566e-01
2.393416998911401805e-01
-1.920254599365234016e+00
3.210709590782365730e-01
5.026168482381532243e-02
2.071276436153036471e+00
1.084550603382740341e+00
5.528142581604984507e-01
1.621169224147100962e-02
5.210838603565699501e-01
-4.196873322979990384e-01
-2.375816682293274695e-02
3.361279338120275462e-01
-9.074259985394173000e-02
1.664889895563077538e+00
4.130620629313916936e-01
4.307669286786848240e-01
1.577413772208572595e+00
-2.263659707031124846e-01
-6.954424397602858576e-01
nan
5.867133832122477521e-01
6.387427076753846578e-01
-7.516043763251025744e-01
-1.031594905112909633e+00
-6.759250855067850949e-01
nan
-1.040477095469623414e+00
-1.403671222103854310e+00
-2.518241237371503516e-01
1.092235658129882658e+00
1.173634185884382397e+00
1.701943884486421865e+00
4.859588320453234189e-01
2.258830089843186784e-01
-1.017845808238802441e+00
-8.457866457069416199e-01
-2.495868178015623329e-01
1.507343153716562689e+00
1.321198804599010401e+00
1.699443329996100260e+00
9.272194455382809508e-01
2.694217815795614257e-01
2.775267043937361677e-01
1.455889249172722444e+00
4.841195906647253189e-01
9.485565664311419454e-01
-9.748254992201617064e-01
6.731577368335091016e-01
4.031334460281512655e-01
4.946387989665570473e-01
3.503932703741363675e-01
9.191858813497644221e-02
-2.829906359963759499e+00
2.616931015098487023e-01
-7.526662143008562289e-01
-1.199216836688710375e+00
2.566137186924231095e+00
2.400000197365952381e+00
9.186384340539976989e-01
4.489586558123281890e-02
-5.653237591070188195e-01
1.229012692601369139e+00
-8.145054615509597085e-01
-1.369206905919877260e+00
-2.614176781035039809e+00
1.087683034334826715e+00
5.935868422104957354e-01
2.384971535864907288e+00
1.375071259383832789e+00
2.870435895689094075e-01
2.578091901345000991e+00
6.129523541862296199e-01
-5.871331652549383051e-03
2.534757575250504047e+00
1.172216371741491514e+00
7.178119102505688964e-01
8.832801362345259477e-01
-3.842395673204972439e-01
-5.342360905865990439e-01
-3.137956893672517289e+00
-2.755269322344338079e-01
-9.059692424090797225e-01
nan
-1.147802949896172819e+00
-8.255181244822265008e-01
2.825097558790449881e+00
nan
-2.838994192747178236e+00
-2.482038489065913289e+00
nan
-2.519764659109688942e+00
nan
4.384217869123947509e-01
4.320565722532205832e-01
1.640563181521547342e+00
3.621784947011650324e-01
-1.078640062080573614e-01
2.818817221021992836e+00
1.374129208091394716e+00
4.863186854621095456e-01
1.292192883647006241e+00
2.741909719182564764e-01
-5.272264624119493703e-02
nan
-2.558617872855714293e+00
2.186468735837673094e+00
nan
-8.911883765756951625e-01
-5.212357928359319104e-01
2.008339721425197233e+00
nan
-7.464486795360665283e-01
2.461968468781081221e+00
1.375134062730216655e+00
8.469112883471963116e-02
5.341561978720945625e-01
-6.242740506099573317e-01
-7.276076693494104575e-01
1.752541591730507164e+00
8.327641523634272680e-01
-2.000593544781117394e-01
1.490082839919788071e+00
1.703557336066983119e+00
7.008004564588605767e-01
nan
-2.857083890305552654e+00
9.386368208342181774e-01
3.102105805878016653e+00
1.416615712685552531e+00
6.946457273280830513e-01
2.027819257639991157e+00
3.084851263557264467e-01
-4.030943916759484047e-01
nan
nan
8.368953603953706022e-01
6.975740816125033383e-01
-2.287628216573720508e-01
-9.494837196127177137e-01
nan
nan
-1.364299982837200886e+00
2.564369388357730983e+00
2.103196121604301361e+00
1.226401866646956051e+00
2.923534886732331195e+00
1.915762948153306944e+00
1.005962035208700200e+00
-3.051228903993060459e+00
-2.576631948236784098e+00
6.799369228043294910e-02
nan
2.146251318793535923e+00
1.896137013124096882e+00
nan
nan
nan
2.838052522066856653e+00
9.275170172848117289e-01
5.755705349680475535e-01
nan
-3.006207004632057256e+00
1.600019119746281859e+00
-2.883962593593712320e+00
-2.901705616794743037e-01
1.101347540168262640e-01
nan
2.455184047356892663e+00
2.318442258949498402e+00
-9.259021215126463922e-01
2.350016948178348386e+00
1.371932657077555184e+00
1.111439226603097019e+00
2.092922786091548915e+00
1.017596038691970683e+00
-1.540486936958402886e-01
2.524724506655386058e+00
-8.554517038578746124e-02
nan
2.417444931158289734e+00
-4.925110121411795383e-01
9.795521496645394066e-01
-1.677130936673489892e-01
-9.142356472880246443e-01
nan
nan
-1.451455681115016993e-01
-1.544766538501490594e+00
1.310351863276704165e-02
3.557741165094472358e-01
-1.217874991578752120e+00
1.538483208543310887e+00
2.946036340103268536e-01
2.193855324154522890e+00
1.761949021417119177e+00
6.469933476984279785e-01
nan
1.861806381007516720e+00
1.576671646253778647e+00
nan
nan
5.456915108813240600e-01
1.074196829494533212e+00
2.086756636489394801e+00
1.725515635055216990e+00
nan
-5.403083648096509428e-01
-7.857399504486934916e-01
nan
-3.105940250321522100e+00
6.640130613768935319e-01
8.597576392706791637e-01
-1.333684148732072750e-01
-9.245010788386580636e-01
nan
2.771116203515284759e+00
2.580492243111320860e+00
1.730275162242668863e+00
1.785359621260749208e-01
-3.407437470205918473e-01
-1.812082325663220139e-01
-4.375080116351268700e-01
-1.596622753909198833e+00
2.782294426250358832e+00
7.338319488185511830e-01
-2.835978047219311904e-02
1.835973235282923888e+00
3.466777140898993359e-01
-1.349491489154094559e+00
-2.917802312479856219e+00
-2.812503120336516282e+00
1.026429203892353925e-02
2.974661151391072345e+00
8.137635108210492518e-01
9.274447195918256170e-01
nan
6.450508194066375545e-01
-6.151996045461904927e-02
1.194562409128594460e+00
-3.739344535994959529e-02
-2.741093704187855806e-01
1.087859482269179168e+00
-4.735343087118315530e-01
-6.244893759259340094e-01
-1.818931732943907198e+00
1.501688797172676892e+00
1.470882287461162008e+00
-2.634747519519371028e+00
4.625213864297443855e-01
-7.468931462354633233e-01
nan
-3.762182133114455596e-02
-5.940297416433129030e-01
nan
-3.272595486786600283e-01
3.736445959593228672e-01
-3.088376267240818596e+00
1.149190606102957091e+00
5.067249394493660297e-01
-2.683420131107433715e+00
-3.064059166035744575e+00
4.934106243498947997e-01
nan
-2.081871541661628910e+00
-2.732672928372563259e+00
nan
-4.171825569959666247e-01
-5.762563876597388557e-01
-2.458018835076429376e+00
-5.950302848432662550e-01
-7.022399495470517117e-01
1.654722707067274534e+00
9.554707529258070764e-01
6.700137025570245264e-01
2.335260033252049894e+00
3.617505230636117730e-01
-6.852830393977509260e-01
nan
-2.766999223116457962e+00
2.065248262118961620e-01
3.079517166010381501e-02
-1.232621378409622270e+00
1.819675847042980799e-01
1.569861554808703374e+00
-4.027097236369803213e-01
5.971676475550311558e-01
1.606845761793618266e+00
1.410279042639706049e-01
9.237451758824937187e-01
1.729696133677427916e+00
-1.200207860858506059e+00
-4.181884049106145973e-01
nan
-6.824289590078764789e-01
8.929715238169615432e-01
-2.826304621203655554e+00
-9.455401921409474220e-01
-9.617166890852133498e-01
nan
nan
-6.683202745897331987e-01
-1.194533484314405314e+00
-7.446391869699691135e-01
5.982143710609779674e-01
1.446173805582390948e+00
-2.288490590495118049e-01
3.351380281427842611e-01
-1.868483434184581071e+00
-2.151718803537194802e-01
-1.714758298828349403e-01
1.861478540196341847e+00
2.670882259276026183e-01
6.845341143398600003e-01
nan
nan
1.446059876265026745e+00
-8.993925317057973601e-01
-8.180493494796756693e-01
7.126211773995825283e-01
2.254243843132455183e+00
-3.046018866839617090e-02
6.645068172027825959e-01
-7.402208772519860425e-01
-4.808999202207484558e-01
6.043900349531194927e-01
-5.379756681683955932e-02
-3.292152520211408806e-01
-6.280544052820520307e-01
1.852200999664388448e+00
1.529568263639726311e+00
1.519737138849948543e+00
-1.344155623631221541e+00
1.120961843262064939e-01
6.747199210756704701e-02
-2.382755901105610974e+00
-1.441148932471358002e+00
-1.258474641166004160e+00
1.745393400712367260e+00
1.267207182320395198e+00
1.032048029767354436e+00
1.835160351718958083e+00
2.058302152434476895e-01
-2.709125698974212959e-01
1.924717958572705001e+00
3.954178906502447965e-01
-4.452735247307559874e-02
5.710959726890312282e-01
7.112010895754021789e-01
7.477581049220414222e-01
-2.005600725095709080e+00
6.318725820020696382e-01
4.792946289705990459e-01
-2.490149665308354798e+00
-5.828623659855241002e-01
-8.963922741980119291e-01
nan
-5.082833627961642620e-01
-4.143135997656233194e-01
9.762195835445579561e-01
8.402227646948730033e-01
6.464772021281928183e-01
-2.608136264713652785e+00
2.808409911250353552e-01
4.091641981225686564e-01
nan
-8.548009618381628982e-01
-4.195053456255788404e-01
2.403572726458966358e+00
5.079536809610463166e-01
1.528845763350368259e-01
1.716378243746891741e+00
1.026434759391064766e+00
6.753248841278183257e-01
5.667416056338332453e-01
-2.858416734753030930e-01
-1.467293710595729550e-01
1.751715606106555967e+00
-1.571348169493003377e+00
-2.533173723930510768e+00
nan
6.493397695263714020e-01
1.567365164554272994e-01
-1.217926832633371426e-01
-5.355243248569436787e-01
-4.638863940074768877e-01
3.014147097521248320e+00
2.413447203698511068e+00
2.685265163786718645e-01
-1.120491885692533440e+00
-3.859345462929297810e-01
-7.663055589037832682e-01
-1.405200500067792291e+00
-8.805110914803102595e-01
7.409753407138106596e-01
nan
-3.927759837782747177e-01
-3.403179907198778942e-01
-5.507043880536617309e-01
2.335306314705558606e-01
1.457015952268303494e-01
-2.582157921017998792e+00
6.404179702424745990e-01
3.896141868461837632e-01
-8.417195072816299195e-01
-5.555152187817387066e-01
-1.344014393112584749e-01
8.277903495731595562e-01
3.448103542825005086e-01
6.009867809406737038e-01
-7.862170279245543902e-01
-6.640865457101270408e-01
-3.538992192285981275e-01
1.568909377445018016e+00
-1.040278736913648583e+00
-1.419947187251767939e+00
-1.324441917084481890e+00
6.716233951144738867e-01
8.741421917722851376e-01
1.081319707462991886e+00
4.578564216398670617e-01
4.549689441658859579e-01
2.115651972565331995e+00
1.168201797868340108e+00
9.261904859358995878e-01
8.447472597777943015e-01
5.902145257782898113e-01
5.895251662273905957e-01
-4.486489100653776596e-01
-1.139290173557530039e-01
-6.871343859380818486e-03
1.620408141507581945e+00
6.775897154770071928e-01
6.129194218942171091e-01
-3.070689641694674066e+00
8.359719662581324151e-01
5.662094148506415792e-01
-5.550613717226573485e-01
5.736501368294808501e-01
8.368919430402050885e-01
1.719159881033053949e+00
-8.331014636303462062e-01
-1.336851430887848080e+00
2.979040359183803055e+00
1.190782020510561701e+00
2.085124806754722115e+00
1.831981650781885129e+00
1.099268537381651534e+00
2.727541036198974922e-01
-2.276390570661076751e+00
-7.191133454733988906e-01
-5.825829475425958748e-01
1.735309319512559512e+00
3.780615424405233682e-01
5.225769405978573090e-01
1.684169431573137032e+00
-1.899500869339734166e-01
3.973290755619465209e-01
1.934620302275025239e+00
-3.807377555624427146e-01
-2.798258409725629114e-01
-2.631836591379554946e-01
3.188039082723514994e-02
7.759885423152201867e-01
nan
-8.761666321963974546e-01
-1.207072751046325276e+00
nan
-8.438228962754474871e-01
-7.233970766463873048e-01
nan
-1.332388261468097523e+00
-7.267615432305416512e-01
2.260076341944194489e+00
1.770950588166640749e+00
8.968401713912381723e-01
1.713058982201686398e+00
-3.383006208355783251e-01
1.143550304786584704e-01
nan
-8.487125874430052619e-01
-3.959223577578532272e-01
2.554938167941471328e+00
4.698890425650166236e-01
8.217004241030223533e-01
1.846336706606093614e+00
2.041859247877697570e-01
1.362913514166517182e-01
3.604089531977527905e-01
-2.348544975502453447e-01
-7.862901668366570895e-01
nan
-4.779932622965308298e-01
-1.476723511411553114e+00
nan
nan
nan
-1.615385091831392339e+00
-2.181355256510679297e+00
-3.380535365838222006e-01
1.701216061016156189e+00
-4.111973902106274004e-01
-9.659078070802111782e-01
nan
1.459939324016254147e+00
2.548551429321332940e-01
1.696057212484575416e+00
1.590123570813415377e-01
-5.346729473441573788e-01
9.887812783070408784e-01
5.657261659569385870e-01
3.891289407064801864e-01
1.738025492342977429e+00
7.847529215713149320e-01
8.379314907090398279e-01
1.031958597028503455e+00
1.022516017162775626e+00
9.510258680165017964e-01
5.856883104116015204e-01
-2.227701545813483008e-01
-1.023315912007047856e-01
1.776754237692106386e+00
1.096152969623274132e+00
1.410649922345591278e+00
-1.560302871576276118e+00
-4.102905535695344774e-01
1.901871850836576172e-01
nan
nan
-5.082986928367727586e-03
1.880906363575984841e-01
8.504871160705316235e-01
7.282188321232800909e-01
4.630647285801288149e-01
3.495255622149904262e-01
5.873460407464139443e-01
2.131069921156710123e+00
1.244316587513725203e+00
5.480697789738990799e-01
1.755348755231940672e+00
1.756582748897058011e+00
1.782784049372565072e+00
nan
nan
nan
9.393236237786934950e-01
1.017387074409302095e+00
7.796209762929993126e-01
3.666615541903324171e-01
1.263994977139163645e+00
1.724425224813102453e+00
4.550049622148097939e-01
1.080556798036336197e+00
1.462100375902999794e+00
5.299389254276354322e-02
-1.242980176511041535e+00
-8.801165232517154102e-01
nan
nan
nan
1.458910151552291978e+00
-2.413449162927956415e-01
4.325003614187128420e-02
1.310275507779527615e+00
-9.383445760456261553e-01
-7.670312033459047996e-01
1.295788863425715753e+00
3.627482282288596593e-03
2.271461560264795843e-01
1.369268807055686210e+00
-4.284701229088927477e-02
4.334159773991057563e-01
1.649036889560082209e+00
-6.242099658198170253e-01
3.927115423026181773e-01
-1.766545366579179044e+00
-2.057825075233234990e-01
1.358627386206524790e+00
8.161385858150671524e-01
7.887377076993251634e-02
2.661234983834375178e-01
2.013924474159241917e+00
-6.662097197640992619e-01
-5.244531839224610970e-01
nan
nan
-2.113391280182597143e-01
1.962174496389789802e+00
8.178339326183130531e-01
1.985365774490300161e+00
nan
-9.078064368146270269e-01
1.412625468325101608e-01
nan
-1.152347062126289456e+00
2.673010612994803914e-01
1.744414275372053069e+00
5.296738033386949596e-02
2.093256999215298286e-01
1.588787522381424289e+00
-3.358351495805456111e-02
2.067743128608863223e-01
-2.044554955262992024e+00
-1.011274990078682823e+00
-4.400739673974429778e-02
nan
-1.908667080735337862e-01
-2.658747237829408583e+00
nan
nan
4.546513671558010117e-01
1.309605604930689005e+00
-5.391113978844446208e-01
-3.781998340846626228e-01
6.089293309195142889e-01
-7.285028132050701544e-01
-7.385341741289841444e-01
2.026778230593182073e+00
-1.148618111856866797e+00
-4.370779942415934372e-01
2.386850889945702825e+00
1.938039393666595167e-01
-9.165945474482395383e-02
1.952110237579945284e+00
-2.395251799003843551e-01
4.544299938982683251e-01
2.152901586082196062e+00
3.687703255361385324e-01
2.843674371838287307e-01
2.444264368299428725e+00
6.513406357346482878e-01
8.472202197918341504e-01
2.712677371614642396e-01
-1.054802651948943737e+00
-5.021102033034625656e-01
nan
nan
nan
-2.407968921946463503e+00
-4.392847580573979727e-01
-6.109843322844819014e-01
nan
-6.048613598216725507e-01
-9.127545292276346700e-01
1.806092401200912967e+00
7.446485012031702766e-01
2.218780836730060990e-01
1.648455939176349361e+00
-4.954937757548765198e-01
-5.589225357557747742e-02
-5.190046550204163722e-02
-1.064133438495796113e+00
-2.278590513444855858e-02
2.063137625328311131e+00
6.587424610186500828e-01
1.386297438155509987e+00
nan
nan
1.016206145880254930e+00
1.942420574739487371e+00
-5.359570901263941423e-01
2.873281680024453166e-01
1.102649787799403036e+00
9.562510004967545996e-01
6.842454715601213877e-01
2.691216193068079576e+00
1.298753669595683391e+00
7.765664270080478992e-01
5.136764710813785939e-01
-2.950099337115639209e-01
-7.369018671266518439e-01
2.433961999251089914e+00
2.445415151910217411e+00
1.993692075450055334e+00
-2.979846312398382047e-01
-7.545981651319211281e-02
-2.201750561499733472e-01
-7.848073761619431821e-01
-1.645701095138025982e+00
-1.192902649486101252e+00
1.730467625456941327e+00
3.825861008658568707e-01
4.992774806615329908e-02
1.189778913059090115e+00
5.129030957137126201e-01
-8.519611917795533174e-02
1.428480032590010218e+00
-2.612007860567704398e-01
3.557959376381703009e-02
1.539883549974214283e+00
1.320868461089617085e+00
7.419242744900214070e-01
2.793715876607989479e-01
-1.306744467209708382e-01
9.973565274006146453e-02
9.637222720918448005e-02
-5.813933047348291971e-01
-1.050097446326479389e+00
nan
-9.606733284016688579e-01
-3.723041447764656731e-01
-1.043086977223879330e-01
8.711963261247515078e-01
5.479584791607803318e-01
8.539741205676047997e-01
1.542958484945988751e-01
8.200903161846646583e-01
nan
-6.724581918713088413e-01
-5.302304667828043883e-01
-5.725319823616570325e-01
3.623843502395160954e-01
7.289771180201456424e-01
1.751820772155412875e+00
9.377678991850162404e-01
5.982977961329165595e-01
-3.718027466363809097e-01
-1.981880709670522656e-01
2.156320272942102712e-01
1.032963726197408505e+00
2.529152978710477839e+00
-6.537115557705095448e-01
nan
1.864302397460471106e-01
1.536016207842556547e-01
2.393706712939995818e-01
-1.740087730896404672e-01
-2.968760084864019433e-02
4.829994400759982653e-01
2.585494440073197175e-01
-2.069863482424034729e-01
9.460052137287400242e-01
-3.598020779388741985e-01
-8.372906398588866317e-01
-7.738409409635695901e-01
1.007559747234854086e-01
5.540455751718598165e-01
