-2.935812943524893193e+00
-7.561789307891575440e-01
-8.952955176975034846e-01
-5.922603020809931174e-01
-2.403015762676603551e-01
3.844567539230370201e-02
6.767715260941375988e-01
3.836499152053813866e-01
9.013156804329875982e-01
-1.969179346831815502e+00
-1.871409786888792448e+00
-1.014380370015208310e+00
-7.610631314388260904e-02
2.685104002268476897e-01
8.027143876999525141e-01
-1.662429740670751110e+00
-5.724790701934305837e-01
-1.056941731452843314e+00
nan
-2.829213529127674764e+00
-2.102231373908132195e+00
-8.124758353117766951e-01
-1.196482894551696097e+00
-1.178248857923106296e+00
-3.574654146096354346e-01
-3.009068287559548693e-01
3.752166735999638014e-01
-6.948989535741332269e-01
3.693098105461070091e-01
5.848350015856147444e-01
4.050123671337160225e-01
4.599560090113352651e-01
8.675951011628342258e-01
-2.592861679281823761e+00
-1.897630195334816694e+00
-1.271294467707261289e+00
-5.168962569149648800e-01
-3.734201558167615786e-02
-4.914087159910041080e-02
9.600147269640375569e-01
1.608891341973574640e+00
8.833442541851770358e-01
-1.362139908847229464e+00
-8.362008920383035004e-01
-5.745635338582353313e-01
-1.100555019715066862e+00
-1.173389751497792455e+00
-1.397061193259343970e+00
1.061765037529998956e+00
7.998529074745048817e-01
1.304185671914612321e+00
-4.881436500870730555e-01
-6.264116437437547980e-01
-3.930200096610807492e-01
-2.615804096334026330e+00
-2.564955439910262314e+00
-2.018888450673274271e+00
-3.620266303518566708e-01
1.069747193566992216e-01
-1.982187302345281843e-01
-3.153166239727394071e-01
-4.195922932620801404e-01
-3.193922931870130100e-01
-8.312855673760379815e-01
-1.162163648712273289e+00
-6.024507797488394267e-01
4.773404200964579402e-01
-3.366557942748604759e-02
3.122987876472458346e-01
-5.363059850512534865e-01
-1.101048118758538585e+00
-1.048633671356804520e-01
-1.400715880037101124e+00
-1.717620211662339580e+00
-1.544833830412915887e+00
-1.379205725332963040e+00
-7.095083536137400948e-01
-5.444130762409438162e-01
1.114794633783610323e+00
1.207329027876696159e+00
1.001067049790272279e+00
-1.017065788566050788e+00
-1.366981142014356498e+00
-2.025907650844426922e+00
-7.561962870258742697e-01
-6.453311588673651400e-01
-3.024723261414843378e-01
-1.739697875698569263e-01
1.041093151071850187e-01
1.074120262407332049e-01
-4.392755777178258825e-02
1.744098386391708111e-01
1.852882065062337880e-01
-1.585593302751580280e+00
-9.164062086501156834e-01
-1.311426950152542625e+00
-1.717284120220854637e+00
-1.649478554333221991e+00
-1.621712544125610833e+00
1.722730462212527236e-01
2.227291817676064767e-01
3.647211308038538213e-01
-1.507206845459674538e+00
-1.095003294441503794e+00
-8.330499795966916921e-01
-2.626127401108106163e+00
-2.913710408938272600e+00
-2.751988503936836139e+00
-2.588680891233146930e+00
-2.465922375033674285e+00
3.129177741551823821e+00
-2.944353042339287185e-02
-5.975220932138891605e-01
-1.865537396400705150e+00
-3.815750524476411165e-01
-7.783348232557583124e-01
-9.111920741750978436e-02
1.310012806067200941e+00
1.954296934989681489e+00
1.775217535079349318e+00
-3.802352471383745325e-01
-6.158453746499357173e-01
-4.346087861677974118e-01
-1.363024262710971435e+00
-1.572055242184854151e+00
-1.373294882333213396e+00
3.104762247989758528e-01
5.571503095204373146e-01
6.042038260646496184e-01
-3.003912284240963793e-01
-9.016578059306352699e-01
-7.630255560369603174e-01
-1.290636328672754018e-01
5.707386756524104321e-01
5.470527589874136787e-01
5.773486823983349225e-01
5.231223021086068847e-01
6.186037423032582083e-01
7.235967982921667208e-01
5.830138801778401714e-01
7.328610177079495358e-01
-1.147650569678313914e+00
-1.288012724469964398e+00
-7.657171290371489469e-01
1.846601388333106719e-01
-6.220511366294401157e-02
-9.834159487090454732e-02
2.132150798908874378e+00
2.682873130240566617e+00
1.972913574522626057e+00
-1.356576450106134368e+00
-2.094465099992153245e+00
-1.563544236335124848e+00
-2.268275464206155334e-01
-3.466472899090038418e-01
-6.502935051509024511e-01
3.300290078020950979e-01
3.044523836329027233e-01
5.084735457417832727e-01
3.380259703183807751e-01
4.837274602045189553e-01
7.058555677636322301e-01
4.090356488992217265e-01
-5.185001499092605215e-01
5.399649503374090997e-01
-2.979243814775722754e-02
-3.257334377970133588e-02
2.340447870564677402e+00
9.154401616803822250e-01
7.938619242059394843e-01
1.068141298776169812e+00
-4.508681050621072828e-01
-5.910665897486104825e-01
-6.736204720402669821e-01
-6.136544420079728113e-01
-1.100972867204030425e+00
-6.439683089231582613e-01
-6.159572323349609135e-01
-1.094521248328506502e+00
-7.010296571503698004e-01
-3.479961835144362858e-01
5.269475982292965988e-01
5.909253996638943462e-01
1.203924543482193243e-02
-1.006245053918335408e+00
-7.194127313477225449e-01
7.912047796350147877e-01
6.945225644992509828e-01
4.938960570301573760e-01
-2.941962160345547250e+00
-5.796531572434080459e-01
6.216485796540061060e-01
1.255787684685381045e-01
-1.294053252032538737e-01
2.238415618736500079e-01
-1.082740696230621857e-01
1.730452413814758117e-01
-1.374348282141011346e-01
-4.451244336450308481e-01
-1.080876392584708690e+00
-2.053722679757292724e+00
-5.977814851736380497e-01
-7.633006810733666825e-01
-1.394182614682218269e+00
9.606393034751752324e-01
1.036225236967537988e+00
1.074513221677575459e+00
5.570379254316510931e-01
1.018849638223145782e+00
5.039969314294183711e-01
4.325526727848512110e-01
-5.576837243811905154e-02
-5.935966451992751303e-01
1.542691970898006915e+00
2.130050612432444090e+00
1.693231094706971973e+00
-3.375960917870632905e-01
-3.446115422895119629e-01
-7.531182751468090686e-02
1.388016240524370559e+00
2.025954025342800335e+00
1.422914919473648787e+00
1.447814021453709188e+00
2.209392204288549877e+00
9.295421055646677644e-01
8.366923635286851457e-01
1.041092498711246428e+00
8.624995067853555852e-01
-1.089157235303057192e+00
-1.220290437811714757e+00
-1.755723059535698516e+00
1.440876558074576153e+00
1.871150075932817458e+00
2.833005229235523004e+00
-1.115938387012567645e+00
-7.705813595999981835e-01
-9.952134910344887508e-01
-2.406368219114909834e+00
-2.243468177909895722e+00
-2.898744408683405549e+00
-7.353701003663726254e-02
4.617685486083820123e-01
4.384697089890154942e-01
-1.229433049992958882e+00
-9.741751105273608324e-01
-1.551023322779400804e+00
2.434652944321102908e-02
-6.474867528397698635e-01
-5.355713207377412743e-01
-2.360833024143849102e-02
-1.814857411311954216e-01
2.848369626382720732e-01
-2.476369258933437401e-01
-2.166963418714917822e-02
1.034041924278305657e+00
-1.461042909437000104e+00
-1.074143299418154562e+00
-1.930198673935711540e+00
-2.151137518238059876e-01
1.816655146616454886e-01
-4.776744633714113952e-01
2.538031304809815758e-01
8.044163509810955404e-01
-4.582278491609059756e-02
-1.472302656724468806e+00
-9.457288778558443632e-01
-1.883763431739619687e+00
-1.458057458825754438e-01
-3.888476944576901850e-01
-4.679006888492134308e-01
6.159991420478223567e-01
8.968850787897499899e-01
3.301731459299421800e-01
1.316954341019438424e-01
2.114417011420415271e-01
-1.998873038591031381e-01
-3.738268418601586873e-01
3.444702504491869988e-02
-6.235352918944800926e-01
nan
-1.320738887553015273e+00
-2.418926654964520306e+00
-1.301073752264906291e+00
-8.290623807832298020e-01
-9.448530380722575117e-01
-6.081731335432527530e-01
-3.509070699638359159e-01
-7.788558784363082133e-01
-1.226337740966625400e+00
-8.947103747341387248e-01
-9.023037542366592056e-01
nan
nan
nan
2.476125125425530094e-01
-3.011076911641366038e-01
-2.286590981145004697e-01
-3.333570477611980110e-01
-5.722262198271068634e-01
6.938048586685625629e-01
-3.621919867767022794e-01
-6.260826785368589498e-02
6.219135820421684002e-02
-9.247190488305023770e-01
-2.278311189520321633e+00
-6.589169456289782900e-01
-9.539089631032773298e-01
-2.386992423367300109e+00
5.299508637512948539e-01
-5.087840784523312010e-02
-4.513611323036363920e-01
1.736673413993541359e-01
-1.731278164439636891e+00
-2.844326568936613953e+00
-3.015048204825745426e+00
-4.706506775685195265e-01
-1.222586526373869109e+00
-1.168911718071966588e+00
-4.664600696472831487e-02
-4.015894613998929330e-01
-3.250856274914908361e-01
-1.296556804612998270e-01
-6.366310773381456123e-01
-3.706494734107383948e-01
-2.285300301186721228e-01
2.175703868563895860e+00
nan
-3.011088821868588283e-01
-1.166628722958288789e+00
1.352002769586024833e-01
-7.546311369168239302e-01
-1.341912930926714376e+00
-3.399072232811461980e-01
-1.060046659785641054e+00
-9.920981554659724644e-01
-1.905922091647807015e-01
-9.906871068467992814e-04
-7.075988856700492491e-01
1.393465811281089373e+00
-1.941341787183537448e+00
-1.855456094229971153e+00
nan
-6.724464670686018941e-01
-1.058562730239259064e+00
-6.022764460186156299e-01
3.501180165079951223e-01
6.737217125158592168e-01
6.593595358278139251e-01
1.498456717181228193e+00
1.818710899919734558e+00
1.707673401929565848e+00
-1.988671824090788576e-01
-2.853694981870296132e-01
-8.631616489132696302e-01
2.181472001292230622e-01
7.334267840563271079e-01
9.444868394778849208e-01
-1.196561531250449173e+00
-1.067857628733115849e+00
-9.160002179591031357e-01
-8.301247967941041139e-01
-9.334584155359348934e-01
-1.405238476406704073e+00
1.134448380619515362e+00
8.591172632987618130e-01
9.892447090043097191e-01
3.081234958674667901e-01
2.964827988326343977e-01
3.511205921789137818e-01
1.735149375697377927e-01
5.785118024160986749e-01
3.897237303173950451e-01
1.126995713558637924e+00
1.606686720584829864e+00
1.521398603718489007e+00
-4.114356580109630457e-01
3.728516974672180240e-01
9.142993524512572634e-01
1.500759507736693088e+00
9.117046190809174888e-01
-4.827825658393587460e-01
7.776414961338056209e-01
1.226977540584425874e+00
1.056653659637459164e+00
8.057774064174672013e-01
1.260347065018263102e+00
1.222245214227819510e+00
-4.584046647714958844e-01
-8.459452310617763260e-01
-2.242425566843598617e+00
2.446936363220787669e+00
1.543229573488196671e+00
2.467251546902962112e+00
-2.308280864517016084e-01
-3.549574498723955251e-01
-6.456498636976961691e-01
-6.236917188816595292e-01
-9.774285741735893041e-01
-9.479434227922980405e-01
6.682878075622249447e-01
5.389249442870625018e-02
9.260376084182997403e-02
-9.574630868769151704e-01
-1.395026130209572557e+00
-1.537719410120047092e+00
1.782502332864930317e-01
-5.864775906744901235e-01
4.511586715200825992e-01
6.139343450283161197e-01
1.812038986092985304e-01
2.713124600055438762e-02
-2.444164521682612445e-01
-1.065712169352926786e+00
-1.101131310640097727e+00
-6.207228312561237082e-01
-1.143857506389057477e+00
-1.749680786719745695e+00
3.841881957714536888e-01
-2.590477308947716217e-01
-6.424050228398603402e-01
1.211765341151746611e+00
7.089765113600403623e-01
3.671068266337025321e-01
-5.048220649234802515e-01
-1.068493461484146589e+00
-1.506370060750747975e+00
-6.116448898075090845e-01
-1.122952956181856532e+00
-7.884751964601455221e-01
1.102601663809207544e+00
7.881984776156261141e-01
1.121636990937040501e+00
8.081680415650920324e-01
2.988256402391082922e-01
4.576483526264811807e-01
-2.741053173736256454e-01
-2.800868594728878058e-01
-1.728065959238521909e+00
-1.241334323776566162e+00
-1.202174922045766703e+00
-2.609354261485396176e+00
6.460211580454671143e-01
-9.628629523231957421e-03
2.946212696137266995e-01
-3.396491995051165169e-01
-9.395671134580516615e-01
-1.226999733519803737e+00
-7.997695321888755871e-01
-1.010759219725498426e+00
-2.519545440362670696e+00
-8.074201245860357368e-01
9.600554159021363887e-01
-7.985237356037306888e-01
6.085104174727469228e-01
3.594867386917544039e-02
-6.624497655000785024e-01
2.324208919009831398e-01
-6.002323987444802000e-01
-4.048152135415836739e-01
-9.323461241999222437e-01
-1.229860346683408379e+00
-1.271760043828442655e-01
6.117532516517294461e-01
6.216796457376028151e-01
1.917201882790635636e-01
5.193537924716582488e-01
-1.879524245162103036e-01
-9.938625206487192720e-01
-1.179438136001034865e+00
-1.476967455493314985e+00
-7.108125603845212304e-01
1.993780678369394543e+00
2.479789836364044042e+00
nan
nan
nan
nan
3.549659696827554001e-01
6.750625102341585304e-01
3.509991990113756621e-01
2.576321194443089269e+00
1.001543418067780244e+00
-4.353956248203276758e-01
-1.114672160196473527e+00
-2.422592978841822120e+00
-2.298723326051035798e+00
-2.400174650764799189e-01
-1.716006746818525164e+00
-5.868000580792274157e-01
-1.906975935040198911e+00
-1.519287265294436695e+00
-4.689712724046875003e-01
3.055824931173021675e+00
2.780907844856704614e+00
2.065821084077335890e+00
-8.550194738476819545e-01
2.422832010632236077e+00
1.598708936047505524e+00
2.610823797170739979e+00
nan
-2.227465654883916901e+00
1.689449643890010400e+00
-3.310665349815034020e-02
nan
-2.584091364342156805e+00
nan
-2.800161629701918287e-01
8.499969520163142001e-01
9.137859939344705751e-02
2.373112237320890827e+00
-1.767247885462987611e+00
-1.913035839588718146e+00
-2.320262168924533519e+00
1.179486272213315701e+00
3.188613797984340970e-01
2.283460423916771731e+00
nan
nan
nan
6.695229016790067433e-01
-5.688221514762981101e-02
nan
1.474262457915727076e+00
2.399982904606874357e-01
1.185029470250213102e+00
-3.730701477179416692e-01
-1.672409210460299001e+00
-2.522724534852309297e+00
-1.827995873528704740e+00
-1.930217047730069080e+00
-3.022403853833432130e+00
2.623050297943588127e+00
nan
1.408609470195709257e+00
nan
-2.474228817675704128e+00
nan
1.813123348405061286e-01
-8.683466257397221000e-01
1.163283802940019207e+00
6.053492760393477390e-01
-7.945975246803134162e-01
1.943066155830917907e+00
1.072377978611532612e+00
-5.917426369400531350e-01
-7.080996394126710669e-01
1.782969572876078601e+00
8.178341616386615165e-01
nan
nan
2.362886802757022231e+00
nan
1.343974011379747147e+00
3.625994425201546356e-01
3.127066704929735153e+00
1.507091492628959806e+00
1.526704779854588523e+00
nan
1.831964366859479831e-01
-4.288576083967940988e-01
1.344393023500643380e+00
-1.703131353899209666e+00
-3.035960110029701120e+00
-4.772219515656628275e-02
-6.086398822618717119e-01
-9.293556146123473916e-01
-4.841271181238848698e-01
2.154708433703196313e+00
1.941655622756541355e+00
nan
-2.962088586512039434e-01
-1.276776863004203122e-01
-7.418187318960001164e-02
6.557332341672719167e-01
1.208715240164978333e+00
1.243781754258466599e+00
1.470606971757917769e+00
2.119615332531216367e+00
2.883787109399784221e+00
-7.734359725646537953e-01
7.611925254011309150e-02
1.293010480879313029e-01
3.720975096244294456e-01
8.145612856413015912e-01
9.659815107632612197e-01
-1.049299779279821099e+00
-2.080660016605695439e-01
-3.063450019705546978e-01
-1.438994694839428767e+00
-7.015748888764887781e-01
-8.104467237402479540e-01
2.402373481386304022e+00
1.845290208053762093e+00
2.259033136079481530e+00
1.978966603646372668e-01
7.882466732252702002e-01
7.802230952467277270e-01
nan
2.265507562156283683e+00
1.734727522560581825e-01
1.937393024476451231e+00
2.362224753056658244e+00
2.539973546335345667e+00
5.258536207203068358e-02
1.132283538991297966e+00
1.631906585826885525e+00
1.095278326081650988e+00
6.736305219113041254e-01
3.829568848598974284e-01
2.219301655273036467e+00
2.199940842888521431e+00
2.092464638488451989e+00
4.577456080401609562e-01
1.314915741715583231e+00
1.666727566260261639e+00
-2.854135501713130907e-01
1.446756109124440748e-01
4.500149901925247775e-01
2.932688264492838925e+00
nan
-1.743968433175470567e+00
-9.071669212365813806e-01
-4.530458577695384292e-02
-1.865516452398452429e-02
-1.550616001740032557e+00
-1.039403441027049624e+00
-4.476021869595978586e-01
-8.147387720583232351e-02
9.244579630322338204e-01
4.565046716321194964e-01
-1.362833923523165458e+00
-8.339579148323279512e-01
-3.939053051628622626e-01
-3.248083919300062128e-01
1.968328490507671447e+00
1.603608239689394921e+00
2.497282631074622117e-01
1.752206390972501637e+00
1.525941404655510425e+00
-1.465089230021826339e+00
-3.140245087030417714e-01
-9.360052037922850232e-02
-1.168314755900780044e+00
-4.175715662071963763e-01
-1.685458759274558460e-01
1.857830124420059015e-01
nan
6.058175470021387454e-02
1.474451087781285530e+00
nan
-2.824500428274820063e+00
9.165858730122060649e-01
2.516680422184973231e+00
nan
-8.922083004431913267e-01
-5.343858366323268605e-01
3.140456919139698044e-01
-6.538980549251598440e-01
8.007353233625673639e-01
5.789189088233297475e-01
2.286034929170277508e-01
9.741511320491955672e-01
8.427977393768766312e-01
-1.658238142357078670e+00
-6.909232376961731426e-01
-7.277073514666954068e-02
nan
5.120753313375479010e-01
nan
8.944334115952843334e-01
1.803626651058251262e+00
1.620774494512277286e+00
-2.649739080813997560e-01
1.403019649823455950e+00
8.272015683992113289e-01
-1.514932268786285841e+00
-1.627557009068267835e+00
-7.881011293457191869e-01
-2.902315824181933124e+00
-3.130520177216884470e+00
3.070956662832312389e+00
-1.618050976031928379e-01
7.946904988759593280e-01
1.401326913477101144e-01
-7.974785046873078542e-01
-7.297459745921388574e-01
-1.462839183709332636e+00
1.958602564087654763e+00
1.978021358206545344e+00
2.039956020266633807e+00
3.074570857895300158e-01
1.723066909545925007e-01
-4.501976326387695515e-01
-9.378440376438006432e-01
-1.432947467027962274e+00
-1.769822060034542233e+00
8.678425914294898291e-01
6.181713712837986208e-01
3.100999750548636413e-01
-1.127689656532966822e+00
-1.732205529153811874e+00
-2.178211446228114578e+00
-8.421165037226119310e-02
4.707012069239824292e-01
-2.531189443117032312e-02
-3.216083917443954832e-01
-1.706389659054847741e-01
-2.184531942838994212e-01
-6.012207173000350124e-02
-2.768279306654752858e-02
3.397448744773967633e-02
-1.302283027238047675e+00
-1.703708499621842565e+00
2.418157919559717151e+00
-5.509780178328060884e-02
-1.543493413971845918e-01
-7.712484641305619171e-01
1.579225344798167896e+00
1.283259068574938766e+00
9.692004168530523600e-01
-1.560763757863815826e+00
-1.584382095112907729e+00
-2.062108948127268970e+00
-1.464318471412533462e-01
-5.211602792504397286e-01
-7.638376664851551645e-01
1.030817338973730735e+00
1.096968569881406452e+00
6.862921657195597547e-01
6.446214673573646969e-01
7.985348016206086363e-01
2.276600827104195979e-01
-6.050310325827967795e-01
-5.197984703755009761e-02
1.831952968379804148e-01
-1.746796315947265921e+00
-1.845133840350056120e+00
-2.833585556992931132e+00
-4.864223809344316862e-01
-2.145228212444205695e-01
-7.707879062113898172e-01
-1.013970694970971476e+00
-9.467316205399125550e-01
-1.150371478662236546e+00
-1.044699488188805425e+00
-8.146482815274307399e-01
-1.384544314846051671e+00
-2.859313168622763524e+00
-2.229804486563968791e+00
2.751727556196212454e+00
6.666475072698205828e-01
1.059522060001092392e+00
2.730878546020729658e-01
5.982995163487063728e-01
-3.220857750170864620e-01
-1.852980305796103844e+00
nan
-4.296141177685632861e-01
nan
1.163090230204939068e+00
-5.751833594007402795e-01
-1.512865161929823010e+00
3.820047073139627436e-01
-5.704731071470168224e-01
-7.463151315038532019e-01
1.432516691559658106e+00
-1.188198296080855698e-02
-1.600107728776638538e-01
1.303581370621636815e+00
-4.495766177708366840e-01
-8.147010231042228767e-01
3.176940550281281972e-01
-1.820791176565279557e-01
1.379997661001381992e+00
-4.114530800666220678e-01
-2.225117629776490524e+00
2.132730950653505708e+00
nan
-7.798326291822661460e-01
-1.666942765120702497e+00
-2.069050633902769221e-02
-8.490957752966097338e-01
-1.318453838677607459e+00
nan
1.023377571803241182e-02
nan
2.402012326161710121e+00
1.564976079648292107e+00
2.525670707502516876e+00
nan
-2.616831225436733632e+00
nan
8.288506905187351670e-01
-1.539073194917728316e-01
-4.098984074196159177e-01
2.572837494856551110e+00
2.434585792360541845e-01
1.083984439794552834e+00
2.016148415371213254e+00
5.507016413386649489e-01
1.500789476900536989e+00
-3.118469336789750912e-01
-1.163650943943356886e+00
-1.419916172523257192e+00
2.793340129412712258e+00
2.279902737080856667e+00
nan
-3.114196142782324817e+00
-2.068019483740678677e+00
-1.668547740150238656e+00
2.403079984284001824e+00
nan
1.056281175786198290e+00
4.742292060280206556e-04
-9.217682472997608123e-01
-2.090586392437719709e+00
8.213142861196351951e-01
-3.309231064873414674e-01
-3.648893250331566307e-01
2.906386197258449045e+00
1.257104984185888341e+00
2.258895944675348488e+00
1.928546388572631720e-01
7.395359081252350641e-01
3.042721255763871646e-01
8.361895322059442748e-01
1.344617839257041148e+00
1.121291643218849998e+00
1.667363596723162367e+00
2.573622710669814850e+00
nan
-8.552765256784216064e-01
-3.096229489480837316e-01
-3.895481140684635690e-01
1.188173877589724370e+00
1.886553834459416379e+00
1.601057060092237805e+00
-7.428013989137043360e-01
1.832483535425222243e-02
-4.058246539845935530e-01
-1.201951133104553149e+00
-1.656890413773162152e-01
-7.087334287920832310e-02
3.618527992201778787e-01
1.382299860214009080e+00
1.593049631486325168e+00
6.942539128006686155e-01
1.497858063753016999e+00
1.194195888981476550e+00
-1.178599697810297720e+00
8.562359898585651941e-01
2.424670932682032820e+00
1.973387295434377187e+00
2.815358595509120043e+00
2.587541007742943933e+00
1.150320573876758345e+00
2.003881950499089015e+00
nan
1.138730497255177276e+00
1.520181807254784800e+00
1.490889480931582689e+00
1.527140798779080377e+00
2.666172042754524796e+00
1.834162238582631943e+00
1.119718203902562159e+00
2.374478932247832574e+00
2.802276199531411827e+00
-1.291328228228129760e+00
-6.391065405554861023e-01
-5.881324094551407811e-01
8.174157221704305698e-01
1.084741315847405296e+00
4.518465517504965945e-01
-2.945665636026679302e+00
1.648812778739841001e-01
1.852462409605801774e-01
-1.962789922990628710e-01
-4.982176451823474572e-01
-8.986950779886226925e-01
1.190322814444792598e+00
1.412627247541847098e+00
9.607332935134031970e-01
2.272328273863190695e+00
nan
-2.851207016542805839e+00
1.508639284056508600e+00
9.928913862569883619e-01
1.401733802844962185e-02
2.107834707625340087e-01
3.943229256143654382e-01
1.191232654293576942e-01
8.189616518215974139e-01
7.704104446595945177e-01
-1.839478588191401087e-01
-7.968724584676154521e-01
1.803473559003692550e+00
1.660856299594613894e+00
1.405690066211698230e+00
1.590884148711684709e+00
9.108494732839753638e-01
1.373370485372658933e+00
nan
-3.045404011792944399e+00
1.573278445725798669e+00
1.712565679681016917e+00
9.243970575771074394e-01
2.030390364694686589e+00
1.945409176987908495e+00
5.074723944524066610e-01
1.516562170700118450e+00
1.268284166975247373e+00
6.739013269820315344e-01
9.543447691243676090e-01
4.076081177591026616e-01
-2.781594767653805533e-02
8.182707988557038625e-01
-1.727433385774541641e-01
-7.416547615005475436e-01
2.096528742352795405e+00
7.117696748306938659e-01
1.399861681581532125e+00
-8.892132911799550676e-01
3.127235625262660967e+00
nan
-2.218341962459378536e+00
nan
nan
2.155563908769805082e+00
4.611359142149655810e-01
-1.202238981764565118e+00
2.046006916965955824e+00
2.061414112497101492e+00
nan
1.618943997622312558e+00
1.478437156949281572e-01
-5.300073987387188268e-01
5.897363121370342576e-01
-2.934224310566300176e-01
-1.343232548086970457e+00
nan
-9.404420816659229132e-01
2.028523421063106014e+00
-2.910295544893188424e+00
-2.615263050593562344e+00
2.263643540879463067e+00
nan
-3.088462294534514374e+00
nan
-1.404828964878118036e+00
-1.209578680816705498e+00
-2.797130583795458314e+00
nan
8.343328672949392733e-01
7.083180625921499107e-01
6.595619828101151327e-02
3.898782430478466843e-01
7.187591234229309123e-01
1.068369688896929404e+00
3.103833948147873834e-01
-6.509842060893342719e-01
nan
-1.527919579301490138e+00
1.126942278590279400e+00
1.830995851694962262e+00
nan
-2.785338291766803920e+00
9.120859157828782315e-01
1.455003909511778382e-01
-1.853779586408027980e+00
2.765606629233736236e+00
1.553310413559008119e+00
-1.797003235467999893e-01
1.668673293335525720e+00
1.449689781256942034e-01
-8.653653595265016207e-01
nan
-2.806016485490566925e+00
-1.878568446252965263e+00
3.424110327955567357e-01
-1.105929237614263982e+00
-3.366348636404148387e-01
1.148323210986213816e+00
-3.433030748228222961e-01
-1.373961833683691403e+00
-1.242601116181037080e+00
4.023178676407463961e-01
2.979789490237391369e+00
nan
-1.430719284962222559e+00
-1.393948082832863866e+00
2.986867736600602008e+00
nan
-2.851429603594646700e+00
3.009573570619033411e+00
nan
-1.630125700280187662e+00
nan
-5.988161734746699771e-01
-8.062563050037572232e-01
nan
8.329557502901567823e-01
2.588149781186199760e-01
nan
-3.045780431269460742e+00
-1.233023681258852200e+00
1.732539490220424305e+00
2.146077613258754013e+00
2.271546904672181455e-01
3.300436000854700680e-01
2.191972386139423357e+00
2.442118749729815796e+00
nan
-3.011238577436727404e+00
-1.609068099491213211e+00
5.314974892802202255e-01
3.493214852757797750e-01
-1.330073360006654326e+00
3.718803065070157565e-01
1.478719333198477592e+00
7.407384913405055116e-01
9.484152506297780505e-01
1.824814216640136877e+00
-5.133339945276880201e-01
nan
2.810344035627022841e+00
-2.842864068375088316e-01
-1.429673244162221968e+00
-1.777680563440270145e+00
-1.296467120605454104e+00
2.945698037636882205e+00
nan
-2.460771834040033301e+00
-3.609692173813350280e-01
-3.389338421455843076e-01
-3.317375632645092054e-01
-8.531383004076853460e-01
-1.983327959955225595e-01
-9.426050159904857395e-01
-7.423693854179402862e-02
-1.583741504659772481e-01
4.194605331713914254e-01
-1.730850298001824994e+00
-2.040041645072864895e+00
-1.695896559032098683e+00
-1.446909280373193551e+00
-1.019643877847069557e+00
-3.637672819530690660e-01
5.803137478296664931e-01
7.559644235725180295e-01
1.446504990402656787e+00
-8.952863400245814063e-01
-1.559405205080324208e-01
-2.667709653226326694e-01
-9.154532002329540674e-01
-8.001460965588660379e-01
-7.483332564410503096e-01
-1.040431908124988869e+00
-6.207639685949724040e-01
-7.972501037575430161e-01
2.524985234756767838e+00
2.695646531277569480e+00
2.506905016218537341e+00
6.754957459199983916e-01
6.779312356466511424e-01
1.070940833110402224e+00
-6.604715151135023277e-01
-4.909628663332954446e-02
-1.749384812226311148e-01
8.032913481631842600e-02
1.044467408488204185e+00
4.467451087115854591e-01
-5.707068474229970434e-02
6.831125134368432050e-01
1.005695108118372261e+00
4.890395143266519362e-01
4.641642617150893990e-01
8.168663065755703556e-01
2.652615640410001419e+00
nan
-4.091950533534962631e-01
-1.673696382417366735e-02
7.424616990236541092e-01
3.949672185529400359e-01
-1.960152383614173655e+00
nan
-1.582501584651780258e+00
-1.011028252076457967e-01
-2.064187298696809059e-01
-5.983727631377955269e-01
-1.436581614956913500e+00
-1.509274657422811305e+00
-2.014170086005824700e+00
-5.992033373915837124e-01
7.359458493017290159e-01
3.444453958066793220e-01
2.259862827019520459e+00
1.877271856832365415e+00
2.770956875564069222e+00
2.911133780795086778e+00
1.427656815004374025e+00
1.318803378076996324e+00
-1.414403525234084080e+00
1.516951791493538870e+00
2.378156682011656642e+00
4.748115890615483004e-01
-1.450537777382345794e-01
-1.113689379706439553e-01
nan
nan
nan
2.034937041145377989e+00
9.964260345346902525e-01
4.027115434252031001e-01
-2.362196108071403788e+00
2.787920733575030674e+00
nan
3.393357466524609123e-01
4.726459202355601796e-01
5.506483713648631095e-01
3.975634438304211926e-01
3.545184909254928129e-01
-1.151371396675440195e-01
1.983886871879521507e+00
nan
nan
-1.204999141152453657e+00
2.955548639684153045e+00
nan
nan
-1.357101740377115062e+00
4.734700079614970747e-01
nan
-1.563268078579478582e+00
1.863378385681382809e+00
-2.807129609788092672e-01
4.242302318986119758e-01
7.665524051086487489e-01
1.474551534850585988e+00
1.185978026154447029e+00
1.540708623235941488e+00
