-1.267858120290527246e+00
-6.565305087920321192e-01
-1.280459212079633868e+00
7.270386171653493435e-01
2.978115693605496439e-01
-5.453741401306411163e-02
1.875293581810296040e+00
1.573527470289586283e+00
1.074398036282781632e+00
-5.150550487386178489e-01
-6.591772219342235672e-01
-1.317782357877407051e+00
1.506951809885220150e+00
9.927308676402040177e-01
5.557767710324590382e-01
-4.953766592559780690e-01
-2.302301990875550430e-01
-4.258847729497658996e-01
-2.352681678824282141e+00
-1.920538065611069101e+00
-1.690116628008710320e+00
-8.201747569734396670e-01
-8.248435409440810773e-01
-3.556795764764770773e-01
7.543057478011960804e-01
8.159842388226090648e-01
1.029644683349992818e-01
7.928251485100639151e-01
9.072285649184825829e-01
1.234008317112309960e+00
1.082715041020134272e+00
9.079911773407420839e-01
5.103789067946036262e-01
nan
-7.541897504287486953e-01
-4.340492116586758264e-01
2.306826436058360130e-01
1.294985365251086762e-01
1.656497395515232895e-02
2.179628248503305166e+00
1.811776542970724435e+00
1.539771014032049301e+00
-4.800421691548000247e-01
-7.693074190179327587e-01
-1.011077610564041773e+00
-1.243943609700963515e+00
-1.309436752469131937e+00
-1.624445584834139478e+00
7.980895208458536061e-01
1.559421226468113986e+00
1.657030540372837812e+00
-6.791565902232323815e-01
-4.239484760657714624e-01
-5.283051051402902765e-01
-1.991599266959551917e+00
-1.708983946526859699e+00
-1.050311945421642523e+00
-7.543148109658526224e-02
2.622961064510143103e-01
5.023351536830089614e-01
3.990506245568647969e-02
-3.445022119595946286e-01
-1.199354221563697642e-01
-1.818668338793967054e+00
-1.340328160687754622e+00
-9.731746293449927698e-01
-3.198474227934702263e-01
-8.013927301978229778e-02
-2.214182807142570653e-01
5.061646760179208115e-01
4.005812785463245262e-01
-9.337562784894140044e-01
-1.317017178706225700e+00
-1.373927963797485052e+00
-1.301340713528706949e+00
-5.967733449321315220e-01
-4.308175946164567449e-01
2.831747643318260899e-02
4.667832681997543531e-01
3.306732763861885971e-01
1.928992508875331247e-01
-1.744080100335808181e+00
-1.791648884047333024e+00
-1.603905188195161369e+00
-4.406515536506896424e-01
-1.160942024185525057e-01
-2.248909374667444894e-01
8.083808287210025867e-02
4.444691386215904316e-02
3.828240327102259144e-01
-1.719639559766270587e-01
1.343734906786400174e-01
1.192345913483330300e-01
-2.893529559381964766e+00
nan
-2.530993770997917114e+00
nan
-2.373639870097624005e+00
-2.731816784795448427e+00
3.411395834094399504e-01
3.408003199691944651e-01
7.237355068662942870e-01
-1.447685133372689226e+00
-8.893174425515493198e-02
-3.224208779319233109e-01
-3.056744436640587370e+00
nan
-2.705180767112594253e+00
-2.778008299822380067e+00
nan
-2.931309845234335576e+00
-3.249825220069739729e-01
-3.325303194067696921e-01
4.630879470103810291e-02
-1.904142224602403788e+00
-1.734474421432265157e+00
-1.112622348366918423e+00
2.141602613173972713e+00
1.974499417910171140e+00
1.652803309864198766e+00
-5.255392207092324242e-02
-4.286474113139111530e-01
-3.918812028522395963e-01
-1.577661316610605491e+00
-1.351567100224380091e+00
-1.306491523119324150e+00
1.106989544627030142e+00
9.794524731013165564e-01
7.232651109495158437e-01
-9.212211610203566714e-01
-7.530509766730792975e-01
-7.834843749905280319e-01
-3.446862169289008904e-01
-1.229399261399657384e-01
3.044731073417894507e-02
7.809434292968968627e-01
9.533649189551685055e-01
7.794982837325146185e-01
5.188118215404644573e-01
4.170724422107032758e-01
3.255748433581593382e-01
-6.259486976508541467e-01
-8.660970441710471590e-01
-8.512153949499308148e-01
-7.274762139261525817e-02
1.340707911935932195e-01
-1.638083462640542720e-01
2.087205231828666463e+00
2.327164500204245812e+00
2.388182471634704207e+00
-1.303162276425288812e+00
-9.623794427085354819e-01
-1.310018174081537312e+00
-4.717905773414154957e-01
-4.240096239092236985e-01
3.276521855003320383e-01
1.104332478671794071e+00
9.376157656955603770e-01
1.751366151640549873e-01
5.936927630075814477e-01
1.035830575593999825e+00
5.678026125672062108e-01
1.165044731017417234e-02
-8.777003782404024790e-02
-4.049249796441101168e-01
5.087149709668077335e-01
3.705979462732518215e-01
2.904532643766488675e-01
2.664733989646617118e-03
2.175992744368446807e-01
6.711481729682988728e-02
-5.192588850383739185e-02
-1.031810191833577584e-01
-3.100435790796840507e-01
-1.968829696562308218e+00
-1.651525661689568603e+00
-9.569666092263799939e-01
-5.444492464025083578e-01
-7.985109551038092057e-01
-4.728492408796602930e-01
1.156072794192579245e+00
7.377561156582994606e-01
1.208348685618204854e+00
-4.680015338476595232e-01
-7.755507800027445775e-01
-1.144437985039360006e+00
-1.572295207850942234e-01
4.602198196131856989e-02
5.157691218936917288e-01
1.858392329814067878e+00
1.849839463831705721e+00
1.602110429058637209e+00
-5.729878356036777198e-01
-1.677188229382213791e-01
-2.130116591209954002e-01
1.191053105329129558e-01
1.744548759607247312e-01
2.449819212578581151e-01
-1.893010017418017110e+00
-1.020536261420718738e+00
-1.253140151646780609e+00
-1.290673355371826370e+00
-1.513333378666145812e+00
-1.432443776343985009e+00
2.518297692007380739e-01
2.181555561352848116e-01
3.589177055449530584e-01
7.017101770279987605e-02
3.877246556481521722e-01
5.048308689333822485e-01
-1.095878233443881467e+00
-1.154045761499458367e+00
-1.576786856736846820e+00
1.160856224477684329e+00
1.151413645068912750e+00
1.403965794299011804e+00
8.027723385438796377e-01
1.543097334450404645e+00
9.331498577802159744e-01
1.141648860245236818e+00
7.175993611966076102e-01
8.022048296291761638e-01
1.012116907936402299e+00
8.417930269899160933e-01
9.645515431917717208e-01
nan
-3.019672227768124717e+00
9.461292207248543917e-01
-8.271612478979606387e-01
-1.276933960908102073e+00
-5.785822485406812987e-01
1.377668840968052422e+00
1.461175250407539927e+00
2.091565865129116908e+00
-5.096117042578081069e-01
-9.149510323679201917e-01
-9.839570727151016882e-01
-2.444112533371214369e+00
-2.280610330904808691e+00
-2.543490376570483491e+00
3.088339742599197635e-01
6.562715494735282817e-01
2.758366771481020052e-01
-1.291749183521642808e+00
-1.942139414188112978e+00
-1.558189226563748253e+00
-4.054366130595599138e-01
-1.063166987633412663e+00
-9.701822000753499431e-01
-3.748984736000831042e-01
-1.226080049418367679e-01
4.802791680971019161e-02
2.539987807297050537e-01
-3.762943712830826293e-01
-5.966696193282841065e-01
-1.416217613900638606e+00
-1.268337749387625557e+00
-1.658716488728812388e+00
-5.494133402772236607e-01
-5.259234022172658563e-01
-4.354324320656277614e-01
-9.244031368686345118e-02
-9.803618660172475074e-02
1.637535944505090768e-01
-2.136807789863422791e+00
-2.002705414860995070e+00
-2.090175646144528443e+00
-5.103967460858127581e-01
-5.413887321474146752e-01
-7.903133460894031792e-01
2.484642337303291093e-01
1.586725918268623303e-01
4.253505684708946966e-01
2.357465515181891291e-01
9.696828024374859467e-02
1.299653807989793464e-01
1.220580306442853313e-02
-3.264441960994810543e-01
2.197323323234519066e-01
3.041958167834955873e+00
3.039109942766614836e+00
nan
-1.279424021995920535e+00
-9.103192837657618774e-01
-6.932612036579857140e-01
-5.651141832703832080e-01
-6.517656564838252287e-01
-5.841508143037699163e-01
-1.485615338842851685e+00
-1.685155871161938768e+00
-2.184841260606098956e+00
nan
nan
nan
3.414132224804196092e-01
2.914624689324001316e-01
1.823433922797805806e-01
1.117419362396234739e-01
-6.289374950710002743e-01
-8.279008074090117297e-01
1.637378936350897263e-01
-9.586909480209993006e-02
-1.607924803958611371e-01
-3.374068375041927581e-01
-2.200343941818701410e+00
-1.720009037505189076e+00
-1.072938982329584068e+00
-4.193064545784968011e-01
-1.041936600225046305e-02
4.451493310324310393e-01
6.996216291792034525e-03
2.922867560102293538e-02
-1.072860477518292388e+00
-1.520613142946824814e+00
-8.742660782048621293e-01
-9.941730877022751933e-01
-1.682116969280104124e+00
-1.550549159035785607e+00
-1.318304708331479169e-01
-3.631470195817332325e-01
-4.804343322532718119e-01
1.812443331223625442e-01
2.051546726558584055e-02
-5.713961308724435639e-02
1.678136508740632138e+00
nan
-3.096549702087372236e+00
4.459867093638121283e-01
1.480724195477685079e-01
5.417860984700277882e-01
5.183414261517094168e-01
6.515240726742526078e-01
9.233575349032747681e-01
-1.345479443213785986e+00
-9.849334443919817161e-01
-2.054751003443044510e+00
6.491817820215901591e-01
9.225701993597228423e-01
-4.583166230810080677e-01
7.230542470000860256e-01
nan
1.324616462785291660e+00
-4.421518704933258270e-01
-5.411729910675533439e-01
-5.014477873051053081e-01
1.356871621401732675e+00
1.208277706341947422e+00
9.298410337972748962e-01
2.915902497269403426e+00
3.082623373541764522e+00
2.793620781416493948e+00
6.998868355940768282e-02
2.420269114401105703e-01
-9.291186015819441479e-02
1.536279916752611108e+00
1.477955380110218542e+00
1.616595893326200795e+00
-8.282251258612536304e-01
-9.487249992760307116e-01
-3.863381807036083693e-01
-6.795486121889324771e-01
-5.902852270903582443e-01
-2.585781804629263547e-01
1.610597238395284236e+00
1.531966278897811229e+00
2.459596568667200778e+00
1.335099786125744536e+00
1.243280117764610893e+00
1.325771426681563447e+00
1.999015153126779687e+00
nan
-2.609039192959288656e+00
2.230131557806475762e+00
2.846608306473315864e+00
3.001185922257067595e+00
nan
-2.976813318153932464e+00
-2.124735484753313308e+00
1.445153507714835861e-01
-3.237058524224245559e-01
-8.254234616282052350e-01
1.656736782221859272e+00
1.905102040057565560e+00
1.984399348731450630e+00
2.092843389271009436e+00
nan
-2.711318968187382161e+00
-2.394184002355482566e+00
-2.074877126392362214e+00
-2.102222630053057095e+00
1.942964450158134682e+00
1.549215541777224203e+00
2.398723674512710957e+00
-2.949289965407770886e-01
-3.799107685962166414e-01
-3.822095851576543524e-01
-1.449150280234513977e+00
-1.523173669351877146e+00
-1.584037726965124460e+00
2.897703856977069670e-01
6.869854006154207937e-02
3.539601085754791043e-01
-1.666920968278634785e+00
-1.333072696463335483e+00
-1.604534463317855097e+00
-3.869882709469791848e-01
-7.432041134535127824e-01
7.174459763315921279e-02
6.042582652895553963e-01
3.078344524117544445e-01
7.229013655832754459e-01
9.861550957792060146e-01
-8.085196192814780858e-01
-1.687834570604690443e+00
-1.289263364926473532e+00
-9.830646796950031074e-01
-1.020406020813501513e+00
-5.070997177045790671e-01
-5.033918575839217979e-01
-1.686210304624706779e-01
1.838972535289852495e+00
1.609120295355147334e+00
1.518620073450269281e+00
-1.604745631178771559e+00
-1.739555436468150695e+00
-1.314097420071157707e+00
-8.786863283550361281e-01
-1.179977402648472395e+00
-1.583124223080344173e+00
1.979727920156735266e-01
-1.714035774770410470e-01
5.481938064415770029e-01
3.238412142480271427e-01
1.733869278434156946e-01
4.505060177467057336e-01
-7.105303026506870623e-01
-8.449455733299551241e-01
-9.283134402557680076e-01
-2.966165701820153267e+00
2.969537928333866539e+00
nan
1.002850325161499079e+00
2.146922221908167394e-01
1.331206192613687556e-01
1.788701000652772599e-01
-6.341678000743486976e-01
-6.722469708701734881e-01
-1.327521085063490869e+00
-1.632161672359141225e+00
-1.951951291604046901e+00
-1.720565514191381373e+00
-1.803518254167698398e+00
-2.031768666784103949e+00
2.054045242079292066e-01
-3.542096968452859151e-01
1.834775038597600272e-01
4.851092473507070402e-01
1.225708699286698788e+00
1.621222615362124309e+00
1.280603657622337188e+00
1.945834987111009440e+00
1.507182161344307936e+00
2.509486187292917059e+00
nan
-2.920036792108237300e+00
-3.099988130052189206e-02
6.360421422251887336e-01
7.177961266227805837e-01
1.171460371377253118e+00
2.128478608510008918e+00
2.399199371606593800e+00
-2.631031971757042953e-01
7.853428817996279676e-01
-4.746305409717477275e-01
nan
nan
-2.001851511003446493e+00
1.109419612610225592e+00
1.601044480001080572e+00
2.383498527547206258e+00
7.690702020664854643e-01
2.120542545588046224e+00
1.835748461977215307e+00
-3.688820173588678308e-01
8.188570441901785735e-01
1.821042006710733574e+00
1.668100455732138165e+00
2.539212652959291106e+00
1.367392324951750560e+00
nan
-3.140039076080281433e+00
-2.747588135237624130e-01
1.057561972286567453e+00
2.055227039863934735e+00
1.640482315699898663e+00
-3.074720389295116263e+00
1.701529874210678805e+00
1.829154108862462103e+00
1.154665506097369843e-01
5.438353741803538810e-01
-1.414586588623456542e-01
5.015665651052780838e-01
6.315541148144081518e-01
5.140997711593038311e-01
-1.432253894647808501e+00
-2.262038730175508938e+00
-1.523127390214486843e+00
6.325639295008720353e-01
-7.082912238458183296e-02
-1.413961382599224770e-01
-1.524365505294994927e+00
-1.974737464023081257e+00
-2.105543013861770341e+00
9.830067386438079424e-01
5.507793173167385703e-01
5.221500207271549954e-01
nan
nan
nan
-2.240637949308996291e+00
-2.486874797279343241e+00
2.026975880541418640e+00
2.587268648053480113e-01
-8.005638682645033199e-02
8.153846693717450300e-01
-1.523109437758058515e+00
-1.034619312947833603e+00
-8.610085798556612602e-01
-1.499296492924946156e+00
-1.736036344457559943e+00
-1.967318503739166280e+00
nan
-1.674054248666614786e+00
nan
-9.342755001691034344e-01
-1.170612766042527397e+00
-1.406941154263161797e+00
2.725695606577560604e+00
2.193135775099195328e+00
1.950584143932295511e+00
9.336014199923097223e-01
-4.705484224151659234e-01
2.067058181060210664e-01
5.489831099789226343e-01
1.180640928936851353e-01
-3.547563171500773826e-01
6.663207413954350677e-01
4.621782555383724400e-01
1.424750987228109445e-01
-1.473492630666797254e-01
-7.861112053212564454e-01
-9.998611230266840622e-01
2.111009769669420777e-01
-6.388131454486454253e-01
2.353669950135621747e-01
-2.920327430024861393e+00
-1.605163781711045123e+00
3.844964513789435046e-01
-6.258586127077667705e-01
-5.403084740218151438e-01
-1.184388845274133573e+00
-1.297069638974913897e+00
-1.667725601195872320e+00
-2.653530971137658234e+00
-3.436621338090724009e-01
-4.165858338468622080e-01
-6.895553775453628909e-01
-3.117477678250175632e+00
7.718471831608555433e-01
1.696972713516089470e+00
7.696253239723862549e-01
3.127844032586750700e-01
-1.165153801061062033e+00
1.294033470219665638e+00
2.076410927939829065e-01
4.932382758394204814e-02
2.561196146665860596e+00
9.548965325998706177e-01
5.257920659416326359e-01
-1.078075477972855190e-01
-9.203074463150828777e-01
-1.198997840377755475e+00
1.346369611397742361e+00
4.045296607021038326e-01
4.374130546834598121e-02
-2.816333229822407525e-01
-6.371165805417411399e-01
-1.325302397150390110e+00
-1.668427165276282764e-01
-7.347234858847735417e-01
-1.429555992222022898e+00
1.534640164628330972e+00
4.586452320840002095e-01
-3.946262203440014105e-01
9.500803427416286695e-01
4.346261434070530782e-02
-2.826966595625179934e-01
nan
-2.742076225528333744e+00
-1.941752371788871612e+00
2.162883214677061794e+00
1.233952844624461420e+00
1.119702610726922565e+00
nan
-1.519765621104650855e+00
-6.619592377887233425e-01
2.393022678011915261e+00
1.889570904287469766e-01
-6.433275711043853207e-01
2.331335811542586178e+00
8.248935560808923206e-01
4.964140461788715264e-01
1.890246804220019783e+00
9.895953959848871051e-01
6.206251574151946393e-01
1.690177106535304397e-01
-8.228713160201390764e-01
-2.973691346544664604e-01
2.928312354507241366e+00
1.666235614042611779e+00
2.413712820482522226e+00
2.365598813023161995e-01
-7.478212878947432252e-01
-1.089389422226500592e+00
-1.039485765995498134e-01
-6.121136707687520051e-01
-9.921139787553485689e-01
6.934258574740228553e-01
3.622806272578151798e-01
-5.277179432134695425e-01
-1.444229603753077074e+00
-1.796689916714379942e+00
-2.283700190574282196e+00
4.052154788664026341e-01
9.609900748920363611e-02
-6.900995467616715118e-01
9.846622157890765337e-01
1.074036144077217259e-01
1.909007315084298995e-02
-2.381194141888918203e-01
-1.048126072716456747e+00
-1.348278873056617089e+00
-2.651248633528262566e-01
-1.261657533318450541e+00
-1.536340077788215686e+00
-3.121132043882486329e-01
nan
nan
2.352005786140877852e+00
1.133610693382574475e+00
1.958876852414439540e+00
-5.898182909795415263e-01
-7.758734602461410113e-01
-9.247748091885159560e-01
1.143834371482199685e-02
-8.962465875755909472e-01
-9.070503026088072573e-01
2.615670416711477486e-01
-5.404654919337890107e-01
-4.185796402403290095e-01
8.290240440940488398e-01
6.328424678045596607e-02
-1.197751575695193971e-01
2.507191873596807952e-01
-2.145683332556100886e-01
-1.222113878869762971e+00
-3.135067626221166304e+00
2.608286177240126236e+00
nan
5.501770775429277727e-01
-4.544248738931075948e-01
-9.480818378520874390e-01
-1.597293880395183052e-01
-6.413172387939094499e-01
-6.713283178945612661e-01
-5.316966257517408145e-01
-8.540113204921389034e-01
-6.501845154223593326e-01
-2.358589588848927221e+00
-2.949812141037217561e+00
-2.889682937439181032e+00
-1.433434181998665125e-01
-7.830958478385943167e-01
-9.078876805288502716e-01
-1.532142881423035785e+00
-2.502688286158733177e+00
3.112713783859815564e+00
1.956819880133152445e+00
2.502471210690423220e+00
1.967180300148589467e+00
-1.213044080996605878e-01
2.563983725482512632e-01
9.618937927796755716e-02
-1.099977185364728438e+00
-1.179690419937353241e+00
-1.223309441051741109e+00
-8.101332262097304948e-03
1.222683163268865059e-01
4.437659806134020002e-02
-1.345852382730395425e+00
-2.346532190579786015e+00
-2.011766510103944583e+00
4.461240476384022990e-01
3.231045244561063789e-01
-2.244610805930125075e-01
-5.852643098882350792e-01
-2.733894409600599484e+00
-3.046923867846773604e-01
-2.881651139520893246e-01
-3.134076390026585557e-01
-7.006283879615007315e-01
-9.580415679326659273e-01
-1.633713931628687055e+00
1.581018073959620907e+00
-5.377300085592446877e-01
-8.248513749373738158e-01
-9.356700031198514900e-01
1.841300929945869136e+00
2.109052952162786099e+00
1.838237129420494220e+00
-8.675654617782133649e-01
-8.044402796272516198e-01
-2.192012984484836835e-01
2.726689872315604113e-01
5.409186597102877414e-03
-2.814158879920718448e-01
8.061836225567837744e-01
1.228415114522613649e+00
8.647456297171407513e-01
4.185298157546291087e-01
6.386914625280604163e-01
1.708468857917315731e-01
-8.717654371954890458e-01
-7.318126667329161172e-01
-3.746404442402706536e-02
-2.769133775138254094e+00
-2.153950140202278263e+00
-2.209243859212157712e+00
-4.520819117821237576e-01
-3.093702794582613436e-01
-3.667892199609781301e-01
-1.602953682030146210e+00
-2.071004830444699074e+00
-9.370830787561890141e-01
-1.625288130855481183e+00
-2.038705954579114188e+00
-1.982837707537031369e+00
-2.737732088473642911e+00
2.870319525475296452e+00
nan
3.160818175261721485e-01
2.146341309121888585e-01
-3.275459249382439708e-03
-3.609792495072583485e-01
-7.739288342804617749e-01
-1.255787435795507223e+00
-4.661120922572790093e-01
nan
-2.997073695073608768e+00
-2.309134685199776271e-01
-7.282393819678483204e-01
-6.439569971686824879e-01
-5.452443397658592872e-01
-7.296001221271724013e-01
-7.803031150333583632e-01
6.394784477478214768e-01
5.311252109720334680e-01
6.078397895089828751e-01
-1.257806257742410949e-01
-4.705885532423641493e-01
-1.500218155011097565e+00
7.545970264040469111e-01
4.186025053676405427e-01
5.652591044849937241e-01
2.279279586448614836e-01
-4.520038839769213723e-02
5.690901100309271321e-01
2.746594341911866799e+00
2.985433947126896470e-01
-5.246305927482826093e-01
-1.090314794915330676e+00
-4.355233378019272017e-01
-8.151589862131385367e-01
-4.589473796483600765e-02
-4.589699298953764384e-01
-7.939942503025196885e-01
nan
-2.940749800015797000e+00
-2.279545183697837540e+00
-9.696067161005341717e-01
nan
nan
1.235042812947027002e+00
8.110189008698607260e-01
5.683992735405802854e-01
1.236612897292038937e+00
5.330616485136627780e-01
6.773003179346654967e-01
1.031811105272081974e+00
7.621892805121968095e-01
8.188591152427333597e-01
-6.800203732883800534e-01
-1.974985628571617191e-01
-1.332399862422892767e-01
1.041168807127553109e+00
1.126710510543874832e+00
5.952791147488913914e-01
-1.244559873539170081e+00
-1.100611034812230660e+00
-1.590152582017398508e+00
-5.349394520766947991e-02
-2.248180288153238671e-01
3.692497846143196760e-01
-9.316734804453274954e-01
-1.058114087437764361e+00
-6.324011772273387955e-01
1.119352595695843888e-02
-4.852426730901422403e-01
-7.863950422828636100e-01
7.145912791101216577e-01
8.859642564252281360e-01
1.348919565494444583e+00
-2.501372424266965488e-01
-9.340781187805546892e-02
8.090656230709081242e-02
6.023899690803795615e-01
1.318354869417812658e+00
1.894154065040646095e+00
1.875243013669378733e+00
1.816385599694395836e+00
3.005316977855090776e+00
-1.329898468177342918e+00
-6.530429396969239519e-01
1.374656509448346497e-03
9.574002955009142113e-01
1.363915860217852938e+00
1.832321291527165386e+00
-1.260243821887647275e+00
-2.630911013151160383e-01
6.541871496691524790e-01
-1.757018484253853652e+00
-1.131833001512977610e+00
-9.291429224535616704e-01
-7.174514145500587858e-01
-7.024631929521074625e-03
2.929535792797914873e-01
1.601971446519780962e-01
9.379948185028910146e-01
1.561981327763680483e+00
1.045153733602933954e+00
1.516413864053684613e+00
1.418960924572294502e+00
1.790401369449345026e+00
2.181901218710241785e+00
2.926698575942229041e+00
8.921418847730837598e-01
2.145361075687962860e+00
2.211025618417727046e+00
4.971657763088721538e-01
-2.769264857562747650e-02
-3.714489895966712751e-01
1.611525950500181992e+00
2.168198665075588671e+00
2.519333075157170754e+00
-1.843649854897644325e-01
1.383499093350464726e+00
1.839058381181931878e+00
3.060930909390884302e-01
-6.251735812487324573e-01
-8.762745204911426278e-01
7.948965573106443472e-01
3.233367560954172326e-01
-2.625505131713667950e-02
2.177826781414181845e+00
1.547957627344197284e+00
1.551365622288122914e+00
3.440166648292382057e-01
-4.360008564356765426e-01
-1.088646534051017856e+00
1.024032239268593436e+00
4.361585252975350713e-01
1.980012917962343799e-01
nan
nan
-1.277732990535680679e+00
5.743117946060927181e-01
-1.423502382929475729e-01
-6.296988245819630237e-01
4.078345527839508655e-01
3.432543978140452090e-01
3.496472778285415473e-01
1.056206890150797051e+00
2.603539469041651344e-01
-1.973316263999835840e-02
-6.594845802912194799e-01
-1.979394608994722304e-02
3.108058085595155617e-01
1.679892672399067699e+00
8.115881048499073991e-01
7.637147327238680283e-01
nan
-2.537850239472540181e+00
-6.200367675328029016e-01
5.712682466417446925e-01
-3.554788780816942051e-03
-4.232689757235923445e-01
1.240993730977280052e+00
4.767115597655022796e-01
4.427895078385772898e-01
6.596277583884311291e-01
1.260893121833666086e-01
-6.170415299870386505e-01
1.150047493760560258e+00
2.332992845729585873e+00
2.114625098334496300e+00
5.004722298375461342e-01
1.177410822867786422e+00
9.896073823612825393e-01
1.646131321552514848e+00
1.787781086173037437e+00
2.714885761437312972e+00
-8.952070810231074205e-01
-1.313056846929463228e+00
-1.210045789685272322e+00
8.578234095806505088e-01
1.208891010923669462e+00
1.151081826512499795e+00
-8.526263945368630637e-01
-8.352802027677026508e-01
-3.243089163968506661e-01
-1.598424113502758814e-01
7.390432944607248089e-01
9.612760839406773172e-01
6.998729312354305954e-01
8.724219541572990622e-01
1.625247276569035115e+00
2.854334884730169719e-01
6.359672629482728823e-01
7.032240127786937300e-01
7.608550047463968902e-01
7.724860892986549210e-01
1.169783274949855567e+00
2.276865572975539820e+00
nan
-3.093867788250313389e+00
1.008300285853573897e+00
1.586888800497316510e+00
nan
7.384342014511595664e-01
1.319333624765262059e-02
4.424504594531870616e-01
1.410241859084361060e+00
9.902567777295203655e-01
1.784698056879839179e+00
1.386188168103440255e+00
1.675677066498168166e+00
1.966478925043755766e+00
-1.099959740594345980e+00
-1.080712061403287905e+00
-1.442590769331119960e+00
2.056133940731484699e+00
1.638969440268249755e+00
1.435771453058150904e+00
-5.845235044688452675e-01
-6.082829403128569012e-01
-1.192130926572258609e+00
-1.276975527736793570e+00
-5.556758812871147590e-01
-6.440249750814541763e-01
1.178322254246686462e+00
8.280670932827285391e-01
5.676195238480659100e-01
2.655201196340755132e-01
-1.942240107251667069e-01
-3.827210834208250034e-01
7.457864682273154244e-01
3.504523587785968175e-02
4.078058797581580741e-01
1.248931187660539344e+00
3.727795984963293563e-01
4.933022017179742313e-01
-3.077849368372262973e-01
-4.209811225329165296e-01
-4.860535628510165296e-01
-1.094127999018883024e+00
-6.659512119951238596e-01
-9.281474247019763091e-01
-6.471922962386700284e-01
5.772685665674792688e-04
-2.721871504971185018e-01
2.039805064418310998e+00
1.782493614194023301e+00
1.882889584552302153e+00
1.194426833592896919e+00
9.655325891969974705e-01
1.084784347924787618e+00
5.830808780776965961e-01
5.321523871768363279e-01
4.623192054386704442e-01
5.560305692530405075e-01
9.277027941648166021e-01
1.586021041916132468e-01
1.099414305539006875e+00
8.272174010299480074e-01
7.741170070581184781e-01
-2.516207798805440987e-01
-3.519343580454639131e-01
-9.299477883035942583e-01
-3.102714376116280981e+00
3.050198125833795793e+00
2.515989431961080491e+00
8.222720019215321585e-01
3.171062571981049238e-01
5.713039882143586823e-01
-1.650867059057956610e-01
2.176183297894915825e-01
-7.134017652854685032e-01
-9.543904989713487552e-01
-1.431376529357571981e+00
-2.472566050711154872e+00
-9.494559483971385383e-01
-9.027199198789466195e-01
-1.444809821775347336e+00
-9.763716787407208386e-01
-1.638567337868517271e-01
-2.724802331762674612e-01
-1.581817376870563452e+00
-2.057335535825275841e+00
-1.969251197388183217e+00
-2.304056141277245562e+00
nan
-2.448999168912961988e+00
-4.293057407692528749e-01
-7.295152683763324042e-01
-5.698525325318324342e-01
-1.429554092779875329e+00
-5.685031266550315543e-01
-2.075468636393904553e-01
-3.049550666964586654e-01
-2.289884280997833699e-02
2.133653172695870737e-02
-2.217178144995225253e+00
-2.090385809755896940e+00
-1.925219056301664677e+00
-6.175065084928137438e-01
-4.739055492091623911e-01
-8.149950231130556055e-01
2.715100953605928957e-01
6.784578012972786176e-01
5.636087478568931886e-01
-7.770270706042361475e-01
8.729912422880472533e-01
-3.656717958819593051e-01
-1.491868993417508005e+00
-1.632078210969627685e+00
-1.213517301671481308e+00
-9.166598981865745621e-01
-7.960083370061017405e-01
-4.552712715520588205e-01
2.499564347898497907e+00
2.908134473451734259e+00
2.312752406377533099e+00
-2.136295654694020385e-02
-6.871229931173199468e-01
-5.072585061133656481e-01
-3.669210599049574917e-01
-5.934674665526307180e-01
-9.368335633305222565e-01
-2.250552225726258904e-01
-1.631858719996470697e-01
-3.837452103985290464e-01
3.398262067850730261e-01
6.989474007659000065e-01
-1.996615532226386769e-01
3.789736403992725045e-01
2.553200899657510625e-01
-3.363635565013529671e-01
nan
-1.715842208536909164e+00
-1.137106535697714804e+00
-1.284961080997826244e-02
-2.680675012498965337e-01
-7.216273453430477325e-01
-1.794162552410564437e+00
-1.347029412618267141e+00
-1.345055473942942115e+00
-1.229490466576127483e+00
nan
-8.203682002837529019e-01
-1.731847651607920424e+00
-1.668739678900558188e+00
-1.709315023726445615e+00
-5.455617583856091635e-01
-6.725372305758003932e-02
-7.184173952744554725e-01
1.692460016917085142e+00
1.204071953431663289e+00
5.749666076361772404e-01
1.547384228840249065e+00
2.141516934481929368e+00
1.121527214513113435e+00
1.835581922090989693e+00
nan
1.025038399750099138e+00
7.169841039511468672e-01
1.534975936029976396e+00
5.898110399506664159e-01
1.365673143238541165e+00
1.872718507776268027e+00
1.318729799672417435e+00
-1.144647368131190834e+00
-2.110620176147177673e+00
-2.276763178754956485e+00
2.164113331625256542e+00
nan
-1.868953743806738288e-01
9.765713693285471564e-01
6.219544874044520277e-01
5.548695293187169142e-01
8.941593933802964855e-01
1.372664113723892854e+00
1.433932625476352918e-01
-3.125954155020256753e+00
nan
nan
2.699477177131858419e+00
nan
-2.614245656448296984e+00
6.707887366320059996e-01
3.012599688383494012e+00
nan
2.034668606208612118e+00
nan
-1.245760206365142508e+00
1.717511583589462099e+00
1.714663358156200523e+00
1.229035167684600083e+00
1.857283974500132828e+00
2.459860243744961039e+00
1.612877951537126542e+00
