-8.120937496579334614e-01
-7.360034240856916377e-01
-1.720468335461537324e+00
6.682340364403320798e-01
8.191426153469492100e-01
2.663611597402146813e-01
1.388327019910640558e+00
1.108082981143136969e+00
6.425533515190093858e-01
1.811447681534428256e-02
1.696660431577332595e-01
-4.380683625660228842e-01
1.300611643971991249e+00
1.125129609607987469e+00
3.648727319658235935e-01
-2.027440440252901155e-01
2.940615768035508282e-01
-7.493936432606478348e-01
-1.296464747086765623e+00
-1.006237356862348165e+00
-2.103658616542558146e+00
-9.571695363131325074e-01
-4.314519350174386148e-01
-6.185831941249859689e-01
9.854433954416776942e-01
1.195200228493712657e+00
6.234431826370419039e-01
1.067087777421997785e+00
5.029276437458833904e-01
-1.431616773293722389e-01
1.684287904170425954e+00
1.490555509518626920e+00
6.580747555962949136e-01
-4.800209264597961045e-01
2.223650285179180841e+00
2.947526779204476810e+00
6.082568175110680819e-01
5.004155090419262208e-01
-3.336801887095868224e-01
2.691549299822637131e+00
7.791727563784247579e-01
-7.600693014936821257e-02
2.633125097542787785e-02
4.230327844606955878e-01
-3.505473798415850162e-01
-1.560716189963193168e+00
-1.723995587403684748e+00
-2.173624485975385934e+00
1.453413836100682310e+00
9.957228574237042551e-01
1.274830101394700321e+00
-6.745998798800183494e-01
-5.837449754504899779e-01
-1.046932013482801960e+00
-2.707976766326930296e+00
2.849013387376983175e+00
nan
-2.679480539426326580e-01
-5.494059316702237794e-02
-1.680380906559091336e-01
-1.623598865966502380e-01
-2.584235146369109337e-01
-4.309879542168673083e-01
-5.965666917256742252e-01
-1.092526165171057606e+00
-1.333001367414180738e+00
-3.695325061297616287e-01
-4.177593605748421979e-01
-3.898909984616296676e-01
-3.728296830715036592e-01
-6.568554877619616761e-01
3.621793670706998647e-01
-1.296039234070573531e+00
-1.345660692834880656e+00
-1.611416560847275914e+00
-3.800520704188197207e-01
-5.485012012623711186e-01
-6.179064864304590898e-01
1.095827143520901714e+00
7.718103689730688721e-01
6.774130365150869970e-01
-2.026363932378387744e+00
-2.113635088460932288e+00
-2.202985061904787045e+00
-1.574926252518848990e-01
-4.081910821400858147e-01
-7.882213776903235214e-01
2.522993691470465372e-01
5.389395410915609475e-02
2.434809962255144455e-01
3.499586109286014768e-01
-5.305649231857234582e-02
-9.891513072539792617e-02
-2.390623483056761422e+00
-2.735425402850889309e+00
-3.119718015551878221e+00
-2.087126193879992986e+00
-2.536043171194964252e+00
-3.121405855286008446e+00
6.432896046611364937e-01
4.064794665188160572e-01
6.137461193275655091e-01
-9.251068246974245568e-01
-1.203023154372338865e+00
-2.121497687643072005e+00
-3.014810484851086159e+00
2.977723354098743336e+00
nan
nan
-2.624706754410424558e+00
-2.650380574701713066e+00
-8.546100414416177848e-01
-1.790696084557210632e-01
-1.143099675077334565e+00
-7.795110848731936493e-01
-1.244322962220181683e+00
-1.400209103667641397e+00
8.751782979677029672e-01
1.150459286153920679e+00
1.119305125098620124e+00
-7.241095398981372000e-01
-1.173085995821891103e+00
-5.480196978612053016e-01
-1.423694231451218872e+00
-1.657614001925057812e+00
-1.554757731534346599e+00
1.032800109937328514e-01
2.564084426455908172e-01
4.882882568861535155e-01
-1.364300186280277716e+00
-1.904296670407812364e+00
-2.141341215457840175e+00
2.645500955609301208e-01
-3.630570909448196382e-01
-4.335605544081664320e-01
2.217989436778351475e-01
-3.852625683635264586e-01
1.934264308453572667e-01
1.199229043458380772e-01
-4.936881022901640215e-01
-4.173886865271656532e-01
-1.153998613169031184e+00
-1.366116642120260183e+00
-1.078341828295880322e+00
-2.506169835820224456e-01
-4.150941694826002504e-01
-4.734406951264200636e-01
1.427399365584185453e+00
1.023955353297346882e+00
1.949670359590380819e+00
-1.648799456110677353e+00
-1.744237794117437623e+00
-1.688685920284337838e+00
-9.553156636745594454e-01
-1.105841529647024313e+00
-7.308298430503863408e-01
6.761666841343494383e-02
-7.182550124709630168e-01
3.589656491557020601e-01
3.505009935486818051e-01
-2.019215860541221375e-01
3.557731443817728767e-01
-6.458744833061502710e-01
-5.675717815088399121e-01
-6.381425347233977696e-01
-4.795801299838311493e-01
-1.145800413316488964e-01
-8.380665988490925145e-01
7.296539158727366470e-01
2.456421508753536820e-01
1.026232238475732750e-01
-8.926020112251373817e-01
-1.351582147771853482e+00
-7.773043367382146407e-01
-1.965014428233976984e+00
-2.289999086279489227e+00
-2.910263818753889620e+00
-4.526643993138526056e-01
-1.047658692455069485e+00
-1.099747310451410165e+00
1.484535785084033499e-01
1.007458024900365068e-01
2.819268475309093525e-01
-5.117993113617944623e-01
-5.879157956890677106e-01
-9.013991552884275116e-01
9.842911692963971504e-01
5.557335873365856216e-01
-3.828759951745075440e-02
2.475414473497602685e+00
1.853782640705554208e+00
1.709385278350750603e+00
5.178334061537031019e-01
-5.043873126984594890e-01
-1.444068589317523577e+00
3.138937326689554830e-01
9.659263616408741981e-02
-9.022115566904442829e-02
-2.139776869694864025e+00
-1.857944883553134918e+00
-1.872822370274875192e+00
-9.415456495713181440e-01
-5.287840065171209858e-01
-1.063045369636929749e+00
1.414208790341107580e+00
1.245556150118200200e+00
2.308973101634079761e-01
6.762120888384108852e-01
7.747241097549930622e-01
1.051456373520553988e-01
-2.854788001799666297e-01
-7.075419205292110547e-02
-1.206575227081074120e+00
2.308871354077290938e+00
1.708368682525001958e+00
1.156329134471426379e+00
1.467820030880356619e+00
8.528901514672111439e-01
1.043283067010805532e+00
2.295911022097177678e+00
2.492734473795000127e+00
1.999923335415512149e+00
1.136674984751989470e+00
1.278020661617081721e+00
3.669390735926545410e-01
1.664851332820217245e+00
1.513098509404092518e+00
5.982004088583052770e-01
-1.164026631683644508e+00
-5.697813947038579130e-01
-3.732670636749380044e-01
1.126454170937599919e+00
1.428262988296091329e+00
1.239209482061905732e+00
-7.471378562760238040e-01
-4.042496531285668659e-01
-1.126723268697920055e-01
-2.230679081974002553e+00
-2.399109008320497782e+00
-2.157118307970092630e+00
4.060157698475737043e-01
7.554594491042934123e-01
8.603088955603022114e-01
-1.439691560647846869e+00
-1.026137602811587612e+00
-1.035332348414864434e+00
-6.561567065044231484e-01
-1.949203208417848998e-03
-5.828092193633338525e-03
-2.649011034296178124e-02
4.329641398620651671e-01
5.734937517496101478e-01
-3.650002792251645367e-01
-8.054313603255636167e-02
6.831913738981221229e-02
-1.486249792709662065e+00
-1.719980271447471898e+00
-7.993879345951189208e-01
-7.126378710113447923e-01
-5.668206642524373784e-01
1.819419727974125323e-02
-5.646825283642575855e-02
1.945356280202554800e-01
1.869782561432851153e-01
-1.230346991213674857e+00
-1.516766507311606560e+00
-9.794766003771813168e-01
-4.961337172259079331e-01
1.718366957044699106e-01
-1.191216891631396990e-02
4.326862680606593514e-01
8.353991678899723716e-01
7.378030702984146316e-01
5.631916722622327676e-01
7.473847290934290122e-01
6.349625510693837072e-01
8.912764811059830095e-01
4.919993077877511389e-01
9.840315359154008235e-01
-2.683616991255430406e+00
-1.604242629621644101e+00
-1.924510322355348579e+00
-1.477206107498523435e+00
-1.207325327608230303e+00
-8.515539845548274478e-01
-1.104572774236989297e+00
-4.827090072209694327e-01
2.816423200234963176e-02
-1.259236541699630063e+00
-8.643292039120993309e-01
-1.085300280158754127e+00
nan
nan
nan
-6.152926463996206685e-01
5.556074042966097082e-02
6.896799874096588567e-01
8.948146422593303839e-01
4.852681172909565355e-01
4.489883236207830031e-01
-7.017410404038493255e-02
-7.550318085024620984e-02
2.024153110772379804e-01
-1.052388917240751454e+00
-3.539105240763849025e-01
-1.098918959655232896e-01
9.833973011764722827e-01
1.474075788606949544e+00
3.138079776244451224e-02
3.448963650169605266e-01
-5.331199422779553387e-01
7.728443725387470487e-01
3.088027977145586078e+00
nan
-2.137777847999411840e+00
-1.235655134072999095e+00
-5.404365349554325348e-01
-8.895957438547341667e-01
-1.388690293146987997e-01
-1.362340400617707559e-01
2.956434266708205527e-01
-3.309020852226263187e-02
-3.774303864131303143e-01
1.725488192210535843e-01
1.127007676089667676e+00
nan
-3.019781409602719346e+00
5.956911589704034782e-01
8.207951258293406660e-01
8.072815540825941660e-01
-4.281832235625540051e-01
7.503649905608433812e-02
3.594935201819624560e-01
-2.878027366025008860e-01
-4.557461894091447974e-01
-1.947553416029256690e+00
-5.238835981416527510e-01
2.141267398950106760e+00
2.897119970515182885e-01
1.086125672279867338e+00
8.137963937268199999e-02
6.717309453098674332e-01
-4.540042858947486160e-01
-5.070029757337719545e-01
-1.172147302164580296e+00
9.135839734862862827e-01
4.405151747922819716e-01
7.884773142886976061e-01
2.272514338303563086e+00
1.523836377478003712e+00
2.449916333258761902e+00
-4.563369834433310679e-01
-1.152843287068361811e+00
-4.105839656216616618e-01
1.452302315846032421e+00
7.508377122059584075e-01
1.172302529803372906e+00
-4.527482181816941953e-01
-7.895442583732394937e-01
-1.455680366147775295e+00
-7.459502411369336450e-01
-1.097169945671858660e+00
-1.167509514781312818e+00
1.146719057481091042e+00
9.900816109244958696e-01
1.131818511826597984e+00
1.016850658769653748e+00
2.297175068636829742e-01
5.947530699753462713e-01
4.970630459843259352e-01
6.836011620889350660e-01
1.655743554736165635e+00
1.762909844402238413e+00
1.155993340316672224e+00
2.458467254532755497e+00
1.389364366655574834e+00
1.156362771895763863e+00
2.272182794606051992e+00
6.616527370966323041e-01
-5.164604245573363173e-01
-3.878801033680145949e-02
1.667493580276814491e+00
6.982675965217048919e-01
1.093411834648043701e+00
1.946116248732402632e+00
9.215151081275401168e-01
1.171288014524305865e+00
-2.327021929578084958e+00
-1.430289449833153981e+00
-1.693159268303373155e+00
2.208980074698294160e+00
1.791889826101914274e+00
1.409762042647305869e+00
-5.621901156020872037e-01
-7.860390137496597873e-02
-1.832213029405664884e-01
-1.242350622588719533e+00
-1.032168415768316638e+00
-1.032177946323003859e+00
4.765205438631161527e-01
4.631275083007384552e-01
1.476075303497439428e-01
-1.482659155943806706e+00
-1.453579033171519708e+00
-2.063071122431119342e+00
4.878822446913506639e-01
-3.669237097685029703e-01
-6.751816962796386434e-02
6.732092826718174550e-01
7.124045539277976680e-01
8.699429152108448804e-01
-8.281338440386738498e-01
-7.515943558657967039e-01
-7.064700024713568283e-01
-1.390852046430141487e+00
-1.265535273609635913e+00
-1.308271225687778205e+00
-4.122613411929521021e-01
-3.707965839378521977e-01
-5.345820077318652608e-01
1.561477321709613619e+00
2.204298627821070333e+00
1.946972414478460145e+00
-1.824309493200555687e+00
-1.106747417739131212e+00
-7.770030189035894708e-01
-4.720387312980074412e-01
-1.299979933473638383e-01
-8.860393325639561724e-01
8.271917288249288625e-01
6.392909632202727899e-01
4.726874397884994750e-01
9.267636173712583414e-01
1.164170134686012048e+00
6.442372626277008685e-01
-1.698931126223466315e+00
-9.917649120785441141e-01
-8.680195956213019315e-01
-3.066503073543454860e+00
-2.897428527469501081e+00
-2.493709005749484398e+00
6.151447112966135222e-01
3.962419181134819723e-01
3.545204820609848539e-01
-5.285477857315168393e-02
3.405562630101273136e-01
-4.128568464731996457e-02
-1.801357715572891482e+00
-1.167928368216623936e+00
-9.679252661460053808e-01
-1.091051591885074057e+00
-8.667862051670573997e-01
-1.034738390708407341e+00
3.591353342551455441e-01
5.776913236312335442e-01
-2.988445762869318401e-02
2.357329398759504535e-01
4.938370746998499428e-01
1.482361556196329921e+00
7.517350968361280472e-01
1.018559237456916122e+00
1.359218638829909231e+00
9.211592671079822381e-01
1.882419603199990910e+00
2.125951175323991471e+00
-6.001316146576960442e-01
8.969738391249659770e-02
1.752319431126772464e+00
3.637551955245434954e-01
9.494231933911896348e-01
1.361054430150068661e+00
-2.590370437062943232e+00
-1.478031760707072761e+00
-5.463805627318447655e-01
1.644170995857540341e+00
nan
1.217506825868031051e-01
8.246836262392869266e-01
9.438232273867006583e-01
1.146991556104530297e+00
-1.251837363467576347e+00
1.769417322019419814e-01
9.763113178505022915e-01
-1.383386270221180769e+00
-4.682058941207984937e-01
-6.207300915140794295e-01
-2.667906472308554378e-01
1.497434940370780510e+00
2.179237420834265748e+00
4.267518077028911172e-01
1.704947744731012627e+00
2.798140485113570719e+00
1.195126894520541327e+00
2.799392608821982265e-01
1.474825151715065452e+00
2.909900469256343492e+00
2.992416846489374116e+00
1.551735125814188265e+00
-9.786910106022190803e-01
nan
-2.942619020579298361e+00
-2.296836760089994378e+00
2.092266269663118905e-01
8.837983967629305937e-01
2.595231809733011374e+00
nan
-2.210352401497043040e+00
nan
-1.502793261492058496e+00
7.220756387245153007e-02
-9.870201259660755788e-01
-2.039076954315249157e+00
-1.871385480636122978e+00
1.789202881219253527e+00
1.372573429445924198e+00
1.375434601497319775e+00
nan
nan
nan
-3.057699597152812920e+00
7.272973423386663860e-01
1.852968596750494967e+00
1.149184196602798913e+00
3.873598246997151939e-01
7.443178199515254612e-01
-2.144643258122013840e+00
-2.241360902299621483e+00
-1.399161226422444004e+00
-2.603892907142110857e+00
-2.760230933342681769e+00
-1.576552201854821034e+00
nan
nan
-1.665333330664060973e+00
-1.516138524645464392e+00
-1.859459313641445899e+00
-1.621770628864233732e+00
1.955160788962440499e+00
2.495383512803348580e+00
2.546603280055685481e+00
nan
-1.655633828620021397e+00
-1.377596036972361659e-02
3.435216213558676124e-01
-6.928010599118352708e-01
3.775461340054198089e-01
-2.654501955875775199e+00
-1.827315406724964175e+00
4.308148119223922379e-01
-2.959778674951726085e+00
-2.189919232276833938e+00
-3.989889987616388467e-01
nan
-1.705077209268724303e+00
-2.577385069376174620e-01
-1.097868075045744352e+00
1.101548338334856325e+00
nan
nan
-2.535737429429322454e+00
-5.493174310372830327e-01
4.519097719144244962e-01
-8.017934551928949105e-01
-1.066588830988181247e+00
4.599172019388002575e-01
-6.317105082787755066e-01
-1.207129724812205929e-01
-1.392782237175207216e+00
7.956388284816071632e-01
nan
-6.235159478579910264e-01
-1.057908619312920795e+00
9.133610198099173516e-02
3.293681956143776901e-01
1.048609003516927096e-01
1.353753636903551438e+00
5.142717870562418803e-01
3.934772794304111088e-01
2.393358767270180820e+00
-9.734353958596067002e-01
-1.440311365753154549e+00
-3.828991293176606803e-01
7.307810590940055917e-02
-6.778784452655806092e-01
6.844092670882329088e-01
-9.409346513496616993e-01
-1.694734799717120044e+00
-7.006144041521786825e-01
-1.426771060686756076e+00
-1.431169986634866609e+00
-6.664214576332421203e-01
4.888887572688451755e-01
2.261411898198550929e-01
7.236962648113949292e-01
-1.453259572898080165e-02
-2.575843302126203938e-01
9.065238551611676243e-01
2.576623396516009024e-02
5.926337470495388615e-01
1.581939217817814658e+00
9.263665715103677201e-01
1.221365270565732075e+00
1.853389342589311539e+00
1.744799165593598822e+00
1.820648991246054393e+00
3.073868182160788720e+00
-6.967865472170706731e-01
-8.124642165467843569e-02
1.085862369696419805e+00
6.143384908799269795e-01
7.041446211557738089e-01
1.873625984315879123e+00
4.624590058033200002e-01
2.094634039028204775e-01
1.658349985416308847e+00
-7.401588019463072321e-01
3.850658374587645483e-03
-2.576218480866470095e-01
-2.522958089347034694e+00
nan
-3.093884877571420944e+00
-4.856808249700739211e-02
1.461630966532041498e-01
-1.598369997094288841e-01
-1.115660155671317266e+00
-5.148423815265448233e-01
-2.753952012933980065e-01
6.347325922823552347e-01
5.668200749543754746e-01
8.628530903390725371e-01
-1.051286700998704582e+00
-1.388688482755045639e+00
-1.239238533989836855e+00
9.373192324110695139e-01
-6.557103423442662837e-01
8.359104445506000403e-01
1.042577682075194190e+00
1.299358591576337041e+00
1.243064697853092149e+00
-9.931935830207052618e-01
-5.437319317840225708e-01
2.058670285240862263e-01
-7.532847063897403217e-01
-1.185707988147192804e+00
-5.683947143472023456e-02
9.721122993762527642e-01
nan
4.662498039812827955e-01
2.849995890661396913e+00
3.043345395548591625e+00
2.852526681505573869e+00
-2.546132533497154071e+00
-1.117377920961707183e+00
-3.037195222559456731e-01
-2.578917174671531143e-01
1.094231248048997962e-01
9.947401694710116260e-01
2.679609064691823583e-01
4.304111530550280840e-01
7.398212873882297202e-01
5.795284301114964620e-01
6.875909568870781641e-01
1.101003474139522709e+00
-8.560938245853160211e-01
2.410589900029616039e-01
2.513994734327260616e-01
1.081955397119073403e+00
2.724555484833134145e+00
nan
1.116685659635470174e+00
1.120431788136469820e+00
1.332496697642796768e+00
4.463852835035475586e-01
5.698230932655468095e-02
7.178183240582169944e-02
-1.258161004134737970e+00
-1.308865398430538285e+00
-4.821438985591837145e-01
nan
-3.141279348793165838e+00
-2.503533191884150799e+00
-7.895850547848026757e-01
-1.018525415161909198e+00
-5.943107190371978987e-01
-1.266359588503634059e+00
-1.108482091839775752e+00
-1.941986322074297000e+00
2.167149004373810861e+00
1.410893600082589572e+00
1.620355449344833332e+00
4.415351935396172323e-02
3.069716847361680934e-02
-4.705930628654457770e-01
-1.661730962321797289e+00
-1.498860455936767089e+00
-1.261825816020860858e+00
8.132049499051885455e-01
7.287012202363025715e-01
-1.396641582632565104e-01
-2.600931218370771791e+00
-1.204977623931882125e+00
-2.637847670730237404e+00
2.242513049483583210e+00
5.821107643790841557e-01
1.667727135223220358e+00
1.795672486910637744e-01
2.626632659472716291e-01
1.188671994057154180e+00
4.572547684482581865e-01
1.861170396655782433e-01
1.559474630194301881e-02
-1.573226520162418707e+00
-2.030029200571024539e+00
1.451818117956348075e+00
-4.539738317792614275e-01
-6.753469198717310107e-02
-3.217939334066053370e-01
1.918447656026901704e+00
1.651762998763164347e+00
1.443070505568674555e+00
-2.085895267509577877e+00
-1.077265122229945415e+00
-1.548343765657118398e+00
-5.684692079033939471e-01
-6.461618254305356857e-02
1.501285381728219015e-01
1.289012949434969357e+00
1.059711927735551562e+00
1.717790393258776582e+00
8.868781346056398007e-01
5.525192938115024432e-01
6.439873309513592936e-01
9.916148341654276166e-01
2.282827561960898421e-02
-4.994826136928933735e-01
-2.866782719349226127e+00
-1.219459343490905345e+00
-2.111959159904032823e+00
-1.719866968628580572e-01
-2.141620913958783845e-01
-6.184052820935739270e-01
-9.533572504750513765e-01
-1.130463271144513282e+00
-1.685120535277711662e+00
-1.108288335328870833e+00
-4.825910870251819418e-01
-1.413809973672255804e+00
nan
-3.037062780165345366e+00
nan
3.700063932887660556e-01
3.617078758367870961e-01
-1.381389335452150036e-01
2.042297261512389106e-01
3.466330487155242501e-01
-1.140866191692215814e-01
nan
-1.845261686788570499e+00
-1.997769054547539280e+00
3.973500913771514931e-01
8.415236108291388462e-01
4.402054644740438505e-01
7.567109783901564413e-01
7.861424562586871723e-01
7.374747526616891591e-01
1.284950131408263196e+00
1.447347763618081373e+00
6.427463350822129051e-01
-5.505411842965761693e-01
-5.821146177273481825e-01
9.504828523484594172e-01
1.918008108609516427e+00
1.123510745467934058e+00
1.963501223594424694e+00
1.181324569389837542e+00
7.223113937449938682e-01
1.707790036976577497e-01
1.776512114556440203e+00
1.843719761071849206e-01
-6.603189368493826983e-01
2.348149676978197320e-01
3.912490771558951863e-02
-4.643724197843619450e-01
5.078840236025743415e-01
nan
nan
nan
2.738470879256072799e+00
2.295992735851451805e+00
9.949241649429492185e-01
nan
nan
1.211470187351801897e+00
1.415946077714844265e+00
1.382203690617814118e+00
1.875490227068996596e+00
2.180148912689998220e+00
1.961931139401731805e+00
2.281828036548639638e+00
1.550174009837022915e+00
1.038983268822193828e+00
-4.528806592636058781e-02
5.116346325994638455e-01
-5.577924341999493940e-01
1.213856713874625903e+00
3.814032778130500567e-01
2.513606414006432033e+00
8.345884407573755936e-02
3.341865624992417239e-01
-7.335371999912774221e-01
1.191435912315816914e+00
nan
-6.757057626917513105e-01
-5.829477239178451065e-01
-7.105189643300864333e-01
-7.012981365101373932e-01
1.038007277126414607e+00
9.865993973458673238e-01
6.295052913170171571e-01
2.896987053324878048e+00
2.288341992469113961e+00
9.853910592813308611e-01
4.487501407513674323e-01
-5.266935185776140393e-01
-1.243768185462119202e+00
1.341971082469062715e+00
3.374808634111294836e-01
7.196243335692154020e-02
-1.982292512474463919e-01
nan
-2.755078968725516386e+00
-3.316340776351909270e-01
-1.080860800586628923e+00
-1.483781734796391305e+00
1.552257701261232192e+00
8.685558292701252014e-01
4.485209763957169748e-01
-5.362449041363248625e-02
-7.760712106487619444e-01
-1.606457651950179200e+00
-1.993283099483802445e-01
-1.346180887191885001e+00
-1.974223724293855620e+00
1.163504835592735098e+00
1.867515907024491106e+00
-6.847135143468539020e-01
8.167778929767020024e-01
-4.832507425820109503e-02
-1.898229517079137452e-01
2.006483081466368112e+00
8.551255703466655866e-01
6.995251159903705940e-01
2.319453212875649761e+00
1.521662575771864923e+00
9.672244840938670762e-01
-2.847537112751593824e+00
-3.992992964060340100e-01
-2.157293414049954450e-01
1.402523998894870338e+00
7.471037724420930282e-01
-6.360409006011087385e-01
1.894117383966135826e+00
6.538649219167353976e-01
6.321161646284734204e-01
nan
-2.897327525997920095e+00
-2.187650513063613023e+00
-1.041409957201585801e+00
-8.680476403930379448e-01
-2.711733292749207713e-01
-3.121773711643882621e-02
3.157958992259946029e-01
1.158916518142812713e+00
9.852355700049075793e-02
5.444001673742504543e-01
1.324203569718955364e+00
-1.033768880880761909e+00
1.433971960635060938e-02
6.990245614302490473e-01
3.852732831814704717e-01
2.700943689577353091e-01
8.207489132005481025e-01
-2.747515860751934103e+00
nan
nan
-5.519623538772724380e-01
-4.349459331826222019e-01
-1.470720042217710244e-02
-5.416018657790733215e-03
3.052366466644018672e-02
7.148966872741731038e-01
-2.881027451501516623e-02
6.314069933475936480e-01
9.783853738957892787e-01
2.116291191457041698e+00
3.023345835969659667e+00
nan
9.562082601207411159e-01
1.375723557773441463e+00
1.530598285475628373e+00
-3.007488706080310159e-01
7.824732549709287888e-01
2.269051738394957773e+00
5.514405352412437011e-01
3.456033455231759532e-01
6.764153484448094389e-01
7.250395194099734653e-01
1.447774897483200540e-01
7.160956599987349236e-01
-5.858954022473472634e-02
-2.958123117702795568e-01
1.351644796397599713e-01
8.208312271227682366e-01
8.527145474657484847e-01
1.464222851651904023e+00
-8.548421679349837987e-02
4.875478372920190040e-01
6.565017214357746766e-01
1.288276717451592113e+00
1.399731909387404549e+00
1.929526049840221802e+00
-1.717743825464553620e+00
-1.533185510210626434e+00
-1.341482850151780370e+00
nan
8.106362880786885938e-01
1.015457875271658317e+00
-1.138068711972488600e+00
-1.628716414917728228e+00
-1.348740126952382212e+00
-2.146707509528340552e-01
3.725478867536606842e-01
2.580492243110539263e-01
-7.515139632293901251e-01
-1.990339929464868263e-02
6.710162799111611953e-01
-5.541229703780219396e-01
-2.524154338736628311e-01
3.593719966994268766e-01
nan
-3.117226084961202570e+00
-4.489073867030990428e-01
2.137378289559504374e+00
2.790338100207948813e+00
2.410948775884994788e+00
-2.701684235323862815e+00
-1.665072588657769082e+00
2.161803104325494829e-01
-1.383818302101862630e+00
-1.445051446235384729e+00
5.344538374411822446e-01
1.820158463531774018e+00
1.223882468946746016e+00
1.932805779443698135e+00
1.424246013869961303e+00
1.783669847822144661e+00
1.780054025637971549e+00
-2.017654605000774204e+00
-1.584419592491016493e+00
-1.347438773087856756e+00
6.293818682132368281e-01
8.777417008582828473e-01
1.544991404364223442e+00
-1.662899297825891409e+00
-1.466080098057755965e+00
-1.072988042673515441e+00
-3.141165039685955396e+00
-1.997172318018639814e+00
-1.378296162819096615e+00
-6.401254694243463383e-01
-3.961349576191679489e-01
5.601089429763819183e-01
-2.142382099446349386e+00
-1.644979985767136332e+00
-2.327626789240500038e-01
-1.338457083708293860e+00
-1.323112710315136553e+00
-4.611157347787773197e-01
-3.857299486071190664e-01
-2.393526595363892895e-02
-3.697851231504234448e-03
-1.693714818328250216e+00
-1.576389732943512367e+00
-1.180298068896395547e+00
2.287801001079818874e-01
-1.036729339572028064e+00
-9.077733086298320764e-01
-1.493162720891042072e+00
-1.478820210032381510e+00
-1.108534750098029598e+00
3.851604936816994673e-01
9.362834145988419010e-01
1.350845250703758715e+00
-1.524271323893575891e+00
-1.052385322607741980e+00
5.423983925638604653e-01
-1.197651926983315018e+00
-1.037088216098191573e+00
-8.538410226173143158e-02
3.041860141237271442e-01
-1.243757995726566534e-01
7.028451971787674779e-02
-3.629532595452906740e-01
-1.081366422472060940e-01
9.103842764984992897e-01
-1.162482039117314070e+00
-1.049379733594218767e+00
-9.416033910418644126e-01
1.299284490156974670e+00
2.151752937824968015e+00
nan
-1.629027346379183783e+00
-7.944429067059397553e-01
2.121927951388880018e-03
-2.069111499969222834e+00
-9.430625975773425651e-01
-2.467887650083580020e-01
-5.433664094131369637e-01
-6.842678503175774196e-01
-3.356346002375314441e-01
-1.346830866847416486e+00
-1.652336952081040700e+00
-1.151366649402420839e+00
-1.656660829543352031e+00
-8.986965022649000545e-01
-8.247891211498479258e-01
-1.487652760925671780e+00
-1.371234699705346838e+00
-1.577353119744423271e+00
-2.539070907516620679e+00
-1.465753772792594667e+00
-2.620438604822447726e+00
-1.770361310483030692e-01
-2.636344519733917480e-01
-3.431883790172447490e-01
-3.780069170262039258e-01
-4.767262880920921653e-01
-9.512035116923884814e-01
-1.674361874985033083e-01
2.934942498856325521e-01
-4.097599517728736096e-01
-1.620078154266891834e+00
-1.495145750364485604e+00
-2.298571329372742333e+00
-4.845932092626767940e-01
-4.308170246587987862e-01
-5.237480695544651788e-01
2.146509151114166514e+00
9.801235038054265658e-01
4.363584612675999175e-01
-3.464257940823878279e-01
4.422767176475961293e-02
-1.050850993944663081e-01
-7.556346143874193011e-01
-1.034671435419002972e+00
-1.861616876696174927e+00
-9.752669737201418165e-01
-4.283048897067804894e-01
-4.553708998477685732e-01
nan
2.415494543814386219e+00
2.710861039781404358e+00
8.794062852463566671e-01
4.814647395914413153e-01
-1.950509278740413244e-01
6.118639245544494898e-01
1.286354015190531719e-01
-6.850213624626766418e-02
8.295224648210903773e-01
8.096751552802761154e-01
4.839063807624510716e-02
1.103165722279908501e+00
7.216248293794622626e-01
4.415397386008370617e-01
2.019825779679335298e+00
1.877772081996717191e+00
1.231684647072122551e+00
-1.588048434034410095e+00
-2.834867256566499183e+00
1.854301565892299664e+00
8.059263413204540427e-01
2.452612617565237407e-01
5.743688686617942629e-01
-1.878379446043084933e+00
-1.652091373750301573e+00
-2.758292004823498011e+00
-7.821017491834556523e-01
-4.514793341639160573e-01
-9.468857808859936220e-01
-1.982812480273122402e+00
-1.428071750300155651e+00
-1.615584671743693468e+00
3.678279703205737938e-01
4.811507225510811558e-01
4.098240371213779376e-01
2.068049064694341688e+00
2.406635672717362340e+00
2.206913298906121312e+00
8.396779347655072279e-01
1.936395432174307984e+00
1.520529549775885059e+00
2.450710001849091491e+00
nan
-1.930889710001171267e-01
-1.369426763818903936e-02
1.181263402677568131e+00
1.147077869081721602e+00
3.979818277005828797e-01
1.179379301829118099e+00
1.308939284080913978e+00
-7.871805823695665616e-01
-1.169623774605800026e+00
-5.993696851742544851e-01
4.108565188398780599e-01
nan
-7.389073564289216911e-01
3.778847480844365059e-01
1.897300335913333136e+00
1.100146621789850343e+00
3.199800423389693727e-01
1.082897625362617688e+00
8.987190849852408903e-01
-5.619676949611527306e-01
nan
nan
2.452719710852562685e+00
nan
2.902317895650549318e+00
1.742287980169894723e+00
nan
-1.526804190320520505e+00
nan
-1.631385558385614054e+00
7.857872050942047437e-01
1.252421687792462990e+00
2.849791957887714666e+00
2.332748416278185744e+00
1.346438333724518266e+00
2.903488840022405704e+00
2.234432593794941191e+00
