-1.296816621569248262e+00
-4.548555767180424425e-01
-1.832049140080560967e+00
2.074811177614077629e-01
6.015454297379863036e-01
-2.786705667582398682e-01
8.723594698030128214e-01
9.587516812336618344e-01
3.187150976337642660e-01
-5.185781838437799607e-01
3.974827866471173365e-01
-1.491026835819611485e+00
2.277875408601977014e-01
1.371224894699907715e+00
3.369280734769506402e-01
-9.073833860531372864e-01
-6.488696818611714434e-01
-1.241697454139109924e+00
-1.330050071995244831e+00
-1.027574008272210460e+00
2.548402236556614575e+00
6.580718250053729790e-02
2.036619232771839094e-01
-4.079617717416561540e-01
3.804520680593306281e-01
1.007834929098812005e+00
9.555036714728348812e-03
3.013483389742544816e+00
nan
-9.340865441063597174e-01
1.090287166974682087e+00
8.387489312874567560e-01
7.578781345229566035e-01
4.179770824245827576e-01
-1.414056290224890766e+00
2.456119732498169839e-01
2.274968085202361934e+00
1.544513888414246416e+00
3.040575590866367861e-02
1.035543562128953710e+00
3.927483779076652581e-01
7.813631773698892502e-02
-1.232809519214567606e+00
-3.760131912272117738e-01
-8.952321920339998407e-01
-1.791192345949751852e+00
-1.617489213070053777e+00
-1.603749959975995010e+00
8.156647471995719378e-01
1.197025378530773843e+00
2.139922031289654747e+00
-8.531316449343750996e-01
-9.340407659693470421e-01
-6.892959377460790016e-01
-2.904843882531754851e+00
-2.768601113093805743e+00
-2.322183578284314098e+00
-1.050112570478026974e+00
-6.753647642524982508e-01
1.314332898079983991e-01
-1.750768990171711614e-01
-5.930063993421841317e-02
-7.906883231603778484e-02
-9.478539053112693402e-01
-4.193856138107334708e-01
-1.721524751719104129e+00
-5.164686342463435942e-01
-8.246520710605644844e-01
1.577737621163652904e-01
-4.603150320169731025e-01
-8.915561327656873480e-01
-3.770892984625242583e-01
-2.727590604715789624e+00
-2.654077319831669168e+00
-1.473783925526900296e+00
-9.122037565020262306e-01
-1.100235976814363248e-01
-7.168555345629292752e-01
1.539019346784273878e-01
7.597292018240722200e-01
1.119662800830471205e+00
-1.621586301526853680e+00
-1.431443462748650530e+00
-7.243919390319164542e-01
-3.160519948548983216e-01
-1.032679001157099652e+00
-7.877864003557868422e-01
-2.987625964684155200e-01
-5.486746082216509279e-02
7.609243671335663706e-02
-4.575073520345269706e-01
-4.953407492495824904e-01
4.790480624451687319e-02
-2.377886659161390970e+00
-2.648498902877310268e+00
-1.917951529630152141e+00
3.106140624167724518e+00
nan
-1.761275590180192641e+00
-3.318267239548027270e-01
9.201854057743430459e-02
3.472921692038006825e-01
-2.022678182028585958e+00
-1.528640914398733841e+00
-1.604008561701557367e+00
7.639518634607389558e-02
-1.918243472821764550e+00
nan
nan
-1.492436618832156947e+00
-1.982934547079816978e+00
-1.134934064072103954e+00
-1.920374113132270466e-01
1.681826855916015440e+00
-9.504676161587881644e-01
-3.387607030020625132e-01
6.156970080670065570e-02
1.519878819807615855e+00
nan
2.908789063806151098e+00
-1.084770209152276621e+00
-9.159236808281172593e-01
9.862368964992951348e-02
-1.471010939749097135e+00
-1.623379498001189747e+00
-9.262131346332171944e-01
-4.986727924280920377e-02
4.367159956296946532e-01
1.300737300839818644e+00
5.153601010475572508e-02
-1.363248328752142413e-02
3.087866059403454599e-01
6.406316281829949055e-01
3.602408138583079733e-01
9.530920965824307700e-01
3.603353532118180880e-01
7.255148808702589491e-01
1.367194686191428588e+00
9.966301203284526622e-01
3.080173958443950255e-01
1.091259512359783912e+00
-5.564489295727090834e-01
-5.828242639975593775e-01
-5.322076231781105449e-01
-5.519560731409227650e-01
-3.884236761648298675e-01
1.569166364407132974e-01
2.569613007862541210e+00
2.399273023303321928e+00
nan
-6.752922315753346894e-01
-1.141870885132355573e+00
-9.451683335957947740e-01
-4.130640027938996539e-01
-2.542660138278889370e-01
2.505507533916087048e-01
2.298975831840874839e-01
1.274818599131437580e-01
7.023353651207315806e-01
1.022134992929868424e-01
4.679727497270067538e-01
1.481611008877470326e+00
5.804853239934115727e-01
1.628932992449589889e-01
1.223146591628161417e+00
8.821830535041339516e-01
4.638663757080117023e-01
6.550918412889572551e-02
5.110151330539696168e-01
7.250800883667705143e-01
1.485322117241040019e+00
1.516497099924852598e+00
-5.160111391715300755e-01
-9.572419636793183528e-02
-1.048102702543491027e+00
-1.031288642102024866e+00
-7.036037315683074667e-01
-1.649275892208204697e+00
-1.111048922910219172e+00
-1.042113900342740873e+00
1.092184906763518093e-01
9.469692284922643921e-01
1.058944323365595963e+00
-9.283873871417558377e-02
-5.221218520581603073e-01
-5.025537121504441984e-02
3.293045851929314871e-01
6.282265571615894828e-01
1.174096343262937658e+00
1.281037332841600929e+00
1.519458724185141385e+00
nan
-1.456666271502402799e+00
-1.187942254523990160e+00
-1.743548313771254854e-01
-6.342561317365027485e-01
-4.887837302057120858e-01
2.228136845040715741e-01
-1.957366145090730036e+00
1.589807045772597682e-01
-1.010958533305106766e+00
-1.526482686086895857e+00
-1.361855256006539339e+00
-9.716436245206967470e-01
6.081515521940841218e-01
9.801347795479520286e-01
1.163105753030639455e+00
2.655068280830259475e-01
6.976242814945301518e-01
1.116756864847495478e+00
-7.686553447846971032e-01
-1.438946393509370925e+00
-8.779409951263517087e-01
1.790110990593391627e+00
1.702059525421872443e+00
2.869284927949060204e+00
nan
-2.659791586234229399e+00
-1.034446995338096364e+00
6.065814675825160762e-01
4.318090145417401438e-01
1.447165399144843434e+00
5.774302363005170413e-01
9.095333218937033948e-01
2.369495702968968054e+00
-6.583328971878676938e-02
4.572529227499488869e-02
1.520645342858588656e+00
-2.814959178045137733e-01
-6.368389133286025405e-01
-7.903354039503933670e-01
1.755890291063246345e+00
1.753752925254545403e+00
1.402339615854675259e+00
-7.000355247237171064e-01
-4.977848617790932018e-01
-9.931902917149066923e-01
-2.340908166077795727e+00
-2.296510344935806192e+00
-2.318864777596191473e+00
4.266120881768307171e-01
1.920547521851725392e-01
-4.619784462251281809e-01
-5.796077722895009998e-02
-1.079237015565808200e-01
-1.084778540805864111e+00
-1.175342604008360325e-01
2.033593585660975478e-01
-5.867613389727788231e-02
3.083329252709821056e+00
-1.629690086047426156e-01
-1.966293631784984397e+00
-3.860159236666493854e-03
1.787552146339743686e-01
-7.441186738416760704e-02
-9.665909741832834357e-01
-7.710534110374158701e-01
-9.296193239449332957e-01
-5.208216202436610764e-01
5.905937839348984753e-02
-2.592631222601813334e-01
4.297073969583671271e-01
4.577868967460303473e-01
-3.534332876687158453e-01
-1.364091452065375742e+00
-1.442421445117248124e+00
-1.491744383678256680e+00
-3.998354122908134300e-01
-5.312923069458563852e-01
-5.549623262527534351e-01
8.382881838811662156e-01
1.211501233012351797e+00
5.241391472896643755e-01
5.995456554053597564e-01
2.404133477966383658e-01
-6.584483250558159639e-01
3.385976492497291268e-01
-3.848496235608442895e-01
-1.252986902746437758e+00
-1.886705215078911646e+00
-4.258934738417070598e-01
2.267630503569590950e+00
5.264694477631488567e-01
1.380807962392189836e-01
-5.021726041830247844e-01
-1.183397181721096869e+00
-7.504021849300444025e-01
-1.032861087791311583e+00
9.150428749985657362e-01
-6.397204796009110517e-01
-9.247346174999684365e-01
nan
nan
nan
1.533972840939101800e-02
4.090219265756003253e-01
-2.654387869646868126e-01
-3.499972653144816093e-01
-1.078548917960321152e+00
3.610904813032878025e-02
7.508860119771751940e-01
-4.901905569061542067e-01
4.205765064763458128e-01
3.627611800989067881e-01
-3.619624566891532780e-01
9.299857306015342218e-01
-1.557317303957657995e+00
-6.456971645261613268e-01
3.197586251714938932e-01
6.859293831976076561e-01
-5.503998748932792395e-01
2.470544879918601389e-01
2.351145807179233493e+00
1.593051865284173196e+00
-6.261340252556024666e-01
4.080693268079627067e-01
-8.698232803346965802e-01
-5.890800367995328024e-01
1.274247436291557456e+00
8.137472954177260576e-02
1.607183244459324811e-01
6.301540079910030734e-01
-3.449509357389399788e-01
5.143013013739419215e-01
1.321349963943691641e+00
8.331856897850697941e-01
1.352319927744575878e+00
1.091011124886540173e+00
-2.082580333238417403e-01
1.152051061201652793e+00
6.533015366669250312e-01
5.173120403292377212e-01
9.329781265417338432e-01
1.029463821496666931e+00
1.679068520731790137e-01
-4.856022475862857846e-01
6.592828100786500833e-01
-1.481473500470365634e+00
1.561011834716991231e+00
2.367534496477624373e+00
-1.374161653919739878e+00
nan
-6.299841322612649286e-01
-3.693273575590709790e-01
3.561064105100624211e-01
3.389235721102723531e-02
6.838851714383000768e-01
1.637187519715501693e-01
1.311896093840143607e+00
2.190538037312994568e+00
1.592830389239654920e+00
-1.693662673392388740e-01
4.289932037241155349e-01
4.238921820573571253e-01
-4.286544689738489566e-01
3.333077827711816710e-01
1.203006871679668244e-01
-2.853044021304227407e+00
-1.535675672649594370e+00
-1.613867856435599268e+00
-8.446819413568835699e-01
-3.002436496675198185e-01
-7.435387436036706710e-01
3.987350808735525831e-01
6.988682605305021056e-01
7.187330726288267968e-01
4.930747165506326191e-01
3.449712659547472526e-01
4.604018751336176329e-01
-6.952547784581804002e-01
-8.509724505699489683e-02
5.036524630064453945e-01
8.092448291081617562e-01
1.058686716158017127e+00
1.156807519521111161e+00
1.353436037254148516e+00
2.804037250738240949e+00
nan
1.467110138431833022e+00
1.569547278225271292e+00
6.817209537258737129e-01
9.227843516482039377e-01
1.494138373689310129e+00
7.888635043431668770e-01
-9.117607011718487087e-02
9.678461262825965861e-01
1.350953672974993580e+00
-1.017255883405657091e+00
-4.998297409758194476e-01
-1.134113523837022797e+00
1.999247110929375459e+00
1.986922062687224155e+00
2.109680578889075342e+00
-4.328419708230697438e-01
-1.156301199097602428e-01
-1.177456393464524353e-01
-1.187395925086282444e+00
-9.376739087638155112e-01
-1.136887339378027217e+00
3.922230405357298721e-01
5.028784103071926026e-01
8.145180642214304712e-01
-1.178489264494448241e+00
-8.494875079938490892e-01
-1.147092887125567229e+00
-3.743777421369722802e-01
-1.299702230458521512e-01
1.847572630175471353e-01
3.225112985084996886e-01
8.107195997793312792e-01
7.239242016877902586e-01
-8.999848618793486743e-01
-4.829775031180902900e-01
-6.441511036553970726e-02
-1.242834172403293191e+00
-9.095170633306959296e-01
-6.276043379760434249e-01
-6.631590601740846580e-01
-1.314356352230507952e-01
-2.055656860820511689e-01
6.670163339096992772e-01
1.062247099603776057e+00
1.065522202921214578e+00
4.670732390900389497e-01
-4.951718241484499572e-01
-5.755298764559078073e-01
-6.006411590793496735e-01
-3.303129758427982843e-01
-1.181268387881779791e+00
9.620779888283612635e-01
6.452327174005749733e-01
7.454866924758349889e-01
7.906818806043296455e-01
1.034665952769127095e+00
1.169514116929135206e+00
-4.240494990892007543e-01
-3.037454311339526924e-02
-1.388894405493363848e-01
-1.049571072497856417e+00
1.908311025114528547e-02
-1.187496388111691337e+00
9.274790409433135707e-01
7.660768701372950851e-01
2.487643654245874636e-01
-8.839414558017644197e-01
-4.693701066037112568e-01
-3.430527328025889666e-01
-1.451170081754975083e+00
-1.286651304967961984e+00
-1.148087273824096366e+00
-1.529160449539344047e+00
-1.059041421954044715e+00
-9.676845911673197520e-01
8.802052309071362046e-01
6.052479047025265402e-01
5.919324508007250962e-01
2.772747428759991806e-03
-3.740386953570520312e-01
5.997578314939335797e-01
3.419109493884056050e-01
2.307054291037342608e-01
2.573747882593617753e-01
nan
-2.799295532103426076e+00
9.220192405954419357e-02
1.097042979799054407e+00
1.469397246659737810e+00
8.683992504048303473e-01
-5.753322807340564005e-01
-2.621404983520933651e+00
nan
-1.355036129727573924e+00
3.124266067705576688e+00
3.128326213024166691e+00
nan
nan
nan
8.813526521564414296e-01
1.003867259231446596e+00
1.457756549137486424e+00
2.409319412665421822e+00
nan
-1.567167806599612412e+00
-1.140209349525713733e+00
-2.290692900553816358e+00
-8.664391964131405999e-01
-2.493778998860910701e+00
-1.594412862678210363e+00
1.067747616389008947e+00
1.742740135957478564e+00
2.770421409128219103e+00
nan
-2.715749662584103774e+00
-2.643961861331183716e+00
-1.828011139736080093e+00
-1.963139380311673676e-01
3.032102120867384620e+00
7.055291751892203145e-01
-1.469024247509165493e+00
2.677158403746171089e+00
nan
1.278371068661923182e+00
1.223180769769697029e+00
6.176102711700326431e-01
nan
nan
nan
-1.991839701920459671e+00
nan
-8.214242987354820613e-01
-1.531059220542122068e+00
-2.947990744558496079e+00
-1.453487889916021514e+00
-2.923019841378611261e-01
-4.073660191610146697e-01
1.015992986016158284e+00
nan
nan
nan
7.242859266653356443e-02
-3.616337458009994954e-01
-3.727465505833835735e-01
1.843562154114097851e+00
2.734572436003704254e+00
2.732513783665511120e+00
nan
nan
1.318809906368699103e+00
-6.888660179072232381e-01
-1.344734875056887269e+00
-8.093346499490943202e-01
nan
nan
nan
-2.093973683674037911e+00
2.693978620500089960e+00
2.700693408988900757e+00
-7.212097538608128744e-01
-3.652306659349164875e-01
3.041167785337508533e-01
nan
nan
nan
9.849223184907023310e-01
2.910645588746105794e-01
6.293335670549193850e-01
-1.419858001627559707e+00
1.745647721310160883e+00
2.325914294649781944e+00
2.354425922247447289e-01
9.097919498819413420e-01
2.190520694331865137e+00
-1.016424848963011662e+00
-1.207880620429122809e+00
1.621993180450972183e+00
nan
nan
nan
1.039796763698514148e+00
8.759352237007629327e-01
2.928645087653665158e-01
2.758842779262249856e+00
2.141879896739683709e+00
3.241091848244659346e-01
1.872530208700208476e+00
nan
-2.428824238757130605e+00
-2.704265439624403022e+00
-2.566717189195390159e+00
-1.120420680060111529e+00
4.130536658726926547e-01
-5.685605458743592244e-01
-3.671569728399903809e-02
7.948981601018858534e-01
6.574310332124237988e-01
2.219200016918612128e-01
1.238347050876372535e+00
1.434518074659618669e+00
8.391058553090382510e-01
-4.084342250990946610e-02
-1.324085096996811206e+00
-5.266961773202800678e-01
-1.790108402182855052e-01
3.986455301351465863e-02
1.797275557192046236e-01
-3.097560393613179031e-01
-1.014045789665056319e+00
-9.700879763451997206e-01
-9.018776371642158729e-01
-2.249876564134165591e+00
-7.357743084511256804e-01
7.136534380097527830e-01
7.573581748573032790e-01
9.031652947909192264e-01
4.205329768522645395e-01
8.494341901571722531e-02
3.611722038510083443e-01
-1.345346338690167620e-01
-5.685263687140595934e-02
2.488607843191941171e+00
1.668778518357363794e+00
1.380507176664081292e+00
1.537821903059409578e+00
-5.364762069544095624e-01
-7.269304246303942563e-02
-9.632180558331482345e-02
5.017777006060515355e-01
-5.686303273513009238e-01
-3.245264175292117415e-01
-3.060029834348107602e+00
1.462500466406731370e+00
1.399540299341245131e+00
7.107416437954370281e-01
5.661568021465006595e-01
3.073325870030405582e-01
-3.960023902600178225e-01
4.899936080528553006e-01
-1.291966924342702328e-02
nan
nan
-2.793800592899129409e+00
-2.240607172556623450e+00
-1.250413404027458597e+00
-1.064457441195879372e+00
-2.282336523914796800e+00
-9.841899150318695888e-01
-9.256619911615149299e-01
-2.914696682683377560e-01
3.574156927047411614e-01
6.877704847808363553e-02
7.664182220167141679e-01
5.832566137155015262e-01
-5.634435506126491688e-01
-6.539148996450143692e-01
-1.695520144795636952e-02
-2.805667010749988144e-01
-1.654233033913208528e+00
8.239973173694004061e-02
3.447978635972885897e-01
-2.131050181426306089e+00
-1.556454230040778208e+00
-1.601373925671117027e+00
-8.386265912494184072e-01
-1.059491156453310712e+00
-8.527577453988883782e-01
nan
nan
-2.652706678595384560e-02
2.176702804296859917e+00
2.046386743494289284e+00
2.043838388811254347e+00
1.925000850554757115e+00
nan
-4.406629607186647313e-01
-1.830431380266165142e+00
-8.900476625669822006e-01
-7.615358492490984510e-01
-5.421946811682474276e-01
4.015036585902724831e-01
-8.544848381479375199e-01
-7.005289570356234563e-01
2.059339625555391962e-01
4.220983465007837054e-01
-1.621086810679674972e+00
-5.540496284537779204e-01
-8.941556336166556207e-01
nan
-2.872122043931706337e+00
5.766469757669128171e-01
nan
nan
1.424178463486974522e+00
-3.306868839370182833e-01
5.366565120997011107e-01
-4.038706524542097220e-01
-2.148146654288318746e+00
-7.548948081436437363e-01
-1.093608672530237858e+00
-1.122707172137362708e+00
-1.854707438046699464e+00
-2.406513139526829992e+00
1.822073103963889551e+00
nan
-7.631582698005852095e-01
-2.159722095886132287e+00
-8.320419237766634168e-01
-1.013875402322730768e+00
-3.943842817460119221e-02
2.700199089205269409e+00
1.705175602766258791e+00
-2.442192858966536484e-01
1.074444116496476198e+00
4.102119653878628647e-01
-1.829543840662608334e+00
-1.359904255259110961e+00
-1.354102195814010035e+00
1.457896466366750410e-01
8.695256899037611120e-01
7.044666924269495922e-01
7.543961789629869408e-01
-1.778550975987247540e-01
-9.923547805760253304e-01
-1.031522342256763647e+00
-3.629456029395172756e-01
-4.635085292273619650e-01
-7.709720915138480457e-01
7.078518694404674072e-01
-2.491396902242533073e-01
-5.201772973210476714e-01
-3.227963055447125029e-01
-2.121694393813768897e-01
6.607123492027566769e-02
-2.633466896508931843e+00
5.306269618871706228e-01
nan
5.891086388622337466e-01
-2.148909186535510329e-01
1.707500134615599130e+00
1.508819144906232701e+00
5.753848306824678183e-01
-1.137157612334287027e+00
-1.146731671047282353e+00
-8.346345819738782978e-01
-4.797737954286298567e-01
2.701572339450080129e-01
-2.027908030159459862e-01
-7.092385136253298583e-02
3.401655976165418593e-02
9.688688833321430494e-01
2.804819426686546713e-01
1.154473554542215119e+00
8.751662536674329473e-01
-1.199165473394456338e+00
-5.938377100819423049e-01
-1.017936686476014430e+00
-2.107762775509866238e+00
-1.776784060070585536e+00
-1.401497807503101267e+00
6.186571601647554708e-01
8.290623748019321226e-01
-7.479753294006430409e-02
-1.344743687064430038e+00
-4.912439179587346771e-01
-8.709767988505103808e-01
-2.059571654004996866e+00
-2.185768581828693158e+00
-1.123571956797247307e+00
nan
-2.512480688645843063e+00
-2.607322526697573473e+00
5.383525833451914266e-01
7.174069533959368528e-01
6.919478869109711994e-01
-3.811145720828168493e-02
6.621271090292419892e-01
4.392228723136146762e-01
nan
-2.475592100380764382e+00
-1.607297431201219151e+00
1.234113553597538271e+00
7.550760979499764325e-01
4.498028247762526632e-01
-1.408806097979113936e-01
6.435373107201685094e-01
2.003768216323944529e-01
1.537510928305082736e+00
1.942059805565031994e+00
8.159464763755730488e-01
7.258059078535068487e-01
2.504652402077943485e+00
1.525189774318955749e+00
7.831853510100565963e-01
nan
-1.537923861521847346e+00
-2.516560845415893866e+00
-6.262212398745519160e-01
1.541035547654506566e+00
2.876136230643992597e+00
nan
-2.009770417568625511e+00
1.163773778228503808e+00
1.447734474764736490e+00
1.132733777272809661e-01
1.800771239952495328e+00
nan
2.844736905256042725e+00
1.379817373887061827e+00
1.853067429605556704e+00
1.788577449249104667e+00
nan
-1.977938189806012659e+00
nan
1.240850642418881655e+00
1.054585373417626926e+00
8.560923237174704603e-01
1.242906025494975530e+00
3.116106020263762488e+00
2.003993011317609430e+00
1.890351684494753215e+00
2.578383559519937585e+00
1.186631295479390502e+00
-6.761366110830553389e-01
4.994663791912095085e-01
2.298460961874617681e-01
1.862946575927280968e+00
nan
3.011165837531768474e+00
2.210934345740802165e+00
nan
-3.122114735318531231e+00
5.021117209207028864e-01
1.072923958421134749e+00
1.060396520636257556e+00
2.765334305625883893e-01
1.173158137084531205e+00
2.347737451227369654e-01
-9.118205332231332783e-01
5.892123955129124901e-01
9.322460939167109828e-02
1.645989478248109705e+00
nan
2.354145958821576734e+00
8.534879831283519458e-01
4.707090095723827083e-01
-5.626855562274490907e-02
2.238679130162209319e+00
2.067275367195053448e+00
9.410006626279709963e-01
1.899289712328412705e+00
2.471153377410556296e+00
2.040784305161104761e+00
-5.402444215725630272e-01
4.676211763593736137e-01
-7.106796797777472641e-01
2.096806314340102340e+00
2.350832586317331163e+00
1.157817222528935375e+00
4.872558846368502117e-02
1.008096518802777730e+00
-3.169508546146082573e-01
2.831705726384292632e-01
5.578486864413267909e-01
-4.829933053090682549e-01
1.206066105439043135e+00
1.034264590610362688e+00
7.523973081750878755e-01
9.888292469054080769e-01
1.297463050092988901e+00
7.704653552084383961e-01
2.352792854545175949e+00
nan
-2.453135047885288689e+00
2.370943028732710900e+00
2.740998528383756572e+00
1.578261635266904328e+00
2.355681809614048383e+00
nan
8.706806057216409656e-02
1.547528033934817415e+00
1.978199253629369991e+00
4.204287472071577270e-02
1.828133494747033794e+00
1.845317788197308850e+00
9.759773090652501537e-01
1.535532589700578043e+00
2.454719829699661737e+00
1.445794832853220413e+00
2.853525722545837695e-01
2.620946531518475453e-02
1.128005960084935033e+00
1.304594186406607292e+00
6.647941400445214200e-01
1.595765465632012159e+00
1.413129829579111707e+00
2.004976202643240057e+00
-9.682198306042333336e-01
-2.366576280185364034e-01
-6.980390068424684458e-01
1.316868256623952682e+00
nan
8.581029153657508957e-01
1.803242681478225862e+00
-1.453444389126506975e+00
-1.801661707221965836e+00
3.133945624078732450e+00
1.179786760637497878e+00
5.696260986100645241e-01
-1.469240000723906814e+00
1.236994922860675139e+00
7.417073355920087430e-01
-1.310749414569106541e+00
1.674734416681599392e+00
5.375963791484896781e-01
1.760310297239257693e+00
-2.524698614018591414e+00
2.463105859978005796e+00
5.124324408044551582e-01
nan
1.144946844211085946e+00
-1.087144292681876401e+00
1.636538548401703430e+00
2.855668796365701034e+00
1.243865618591189381e+00
2.693062527488880420e+00
2.359019739949016703e+00
-3.056442675614019500e-01
2.961118732913874396e+00
1.473994638381001643e+00
2.761195057539909570e+00
-2.960924536683036123e-01
-6.573842918996182227e-01
-1.600725138028306294e+00
2.396260121307718371e+00
2.405537805060333767e-01
-1.955875159348203773e+00
7.983068552552938790e-01
-4.174323041350800345e-01
-7.078936770742849660e-01
2.128796269082740444e+00
7.462658465341602820e-01
1.311391703358599337e+00
-3.347444588128083431e-01
-1.275809453306383512e+00
-2.369513860712280984e+00
6.170406259859957387e-01
-7.745419331997385193e-01
-2.211170862697367401e+00
-1.512229156097705696e+00
2.573940558541974788e+00
2.702015342025136491e+00
-1.204728152903131955e+00
-4.634720063744799390e-01
7.975031214914607425e-01
1.316042143118781205e+00
-3.985912934009574471e-01
-9.791257346518005278e-01
7.454735193761283796e-01
-3.247731767411989878e-01
-7.713250802259818961e-01
nan
-2.595018411886224730e+00
1.343499926249178245e+00
nan
1.930785730305277781e+00
nan
3.967578029429716935e-01
3.481407857280700568e-01
1.268528402621512896e+00
3.303432383069733191e-01
-6.980667515162282122e-01
-1.832623544115968839e+00
1.841235331742452352e+00
8.312436381707053457e-01
1.990767167021252781e+00
4.935534982369533807e-01
-5.032313710921343386e-01
-1.602527694273619296e+00
-5.984873568123663112e-01
-1.233442804636811330e+00
-9.415271361087445001e-01
1.290303086064533922e+00
1.183348660740244362e+00
2.756849183387154234e+00
-7.984114205896331029e-01
-6.391266562432780240e-01
4.424307807471246079e-01
-1.587975398207783995e+00
-1.748430445617660478e+00
-6.736130855653144067e-02
1.024770433835367811e+00
9.475612555283214888e-01
1.841861164583416866e+00
1.281057746307912026e-01
-3.750384818836489664e-01
8.823969403702838221e-01
-4.384224990475216188e-01
-8.776617087260722982e-01
3.093447288132522566e-01
8.623190485576310849e-01
-7.442501857887862116e-03
1.558732150420977014e+00
-3.809783492258573823e-01
-5.451571125718270849e-01
2.617283547709527980e-01
-2.554896095714749293e+00
-2.247717243341173177e+00
-2.147123479945447500e+00
-4.514437309804257836e-01
-1.425875054345331350e-01
9.761452449744458804e-01
1.278789134726614485e+00
7.298298192424943487e-01
1.715854765097946988e+00
1.221973018551564039e+00
5.493486323741789690e-01
1.830784933802259040e+00
-7.945176115583261200e-01
-4.219447497488078014e-01
1.047055959604209718e+00
1.122793252495015714e-01
1.924292255746271607e-01
2.754222860606357237e+00
1.013005269134763964e+00
9.950563044516655964e-01
2.371693238297413409e+00
-2.166428623990062086e-01
-5.124601080804289666e-01
6.401472102630463290e-01
-1.196710396856141667e+00
-2.922421706217360082e+00
-1.639386772388562674e+00
3.643720556483498463e-01
3.021781160652206033e-01
1.416339780278009997e+00
-1.651532408935692864e+00
-1.302251747642628743e+00
-9.237709100810320706e-01
-2.326249956815308995e+00
-2.254507857653545333e+00
-2.810498357535706315e+00
-1.255326877740924996e+00
-8.734617335372734104e-01
-2.348750264697527790e-01
-9.706182633656661451e-01
-1.422991228185951584e+00
-2.577126158521862997e-01
-1.090161845096093707e+00
-2.492048513878213356e-01
-7.147045751808005498e-01
nan
-2.421782792545549512e+00
-2.271111667092154285e+00
2.375799181127526971e-01
1.448514096745547874e-01
-1.106757109935299077e-01
-1.625168060342377041e+00
-4.953242837521192321e-01
-3.703327576130481802e-01
7.908776149741894024e-01
6.082705047804215504e-01
1.996427221190590906e-01
-1.831948158674996607e+00
-1.085955095280675131e+00
-1.060053333190910774e+00
-1.720864696007235572e+00
-6.497507940167235319e-01
-1.014904687368227254e+00
1.518533169804092253e+00
1.487238569963063917e+00
1.061095624854528019e+00
nan
-5.932932697531789756e-02
-4.247623466153829241e-01
1.384290991553660533e-02
-4.168898511962120246e-01
-7.592251869843256173e-01
-6.638839655761223923e-01
-4.328000381695882304e-01
-8.087002866748504992e-01
nan
-2.790578142154074293e+00
2.653300638645964327e+00
2.221930923468474539e+00
2.197126005140026095e+00
1.469108191334413505e+00
nan
3.211893179024736256e-01
-1.932272534878349823e-01
5.323632399515298985e-01
-3.586920611062498487e-01
1.076706749763225446e-01
1.216684468869718039e+00
1.139935929053196517e+00
7.451946696263429537e-01
1.430843963659055973e+00
1.338045672354012616e+00
5.346638148620339592e-01
-1.434010301618716232e+00
3.834344360794430528e-01
nan
nan
2.605491750660235972e-01
2.408138210365606824e-01
nan
1.144964468895461884e-01
nan
1.011631463647010953e+00
6.149695312379006573e-01
3.446985710687755500e-02
-2.407462547943679532e-01
-6.214194957765992733e-01
-1.489558608029909692e+00
-2.517368446930464021e+00
-3.562497078805941797e-01
1.014601193461217576e-01
1.643864313727472215e+00
5.271126658494091899e-01
-3.963049349529841336e-01
-4.614188650481358955e-01
8.434890049862397987e-02
1.084975368512117733e+00
1.676350785410802402e+00
1.575129642238523253e+00
nan
-4.427491344709815202e-01
-7.718894191305634145e-01
-1.588124503303997681e+00
nan
1.542586078140964823e+00
2.794608728441219547e+00
-3.870825105181148196e-01
-1.998267967705420922e+00
1.278095734723338595e+00
8.225675053105145906e-01
-2.433938097915255838e-03
nan
7.331583427479517745e-01
1.483512469016150526e-01
-6.946837493660749097e-01
2.161724138411229568e-01
-5.423145504396922334e-01
-5.995366418968020028e-01
-2.887969830220879608e+00
1.329358730000813615e-01
nan
2.848946811712068872e+00
1.874302063890953107e+00
nan
nan
-4.591857258614715498e-01
9.615039419752307026e-01
nan
-4.134534531213311936e-01
9.709872509590029566e-01
1.831150024401080323e-01
2.031043663959124501e-01
1.199387730197885027e-01
3.816878423854523916e-01
-1.048605266658442225e-01
-3.455598117004989867e-01
