1.619046893203727855e+00
-7.903929648884071568e-01
-9.133845973851748568e-01
nan
1.040325294445008097e+00
1.636163100503286394e+00
-3.043520215836727161e+00
-1.270500579635889027e+00
-6.549487264475755133e-01
-3.083624654449111713e+00
-1.579638094749241883e+00
-1.217173474482002193e+00
nan
1.585748414250442551e+00
8.394126221922078024e-01
1.592759196565713964e+00
6.630121084713280766e-03
-8.050487827282863940e-01
8.265214500694506583e-02
2.348277957106543745e+00
1.861582342249616495e+00
-4.843277147796563042e-01
5.774240288243248642e-02
4.538447850188620514e-01
-1.548396254415647544e+00
-1.162382161248947776e+00
-1.181779288512976089e+00
5.812211904288413500e-01
-1.037113591559035708e+00
-1.074520103116342273e+00
nan
-1.274606953795485165e+00
1.138580965589539140e+00
1.204903522287766648e+00
1.012112087797420124e+00
1.704215038794702153e+00
-3.749152707482745761e-01
-3.399961755559024468e-01
-7.890723737818650108e-02
nan
-9.125696757955519267e-01
-9.240611700483509772e-01
1.643360769683251732e+00
-8.806848879883553138e-01
-4.611554679921430200e-01
1.764750713271078908e+00
1.228646677852052171e-01
1.387961614750361505e-01
-1.499894843518982945e-01
-5.380200353758470833e-01
-1.106953558136193561e+00
2.951554983696488499e+00
nan
-2.203814428893884791e+00
nan
nan
nan
-2.644763670635295938e+00
-1.153686310300419571e+00
-1.373464148097308435e+00
-6.225848493526031646e-01
3.277002768264689614e-01
-9.708945410456935043e-01
-4.308551302759395796e-01
-2.698890783448751218e+00
-3.029230160221918045e+00
-7.987034450674426189e-01
3.547136136529349670e-02
3.800956841532512342e-01
nan
nan
4.916216537892186267e-01
-2.396679268844086330e+00
5.040578599087037759e-01
3.660986500152838552e-01
-1.225889857719437037e+00
-1.782696608352918988e+00
-3.630484855668845157e-01
-1.946109942999006082e+00
-2.889585085486069183e+00
-1.474668148950085911e+00
nan
nan
-2.942578597463314516e-01
-1.850917975637566437e+00
nan
-2.236221823024940658e+00
nan
nan
-8.326502233447077295e-01
-2.215940138868758069e+00
-1.625102017510717589e+00
1.163827066229398355e+00
-2.258691290229618787e+00
1.005438103897751567e+00
1.487934328187640709e+00
1.441369301048694318e+00
-1.623277728116612195e-01
-4.517268448401394743e-01
nan
1.739944460320957731e+00
1.298896182249237974e+00
2.137410087934056513e+00
3.257800251297262584e-01
-1.794951668433695247e-01
-1.874962694942785557e+00
-9.889876084854787308e-01
-3.919243644582914854e-02
2.245073009335415648e+00
1.045925343836195509e+00
3.648007135736190953e-01
-1.580908340721381755e+00
-3.132592261284963708e+00
-3.571731657509635838e-02
1.547662090461233930e+00
nan
-9.434597692217527864e-01
-2.742143087915395405e+00
-6.080509781059673102e-01
-4.827342415159554534e-01
2.052056896417074228e+00
-8.926610769707852278e-01
-1.536445779115287458e-01
-2.204336888340628686e+00
-2.292031007356897909e+00
-1.410465633820176867e+00
nan
nan
-2.941566534196140559e-01
-2.316713053945847367e+00
-1.306609177392059395e+00
-1.424240508042134312e+00
nan
nan
-1.587278057973697587e+00
-1.802730266451437746e+00
-1.251120551072580245e+00
-8.643275232292144672e-01
1.497210049766042772e+00
-8.951732111486685461e-01
-9.096715551894272167e-01
-1.400788693625245829e+00
-1.688084239521939978e+00
-2.510906298104780277e+00
2.842123300808194308e+00
4.933723740909012889e-01
4.221367258219097529e-01
nan
-8.880431817543996686e-01
-7.833949115083154169e-01
2.960863540537640226e+00
nan
-1.668168799587982143e+00
-2.748917307103249108e-01
-3.634503196327578678e-01
3.723580050513675133e-02
nan
1.203382952713118570e+00
-1.387019042884346298e+00
1.885071555567927604e-01
-1.397838345937091553e+00
-1.587527159021183243e+00
nan
7.421865146721753348e-01
2.254940076016745287e+00
-4.758627886407098551e-01
-1.786994947245497567e+00
-2.492157379479518209e+00
-8.216402038356678261e-01
1.893506880668170744e+00
nan
nan
-7.567953683749757410e-01
2.672657252751133861e-01
-2.945425907773806085e+00
1.302125256135857612e-01
-4.512870787722311761e-02
nan
-1.057937531360622962e+00
2.796693910218945867e-01
1.494099515841120329e+00
-3.675472161960557926e-02
5.857834880496208818e-01
-1.956990570208871461e+00
-1.564222419026914501e+00
-6.785007025631761834e-01
-2.067973098389426667e+00
-4.691559297902943015e-01
-6.332299394144689231e-01
-4.159752885084309071e-01
-1.751017587639527084e+00
-2.011659256669849682e+00
1.984862999038450759e+00
6.966540709046982194e-01
2.218671129483843707e+00
-2.124496132198668619e+00
2.306618481693809564e+00
nan
nan
-1.821671379901079302e+00
-1.663205221000131129e+00
8.652583356790914948e-01
1.334424133372307253e-01
3.166187081497220390e-01
-2.825067733545907345e+00
-3.992198897977186078e-01
-3.457475095819808608e-01
1.552662281332657379e-01
3.103593257568544317e+00
1.355177116480432709e+00
2.162596538172437910e+00
5.134943604736186273e-02
-1.952885769707689789e+00
nan
nan
nan
1.976608841547855988e+00
2.500008004124627981e+00
nan
-2.561787031014680860e+00
-2.966128234339490799e+00
1.451131695696630253e-01
2.673995415210494997e+00
2.410961796392471435e+00
nan
2.799602156848558288e+00
nan
1.239618914469258648e+00
-1.809609902528345859e+00
1.773499820333383603e+00
nan
nan
1.506199011641576213e+00
2.156229442632150217e+00
2.411404653277187116e+00
1.687893996691746779e+00
3.090324914112486887e+00
4.736415332844603476e-01
8.373914232363381949e-01
2.209612308128537705e+00
2.073452733742723098e+00
1.090489006913689884e+00
1.723374655256189492e+00
-9.241521548176678813e-01
1.119620109146662656e+00
1.646126509096647261e+00
nan
2.106985719440525706e+00
nan
-6.032967102776725099e-01
3.861733584328370661e-01
5.487422762958518163e-01
6.284169521967442051e-01
-1.088138240125591238e-01
4.008054467314638991e-01
-2.603514291361356925e+00
-5.817232058682062501e-01
-5.342669621385196521e-01
3.123525093788500406e+00
2.328295136192884307e+00
2.569824531227631326e+00
1.176760161488511258e+00
nan
-2.556535502517847558e+00
-1.682747093356292689e+00
2.423536398711219064e-01
2.502136453774710390e+00
nan
-3.139511258080492695e+00
2.928292215540460930e+00
1.564675648681637554e+00
1.662627715774662285e+00
2.859766759999312846e+00
-3.135924566299099769e+00
1.624107986359794253e+00
6.550154655745741294e-01
nan
2.707466132954585269e+00
2.230238193618668596e+00
nan
-6.910754753344452439e-01
4.736430605460473231e-02
-5.199548267997200490e-01
-1.477185268126602224e+00
-1.057975019494365565e+00
3.121332276820120377e+00
2.614140323807040645e+00
1.826526707798942439e+00
1.063265814992280234e+00
1.257022283938939999e+00
1.061981308451581896e+00
1.520526690615318088e+00
1.884229299487829579e-01
-1.775859493026490377e-01
-1.149254212150934151e-01
1.189885480974471221e+00
1.204659148600084606e+00
9.102349347488472020e-01
3.029134744557442360e-01
3.073702611094799586e-01
nan
4.888742556607321710e-01
6.574705063925532222e-01
nan
-1.275900464418012970e+00
-6.352512407114740967e-01
2.995463854435448603e+00
nan
2.957101569856701140e+00
nan
nan
-1.351380950366599665e+00
nan
-4.399875989803780918e-01
-1.110143764639377473e-01
1.807381086831655992e+00
8.666365307894379200e-01
4.280669209263185948e-01
1.142502734180778745e+00
1.951501957436104107e+00
1.228353147220223818e+00
1.414964691938709329e+00
nan
1.407228565593000802e+00
nan
-2.178636116362373087e+00
2.458614088967050471e+00
nan
nan
nan
-1.729129059522490186e+00
-1.930625605763204744e+00
-8.803556687969966710e-01
-2.679501068989592838e+00
-1.742969133474743471e+00
-3.448141981294372549e-01
-8.604014331590543740e-01
-2.128393419995192382e+00
-1.309588161554248842e+00
-1.823386452358112919e+00
1.363473997461372988e+00
nan
2.505307377301489780e+00
2.304685627810526327e+00
9.966120749539548740e-01
-2.972231342500379014e+00
2.289498631043345611e+00
1.085336110019643918e+00
-2.395981871168419541e+00
1.298461438533164980e+00
7.764006187557672689e-01
-2.454389004116981798e+00
-2.505881295264159370e+00
-1.500906700586089215e+00
nan
nan
1.547043427815459893e-01
-2.731408963127020417e+00
2.466261572264146551e+00
2.488534695552838016e+00
nan
nan
1.414014463149881884e-01
2.747842575129489262e+00
1.235658068056014969e+00
6.757893785256907648e-02
-1.481907353367531988e+00
9.777517824332049301e-02
8.453584947658665527e-02
-1.176740065462207996e+00
-1.476476953218765154e+00
-1.730652849842951202e+00
nan
1.314790315818386901e+00
1.355390604231951457e+00
1.848498306600911967e+00
-3.924336788727895708e-01
1.528202410088015384e-01
-1.819104361200082787e+00
1.760865530555002501e+00
1.505661942371998130e+00
-5.266109897693218578e-01
2.530777762812154386e+00
1.431725246745720881e+00
-2.220303712404405605e+00
-2.921982173208709010e+00
-1.643413258091534157e+00
8.109405743767257313e-01
-1.211402375831394762e+00
-1.899186640989208641e+00
nan
-2.410999094582232605e+00
1.887759998734925837e+00
-1.368807418268129794e+00
-1.546720039884690534e+00
-1.289269289740439639e+00
6.758086548020174611e-01
2.600971578085188973e+00
9.607822456632870711e-01
-2.142335602354051183e+00
5.829946002069199551e-01
1.598912803309197272e+00
8.519197738661219432e-01
-1.274161955195434182e-01
-9.339954521035882529e-01
9.150873165866268977e-03
-8.569820199609807787e-01
-1.862005466985761082e-01
-2.758384334037992325e+00
9.172132058222688400e-01
-1.141393498795872929e-02
1.656273945606447917e+00
1.731197227701732011e+00
3.911862361237794516e-02
1.265218289770897897e+00
3.208951998571918374e-01
-1.284245020342568155e+00
nan
-1.903495521729987594e+00
-1.933873425691588377e+00
nan
-2.737471950509438923e+00
2.032352682467137406e+00
-1.564021229054153750e+00
-1.092599332608958917e+00
2.323277220415650213e+00
nan
nan
nan
3.133775580241642267e+00
1.176748135623490121e+00
-4.570280059307920695e-01
1.868654011067795828e+00
4.132684910714687909e-01
-3.401654255204160648e-01
nan
nan
-3.051918357308077923e+00
nan
-2.620343663428551739e+00
-5.567404344054911469e-01
nan
nan
nan
-2.639476619190377349e+00
7.833896895447267639e-01
-3.521946870332195445e-01
-9.850788224427429185e-01
-1.119186093087794376e+00
-1.457389082220625687e+00
2.553315425426244900e+00
2.288786488251039586e+00
4.674376125583461494e-01
-1.937125588018074662e+00
1.848735658719560249e-01
nan
-6.698477561680640235e-01
-2.373095356927823474e-01
-8.918080238298640161e-01
-1.053477189031403416e+00
-9.381582113085977781e-01
-5.397253492521167928e-01
-7.742335690917827584e-01
-9.800517529820913509e-01
6.247887097953399582e-01
-1.494290742900985958e+00
-2.341370230272825648e+00
-1.171562149923364604e+00
nan
1.023458705696329574e-01
4.671857104594501209e-02
-6.825757312311075964e-02
-1.647097438271693415e+00
-2.070069042510594315e+00
-1.372319986031940831e+00
-1.928382652886470261e+00
-1.551871451133509661e+00
-1.602643084792513495e+00
-1.496110745667841746e+00
-7.771918723305768495e-01
-1.176737067502032552e+00
-5.968773046263500248e-01
-4.948558294133582613e-01
1.152604878454335235e-01
-1.651161185343081206e+00
-2.017977134867565248e+00
-8.030900655552786205e-01
1.216994873489404050e+00
7.174934626204940713e-01
-9.426127120189047304e-01
-1.928382652888150028e+00
-1.789128629777972046e+00
-1.352257985566636123e-01
-9.635751044964084855e-01
-1.103036694366349657e+00
-8.566712572150949612e-01
5.394203886461443886e-01
-5.156870382816602927e-02
6.969849737027797865e-01
6.292752006349022764e-02
-1.419008855519585666e-01
-4.619881669969192473e-01
-7.083626482778808686e-01
-2.853962573652268908e-01
nan
2.161364915800144004e+00
2.210589137118494918e+00
-1.022956847091854193e+00
-4.419797353955421393e-01
2.599164394981565707e-01
1.254476478287727126e-01
-6.957053544699949299e-01
-2.095836176186014477e-01
1.521566581245894945e+00
3.675557143956749151e-01
7.566911024197935376e-01
-3.133867859309508397e+00
-9.342615420762081513e-01
-9.052206677755578745e-01
9.146168620011749795e-01
2.785681690797052745e-01
3.357739396918222319e-01
4.900212157939352053e-01
3.413715400681334167e-01
4.315490804290891269e-01
-7.716536446719461928e-01
-6.294719524546947831e-01
1.021454001471457929e-01
-1.140533729090614568e+00
-3.707703751627282607e-01
-3.928797405580732871e-01
1.755109062560040734e-01
-1.041027272475333554e+00
-1.319184600616115421e+00
-1.988468954185755200e+00
1.459754643163109655e+00
2.512942508161667199e+00
nan
nan
1.552160782420752838e-02
nan
1.686139594780562412e-01
2.326866924104189494e-01
2.371296188321101894e+00
9.853476421709936872e-01
4.731787431067235872e-01
1.900360625880999521e+00
1.502605865988534184e+00
1.336545652556015540e+00
-2.984799572454004846e+00
2.848968168316505789e-01
6.306357663418911130e-01
2.557014727549020705e+00
1.021242184235398476e+00
-4.450962570978185262e-01
nan
nan
4.048127879120340111e-01
1.331945261556445104e+00
1.909816225804066292e-01
-6.108074370443103973e-01
-2.448772802734901166e+00
-1.700849148298201108e+00
-4.900903866166439471e-01
-2.242774084522336508e-01
-1.471568534565483644e+00
-1.405090639943845865e+00
-2.897906623252557878e+00
-2.927975746047293271e-01
2.031150934782301576e+00
-5.940182733749552746e-01
-1.754258736579558997e+00
-8.206904456095749367e-01
-6.532381568755392109e-01
-4.031735139560281844e-01
-2.507847462056762566e-01
-6.771034388767049883e-01
-7.099495103164512599e-01
7.118720064529249214e-02
-1.611839255395083770e+00
-9.074106959630188207e-01
-9.189428308431759618e-01
nan
-1.678501121175468569e-02
-1.972623182250532459e-01
6.811118126270203632e-01
-4.615482371613932600e-02
-7.944874838917503901e-01
nan
-1.705567652620032293e+00
-1.271653538860954891e+00
-6.325869318433552380e-01
-2.743527188477816736e-01
-3.204615971318145462e-01
-7.228390699884639226e-01
-9.931602876002454394e-02
-1.956366907383921827e-02
1.634356152685477959e+00
-9.070827311490958778e-02
-9.908177990196573859e-01
5.463062249218633148e-01
-1.811820702371251812e-01
2.217408376544565130e-01
-9.416903455162985992e-01
-1.964169767751341888e+00
-1.264675386549655833e+00
3.966864297560763752e-01
-5.026244993553774520e-01
-7.252642127525597004e-01
-2.176044231498077686e-01
-1.022345388097769536e-01
-1.691054734004131532e-01
-1.478647871875660158e-02
4.055491857162496494e-01
6.285322264060999586e-01
nan
-2.088789636505349989e+00
-2.090244430944816489e+00
nan
-3.041271824407885127e-01
nan
1.394913564265574557e+00
nan
nan
2.600110251016746865e+00
nan
-2.010923773641271950e+00
-2.908687420695046821e+00
2.786984948077905422e+00
2.936223353261306457e+00
nan
-1.071863499948556342e+00
1.950524447432774089e+00
2.018865053728015724e+00
2.047649710528373745e+00
1.037175025699978548e+00
8.795491032421258737e-01
2.718040803037275133e+00
2.712203728748741050e+00
1.823923390288900492e+00
nan
2.292724634419802676e-01
-2.154858560829964631e+00
-1.080411022949530064e-01
-2.587097275914911343e-01
nan
nan
nan
nan
-1.966671970811684877e+00
-1.066612289849489859e+00
nan
nan
-3.040585037931441192e+00
nan
nan
nan
2.335645255711318313e+00
nan
nan
-2.881681971788669028e+00
2.396696887365364681e+00
nan
2.252744805770427128e+00
nan
-1.887577952907517620e+00
nan
-5.553406656856361145e-01
1.683044893788583352e+00
nan
nan
nan
-1.643827533037423683e+00
2.733149208392511298e-01
2.090387554251409874e+00
-1.532916779731257950e+00
4.569101089141365257e-01
nan
-2.230473819543091096e+00
-1.364806334024809775e+00
3.140083094114486606e+00
-1.162816515643368298e+00
3.657754396113168660e-01
nan
-9.877827588546423954e-01
-6.876715137741928885e-01
-9.611737153669737133e-01
2.881231340392802487e-01
1.448654926104837593e+00
1.301890337301054856e+00
-2.423209213605189927e+00
-1.026111900975331448e+00
-5.510677039471700844e-01
-2.065156113264369431e+00
-1.507534629254104974e+00
-2.123183847553722359e+00
1.195040752147964902e+00
6.340952064170539693e-01
-1.462076212109439943e-01
-8.329170350602974615e-01
-2.238496083833333206e+00
-2.693438455169252510e+00
-1.117711849943768154e+00
1.997401158366547413e-01
2.592804953923093514e-01
-5.854348111228500073e-01
-7.321031183464477010e-02
-1.611326576767120322e-01
-1.828793780441824612e+00
-9.712985145574632995e-01
-9.947550471931947413e-01
7.408984945587584470e-01
-7.774454432477115873e-01
-1.483586931124559305e+00
nan
-9.136938672341150536e-01
-2.015531481775494349e+00
-4.480801444552167112e-01
9.388660088474694021e-01
4.514218670935852273e-01
-3.107913728031716172e+00
-1.598076155246883845e+00
-2.131754661048454125e+00
nan
-8.561241105572121590e-01
-1.343129039745105002e+00
-6.826692062135411021e-01
-3.172519635182569075e-02
8.306162552690121714e-02
9.646262669227017028e-01
1.944367199080745401e-01
-3.066517623578035590e-01
-6.644931719186324415e-01
1.392744266449592594e-01
1.216302837802634151e-01
2.142368144125068596e-01
-2.647520481370287726e+00
-3.123900147530257243e+00
nan
-3.751549624338856859e-01
-1.396105529857284644e+00
-1.149224365230482547e+00
-1.523026127556229792e+00
-1.764170226143559894e+00
7.832353549390957959e-01
-1.011876470311688703e+00
-1.833143104421789182e+00
-1.684641572815342769e+00
3.088520719666308700e+00
2.853503028082192472e+00
8.274932598840076814e-01
-2.609923905926310184e-01
-9.885855395713392113e-01
nan
-4.666288414085917324e-02
4.848304104322087582e-02
1.625723234823193586e+00
8.203376503357580063e-01
4.337575654652634505e-01
-8.119447432306672319e-01
-4.489184752112693744e-01
-6.187303087449653738e-01
-1.966809013794421190e+00
-1.880252155550985238e+00
-9.744389389929528633e-01
nan
nan
nan
2.139483191537085993e-01
-1.008227350360868968e+00
-1.295509094172302866e+00
-8.831533291704030120e-02
-7.550849069928378121e-01
-1.019029331968538621e+00
5.519201721241007164e-01
-4.934191498330160464e-01
-1.554645464495012952e+00
9.234918305216357481e-01
8.907222842887776437e-01
6.308152189720264147e-01
-1.425399097488447175e+00
-1.191702912607890186e+00
-9.651633638979819629e-01
1.638149330886993660e+00
6.618937173023522469e-01
5.295085512486674695e-01
5.523522895007815237e-02
-1.221624233066582521e+00
-1.492470127363661136e+00
3.607287684323554622e-01
1.796086889675141407e-01
3.167017447448259304e-01
1.535600398218887719e+00
7.252802622749525696e-01
1.724994869900706718e+00
2.069339331172534990e+00
1.336276496545307779e-01
-3.017867383844750950e+00
nan
2.351474074486763044e+00
nan
5.962229463980359689e-01
1.455098690797856698e+00
1.135792434053931821e+00
-1.619184110458462555e-01
2.037856878139701955e+00
2.612038001037952029e+00
-3.534686919981466779e-01
1.959923605137417368e+00
1.561121856124039198e-01
nan
nan
nan
-3.327617332008792062e-02
2.271942170516939363e+00
1.910315005714212866e+00
-1.277429107108889461e-01
9.310331084248630873e-01
8.660978840241906340e-02
-5.855271485033961554e-01
-3.072209893020438898e-01
-6.736314155600719999e-02
nan
-2.824037527262960978e+00
9.761671993177420958e-01
-2.595444358493164572e+00
-3.031802496188159335e+00
-1.550883433494431474e+00
3.024462942898471063e+00
nan
-1.481852061596517833e+00
-9.860556452148765416e-01
2.801618108619412517e-01
1.300808290873099793e+00
nan
-1.318583634254886228e+00
1.559610514780880308e+00
nan
-2.585955657353286696e+00
3.796921855507604526e-01
8.764829884262530513e-01
nan
nan
-1.618921148747467065e+00
nan
-2.322050557076152266e+00
1.715792910808420224e+00
1.824407066471778194e+00
2.041370638899971723e+00
-5.066734515213959789e-01
-1.242245215247956835e-01
-1.152971149194526035e-01
-1.103208854183455045e+00
-1.400755370394246357e+00
-1.644925548415315131e+00
6.339323834196295415e-01
6.396738129170222997e-01
4.361164810935345137e-01
-7.969699555864702134e-01
-9.790307345491178204e-01
-1.017572209053644094e+00
1.299261631796960081e+00
3.027177074351694586e-02
-1.171388131162566015e+00
2.941178365627390434e-01
2.630629315095474041e-01
2.181364480664358396e-01
-4.125216353125749080e-02
-3.055692548057153957e-01
-6.442638462386973686e-02
-1.656458240251187819e+00
-1.542952668322000287e+00
6.640403807251291646e-01
-1.617423529775765756e+00
-1.355798622987386182e+00
-9.344624147414268833e-01
1.596949608876095716e+00
2.201436635746074622e+00
2.312471855986884428e+00
-4.283141690421614634e-01
-2.046128364251345033e-01
-3.914226022064704047e-01
nan
-1.149070860947218220e+00
-8.077042784733912129e-01
-2.320294799369806427e-01
2.463677024675909877e-01
4.266959751781640442e-01
1.583374419680545486e+00
1.488670713161758030e+00
1.040703597454919915e+00
3.580274059390298191e-02
6.241299772616728525e-01
4.823816298364640431e-01
2.826929471405280836e+00
1.918612123321668861e+00
3.352123992157349797e-01
nan
-1.142806545204639868e-01
-1.205307292076662762e-01
3.333457876821510624e-01
-2.949973540138755013e-01
1.680507598671994174e-01
3.149878798234162502e-01
-1.322842874331606744e-01
-8.231957763693338315e-01
-1.066879519261860754e+00
-2.027533010331596053e+00
-2.333930861384115651e+00
-1.779702707660284489e-01
6.591268358291957341e-02
-3.137557667560901820e-01
nan
nan
6.394993414015348598e-01
-2.448901989506196308e+00
1.090987932096566304e+00
1.356130662202818193e+00
-1.540585810426165381e+00
-5.820490068847798959e-01
1.156236503453355269e+00
-1.747208899732767273e+00
-2.032447996214296282e+00
-6.571211086902359888e-01
nan
nan
9.904356047669979901e-01
-2.310375697408067808e+00
-2.009300468371364445e+00
-6.413754066535397591e-01
2.165261663783908830e+00
6.192448982641067801e-01
-6.845302941042952227e-01
2.737445231184387318e+00
-1.374011418935814355e-01
-1.484017205990611377e+00
-2.699308002471152879e+00
-2.488086452273366778e+00
3.087947342997616751e-01
-9.007091804811646618e-01
-1.975700664772039650e+00
-2.042698047611100076e+00
-1.222666174999426314e+00
2.828981500444993635e+00
2.931687797535133200e+00
1.591059416311355612e+00
-5.829910573844836463e-01
7.240595942314658195e-01
-2.445268366589226527e+00
-3.356803550186819862e-01
2.929220522282707684e+00
1.734976178590277307e-01
2.144469618116263909e+00
1.684053976726617385e+00
-2.053861463054129644e-01
-1.757560572450809211e-01
-3.046654789579716915e+00
-2.103803344825085464e+00
8.588455201874145573e-02
-3.063765643133180561e-01
-5.227284844930517593e-01
1.113421584913912632e+00
2.480969250188523212e+00
-1.926139586904203060e+00
-2.250991932946289520e+00
-3.127230102024527447e-01
-2.837939858613849786e+00
2.374254668980738892e+00
2.361609791002661218e+00
3.362122841348131885e-01
1.310845828536096214e+00
1.174725245750351199e+00
1.362768270513414315e+00
-5.957906234599921191e-01
1.521796505782118558e+00
-2.584284022374997658e+00
-1.619042249910193743e+00
5.728800694532765192e-02
-1.136805888418900512e+00
-3.997702205480631044e-01
7.275652457631567316e-01
-2.696981182201684923e+00
-1.157031099628257342e+00
-4.862255856932264919e-01
-1.664354202956368489e+00
-2.855751450776125910e+00
1.205135299085863920e+00
nan
nan
3.333253489763547961e-01
3.061364471306387003e-01
-2.976223848429793151e-01
2.608460092978563516e+00
-6.399614434863014623e-01
-1.150492160583128642e+00
-1.711254915234361462e+00
-8.111006288673627829e-01
-1.039108535258383981e+00
7.804617401409474908e-02
-6.658503884975965903e-01
-9.306064762613868169e-01
-1.016881014733647337e+00
-6.747824232326595784e-01
-1.776679462385399866e-01
-4.223644738233311990e-01
-2.639760333258552194e+00
-2.459794669597096028e+00
-1.812930267128045392e+00
1.884734064483854610e+00
1.187307903287420530e+00
2.454525725644951528e+00
-1.120616574674621724e+00
-1.985518390178192982e+00
-2.071085175472316742e+00
-2.225118522375669539e+00
-1.687941241522244784e+00
-4.492377055624201532e-01
-1.792891768412768538e+00
-1.658977805144246309e+00
-1.607067428427139788e+00
2.484855162430520181e+00
8.695967335006482557e-01
-1.789659965398268104e+00
-6.483352261285655338e-01
-4.973001607587250739e-01
8.499704321042411692e-03
2.704655544778237442e+00
7.280962824149739276e-01
-1.923050607436453951e-01
nan
nan
-1.300784555660858821e+00
-1.381331760705500011e+00
-4.727041676775112222e-01
-5.714280759937544474e-01
-2.102224739406346909e+00
-1.003957882053137407e+00
-1.598053844350677988e+00
nan
8.094266468613278143e-01
5.910623170808344540e-01
2.879966668486686032e+00
nan
-3.131781941049598394e+00
1.960884196559311121e+00
1.436329895111728483e+00
1.036383790306678598e-01
-2.833435412620384675e+00
6.161178727586440473e-01
-1.500174572081842683e-01
7.260802067529223969e-01
-1.097006842923660130e-01
-7.238309224179464429e-01
-2.909158334573693327e+00
4.124465406994120009e-01
4.628736598659317636e-01
2.206535094377573003e+00
nan
-1.641318389121820598e+00
-2.179441756482032311e-01
nan
-1.834334081438955710e+00
-2.660336139648848963e-01
2.369336771984992041e+00
nan
nan
nan
1.065692025727011938e-01
nan
2.127669401152648021e+00
1.336957018803527575e+00
nan
-2.023445000299421537e+00
-3.294955349384900423e-01
-1.944588277381783303e+00
-1.099481808229845203e+00
-3.943225696345407094e-01
nan
7.412221859116541189e-01
1.657952026034022808e+00
nan
nan
nan
-2.907812547731138064e+00
-1.923650443095801910e+00
-2.011928057508447942e+00
nan
-2.558152898954599408e+00
-7.673048112200779869e-01
2.013369870265202088e+00
2.750930053062321967e+00
2.481373997986686675e+00
nan
-2.034686803214684758e+00
nan
3.136474521965130435e+00
1.871486224509366636e+00
2.332422370031458136e+00
-2.466328376329734784e+00
6.509268674878443406e-01
-1.272700459701670672e+00
-2.356936322351339985e+00
-2.971378320638605075e+00
-9.304744242618636640e-01
nan
-2.262376573675961566e+00
-6.310593538947069092e-01
nan
nan
nan
2.736017393062483372e+00
9.184692273361427794e-01
-1.384333450813426847e+00
nan
nan
nan
-2.188280727277137405e+00
6.173512189137819739e-01
-8.158059381510796015e-01
-3.062960399850630289e+00
2.688992870900879240e+00
1.611177991953615773e+00
-2.264501180661624424e+00
1.480414465442065008e+00
2.945016916064982837e+00
2.302731227356555443e+00
2.069606704299802757e+00
2.097537763167443003e+00
nan
-2.024496728989373384e+00
3.054959129969119225e-01
nan
4.004380388489989784e-01
nan
2.063850042360999559e+00
nan
2.346605464564785137e+00
nan
8.712700786322251645e-01
1.444853731775401329e+00
