-8.496394133584117547e-01
-4.447428427541399998e-01
-9.697823091976900400e-01
1.687407423101292991e+00
2.066957197381242395e+00
1.243677635712037599e+00
-2.587643662599314887e-01
-1.758330065110547125e-02
-4.544357920119739269e-01
-2.477241103968321312e+00
-1.178141282911526089e+00
-2.059824528528641174e+00
2.160291171588899495e-01
5.209797586515949597e-01
6.580041577826678534e-02
-7.291872477344751857e-02
-1.666688408733212334e-01
-5.272877022445472406e-01
nan
-2.756728163954778932e+00
2.904871653348735094e+00
2.453373564379512928e-01
7.935463881789677210e-01
2.762814270883353629e-01
-3.645357099195187800e-01
-8.897288801189033869e-01
-1.000197084500421774e+00
-1.061234436732933162e+00
-1.103308651253902983e+00
-1.154603657724233123e+00
-1.173600133933288436e+00
-7.357156906088104797e-01
-7.828077022159170006e-01
1.812333794968921552e+00
1.892895239614627911e+00
1.362376006500103820e+00
-3.131149168813118777e-02
5.413183892273902842e-01
-2.345791347851200470e-01
-1.061129764260483554e+00
-4.423273281926602962e-01
-1.086058263944145619e+00
-7.747196917715726272e-02
-8.821293768653593048e-02
-5.435717191041486984e-01
7.849229843887188807e-01
6.797756662273162220e-01
3.615594329603939450e-01
-2.687082333213823837e-01
-9.331598270907708326e-01
1.453171737068831071e+00
-1.641171230614066889e+00
-6.674049479095285342e-01
-1.438923489355809604e+00
-3.615002136781453324e-01
-4.141624321893875305e-01
-4.514750617523111131e-01
-1.164545981821428988e+00
-4.197181146368258453e-01
-6.582775899380672868e-01
-7.291872454616044053e-02
-6.001570302988077366e-01
-8.248859606777343423e-01
-2.625090706364442639e+00
-1.247128370369236405e+00
-1.869575174796006323e+00
-8.037929526584211004e-01
-6.190946621974360298e-01
-7.929459607977191737e-01
8.228644803210340974e-01
9.568404475152547661e-02
-2.599097800456759977e-01
2.760145956988706573e-01
1.722622876560473415e-01
3.013011411103776460e-01
7.111582175646540271e-01
1.306156215157830758e+00
6.849460006028418313e-01
-7.153575467734745175e-01
2.037354925594695665e+00
-4.903562821811702221e-01
1.630522666850269253e-01
7.830844600713238179e-02
3.169182469480960052e-01
-2.113814298544487436e-01
-3.298715956975439845e-01
-4.515019296213922395e-01
-1.421644254906500482e+00
-1.591968135853462751e+00
-1.921393889538029809e+00
6.803426982161058234e-01
1.098988827149265823e+00
6.298046403313430908e-01
1.499472962867449688e-01
4.736347307599868550e-01
2.647914490089537942e-01
-9.777500298632788578e-01
-1.288292903551593982e+00
-1.152178203632565623e+00
9.554214616325644727e-01
1.100998535939491596e+00
1.049373025835805606e+00
3.539394805831674873e-02
3.507494680996270375e-01
2.976585460129492766e-01
7.185271468912812765e-01
3.155795804449677000e-01
4.631663625691833097e-01
7.806606150921271414e-01
7.861861724341703273e-01
2.098021842778883261e+00
5.293215252397165393e-01
-1.718164457328565931e-01
1.570264183351573806e+00
8.473703864362120974e-01
-1.172329588389668942e-01
2.767696609908654182e-02
3.362294514280610436e-01
1.669522941598966526e-02
1.066836059776674617e-01
9.652444621034934613e-01
7.219770839288215392e-01
9.699787414662068841e-01
-2.905874400676640157e-01
-1.337659461520519733e+00
-8.853584383686796677e-01
8.142416081958785412e-01
2.491462054081505784e-01
3.624189324925723987e-01
-2.567131128595544709e+00
-8.216512676246265912e-01
-2.929551765976956546e-01
-9.575199866512580371e-01
-1.125227060479224495e+00
-1.479520195723330822e+00
9.457754169564793756e-01
8.108438540180489262e-01
3.751470817463276042e-01
2.676952739265998638e-01
-3.036804670088821823e-02
9.981710445786973196e-02
-2.359094962706056453e+00
-2.227151453563784855e+00
-1.947698390676595226e+00
1.290448167555673820e+00
8.482511111178712149e-01
9.078871425518375560e-01
-4.786442841651936675e-01
-1.078124532365460908e+00
-5.667778731750261478e-01
-1.677283465107248794e-01
-5.481425868843428084e-01
-9.838759932362366456e-01
1.531063581991420008e+00
3.506521537300266722e-01
6.222992809673622006e-01
1.254728750306004947e+00
7.246854793554229346e-01
-1.754515222078595560e+00
1.736966545587304012e-02
3.103064927248411209e-01
-9.121304626928781190e-01
2.420540649785582588e+00
2.308902993275950166e+00
1.611892150912002997e+00
4.244925167678039735e-01
6.587202698485228325e-01
8.635341411271157952e-02
-1.387960428543191016e+00
-1.137214583499373877e+00
-1.564388327665596323e+00
6.272950674884891775e-01
9.546690769137047283e-01
4.394877957439726757e-01
-1.625514178998165304e+00
-1.180114117363456616e+00
-1.769351614801230710e+00
3.790647447581045881e-01
8.830732345493021995e-01
2.051415040608781659e-01
9.080261359473649208e-01
9.049094832795523402e-01
7.370411955569187157e-01
6.499042818967195601e-01
-1.087852317523467782e-01
8.732796505514643925e-01
2.600523574380400049e-01
5.794914022217096949e-01
-4.902712491158562891e-01
-1.080956617632100603e+00
-6.628075829268658126e-01
-9.118164458951731888e-01
2.858698833458224620e+00
2.571759255185090964e+00
2.002618836580210449e+00
-6.533179988197095334e-01
nan
-7.169016986198353258e-01
-4.082801801016628929e-01
-2.047403051816143460e-02
-8.094918110360298513e-01
5.200059766721039090e-01
8.638940513502859631e-01
3.067932458924591543e-01
5.824429943818967281e-01
1.045540723640529635e+00
4.806240045649157189e-01
9.415212668131234253e-01
6.788548193153243204e-02
-2.445026165305769883e+00
-4.056110372330254954e-01
3.378433553131627853e-01
-4.426752656962533727e-01
-3.224489068059623875e-01
-2.272420511883974648e-01
-7.304492828232085344e-01
-9.255706116327417909e-01
-3.064226080346883485e-01
-8.407589177375243139e-01
-3.901195387278098003e-01
1.871152655033410106e-01
-6.366479625473662196e-01
-2.844475270417619051e+00
-2.464153188849945941e+00
-2.613877514089163245e+00
7.562513231242498080e-01
1.255738774953180759e+00
8.761955213371557250e-01
1.520304151520337044e+00
6.357962179402134595e-01
5.074659951364650645e-01
-7.069317533351111571e-01
-4.690600057687062119e-01
-4.153438984945920787e-01
-6.462455152707402561e-02
5.414945421197860931e-01
1.462305607511470207e+00
-2.168651663291935261e+00
-1.738122888864010340e+00
-1.920112663900643613e+00
-7.912595535308577510e-01
-7.240416914193192888e-01
4.283523793551280434e-02
-1.092316074951662053e+00
-1.075692257176603217e+00
-7.954184800270986955e-01
-2.023690063743042167e+00
-1.869575174810105267e+00
-1.881460042757956863e+00
-7.393040368666783380e-01
-1.081392870375055715e+00
-9.650446747236163247e-01
-1.424717188532152123e+00
-1.005110930653673851e+00
-1.309435523634706833e+00
-1.266852351533385823e+00
-1.385506116793544296e+00
-1.955054174532593114e+00
1.679145412202620591e-02
-9.576643143195839869e-02
8.864324931894262960e-03
1.059384503659176247e+00
1.029041939841310871e+00
nan
1.719333743014726856e+00
1.448471836334675800e+00
1.701586450325502931e+00
nan
4.299944028131461593e-01
9.275634519869120354e-01
8.093129003862742366e-01
-2.205518981421294988e-01
-5.331287653433549600e-01
1.258268316473909465e-03
-4.908143954182295765e-01
-8.148738787708893483e-01
2.846879000056298459e+00
2.345228822270901681e+00
2.873944909566048089e+00
2.147897290811715543e-01
-2.490214176627376652e-01
-1.841396256257161745e-01
-7.075634126074952235e-01
-1.274443454008129750e+00
-9.764041475515061741e-01
1.455270491634093943e+00
5.245591026594071948e-01
1.002969689507480666e+00
-5.372520894573549199e-01
-1.112515430361511459e+00
-1.733687193846683350e+00
2.460201325905986280e-01
-5.068292545625916468e-01
6.280195183077985632e-03
1.742110613749883186e+00
7.852977636090221480e-01
1.140006644779268719e+00
1.026152186073153061e+00
1.126213258501080894e-01
5.586358409805534109e-01
4.202138457140258687e-01
-6.594959174700809612e-02
2.468158220780081180e-02
-4.043944127053920035e-01
-6.729965069460410731e-01
1.189495701286871210e+00
2.410738136683645116e+00
1.979399187411735817e+00
2.601189870090476752e+00
-3.426187339324542336e-01
-1.180133726318451037e+00
-5.723900640357286740e-01
1.020728258751254280e+00
1.612939380322115923e-01
-2.487642945977710518e-01
1.677023483560781791e+00
1.176405755183382418e+00
8.980880601986838130e-01
1.348961511771344490e+00
3.951318216949157858e-01
5.396064197608714252e-01
1.452758356283278651e+00
4.231316578100887682e-01
4.460293968193917991e-01
-2.725492809485941859e+00
-2.836049270870234285e+00
-6.430438568195144811e-01
7.039708937920594600e-01
3.824141396588935926e-01
3.012676274006627075e-01
7.827803874253058680e-02
-1.558107484966853029e-01
-8.171348000746259110e-01
4.685724409149654157e-01
4.107781910679930704e-02
1.137682919912094803e+00
-8.528104808326011366e-01
-1.810260880157277930e+00
-1.861429250081029219e+00
3.119065779700833652e-01
2.517831283563891631e-01
-8.942573394815065413e-01
-7.465559637307652707e-01
-2.139819988563385067e-02
-3.236437373343727941e-01
-4.488530235847765226e-02
1.891072805277396185e-01
3.267375039286934957e-01
1.238972603893647495e+00
9.212803949311263452e-01
1.059234151317965278e+00
-1.190052434244989632e+00
-1.165333052602665509e+00
-1.085657970623104873e+00
2.769819722231328107e-01
2.255332351386223344e-01
2.594855607114170404e-01
-7.956472660311431078e-01
-3.886266374417983727e-01
-2.160406292529581940e-01
-6.029455891432857761e-01
-1.037556739651993354e+00
-9.433559989186770522e-01
2.682941722416636310e-01
9.826371493817376290e-04
4.313051156402165631e-01
3.518899466755831540e-02
-1.573960442060031717e-01
-8.881146594499123026e-02
-1.805525467939732787e+00
-1.873869263126455964e+00
-2.090668911397259411e+00
1.331398232028391249e+00
1.435126157389865931e+00
1.155480317615500852e+00
-1.094905327213631541e+00
-4.894545943359855933e-01
6.149793416067161900e-02
7.098542055004504192e-01
5.630669805936516781e-02
-1.130954367137277927e-01
8.624663965972327873e-01
1.052082689365123613e+00
3.755147882476701504e-01
6.491592383641675568e-02
-1.540275000432811403e-01
-3.703799123556428263e-01
-2.508639704065517950e+00
-2.474883111346658282e+00
nan
1.426462502931681087e+00
1.294671825691733780e+00
1.765947239441757688e+00
-1.709412338256104391e-01
-6.981274407034754326e-01
-3.317376819731934212e-01
3.011619583022140390e+00
nan
-1.810600055894262539e+00
-1.143658642153386751e-01
-1.170996408475408757e-01
3.200042988423041912e-01
-1.534140733528421396e+00
-1.756605790308404247e+00
-2.078247088297028089e+00
5.881443102748251661e-02
3.658582812098636339e-01
9.956638960494537116e-01
2.140957651636647974e-01
-4.622845153080756830e-02
2.666214335490071363e-01
-6.477758267253959090e-01
-7.665348045332103233e-01
1.122105883170121388e-02
-1.716061164303504860e+00
-1.811872756813371454e+00
-1.120024658171095311e+00
-1.646663439361291559e+00
-1.973615591169712413e+00
-1.520396146652275959e+00
2.443563093439450995e+00
2.017538623896785843e+00
2.356822286728256444e+00
-2.207129052167715599e-01
-7.300122287918746622e-01
-9.109417691564551944e-01
-3.342823340224754247e-01
-5.599600245289333422e-01
-5.163272559977101217e-01
8.460546843287093388e-01
4.896775426602650860e-01
4.406914428275108264e-01
1.397261066145669695e-01
8.507890364450121368e-02
3.858955017455585335e-01
nan
nan
1.969220817342792529e+00
-2.205665775308939480e+00
-2.106372254689982793e+00
-2.808231601374018283e+00
2.804077939986493462e-02
3.010258787889354970e-01
3.762656516778202231e-01
-1.399741520404068185e+00
-5.085578821870329058e-01
-1.382961437691144546e+00
-6.577720297945943706e-01
-1.518436084025321264e+00
-2.062284564732018044e+00
-1.692771581004408610e+00
-2.280289282377833793e+00
-2.766362687887018890e+00
nan
-9.705875901513394410e-03
nan
-1.390152612954822953e+00
-8.174547730814079038e-01
-8.643394212054076320e-01
1.968536762634820469e-01
1.533006233192102385e-01
2.091795304245058773e-01
8.971461516558090210e-01
9.225310877545043198e-01
7.666292280484907629e-01
-1.224247041752496656e+00
-1.118615407219045288e+00
-6.469001947340844438e-01
4.269582486472542904e-01
5.657340538575126310e-01
5.318841839733470245e-01
-7.574086521757723567e-01
-1.086437916452514418e+00
-3.977801579172446367e-01
-2.560981898889556962e+00
-2.618507675519578193e+00
-2.838668055219916830e+00
-2.073557954613529652e-01
8.480800740347049782e-02
2.512228989905893606e-01
2.579822913171141430e-01
2.180250392583498176e-01
3.036986042776290695e-01
2.054786730125037764e+00
2.379347631114573147e+00
1.733522012693046399e+00
1.933297098279029846e-01
5.313030299339089879e-01
9.245797057125635376e-01
-5.024269665390730388e-01
-6.014111775007400240e-01
-1.554688029618790157e+00
-4.315289390362031519e-01
-1.129107265002835092e+00
-2.151703850765811055e+00
1.137438827027159149e+00
7.950402442048032370e-01
5.596921212355754349e-01
-2.579474003061243970e-01
-6.273822186789899114e-01
-1.182612948515503692e+00
-1.155956971575362591e+00
-1.144015708198033110e+00
-1.241210258705816472e+00
2.199806569403229162e+00
2.626940227110001302e+00
2.203285473327071031e+00
6.710828046684205184e-01
4.121068897987409940e-01
3.292328880962220872e-01
-3.871539941265003115e-01
-3.842398529285144804e-01
-7.565476748121078288e-01
4.072637877396236838e-01
8.355948503423311635e-01
5.037813990396950992e-01
-1.719617224669976574e+00
-1.729922847645490869e+00
-1.282974500295979370e+00
-1.363891056798474111e-01
2.494826368463920474e-02
-1.783529265857368706e-01
1.051312355277621791e+00
6.326433421495174514e-01
9.530946583487871493e-01
7.548255151631355631e-02
-1.745249039178613515e-01
2.282988993190087079e-01
-4.630114936673730419e-01
-8.411585300868593684e-01
-2.678028705730253201e-01
-9.108095978814167992e-02
1.445645302316451719e-01
-3.839442472504819293e-01
2.552133479560533935e+00
nan
1.969163478766997599e+00
-5.687454544806036516e-01
-8.541539967880336093e-01
-5.841075616973072648e-01
3.735294057693838710e-01
-1.654425703104887013e-01
5.819148362427206678e-02
7.295347990877205646e-01
3.419120454074002780e-01
8.381196299896869206e-01
7.688766242333775480e-01
1.088499192532084159e+00
1.094357381935256335e+00
-1.180415492201398742e-01
-8.787922417456108803e-01
3.546233939665599522e-01
2.798178033602978232e-01
-1.139290461508402075e-03
-9.368830678468720308e-01
-2.388135303828731182e-02
-2.625945539164669107e-01
-2.263975053978475316e-01
-1.788117758296780435e+00
-1.805528443144487349e+00
-2.511139276294076517e+00
-1.997073545023446473e+00
nan
nan
-9.224181512356661727e-01
4.717099508252209361e-02
-4.972594718229532695e-01
1.571772861229231211e+00
1.303238411419807008e+00
1.288150641415267472e+00
-8.062966219186491479e-01
-7.217434896842296332e-01
-7.923844648302504901e-01
-3.564870518388829623e-03
-6.098224646402217175e-02
5.204174669150507526e-02
9.357293201531673432e-01
6.860987382056622508e-01
9.444078639767425898e-01
-7.098585571037445696e-01
-6.366100319909349103e-01
-9.597554486159571852e-01
8.191749551794913486e-02
-2.239306522385531295e-02
1.338954735151784980e-01
-8.791485320543235282e-01
-8.728204878370950937e-01
-8.377773459142550116e-01
-7.593685476263525302e-01
-1.704267335321408172e+00
-1.748984474633570985e+00
-2.565926731410912431e-01
-2.198398838812809508e-01
-5.700954231442945108e-01
-3.255019271544803416e-01
-5.728995004182211304e-01
-2.415640119139004227e-01
-9.583505609137068504e-01
-7.031118229967185940e-01
-4.348588310273244772e-01
5.171099642532146490e-01
8.217191296929167166e-01
8.754288287720077832e-01
-1.198992143349261408e+00
-1.341403415043415759e+00
-1.148863375712702695e+00
-1.044251615811297551e+00
-7.837792637155742703e-01
-1.326282898281428535e+00
4.338954979048765814e-01
4.380254247837047643e-01
3.723738285328845876e-01
1.071768400819400391e+00
1.018747260186818160e+00
4.532855042532477619e-01
-7.401376603501819140e-01
-1.055295530813176619e+00
-2.343030941659800526e-01
-2.362577104461021094e+00
2.356811605701600421e+00
nan
-2.577506784404550721e-01
-1.036848998939507993e-01
4.312730733939384997e-01
-8.261782789901839230e-01
-8.500680715331863091e-01
-2.099493429294101432e-01
2.590068761568327105e-01
-2.201502619252653226e-01
1.264673803879555081e+00
4.845851645625045556e-01
1.497591711370646728e+00
2.975926095916750391e+00
-3.037684211828848291e-01
-7.854503805634882596e-01
3.764945781810151715e-01
7.330010433579876583e-01
9.319426848463354673e-01
1.130274590526724410e+00
-2.478734210926574200e-01
-2.699500595612169818e-02
3.893343780111226948e-01
-6.309739828310929610e-01
-8.077804682135090175e-01
8.606388342786708279e-04
-8.201542792687410710e-02
1.822342136254295752e-02
1.460759917837073374e-02
1.955268827442309565e+00
2.838513460040458014e+00
2.770977762557219393e+00
nan
-5.238394506348571511e-01
nan
-1.247132144411726928e+00
-1.294715936756488439e+00
-1.270977401549076236e+00
7.671432392539117018e-01
1.029706598849648991e+00
1.529215558368847816e+00
1.063175491634739345e+00
1.202136742080895715e+00
2.359336556052306300e+00
2.560122381605929753e+00
3.119384090780478402e+00
nan
1.679676217670661664e+00
9.751374508124515117e-01
1.516585103378920607e+00
nan
nan
nan
-5.433918286183709867e-01
1.124260562305202882e+00
3.097206383455548995e+00
2.836714720729718309e-01
3.483598068481894572e-01
1.488114241239271607e+00
-2.476765051396555783e+00
-2.834933715212333283e+00
-1.721277570548967573e+00
nan
4.587541765534388638e-01
nan
-3.261721587499946118e-01
3.147511098499085058e-01
6.275452375181260756e-01
1.379161017896242569e+00
1.996957868775810496e+00
1.994109643341239746e+00
1.818332248871170620e-01
2.015942129031897956e-01
-7.873408204224841000e-02
-1.402030844237278417e+00
-1.167556213693427214e+00
-8.372510284801806257e-01
2.781070981558353417e-01
-6.676089606329638215e-02
4.188533307590684984e-01
-2.322174112837026794e+00
-1.110257373998906782e+00
-2.345603280306813865e-01
5.008004623541846279e-01
4.028605448699713598e-01
9.863002566546530403e-02
5.407360175882369724e-01
8.744399731028300593e-01
7.984442924705739131e-01
2.600612693976905199e+00
3.996789093037111940e-02
1.561800793152397837e+00
-1.034852783738470450e+00
-1.023847324269794967e+00
-6.047677273538036857e-01
-1.328587843406387581e+00
-1.231320107057963131e+00
-1.475813537388861230e+00
3.537666882201966345e-01
1.209625257672734655e+00
1.202713284780380754e+00
-1.034076977291717991e+00
-1.630601772732311661e+00
-2.595412923288445306e+00
-1.025921586024800547e-01
-3.692145416981524875e-01
-5.263004573069962611e-01
3.876066220962166575e-01
4.340360475296467513e-02
-1.174874562050649551e-01
1.191406834513397683e-01
3.753378910636540056e-01
5.097704456742184753e-01
5.959660406836113644e-01
6.387056741473124966e-01
2.683099568620606057e-01
nan
-3.138141274699750127e+00
-2.638562533126067589e+00
-5.090867877625315785e-02
-5.401550632781981776e-02
-4.393362600321992772e-02
1.338810035742188376e-01
-5.158049975553713473e-01
-1.205241838866348614e+00
-2.226380500801010687e+00
-2.598586432913648991e+00
-1.351647579025790469e+00
-2.780638719780096579e+00
-1.564362688173545513e+00
-1.847978924314810367e+00
-3.206766753196532704e-02
3.714588593821863682e-01
2.873356834786284786e-01
-8.035027049507146302e-01
-5.710151927313344977e-01
-6.372465124072856923e-01
1.302488401529378059e-01
1.579387009882982085e-01
2.647065130589156823e-01
3.355261441836865366e-01
3.790548775206681320e-01
5.750517853607388652e-01
-6.324532392234281097e-01
-9.700098385894380115e-01
-9.202964747805051360e-01
3.897164803117472154e-01
8.173257840264747109e-01
7.289683540918820981e-01
-8.057456824558868469e-01
-6.136248636972605475e-01
5.276593957316282335e-01
-6.339336037147473846e-01
-1.526254462892760788e+00
-1.364847718497196549e+00
-1.000705290667859515e+00
-7.971556378179673885e-01
-4.704310992653835122e-01
-1.077310756394918023e-01
1.435905461235562619e-01
3.187657221996609280e-01
-4.298675080944396321e-01
-5.159414674679134727e-01
-1.540470391933901340e-01
8.957770711936543506e-01
1.013417232414068891e+00
9.941435100043420903e-01
-1.755422368314232484e+00
-1.796792060262657476e+00
-1.277889205057500144e+00
-1.234064671430729065e+00
-8.968680667320456656e-01
-5.308672643330760721e-01
9.451225768368152202e-01
9.279080275110134224e-01
1.205259456493754655e+00
-8.266502329242051417e-01
6.407516922112064250e-01
4.040185873003609984e-02
2.616932309823717162e+00
nan
-2.868129868881379441e+00
7.822745653571665514e-01
6.765429998278387203e-01
8.533695096961264603e-01
2.687272086851808517e+00
nan
-2.947604680603140181e+00
-4.521542336267536655e-01
-4.876031183640203714e-01
-5.813577701641214901e-02
8.894399546964839587e-01
1.168521770689554096e+00
1.178862253055859455e+00
-8.837275792163872268e-01
4.708194415629263219e-02
8.884823035527125157e-01
-9.792457971325672084e-01
-1.016350406648428351e+00
-1.007779837389034316e+00
-3.730219873572733214e-01
3.853637365856581454e-01
1.869990056830417302e-03
1.076251435991222749e+00
7.809107844339258087e-01
7.677285487460827618e-01
2.447819960314644661e+00
nan
-3.029306155966986491e+00
2.267745568094391651e+00
2.011057536615285635e+00
2.150544587075301273e+00
8.705989433118794807e-01
7.649815656279477238e-01
1.093278386321899553e+00
-7.148436059900693529e-01
1.130839747634749592e+00
1.969785067044018234e+00
2.183760333128290654e+00
1.084707817062501967e+00
2.200901471648379015e+00
2.174396921438523478e+00
2.825674349785688655e+00
2.124623922819092847e+00
-1.338638065055906212e+00
-9.067822921496184740e-01
-9.466308373983189917e-01
2.333527362780616343e+00
2.100400111018157823e+00
1.916768079307823669e+00
-2.502556486670348690e-01
-2.296049463196077056e-01
2.831557837926568233e-01
-1.674583763753499710e+00
-1.398009325354670374e+00
-2.007766252984846567e+00
5.475565051594739607e-01
5.984574987333708407e-01
3.852837276285061563e-01
-1.378727550102645472e+00
-1.144440714566537842e+00
-1.363645219632276806e+00
-2.951600589237610706e-01
-2.335301567251812926e-01
-2.053578202068995218e-01
5.439976471889269583e-01
4.134492348190574873e-01
7.603164712048018359e-01
7.624487056185356160e-01
3.397076101526663727e-01
4.568312592343550804e-01
8.276072028520653490e-01
1.889795203809239155e-01
-6.244978551532001099e-01
-1.112598266301321637e+00
-1.246496192306115081e+00
-1.581621226486020104e+00
1.401420667452553559e+00
1.888124717458065760e+00
1.975803247753545655e+00
-5.281082287031009237e-01
-8.012202932635719144e-01
-6.590397094780384712e-01
-8.140729104268018546e-01
-8.154557239272146596e-01
-9.900617841153462884e-01
6.139710698157019308e-01
8.024637807547678747e-01
5.906024391255506600e-01
8.347772553340209178e-01
8.724895393131308907e-01
6.035979065275354216e-01
4.640803573483829325e-01
1.990280591532331833e-01
6.836825487163089576e-02
-4.926243239071705915e-01
-6.943498902045286414e-01
-7.982699496163303543e-01
-2.669508782016452031e-01
-7.924320934464779143e-02
-3.175343029527306626e-01
-1.842074379690159525e-01
-7.341253590596057421e-01
-4.834801332230402870e-01
-1.365957531347264275e+00
4.921104565133922470e-01
-5.318870386936240813e-01
-2.062708594444501387e+00
-2.662188842638229413e+00
-2.740343418234739925e+00
-3.042142115526695889e-01
-2.233246092299183694e-01
5.737421495190337950e-01
1.620172247444711999e+00
1.268944752236172313e+00
1.298283813823378097e+00
1.333340281305015473e+00
1.199950763581731472e+00
1.047782101791844944e+00
2.102053539230661627e+00
2.070988656366519187e+00
1.949303555249175979e+00
-1.589126688533051279e-01
4.402991338944062250e-01
5.579995475223187285e-01
7.228466566908244850e-01
1.020422841294691629e+00
1.159111543403698263e+00
4.717677526546424360e-01
6.146682072275897468e-01
4.086950004132972047e-01
-9.834312089230490272e-01
-1.354127749146000648e+00
-7.893002322417514982e-01
4.477678920828833675e-01
4.534429809858573357e-01
4.841846517977290709e-01
9.368715728481298299e-01
3.704079535328803630e-01
2.734584082557089957e-01
-2.341060647752807977e+00
-1.722200361856114803e+00
-9.641029478163880562e-01
2.108378736437594547e+00
1.699865595062831858e+00
1.540914169635365205e+00
-1.683240198031626500e+00
-1.004223254589672543e+00
-1.350343678211094023e+00
2.080296657747095601e+00
1.915819471569077947e+00
1.669535473079879040e+00
2.058046320664700168e+00
1.696321690560351314e+00
1.655844338250537007e+00
1.978779495055500881e+00
-8.954837041244068097e-01
-1.309814569582118615e+00
-6.981428484362508513e-01
4.567816408245350956e-02
-5.668430193561926345e-01
1.712281925224194090e+00
2.144345157846070826e+00
2.082387877525873066e+00
1.285693233233766719e-01
3.565179064995565028e-01
3.842586169388249040e-01
-1.622200245165549948e+00
-1.892470802335160407e+00
-1.306666727537377115e+00
3.531227758003967487e-01
5.882254012867007553e-01
6.008933028955123490e-01
-1.125865205384631196e+00
2.010943409618062283e+00
3.841477874771515033e-01
-5.128415029223436505e-01
-2.803452171509328572e-01
9.336818047892414540e-02
5.681301156059728186e-01
6.942153255699006209e-01
1.030061984726966529e+00
3.719323852391940299e-01
-6.585323386905583831e-02
-3.849718460987245905e-01
-7.009690002401356423e-01
-4.341026458665480092e-01
-7.739463704396905008e-01
-8.473008540667072985e-01
-9.370468164838396952e-01
-9.095277648603969922e-01
2.099087886029084693e+00
2.001744562982055164e+00
2.184129338152878574e+00
-1.470781317951471934e+00
-1.764536641845114717e+00
-1.553631747497865812e+00
3.260859246039382597e-01
1.916036433376291370e-01
8.107304478194317099e-01
-7.873550367535155914e-01
-1.469767173796564963e+00
-1.533904100524490444e+00
2.238106354695084121e-01
2.217123182030458217e-01
5.950932274478812900e-01
-1.977569915170080961e-01
-3.358338417501118833e-01
-1.796048240500227600e-01
-5.109574009772024361e-01
-8.554393763492655900e-01
-1.419823623388748235e+00
-1.503878694338688371e+00
-1.943489305503905307e+00
-1.624673442873355134e+00
-1.674766666148578942e+00
-1.531868624160810599e+00
-2.032378148374082372e+00
-9.149086828373294011e-01
-1.524110560983513718e+00
-1.635682504403946025e+00
-2.809560773632871822e+00
-2.133672689603193895e+00
-2.439454821331606738e+00
-3.665096488340937597e-01
-4.342873616004441217e-01
-8.594939103768073352e-03
-8.709115432463416795e-01
-5.194789757503817107e-01
-1.199068412495587710e+00
3.126243883196262452e+00
3.109439353137223527e+00
3.120547432326566728e+00
4.924100740236649898e-01
3.122469982604898497e-01
1.093351461760456722e-01
-1.202024870729260675e+00
-1.478416667479440338e+00
-1.354122957011001604e+00
7.837479323087910288e-01
7.201199998190479512e-01
4.314466557143412651e-01
-1.601803216519986695e+00
-1.352670361913065333e+00
-1.350284973107301889e+00
-2.655511280169209343e-02
4.202687960793833888e-01
1.433187477675370580e-01
1.219742890202592633e+00
1.636560744743246865e+00
1.166036750927871957e+00
-9.312027792185046948e-01
8.238851260784452180e-01
-3.223333558697780710e-01
2.236116467087305715e-01
-7.476132904379140243e-02
-7.886832750761789690e-01
-1.377455620169468320e+00
-1.499839594107749363e+00
-2.016279830455472322e+00
nan
-2.779562946532582846e+00
2.795854005320373759e+00
2.559902738418791124e-01
-1.070189085430817144e-02
-1.152217953224621283e-01
-3.681356691117292357e-01
-3.786598626982815574e-01
3.276117507006901519e-01
8.910021342272171907e-01
5.659028351054415928e-01
5.942469505708034561e-01
1.035874269099599232e-01
2.442100130230260291e-01
2.865104333711956386e-01
5.128560602159630832e-01
5.798591393821506124e-01
-4.253308843025171981e-01
2.400516043652558551e+00
2.383711510655048826e+00
nan
1.327345998410939032e+00
1.500835681932277232e+00
8.158032863744244523e-01
-9.778866176989131631e-01
-8.770395004409232698e-01
-1.079672226135262481e+00
7.310628832953982581e-01
1.027577392256448618e+00
4.922961453933210052e-01
-2.637709927396516107e+00
-2.403300974191662664e+00
-2.769013119904508269e+00
nan
4.298288649240440407e-01
nan
nan
2.684381156272394264e+00
1.636581461090637291e+00
1.572318276045674423e+00
1.114876609539520835e+00
7.453533190643688577e-01
1.012489028235878052e+00
1.556867408213936876e+00
1.474210592602608116e+00
nan
-2.105100522410601194e+00
-1.778134430592504645e+00
1.718712932441806451e+00
1.248309616579169834e+00
7.896055398628551991e-01
nan
-1.918864373087570074e+00
-8.818544356840263276e-03
nan
nan
2.479161145945001365e+00
-2.669358586990353999e+00
7.612453205027707170e-01
-1.656827306371864594e+00
1.518495786855509344e+00
1.067049426282110858e+00
5.644312999645930695e-01
-2.153428894432897422e+00
2.082676553377968531e+00
-2.522450995861960976e+00
-2.573646248444027673e+00
6.526438000488994362e-01
2.645106975749568434e+00
-1.819503371681383541e+00
2.210880219503121857e-01
1.126473159106502031e+00
-1.263128309619105494e+00
2.512010058516913169e+00
nan
nan
-2.551922351067512640e+00
-3.047535485991779147e+00
2.879947259543259364e+00
2.305580209452583240e+00
2.025914049862782562e+00
