-1.364609490005987080e+00
-9.858018245158621795e-01
-1.209138191800339213e+00
1.905771373034730765e+00
2.307172148591167371e+00
1.946827812350750975e+00
-4.202038013393316618e-01
-1.059265993669948891e-01
-2.428841766815743597e-01
-1.696158952371902950e+00
-6.052133973189848248e-01
-1.767991571500262094e+00
1.043271746853607240e+00
1.117676304475939908e+00
2.208462509635027438e-01
-4.155458846535706741e-01
-5.571929738031395907e-01
-3.883464454789806730e-01
nan
nan
-2.741153957339878655e+00
1.133499256038311032e+00
1.312415065193169639e+00
4.709485977695373471e-01
-3.982749576973851902e-01
2.397334915579945047e-01
-3.144317090607309240e-01
-7.234917461804739602e-01
-4.319727144159251075e-01
-5.892206115125957488e-01
nan
-2.774281119748978064e-01
-6.233759831434397825e-01
2.430179519450196501e+00
2.578047918070059730e+00
1.677256420810718573e+00
2.029626453717945367e-01
1.396523271664560362e+00
9.119731920991913654e-01
-7.319702012170448135e-01
-4.366588120541075035e-01
-7.222671369830613308e-01
2.877471961920758936e-01
5.131697060571940305e-01
-4.132262423345021141e-01
7.591911659783558974e-01
1.279467450047788724e+00
1.071542063656886867e+00
2.369811385997993014e-01
-2.283448618601244817e-01
-2.397923180822481015e-01
-1.213462709925572147e+00
-1.644609183521834384e+00
-1.019423702220923378e+00
-2.065676682696482303e-01
2.418108338281363956e-01
3.017659792121865081e-01
1.503648227079579236e-01
-1.238211585121273828e-03
-6.822179103849634885e-01
-2.537748686886684979e-01
3.544507078063308114e-03
-4.889284594187093269e-01
-1.747291362849020979e+00
-1.837850325355238956e+00
-2.575014886504667366e+00
1.099794780875006595e+00
1.225021759119269582e+00
-3.389388266394277593e-02
9.901570902283829412e-02
7.364654469885008048e-01
4.059349751837153519e-01
4.787667572925173864e-01
3.624713733449453912e-01
4.049301215197300685e-01
5.425749824417227529e-01
7.402785097525939051e-01
1.301636649286795233e+00
-3.545083664698691628e-01
-5.358411270725405018e-01
-1.935860033813443515e-01
-2.144987178547039797e-01
1.129176941532836764e-01
7.398395636254253560e-01
-9.806998416639052252e-01
-7.284570509940069272e-02
-2.571848823671056827e-01
-9.862265387407465056e-01
-1.230087531498443187e+00
-1.175956328978465804e+00
1.436308819058793596e+00
1.610912666641286073e+00
1.567713597314085661e+00
1.174879319791013010e+00
8.956271329436749085e-01
4.326473420202172626e-01
-5.860434597598898065e-01
2.533673622113209234e+00
-4.114718303911839570e-01
1.166338061574657914e+00
9.853013741080438592e-01
7.415561888235449040e-01
-8.185799896980938684e-02
2.597988485159241634e-02
-1.124859164699256731e-01
3.771509038815361592e-01
5.704402502774534867e-01
8.274293311805762663e-01
4.959330125504584075e-01
7.796203346600836248e-01
6.997710127694918292e-01
2.078703563986591618e+00
2.852232275915844717e-01
6.902667693835722318e-01
-7.225509121024047410e-01
-3.587013337494457943e-01
9.162799075563272666e-01
4.041023074829528383e-01
3.441939924127428441e-01
1.228770730638437669e-01
1.082928241650556345e+00
1.654230438511750556e+00
9.654235455217365924e-01
-9.103329903296573100e-01
-6.382600717354351971e-01
-3.424959041325910114e-01
1.608570021900317393e-01
1.902838648020637180e-01
4.230771857558242033e-01
-6.982146060113532116e-01
5.167776554765128871e-01
-6.223586271364656142e-02
-1.380926498808981995e+00
-1.568043042209177340e+00
-1.504201255869250575e+00
6.929193093590324537e-01
8.098600528975992141e-01
1.080903243750956477e+00
-2.916412837428725702e-01
1.169295277125419474e-01
2.174353990179760387e-01
-2.728058802681987416e+00
-2.642650585720300871e+00
-2.702057797719165322e+00
4.034350224149312325e-01
5.052218352333888163e-01
7.907124180167652838e-01
-8.392474255069455324e-01
-6.218055885590216825e-01
-2.873859462794530195e-01
-1.180465989588224351e+00
-5.128626746542668258e-01
-2.241508022964486813e-01
7.308368449289410762e-01
9.859607043669829096e-01
1.133540318464038243e+00
1.182707098257480993e+00
-5.875243468670721114e-02
1.414820915627218234e+00
-1.077656327927733138e+00
-1.474040136962146308e+00
-4.998769909961913172e-01
2.107730639938587558e+00
2.462378525310767508e+00
2.077393909148912421e+00
-1.409547987572018268e+00
-7.999854601233780116e-02
-1.400136762858710249e-01
-2.408073272822896183e+00
-1.630130668341996270e+00
-1.508947721593511426e+00
4.352285640311550630e-01
4.561489990540232853e-01
6.518919696359892768e-01
4.000212120566493113e-02
-7.639272541430512931e-01
-1.170616991346244751e+00
4.115082144524540020e-01
2.633909610538540669e-01
-2.959454741583642523e-01
7.568301335826044252e-01
6.663470506588620168e-01
4.340091330419189042e-01
-2.519852428156195145e-01
1.113101836428698199e-01
5.047526443370928817e-01
-3.144021314615570439e-01
4.321387878063300825e-01
-1.385781707034499100e-01
-1.242249469726909306e+00
-7.593860870230120241e-01
-1.051290586576192787e+00
2.138842463713280573e+00
2.147926878710943122e+00
2.160294358771567502e+00
-5.110733028367309139e-01
1.240949583425066116e+00
nan
-1.697128268910792492e-01
-3.329511994175984313e-01
-5.343739852168232218e-01
5.418976746728878524e-01
5.788571243409568190e-01
1.600784071612348924e-02
7.667337426686624546e-01
7.523393591035145711e-01
5.558028127869589774e-01
-5.362321158748928340e-02
-1.411333386286376168e+00
-2.661569014260417809e+00
-6.846038488147976331e-01
-2.098112401543571259e+00
-1.188381373091900173e+00
nan
-8.676198588551153890e-02
-3.025846875300999272e-01
-5.684659217332934666e-01
-3.976386718168827272e-01
-5.693644347675190787e-01
-2.541892763118945187e+00
-1.036397262891473936e+00
-1.577780580641658936e-01
-2.559042914650393463e+00
-2.648849653527499903e+00
-2.821269014613161819e+00
1.556993388154576330e+00
8.971252833995295717e-01
3.637590768437410915e-01
-1.090732321034344032e+00
1.565828190809837039e+00
1.496408392376602947e+00
1.527540208536890098e+00
7.664459523336790703e-01
-5.033395929180173312e-02
2.857244578516329625e+00
nan
-1.288868767225222145e+00
nan
-2.791155659748719486e+00
-2.195592433363262597e+00
1.494306757329072255e+00
8.372567523029572634e-01
-3.917226149520147693e-01
nan
-2.068498206491494518e+00
-2.238665078703126810e+00
-7.999003778977509249e-01
-5.306006631229176485e-01
-9.102691134607363566e-01
8.471180220584813014e-01
3.271363732538334901e-01
-3.170389389855690077e-01
2.832484237578527519e-01
-3.421382153193670561e-01
-9.544931544243815402e-01
2.461944352261835611e-01
-1.531000685270300643e-01
-9.035700873594598725e-01
1.393559684084977768e+00
8.039709667617027655e-01
5.068889490414365540e-01
1.879710110312256433e+00
nan
-2.365213870733116064e+00
1.903680063513706777e+00
1.985982741684021669e+00
1.649805625626255434e+00
2.685686702470195364e+00
1.227893719765347669e+00
5.865445576871728406e-01
2.703480991270388323e+00
2.333494726796237373e+00
1.396080007878729212e+00
9.276456621365083421e-01
2.287897604621837999e-01
6.190261952462616790e-02
2.170295994712587273e+00
1.997175674248858890e+00
2.694933941046002701e+00
-1.281931891552168246e-01
-6.785149431636883222e-02
-6.954483562286162268e-02
-9.466923930868937909e-01
-9.123474870802423808e-01
-1.479229296793860060e+00
1.724791720270042461e+00
7.190224062451950893e-01
1.500539434630778324e+00
7.978139664524581676e-01
3.954226973405639001e-02
-6.769162347858239670e-01
-3.035858755458393787e-01
-8.803701043232710077e-01
-6.573843860639492220e-01
9.771461375569101548e-01
8.771822281949139821e-01
1.481949637155646649e+00
1.449443797984519833e-01
5.590308186551031788e-01
9.943442660633881047e-01
4.585044821111732283e-01
4.097158045958573247e-01
2.493706815111891295e-01
-7.409257124972472575e-01
-9.801227914412193876e-01
-1.173314077524714616e+00
3.056166087288691102e+00
2.903637659891209033e+00
2.846478475049949886e+00
-8.200579597637194240e-01
-1.021677688672297357e+00
-2.591728207727089117e+00
7.534682579836049499e-02
1.578219514224761255e-01
2.225604350976843726e+00
8.722074138536619614e-01
-1.119650947109608996e+00
3.951373050803699272e-01
8.587332355411207985e-01
8.392385242566984260e-01
1.392015209675254717e+00
2.689524904914164516e-01
3.893570455654793427e-01
6.731678283224562520e-01
nan
-9.650499816072555248e-01
nan
nan
2.023023320051731133e-02
5.297249287436667231e-01
-1.036615401419778149e+00
-7.507858161732872126e-01
-4.647664484516123018e-01
3.978135881213371583e-01
2.128795729239607581e-01
2.990481473725097317e-01
-1.860538532299482073e+00
-1.373271892955879814e+00
-1.764105386993662927e+00
-3.532576326791621035e-01
-7.661726417187542104e-01
-4.703559481539429932e-01
3.900733026394522795e-01
1.886045685292612184e-01
8.275881501434101395e-02
8.843986350847847788e-01
7.137549369939089061e-01
3.400242598272806838e-01
4.759883135751565852e-01
1.218979505544341535e+00
1.422069242462471017e+00
-1.519965613874699750e+00
-8.700889816027324031e-01
-1.098629684682448371e+00
5.286175384072184791e-01
7.598297734798897807e-01
7.559538558765162009e-01
nan
-1.923301510087698007e+00
-7.161000622073392385e-01
-8.397423046760219556e-01
-3.893006308968107732e-01
-1.191464484916315625e+00
-2.957395080058380366e-01
7.218622791525390880e-01
5.796476646041215375e-01
-1.042379183383035368e-02
3.504088894525718700e-01
4.383971767680678866e-01
-1.436437130741293311e+00
-1.041884747527107358e+00
-1.655581395255187660e+00
1.605067314533691558e+00
2.038106745138944298e+00
1.785529479732843150e+00
5.042498308171894372e-01
-3.322066574251492099e-01
-9.402510016472356291e-01
4.805101566395841850e-01
6.563754932155374533e-01
7.727394843797510404e-01
6.298565724534168631e-01
1.449125314851228197e+00
1.263576374311908168e+00
-1.177247619093854336e+00
-4.234999209750656135e-01
1.614914045804698439e-01
-2.240978786997513961e+00
-2.169352681872530386e+00
-2.062975378230616386e+00
1.853696318016519129e+00
1.547298466966376296e+00
1.387441814489218217e+00
-6.789542825399030868e-01
-6.085319086489935358e-01
-4.545810516246775457e-01
-8.797680605489617278e-01
-1.928240074112211433e+00
-2.517357765764042021e+00
1.158620011072729383e+00
5.121750092473442706e-02
-2.400028678594519072e-01
-7.510734866250579067e-01
-6.727483552679007772e-01
-1.190898238277478205e+00
2.330553340130969708e-01
3.959887780741366825e-02
2.620577454336250334e-01
-2.789267188141630882e-02
5.477635950455450597e-02
4.715069874925643667e-01
-1.377462344648536785e-01
-6.434924516919502402e-01
-6.384902557968192838e-01
-1.363720369009046696e+00
-1.315069830546442997e+00
-1.472833037315934179e+00
-1.891321019884284915e+00
-1.624219422877833718e+00
-1.702902718672465898e+00
2.647583261525514153e+00
1.846713537381132753e+00
1.669167268961190942e+00
nan
9.845279284555186194e-01
1.187613880683358047e-01
-1.543367913413771220e-01
-3.622380225463288639e-01
-3.399648999222995016e-01
1.005641467370157471e+00
2.461172959689106321e-01
4.389015705101702025e-01
8.358331143557506948e-02
4.263437402498704287e-02
1.754937654733716990e-01
-3.048630135422545795e+00
-1.286232614956312137e+00
-1.418726007134663014e-01
-2.458801810259230614e+00
-1.320722134614975118e+00
-1.585251069838604865e+00
nan
-6.764118852539424687e-01
-6.719853869005749658e-01
-2.848107945932705221e-01
-9.858754953834765189e-01
-7.468260716423338330e-01
-7.889125174434714616e-01
-3.712398390312365848e-01
-1.955171468832501702e-01
-1.246098627341920562e-01
-1.090443107371076081e+00
-1.710857812508216558e+00
-2.385531212161536629e+00
nan
-9.886190481055008306e-01
-1.085145072890952189e+00
-1.002432941397707111e+00
-8.547902290886035814e-01
-5.063565961889668898e-01
2.110390119791976105e-01
6.118006966890838783e-01
4.841264481526952324e-01
7.941498392992318855e-01
1.208961590180472001e+00
-1.775354118143252835e+00
1.044107254939943275e+00
-7.787320411886367033e-01
3.304059615874632705e-01
5.984249798785330476e-01
6.549697506125817803e-01
-1.506370975954852476e+00
-1.015104445726990878e+00
-5.480122904190376509e-01
-2.237180552722372262e+00
-1.981426663025635415e+00
-1.868106090112574114e+00
-8.864278178975495415e-01
-5.230585062243884309e-01
1.910842221278041819e-01
-5.282269461597097759e-01
-5.121233312390169878e-01
2.837687749380006785e-01
-2.876592753835113925e+00
-2.764215265538183974e+00
2.594668385790628307e+00
7.224837118229570088e-01
9.824491216697612828e-01
5.368002505141924452e-01
-2.274123712027565247e+00
-5.997525050423373472e-01
-1.705937128244672252e-02
-1.487419134649138330e+00
-7.930021713637080971e-01
-3.131607374909015640e-01
-4.860748016955462880e-01
7.523671254981505463e-01
1.443945360365784580e+00
-7.349608661567703649e-01
-6.359198579914968619e-01
-1.065707019071617800e-01
-3.864445977430470691e-01
-1.056071380113654978e+00
-6.182331835522978380e-01
2.126463199521489322e+00
2.616379883578616727e+00
2.613531658145596737e+00
5.086966776142887170e-01
9.601583745427664240e-01
9.858132174351137422e-01
-5.750479515368609462e-01
1.145834517098496264e-01
-1.060475397132338848e-01
2.554541622588324401e-01
4.069572982845270914e-01
4.253655984678568203e-01
-1.439077402939357819e+00
-1.420089379418043585e+00
-1.294142384394462830e+00
-1.974064518148233027e-01
2.395621596956192256e-01
-3.899286330890872065e-02
5.898096463707545034e-01
1.435386650593960312e+00
1.264660184201930271e+00
-4.630647101116642794e-01
3.648790397925809614e-01
6.545012812342645425e-01
-5.884782107415236219e-01
-6.843237353852336113e-01
-1.506379328338147694e-01
-9.764581114907024961e-01
2.489343549719835735e-01
-7.178973017253977851e-01
2.155787542563219361e+00
2.598166906165527479e+00
2.888948594388630831e+00
1.223157485915885800e+00
4.123197397232907235e-01
1.270978972071281632e-01
-1.509802673740829881e-01
6.347886032944169976e-01
2.602291815544166553e-03
-6.074641527297499621e-01
2.328470302360861055e-01
5.419383166512288241e-01
6.069597971816200754e-01
1.049822263940519029e+00
8.972604642008281672e-01
4.472943057237337428e-01
6.410206308649688545e-01
1.541033475757611626e-01
1.554035611808357586e-01
1.525553348470873871e-01
-3.527198571444634112e-01
-5.750962616187704768e-01
-5.924858829120260850e-01
-7.971843393606503625e-02
-1.016845509848489204e+00
-1.013365087867886594e+00
-1.416512336445391984e+00
1.536497996213837425e+00
2.678072117874124025e+00
nan
-1.731063780984669620e-01
-1.856166605866889086e-01
4.588929362570026704e-01
1.643360347079952710e+00
1.389298638376180506e+00
1.502395097528414603e+00
-6.103038400007831932e-01
-6.647542172751905731e-01
-4.245067230196677421e-01
-1.545730265075393461e-01
-8.190404455327993105e-02
2.169373520000439370e-01
3.504030174304082479e-01
5.297658950972308212e-01
5.272229459731123669e-01
-1.334537535255275742e+00
-1.305174145861639712e+00
-9.123041990004754354e-01
-1.535016753314120130e-01
-2.920511020797600388e-01
8.722991947810898594e-02
-1.100133189409765677e+00
-1.370350088393005983e+00
-7.374152826751494416e-01
-1.209004679619198219e+00
-8.305900069482157200e-01
-1.170536881995360545e+00
-1.575654219727247174e-01
-3.250228726141815017e-01
-1.655721195856565409e-01
-1.967251714051374556e-01
-2.291430592594001503e-01
-2.619198789829595420e-01
-1.324119564137664184e+00
-9.388211492883726805e-01
-6.277679855116105045e-01
4.459749709185527600e-01
3.980532707867037168e-01
5.733280098244093459e-01
-1.800095228492203159e+00
-1.339995125801568765e+00
-1.480859420153268102e+00
-1.088643866618332456e+00
-9.928320482355026400e-01
-7.838158904086913736e-01
-4.898947746369630707e-02
4.254774094005728813e-01
7.578960336925288921e-01
5.037910151805449210e-01
1.534341412984088215e-01
-2.575975295476169435e-01
-1.094604494193642807e+00
-1.815650434732219765e+00
-9.692368740275911776e-01
2.897577412779183348e+00
nan
nan
-2.868685531856285831e+00
-1.438908713976528642e+00
4.505589301036576622e-01
-1.333371491685220622e+00
-1.825777477806506566e+00
-7.482318123005291532e-01
1.753242902652597301e+00
1.690112228640775704e+00
1.608213463948017896e+00
nan
-2.064744304241724393e+00
-3.159562108001674474e-01
-1.667132374778836912e-01
-1.423331229609341442e-01
7.969195201628096470e-01
1.673140058090123894e+00
8.684871302857892772e-01
1.575241694713378493e+00
-3.977154540362817237e-01
-9.609414176492325765e-02
2.955602108662653826e-01
-7.852693459252395591e-01
-1.445660076340209432e+00
2.984491660336692220e-01
3.727677181112114546e-01
1.084093351479600287e-01
1.127579267320192535e+00
-2.217357482343184749e+00
3.132234630990567759e+00
3.102619673158871549e+00
1.295292141529025720e+00
nan
-9.834253077452892455e-02
nan
-1.265571410558146814e+00
-8.424996717323556261e-01
-3.075479903649052549e+00
-1.313144963835828793e+00
1.063771042722189364e+00
1.558723734739421829e+00
1.794051805517602460e+00
2.070823093355246947e+00
-7.230369152099114238e-01
1.829535711532078501e+00
3.056647605876545271e+00
nan
-2.330952090909902630e+00
-2.734011592244245836e+00
nan
nan
nan
1.403199751196156697e+00
nan
-3.130426470710572673e+00
-1.207136715896224288e+00
-8.581008973920534189e-02
8.655008009166094141e-01
2.555013571959599439e+00
nan
-2.507919459060310885e+00
-3.339414856452034286e-01
nan
-8.624711436386545138e-01
-5.759644979537834608e-01
-5.199967198285224690e-01
8.670585457876347490e-01
1.788543161216762378e+00
1.398716040164496022e+00
1.625834094739039948e+00
-8.123406848513123890e-01
-6.103986830641625616e-01
-3.272029650145289459e-01
-1.898799748014649236e+00
-1.559357616082564402e+00
-1.558961782148016173e+00
1.419957871223735957e-01
-2.699346316037360971e-01
1.001924451075932865e-01
-2.087131356151067152e+00
-2.129751786187603635e+00
-2.401044155779035627e+00
2.446007940880643439e-01
-1.435951842100426923e-01
4.507460835598848803e-01
7.626500989119451290e-01
6.004503062729775742e-01
2.569422697184684523e-01
-5.016602598760844245e-01
-1.627879513640628772e-02
1.351776167973590681e-01
-9.680930444280848590e-01
-7.458446194152128506e-01
-8.727795417092014674e-01
-1.605311745509180987e+00
-1.371854663420362108e+00
-1.886721491925643868e+00
9.335537719154274328e-01
2.231765016437488036e-01
5.116887251104884626e-02
3.060429176675307339e+00
nan
-2.225268603786361155e+00
-1.103238048233207369e+00
-8.658688394170748204e-01
-7.334299447314451825e-01
-5.498225948366948224e-01
-2.447812411130589894e-02
-3.088791580306966544e-01
5.811403416597338278e-02
-2.665851189842696201e-01
-2.109797862791631395e-01
3.937587995528750717e-01
3.798709116193594859e-01
6.169164145633847518e-01
-2.756850802808336276e+00
-1.832168481675810812e+00
2.431194967945374152e+00
-6.751153196331936002e-01
-5.640986424498954932e-01
-2.707168744706973662e-01
-4.302999296739651314e-01
-4.156035614571176318e-01
-6.544824138274107916e-01
-1.537994382529737525e+00
-1.666890943378816159e+00
-1.836774340625178414e+00
nan
-2.774219043044317878e+00
-2.999449450173321097e+00
2.734118402452971885e-01
1.426486238145168173e-01
1.185531951191780564e-01
1.217138130051710121e+00
8.201990962966290155e-01
-1.278575992549844109e-01
1.393330132175349512e+00
8.357066976967386651e-01
3.918193601393187286e-01
8.917024820971812815e-01
1.179289445125717428e+00
3.188418432194866092e-01
2.841084146175671954e-01
-3.324360004384030454e-01
-1.082133885120589500e+00
8.274717607199870706e-01
1.023343845836439669e+00
4.806651943936555149e-01
-7.840056400890067501e-01
7.928071650618204735e-01
-5.072736963439532509e-01
-7.049875808055356963e-01
-4.841983237592017986e-02
-9.071218243573451190e-01
-7.311366221986927982e-01
2.884477867776538140e-01
-1.816172854490987199e-01
1.535836689016133683e+00
1.190932224788135763e+00
1.650154530993486190e-01
7.704919756804922137e-01
1.030812221803967255e-01
-9.533869740693994288e-01
1.258417072886031995e+00
1.756935527244159800e+00
9.504344087909339933e-01
-3.053297665142902240e-01
-3.576056579402608904e-01
-8.066364310498865819e-01
1.837635433714186028e+00
4.744906951051910404e-01
-8.157638542761120881e-01
1.829984841279379104e+00
2.676280255396652485e+00
1.445911135602945485e+00
-1.012188112614493818e-01
-2.433740166218542722e+00
-2.897276907672856172e+00
-3.090055956331301257e+00
nan
1.263113537787232232e+00
9.390086575167435612e-01
2.565291025924918422e-01
3.417309938930612745e-01
nan
-1.441831051245915374e+00
6.573464804034929720e-01
-8.475188655599152909e-01
-1.237196736217641702e+00
-8.714588487426473407e-01
8.668418758762328480e-01
8.176248849427607546e-01
8.024222670033038796e-01
2.911377064924471014e+00
nan
-2.186333057408991642e+00
-6.164595557304997087e-01
-1.457531895374321707e+00
-1.284705028438893226e+00
2.379226351551722018e-02
-4.179790986362612593e-01
-9.375165765600792511e-01
9.446609600620927694e-01
8.847774936059238371e-02
3.523504727318291785e-01
2.779604174409556983e+00
2.051397104518830616e+00
2.248384237938647168e+00
nan
-2.973709939166449878e+00
2.431827174653952817e+00
2.546546574531009632e+00
nan
-5.539021680192792729e-01
2.996447085468801674e+00
nan
-2.288188706165768416e+00
2.569384163919284703e+00
1.389554248350893140e+00
1.307361367117684914e+00
2.878148371916335435e+00
-1.596641361997803710e+00
1.186648392180922329e-01
-2.979152897995775540e+00
-2.705195266553032774e+00
-1.414346389285615846e+00
1.996653499587805136e+00
2.004272502622285401e+00
2.001424277189816969e+00
1.487689855647871262e-01
-3.034373579649747299e-01
2.907651284110959189e-01
-1.559221020811769387e+00
-1.616184816652728395e+00
-1.329928192525882347e+00
3.201175155861104571e-01
3.703381390029982789e-01
5.904942165002369237e-01
-1.344381155601244160e+00
-1.669096656507815357e+00
-1.668124343528784470e+00
-8.891090530682475013e-01
-9.853772925521706583e-01
-2.653063840960641073e-01
2.097929276382424213e-01
5.338885832308526425e-01
3.610525675413094326e-01
-2.347502655822579776e-01
-1.526045958350215059e-01
1.910647772247355825e-01
-3.266525313178658685e-01
-9.954781681699773621e-01
-1.587499981497328960e-01
-1.589837663254718647e+00
-1.636543575683106377e+00
-1.427796777576835208e+00
2.455693803929559493e+00
1.974283892983915045e+00
2.461144951393467117e+00
-5.471393592218154467e-02
-7.137527142691975079e-01
-9.427977468293491370e-01
-7.958460476659703353e-01
-8.128250315347718136e-01
-6.745226812673883465e-01
8.313892901590551610e-01
7.885562520547169107e-01
3.465031200695918301e-01
1.168172366625166880e+00
9.835607188049912963e-01
1.185922507668040637e+00
2.795046681699848712e-01
4.847086198429595427e-02
2.919165234755829452e-01
5.521759720913594904e-01
-5.183295582336389096e-01
-2.490298417428422617e-01
-2.772472131471217516e-01
-4.283113937082370093e-01
-4.437202933034232188e-01
3.232053483445449515e-01
7.951506059334412235e-01
5.098965565026816193e-01
-1.342601726880147339e+00
-1.363819938267234688e+00
-1.444858360427062394e+00
-2.420516914578353607e+00
-1.544117948565800758e+00
-2.258737709929275805e+00
-4.003418199461648008e-01
-3.403866745626631385e-01
5.451978184709149744e-02
7.654822318922911428e-01
8.975979010256542878e-01
9.139695279187911581e-01
1.129532437808546952e+00
1.581033154645943739e+00
1.184652056082175164e+00
9.089251304143726173e-01
1.944619810728012155e+00
1.555526894163685725e+00
-2.739972932539811445e-01
-3.944917341636053898e-01
-2.451294840347695292e-01
3.384193096677710066e-01
3.911335746393267421e-01
3.355086130356101926e-01
-6.517805030628145424e-01
-2.072479699585674240e-01
-2.035117835639312922e-01
-6.416482257489684038e-01
-8.608964818643949357e-01
-5.299218360624071700e-01
-1.493345672508054056e+00
2.874163780870020446e-03
6.955727270638645265e-02
2.829429994341077226e-01
5.378691643358832764e-01
4.407251944418821843e-01
-2.189458234031713246e+00
-2.451257269100898029e+00
-2.269282125480234225e+00
2.037962262444855455e+00
2.119033744345037995e+00
1.477901928971761869e+00
2.543465312484096685e-01
-1.610874927537779833e-01
-1.023975019824238331e+00
nan
-1.404997970906890714e+00
8.581582657428263872e-01
1.217331550447587674e+00
1.579463069900076455e+00
1.253693895154030180e+00
4.411656248672959357e-01
-8.605824646734845373e-01
1.245864408301402548e+00
-7.777763912581057149e-01
-1.002396589111947289e+00
-6.362382885575965652e-01
2.036686890407821693e+00
1.093748547937463123e+00
1.962996969043176776e+00
3.940013535086128726e-02
-2.095536140970377659e-01
4.406040083067015445e-01
6.463256757589963541e-03
-2.689923163312270216e+00
nan
1.026320216805643781e+00
-1.632443913873156127e-01
4.448039833812615917e-01
-3.188233136149687397e-01
2.455127300841330573e+00
1.118134623140995210e+00
2.227859781762115965e-01
-4.777240078920228505e-01
-3.836117295145733408e-01
8.352235155518354937e-01
6.519764156806377997e-01
6.869109780495472606e-01
-1.643270214228147452e-01
-1.924314319955962027e-01
2.484256936049726860e-01
-1.059414618701437050e+00
-1.373564510754449186e+00
-1.144121297915824620e+00
-1.478585820500200043e-01
-8.064170177883740465e-01
-5.041549492309580494e-01
2.020497576990392119e+00
1.414607664005637311e+00
1.939210192272247113e+00
-1.127626057450377139e+00
-1.591393044230538401e+00
-1.913541094769385831e+00
1.349659311867492661e-01
-3.681817071850912448e-01
4.093593311432948134e-01
-2.744638402226060592e+00
2.781641417922644521e-01
-2.208332427908956674e-01
3.856560528563277579e-01
4.562639785507416335e-02
3.950323122947363430e-01
-7.492008572489332607e-01
-4.522721152612159123e-01
-2.117660058583887839e-01
3.828647934232574102e-01
6.375977501564760175e-01
-1.145769886158218176e+00
-1.267607792868031158e+00
-1.536522730710597973e+00
-1.618247495502057820e+00
-5.903781108589152282e-01
-1.228422614752411102e+00
-1.843907856764161579e+00
-1.503608904023156390e+00
-1.892849224042584266e+00
-1.274202779776828498e+00
1.659866665505644434e+00
2.944795266769093978e+00
nan
6.271001231711830215e-01
4.789366020401368829e-01
6.441261818760861679e-01
5.545251040397229936e-01
-1.306424042097593663e-01
-1.777333613995337736e-01
-1.246597066783224017e+00
2.667875799424768601e+00
3.111828697805497868e+00
-3.295108445304957279e-01
-2.828777751781439420e-01
-7.520685855970254963e-02
-1.685749637686319247e+00
-1.275171033884859861e+00
-1.504062049702099113e+00
9.828440926902084485e-01
5.213821907048572513e-01
4.507713705157536666e-01
-1.904854897145718429e+00
-1.126892275452195502e+00
-1.660913467440741531e+00
-3.993795942278666189e-01
-3.670970949846790177e-01
-5.346920196908215850e-01
1.080424831031336019e+00
1.177991433629625995e+00
1.000614884011548078e+00
-7.664877262437963523e-02
1.091408656142007771e-01
-2.737440145388596591e-01
4.064661572365770859e-01
2.835458261495737986e-01
1.236443140942506957e-01
-1.276036146727816067e+00
-1.504654550857930095e+00
-1.582880279800471524e+00
nan
-3.012689090757784349e+00
3.114262328827290816e+00
-8.818664909677078612e-01
4.249162141039239948e-01
-8.800304546889581303e-02
2.176635232026145061e-01
-2.774741371182276595e-03
-2.948616480996255618e-01
9.753076886074065754e-01
1.093206883020210185e+00
8.199766881989409839e-01
2.622539169559021666e-01
7.713420993359143552e-03
-8.164420373451308777e-02
6.387376860015203661e-02
2.238826243292133533e-01
2.152587315587708439e-01
3.102536362736895370e+00
2.667875797879690758e+00
2.122675607664570308e+00
-2.977166379434379451e-01
3.964034836962677666e-01
4.173285770928658600e-01
-1.528741210496451508e+00
-1.865648326062122830e+00
-1.713118770141672131e+00
5.157440228970435747e-01
3.698376578033131246e-01
1.950831485935875520e-01
2.788519508214362119e+00
2.529708383606783073e+00
nan
6.061023723325678070e-01
nan
-8.290828209913350122e-01
2.001845221215761583e+00
2.726940399667294734e+00
2.155479655491205015e+00
1.200003184206592799e+00
1.352907318486554544e+00
1.528188169219697023e+00
-2.724108431837652500e+00
-1.415988629031327717e+00
-3.837748142452714895e-01
2.429844861429635294e-01
5.968070702951591144e-01
2.294275105541796478e+00
nan
nan
3.168824274324388846e-01
-2.831135843910005612e+00
2.629019477618526501e+00
3.002012000664900704e+00
nan
nan
nan
2.146554653303478943e+00
2.241737349202095331e-01
-1.238757068857696764e+00
1.575043979745873735e+00
1.626625342258239293e+00
1.393731861458653576e+00
-8.083962785882969904e-01
-1.518619803962812487e+00
-1.438871444575678948e+00
-1.161455894592123173e+00
1.106351751888198010e+00
-1.825626020606995414e+00
1.265632706764093562e+00
2.351376242167982689e+00
nan
-2.598344682782220083e+00
1.270530230398595251e+00
nan
2.898520348018628567e+00
2.518851897679620144e+00
2.505066055030568783e+00
1.639051082409951121e+00
1.851356737877495995e+00
1.732470405830410343e+00
