-1.049030265593548616e+00
-3.821719309532634057e-01
-4.438620838068469965e-01
2.516264759579001087e+00
2.484222223448031563e+00
2.065905544913766434e+00
-4.559047643643232561e-01
-1.615388582541288365e-01
-4.477269066616615945e-01
-1.449611099895456556e+00
-1.878341465281417877e+00
-5.626087647767814559e-01
4.741608209377594640e-01
7.101236178813263855e-01
1.039891706207964006e+00
-8.046204808331789415e-01
-5.162812827853922037e-01
-3.378693179784648670e-01
-3.089721127915400878e+00
-2.034142134861010920e+00
-2.464488074169934428e+00
8.601398706558951446e-01
1.011048384816088053e+00
5.992052844816067037e-01
-3.002047408714578758e-01
1.759567944775151105e-01
8.480032539177777551e-01
-1.126644764657765752e+00
-9.800117108182218040e-01
-8.223731688093769421e-01
-7.762019550578758142e-01
-4.360862090925481382e-01
-1.246827334541338983e+00
2.770147386037581150e+00
2.002037266391962334e+00
1.838847204237354482e+00
3.173094024565661364e-01
4.020972394938473471e-01
1.220717104563940225e+00
-7.605011128263075015e-01
-4.980199945115937332e-01
-3.058395984591117944e-01
-7.593368951889445384e-03
4.231605241037188492e-01
-5.076129276990304362e-02
3.130701752429172480e-01
1.409270065848608589e+00
7.357301513859946240e-01
5.672144826136840123e-01
-2.255016761997294950e-01
4.087178297426783402e-01
-1.482216516268578088e+00
-1.496545281449688236e+00
-1.895537844230281488e+00
-1.035684549289264123e+00
-2.772903016837910961e-01
-2.180598105776652140e-01
-7.150733408166081162e-01
-8.744537380293713191e-01
-4.791285917340717404e-01
-2.775337920796002944e+00
-2.406324572400485806e+00
-2.767152011399853784e+00
-3.052300786234713570e+00
-1.709110535750216986e+00
-2.446275096890855760e+00
-2.261490994517316722e-01
1.556664746756517559e-01
6.842313869272338422e-01
2.488563732966873054e-01
2.519236406857716659e-02
-3.995689064751539732e-01
3.340446592538541815e-01
1.789350159670464180e-01
5.094889509852489340e-01
1.214951654158090477e+00
9.542216940563346128e-01
1.134843050299036982e+00
-2.371968573878424635e-01
-3.234919510405305232e-01
-5.737427381284598837e-02
2.762655589086242536e-01
8.469535368205298731e-01
5.506460937958559398e-01
1.709353342526074293e-01
1.149593158367587797e-01
-4.180330971052006461e-01
-2.034853627845897961e+00
-2.303891577141441882e+00
-3.093875383484076647e+00
6.832314006640158865e-01
8.477909156252874112e-01
4.244950568931895596e-01
9.005759248188933697e-01
8.098158101281192067e-01
3.979920343923133430e-01
-1.120481408298724890e+00
-1.262025524223334250e+00
-9.454976744364547159e-01
9.802464860151323123e-01
1.201792581917205283e+00
1.296833877123535927e+00
2.081239013489892820e-01
6.855488737692665424e-01
7.748122588692685220e-01
6.394530576100221353e-02
-1.850733214171849106e-01
-5.748321800041860108e-01
6.387755869539137876e-01
8.446507465073458398e-01
6.659530827844428735e-01
1.804455588014244327e-01
1.377558282476243789e+00
1.782639740607492307e-01
-5.042137532472295014e-01
-6.133915152331685938e-01
-4.872965699790370309e-01
1.978023254867853353e-01
2.940386886468822070e-01
2.020489284776250116e-01
8.803074906940784317e-01
9.883692060641902088e-01
9.641678331725795914e-01
-6.210280221796411482e-01
-1.145414569768046897e+00
-8.234516120697881192e-01
9.817558684537779357e-01
7.871629055218551940e-01
6.488164079677978258e-01
-4.639358582303598766e-01
-4.941436150785705195e-01
-2.674847726443494444e-01
-2.655438548362844653e+00
-2.468681593422556553e+00
-2.746294566183821395e+00
-1.968540564172300833e-01
2.726855426514180891e-01
1.353595994189680241e-01
-2.485655773692130310e-02
1.177678916255020525e-02
-1.128627127660664087e-02
-1.628854648807043004e+00
1.994989483208206238e+00
nan
4.109988351755777813e-01
4.853534571653770335e-01
4.806211306193941546e-01
-3.610220678307958231e-01
9.840618874276696459e-02
-2.219835697499883409e-02
-1.581793989791380639e+00
-1.223565514868011572e+00
-1.794666489881278082e+00
3.172543369969305083e-01
8.127945317896188016e-01
9.277026266379948538e-01
-1.554160506507261674e+00
-2.035338334846256814e+00
-9.642881710543838025e-01
-2.494507877556131348e-01
-3.437281176993414178e-01
-4.117952282209214054e-01
2.758150304550484044e+00
2.543246218206312470e+00
1.960674569843448012e+00
5.219839503947567572e-01
8.210328595265372620e-01
-7.429957555024113702e-02
-1.644837014921703311e+00
-1.464913217521987221e+00
-2.254059645256422328e+00
1.152006432170490591e+00
1.032003874269742383e+00
5.101099447146131283e-01
-1.114462548476900849e+00
-9.564474654648780216e-01
-1.283361084306247735e+00
7.259902333300627397e-01
7.401614415047581552e-01
2.332437002430527428e-01
1.199370640960228940e+00
1.328677336913418827e+00
8.454799452304140317e-01
-6.025563315839654877e-02
3.236784729706485564e-01
3.398152173392787745e-04
-2.226546827787183602e-01
-4.802086158798735127e-02
-4.888018229490560529e-01
-6.863005675307407571e-01
-5.229592756889864802e-01
-1.219881369095433987e+00
2.131372663803944079e+00
2.515854286426673525e+00
2.015989846526988316e+00
3.337831824681050108e-01
nan
-1.023838231992550085e+00
2.646471387070148396e-01
1.602447776716902084e-01
-8.033984006667758138e-01
1.332252106358970956e+00
1.116691805346727406e+00
3.075932294448953108e-01
1.439907551283503118e+00
1.364137086898336904e+00
3.117962243504877051e-01
5.332362216863235638e-01
1.814529935356654633e-01
-1.093646594252302151e+00
3.192860694047929826e-01
2.919869242256760700e-01
nan
-1.309617614786953155e-01
-1.917922706082304529e-01
-9.916152717138699835e-01
-1.997837886744675551e-01
-4.308798721954953947e-01
-5.149859972765971072e-01
2.885124194717154644e-01
-3.029542368667006436e-01
6.598718296172676467e-01
nan
-3.041422756027076790e+00
2.762625304893543188e+00
1.135729891767655708e+00
1.721971369055700585e+00
2.408284151500406089e-01
6.709779288642279127e-01
-5.056599215883137433e-01
-6.857102733066131606e-01
-4.545481959997665911e-01
-6.283680463128411553e-01
-2.969090975005528321e-01
1.593918322860350401e+00
1.250225706005093862e+00
1.054667753449090917e+00
-1.637135667895546209e+00
-1.888638458032171119e+00
-1.467177447500034315e+00
-1.685356102654012034e-02
-5.591877174817709850e-01
1.952326985010888194e-02
-1.137759151203690422e+00
-1.337031620953389899e+00
-1.286883462391345656e+00
-2.008527887048771277e+00
-2.011394891992802414e+00
-1.492492036785448173e+00
-1.391574486728214044e+00
-2.065405790210226300e+00
-1.908443593126780469e+00
-1.027494376010182897e+00
-1.207801608114129621e+00
-5.173972400418356266e-01
-1.978651426496525589e+00
3.078528450879184142e+00
nan
4.555623670166681904e-01
7.406350146016249525e-02
3.170663176413639484e-01
2.441539530872699260e+00
nan
-4.586519325642948175e-01
-2.561344030349674838e-01
-6.940700339560423870e-01
-1.095333181790548949e+00
-3.103100921297534232e+00
2.978367426801589168e-01
7.780913696881257557e-01
-1.063830611358965950e+00
-1.768684018600664487e+00
-1.743125796311515208e+00
-6.675238791094404434e-01
-1.615171549587357758e+00
-1.733463789378278719e+00
2.217034942533879338e+00
2.712494545494418041e+00
2.138706585356370482e+00
-8.654036293138567260e-02
-1.822840973740840198e-01
-2.040304279937759091e-01
-5.420741450818638008e-01
-1.058105649471221099e+00
-3.794802076294532256e-01
8.751362534542366234e-01
1.018287977422642321e+00
5.554336069914866947e-01
-2.001101122258642118e+00
-2.245089358883717967e+00
-2.232693493399782625e+00
3.797223296715950269e-01
2.937083594919447371e-01
-3.429971592750198361e-01
1.364269839247558735e+00
1.580435239595332497e+00
1.146299138485947111e+00
2.877153910065834985e-01
-5.768034540997177828e-01
-2.974361686826862972e-01
-6.314610737879755575e-02
2.057079033056918860e-02
-5.342048764366933433e-01
-2.449618654529541750e-01
-8.033290174775498116e-03
-1.994629097330316014e-01
2.459926979096214161e+00
2.425768610671005909e+00
2.885039006788151283e+00
nan
nan
nan
9.354830300299532553e-02
3.884086137956144213e-02
-1.511043148644226619e-01
7.617238322933590489e-01
9.915109031887734403e-01
1.272990665552672596e+00
4.859646978959424324e-01
1.176895035081552798e+00
9.538353539811970094e-01
5.219196285132583490e-01
-2.458867835842517557e-01
1.757586836578193257e-01
1.065639810900589346e+00
1.707640614009651614e+00
nan
2.828513340649463359e-02
-5.793342318128180679e-02
-6.151070370437432544e-01
5.419152342844268944e-02
8.311339323372761712e-01
6.659500598295053919e-02
-9.360574233161900182e-02
-2.127909251612125630e-02
-3.875304590355086454e-01
-9.650025122205647676e-01
-7.816566308980519295e-01
-1.709427226552099111e+00
-3.341917842473174360e-02
-4.961867635436387758e-01
-5.447101677539580855e-01
1.123166498801540847e+00
-5.668657366021525590e-01
-3.664994426501912983e-01
3.827147576855636224e-01
4.546025428536095703e-01
3.172199209222785754e-01
1.299187218032875180e+00
1.474358002026913361e+00
1.480390683950789210e+00
-9.970752999392296090e-01
-9.999806192496087931e-01
-5.761580296540298463e-01
3.835711671621320207e-01
6.126957548265790088e-01
8.236244348153638484e-01
6.281617482323911261e-01
-7.847934337530508841e-01
-8.981823126396784041e-01
-1.154825948653820378e+00
-1.386050067969688993e+00
-1.482620014403891018e+00
4.116614006522132385e-01
1.060438340467806384e-01
2.427979264415927041e-01
4.781758810766967294e-01
2.759555007843585983e-01
2.368839424104831615e-01
-1.468785708757756936e+00
-1.126557958496901435e+00
-1.133904297760105706e+00
1.420169348810699894e+00
1.621032420757419601e+00
1.164646737810882904e+00
-8.921936706883308865e-01
-6.438284128536668760e-01
-7.289795645931884671e-01
3.107192563403762264e-01
6.068721699912731360e-01
6.484553658512126617e-01
9.005570962818607583e-01
8.862900761536298688e-01
7.573668780859890148e-01
-2.809455906164339822e-01
-2.268711245549890343e-01
8.688855868926026460e-02
-1.356482809046753113e+00
-1.129531203813211704e+00
-1.179638965789065574e+00
1.851368441461815451e+00
1.908477187196987224e+00
1.884694504823481331e+00
-1.886782839015630486e-01
-7.444311899277966660e-03
2.499227623813493615e-01
-7.287389619211244174e-01
-1.409634236685320285e+00
-4.521665865959625386e-01
2.882891617417806529e-01
2.640232587412483234e-01
3.195298313545515967e-01
-2.470131504480953755e+00
-2.785289739246968210e+00
-2.521485319448814266e+00
-1.394017932834010765e-01
-5.628877906379701201e-01
-2.307847052208997773e-01
4.638487388403875755e-01
3.152603417003358999e-01
5.680741715022845639e-01
-5.656917498785660747e-01
-3.599282305612585553e-01
-4.295029011007045483e-02
-1.193822078713979495e+00
-1.096768778893253860e+00
-1.302471891832405415e+00
-1.253195418921588145e+00
-1.101479031014378940e+00
-1.269133768761411707e+00
2.264904483173563854e+00
2.556607974274567319e+00
nan
-1.408368055353702575e+00
-1.827014972694412709e+00
-1.624286831091700467e+00
-4.130312481805376024e-01
-7.074402155401955383e-01
-1.927363294195085786e-01
-5.358843038801630598e-01
-6.875001454857052607e-01
-3.062534222936239559e-01
5.386813702168078422e-01
5.576290169404720665e-01
4.832372845957166874e-01
3.602231775530895241e-01
nan
nan
-3.805667361917479674e-01
5.058685728376839386e-01
1.738153305526989101e+00
9.366131903624310695e-01
8.415002531516613260e-01
1.004138909819492831e+00
-1.143337830626144136e+00
-7.220420001620473371e-01
-7.263033014759900929e-01
-5.602326875905525583e-01
-1.216310907774964534e-03
-1.507104072809548612e-01
-1.723592666614342628e+00
-1.409634237665868817e+00
-1.621827032482529685e+00
nan
2.065485614239296552e+00
nan
-7.836182598170808866e-01
-1.557412752756892838e+00
-7.795104066458606873e-01
4.376281764323208812e-01
8.000513338102419603e-01
8.115083208507560819e-01
5.434518561885077759e-01
5.638757698036869215e-01
8.966068880245376960e-01
-1.039018634521693407e+00
-1.908832503402067005e+00
-6.331087708054257135e-01
6.992739969820109813e-01
6.890987120431333324e-01
5.857302025379160781e-01
-1.396997848530839192e+00
-1.383307852806557880e+00
-7.645073793741055113e-01
2.970034541621910051e+00
2.695038375979746270e+00
2.943403633815130149e+00
1.224250376871309776e-01
3.739483391263842549e-03
3.487870416186114042e-01
1.399357128647984894e+00
1.171498381976462611e+00
1.397638224340743029e+00
-5.652369831246240039e-01
-1.446250786451067416e+00
-2.059722230101064255e+00
6.603359075503258957e-01
8.000513338602215363e-01
8.237549779904087544e-01
-8.121240120526085349e-01
-4.032612510160955566e-01
-9.852961184331618938e-01
2.665587724964684213e-01
2.936817112490359705e-01
3.871284273919517460e-02
2.276206825927551414e-01
-2.288074431891922167e-01
3.824217349249723341e-01
-4.451429818806444949e-01
-7.921187885477678492e-01
-5.808424104632843310e-01
-9.836668604539999805e-01
-1.115648478347165629e+00
-1.283862810172074154e+00
2.119496001921191031e+00
2.609412685978318436e+00
2.287716577932346951e+00
2.014327468638077434e-01
4.650157446366942615e-01
4.751629858477284252e-01
-1.080818844139066037e+00
-1.166712449887224334e+00
-1.228257672065594441e+00
3.383924059904805937e-01
6.825086491818486145e-01
6.953612658764103394e-01
-1.940162198006634808e+00
-2.208137268860484337e+00
-1.587251401521747818e+00
-2.099776420762826667e-01
-5.050330902848765291e-02
7.259337893671524711e-02
9.167148306440910943e-01
1.078169885284134821e+00
1.598522048531082262e+00
3.010968653532608563e-01
-4.741145102671806555e-02
9.394248270564462544e-01
-1.139367953982928228e-01
4.240486226597197650e-01
-1.812771701286250980e-01
-2.103641244890743778e-01
-4.585319784032666490e-01
-2.806514265624322491e-01
1.996449705395233920e+00
1.692676713251534792e+00
2.030947411847548345e+00
-1.440537227943452292e+00
-1.697207692127032486e+00
-1.634064067988625579e+00
-3.511886063376494782e-01
2.880068591931257416e-01
2.855934264876776041e-01
6.646800721980992144e-01
4.797503816374186769e-01
4.818781155928584248e-01
7.734265234842694348e-01
1.188317334686165516e+00
1.362912787424285455e+00
-2.876605806143346378e-01
4.170436316695989021e-01
5.015404025064769122e-01
-7.211487707065797892e-01
1.334021154254507735e+00
1.331172930170382074e+00
-3.917692456425982961e-01
-2.275121944149365305e-01
-3.702670059178205797e-01
-7.362215786189909572e-01
-3.380944369399809801e-01
-7.275698752969339544e-01
-1.159516298799794454e+00
-1.478410410352615445e+00
-2.096353075360144480e-01
-1.124391763562906377e-01
6.383530480199253176e-01
-4.083917083344301702e-02
1.336869380966121845e+00
1.623882866997474750e+00
1.360159101244816426e+00
-1.086356657850491292e+00
-7.779587661561166989e-01
-9.176529630207874710e-01
-3.948546014235283508e-01
-3.087436998439736513e-01
-4.873507095835147851e-01
7.922029911510146682e-01
9.244928434093200309e-01
3.630730393921393073e-01
-1.183517166812598331e+00
-3.624959973571342253e-01
-8.662533627084334498e-01
6.803021628186600722e-01
6.781928008639845906e-01
2.672813718758990653e-01
-6.399355207506047805e-01
-4.497187957362998034e-01
-8.826814019831710212e-01
-1.228255332700416202e+00
-1.711364629090732059e+00
-2.069400674988724376e+00
-3.085184387377504223e-01
-6.825715282582303089e-01
-9.443939778619503400e-01
-1.712376585212580515e-01
1.441794336668236198e-01
-2.667456062436235342e-01
-2.756020836748502845e-01
2.479158246308323932e-01
-1.999426521850060645e-01
2.302605966553579186e-01
6.815176853593030160e-01
3.180529394218787331e-01
-1.028762272456407167e+00
-4.848517401838687846e-01
-8.926638323045126278e-01
-8.030026259532365707e-01
-1.118500808581894379e+00
-1.398230967389657797e+00
7.953250667417766095e-02
7.933815717453920335e-01
-1.341664085986415955e-02
-1.204168393135007120e+00
-2.238876000888329720e+00
-4.391904408751305944e-01
-1.719020049807138628e+00
-1.853655730804282253e+00
-1.183206702594472581e+00
1.801165978479228436e+00
1.877806546314286784e+00
1.989847966995828443e+00
-5.681197326480731391e-01
-9.418135899216046880e-01
-6.619958187501864266e-01
-1.704689462038800229e+00
-1.661603022612538005e+00
-1.525599261871844803e+00
6.345380250176324566e-02
-2.337683867056585818e-01
8.525010576410751995e-02
-9.497929452727418287e-01
-1.086575359677337982e+00
-1.256401176593471947e+00
-5.227300234110163757e-01
-7.888873816632031577e-01
-5.933117687594990919e-01
7.136399721588886358e-01
7.662496867591754857e-01
4.100006271343743514e-01
2.862344863819115126e-01
9.532781244871140203e-01
-1.700520048530540507e-02
-4.797953554488927352e-01
-1.268830741800681672e+00
-6.586843683310150688e-01
-5.064582413622371604e-01
-1.412964477909801175e+00
-1.422944296883555282e+00
1.724431678367670528e+00
2.462317518751617307e+00
1.884680868056147318e+00
nan
-1.992893367922592418e-01
nan
-8.812801765542483956e-01
nan
-1.254745451093097097e+00
4.420439400553357601e-01
8.117821300227787695e-01
1.225895645921011301e-01
1.030568617429632461e+00
5.367033652059443050e-01
2.115419742996631491e-01
-1.138317246226819623e+00
-7.015278937149904692e-01
-7.588271979684897417e-01
-1.704403991327062329e+00
-3.096220420111582161e+00
-2.634763882362770815e+00
1.997371166095756045e-01
5.589985625224067611e-01
6.391187426366156110e-01
-1.157070865827511952e-01
-7.478767804358796845e-01
-9.015050380339095781e-01
-1.759412286301968997e-01
-1.417800337363429142e+00
-9.463238065121526432e-01
-1.750079171379710585e+00
-1.840153006076920450e+00
-1.858285844907447970e+00
nan
-3.956754772770834094e-01
nan
-1.723452832906500198e-01
-6.304241604834577295e-01
-1.344652588707742513e+00
1.361904122619265856e+00
1.339298892917691219e+00
6.910632616005343287e-01
-5.034668201238945429e-01
-5.885203557915135164e-01
-9.117526479211242041e-01
-1.402478602027002363e+00
-1.148551969325306343e+00
-1.331685539487805547e+00
3.513978861414166488e-01
-4.966743372625392894e-02
-3.392075648360211026e-01
-2.536202337844182253e-01
-3.066030024094761330e-01
-7.462472943067379738e-01
nan
nan
nan
8.303290031454859665e-01
1.095586923291268278e+00
6.021410772323849692e-01
4.713523244232997733e-01
-3.613466073051836425e-01
-7.040212632259561509e-01
-6.293691070782463370e-01
-3.118366166381907334e-01
-9.669826710164981520e-01
-1.397528218402076527e+00
-1.260376860680704425e+00
-1.639385113691999463e+00
1.021066534855538777e+00
9.650605845139690331e-01
1.151744458095430801e+00
-5.707772562619832790e-01
1.345906777734762194e-01
-8.466218580059732268e-01
-1.412760862605448864e-01
-2.794230990870740783e-01
-6.314648982766115637e-01
-3.484902668964355854e-01
-8.351631493740847567e-01
-5.028657608014874825e-01
5.871691281074671309e-01
5.118644824027054341e-01
9.169744494160214643e-02
3.589342912555166798e-01
1.216462053693740941e-01
-4.954032421385283769e-01
1.938217408043022338e+00
1.848704010587405300e+00
1.762414881372164288e+00
-5.175791069912594189e-01
-1.074618445973361869e+00
-1.096320671864002616e+00
-2.309001906461456421e-01
-6.571718440241092196e-02
2.665863612669276961e-01
-2.242861589673239564e+00
-1.947724863465838396e+00
-2.125520146995071968e+00
nan
-2.694073144027060440e+00
-2.707707394408318535e+00
3.718274532620218231e-01
3.065323505860066966e-01
-1.069089793746611505e-01
-3.125223026184893449e-01
3.460712579879521300e-02
1.316240670000714985e+00
2.151226330220925576e-01
1.331392060921539056e+00
1.525375894970377288e+00
2.734331470163287037e-01
1.543248763754083264e+00
1.005363984311003378e+00
-1.404962782964219725e+00
-5.486268456333536214e-01
-2.379002217091086280e-02
3.458019542063142104e-01
1.007954701081007265e+00
1.270056036997669224e+00
-2.135345277538656106e-01
4.193418622783351424e-02
6.444378440211537828e-01
-1.192880630568050382e+00
-5.730154868753625230e-01
-3.384349098255450272e-01
-1.643546574576983943e-01
2.549946197518169200e-01
-2.310411458703183207e-01
7.670676412981571879e-01
1.203744208942320704e+00
1.534120055693248830e+00
9.929182252782036144e-01
8.452416348049287542e-01
7.649236950127309420e-01
1.038184962621169660e+00
1.684032988025636612e+00
1.862291824224533876e+00
5.214443486081687951e-03
7.458553002909846796e-01
1.371749187818153359e+00
-4.782265809502121989e-01
3.002130481874818457e-01
4.728397102827974763e-01
8.844616349311058556e-01
1.939119345821818996e+00
nan
-6.863955998000186298e-01
-1.123004256209476637e-01
1.354937208857049491e+00
1.078775869801814835e+00
1.301505933596108555e+00
1.339861923754046558e+00
6.341850975096994247e-01
6.298524286285980267e-01
6.832526821087490099e-01
1.509549898993769013e+00
1.690829739469535298e+00
1.443927111070668623e+00
-9.710119662515781513e-01
-4.770855285525730238e-01
-2.580442392288233577e-01
2.336708746973363837e-01
8.677630171109482760e-01
1.148939676722532610e+00
-9.239280742722666417e-02
1.803341083300047387e-02
-1.584380935723035400e-01
-8.247942997412689436e-01
-1.227300339466933732e+00
-1.466067077589676249e+00
3.648157320392080294e-01
5.148651678423883382e-01
9.250456584457777964e-01
9.201117177346915810e-01
7.194899675790678018e-01
8.165842373392884213e-01
-1.708723197042535613e+00
-1.546398557191005052e+00
-2.006866903751397757e+00
1.958251437105742454e+00
1.704532292257783688e+00
1.839462738667858588e+00
5.682986529376745644e-01
9.422706524094746072e-01
9.707037101271520640e-01
-6.591646827050574586e-01
4.504631649437524921e-01
7.493218280019218192e-01
2.029904373780794025e+00
nan
8.702183168187405116e-01
1.622253402726673954e+00
1.967564227767836016e+00
1.781181210466499465e+00
-3.216957993233191537e-01
3.887711414759249529e-01
5.676777298355748513e-01
2.549731408427478030e+00
2.491532668727155730e+00
2.548351114562949604e+00
-5.372826430394868069e-01
-6.016828744823898845e-02
-5.755398177387238690e-02
-2.181646174062979782e+00
-1.696405443126657309e+00
-1.377390974907206633e+00
-3.511084071623482572e-03
1.488099293985882809e-01
2.477670214112821512e-01
-1.798431423136845009e+00
-1.168490774074860017e+00
-1.453044881342705485e+00
-1.037540038287477095e+00
-4.050111292158224963e-01
-7.417725515384279156e-01
1.429947306511837546e+00
1.737054840234027786e+00
1.202764739473748179e+00
-2.063927721708269658e-02
2.450560945918169864e-01
6.727526002499297775e-01
-1.105653148848672718e+00
-4.196129132284012186e-01
-8.915827462505760970e-01
-1.220012377791162672e+00
-1.206120460136392847e+00
-9.277671498455690724e-01
1.857181509978087952e+00
2.550986526181903358e+00
2.105973832500319887e+00
-1.238225355428934638e+00
-7.690613358632063523e-01
-1.000184267688657425e+00
-8.427354016565482553e-01
-6.563292853139146565e-01
7.222706427275902286e-01
5.109056157408393695e-01
1.133409774756201749e+00
5.830404006208782519e-01
6.648309684827311550e-01
9.157437586871166602e-01
8.005816158191354504e-01
-5.411650345498029147e-01
2.491383129825530673e-01
-1.219999031572664983e-01
-1.336853444498253829e-01
-2.060216414733329060e-02
-2.536454295298589123e-01
-4.501572396319613034e-01
2.022002705702430347e-02
3.249638990046488374e-02
2.616904215031286007e-01
7.763202751865398987e-01
4.144375047028980852e-01
-1.296518302219718199e+00
2.573550880565464993e-01
3.758375870121675177e-01
-2.371769104727970756e+00
-2.438531940445629154e+00
-2.630511463615595069e+00
-4.876679802001375741e-01
-5.439635874507366964e-01
-5.241830269695069155e-01
4.307021868544964605e-01
7.219389412633487879e-01
1.114269937252942100e+00
1.251928725695822919e+00
6.704401773059203151e-01
5.669834202463706063e-01
1.302461284155557841e+00
7.167890630519728745e-01
1.016386397250860441e+00
6.547169796549856535e-01
2.098402559577898785e-01
-2.533631818876602715e-01
1.162216525644966580e+00
8.715784387000988787e-01
7.575916502522117568e-01
1.601645897130761220e-01
2.954621846408360675e-01
-3.068806248555606686e-01
-1.116241456971255985e+00
-9.868151719991677950e-01
-1.571650794425293762e+00
7.023026096468836244e-01
1.024190629845788791e+00
5.721871270034570856e-01
6.398857216336524267e-01
1.591370002320298127e-01
3.075606389352603109e-01
-1.229384144936214396e+00
-7.119457523404779664e-01
-5.919182098005815185e-01
1.862957213424414782e+00
1.493164334854731656e+00
1.409221482316480589e+00
-9.036762018952217979e-01
-6.853589920729836749e-01
-4.322182095926754286e-01
1.606236357673069826e+00
1.485441656387482823e-01
1.837931390143912047e-01
1.772713600631557362e+00
1.248984829102736782e+00
1.119922240608162589e+00
1.915615424240594500e+00
1.147955139981921668e+00
-2.012934193277052142e+00
-3.439688718679403401e-01
-8.593887307720082802e-02
-2.745106223238482634e-01
1.152740126998115677e+00
1.882597894433724939e+00
1.565732814912662363e+00
3.638948987704844207e-01
2.453837987984632818e-01
1.145562599369380763e-01
-4.323820616367095582e-01
-5.910873187288769870e-01
-1.028046400233292079e+00
4.503890970824380169e-01
4.532629564108456854e-01
4.597654549519116784e-01
-4.557588719041545389e-01
9.965470044863735666e-01
-1.151420132727688506e+00
-9.646406297169392019e-01
-4.072827873338211724e-01
-6.202588456775615100e-02
8.375020962498957999e-01
5.336163800300797178e-01
4.423549647740965263e-01
-3.315128699991736205e-01
5.321858588039631854e-01
-2.801978164676324212e-01
-1.549444683920144561e+00
-1.634076854570032822e+00
-1.918842433478152643e+00
-8.225305574279233589e-01
-4.288103870438519927e-01
-8.908908160375403895e-01
1.922220982427423230e+00
1.832738996156719757e+00
2.020708345748987611e+00
-1.167635080275084558e+00
-1.433908555487653613e+00
-1.604337108778866927e+00
8.061004109743952206e-01
1.270858171786263036e+00
6.865205143100352458e-01
1.710885502828340954e-01
-5.616744070773251885e-01
-1.486545897663861915e+00
3.352495837286317837e-01
4.516579813432302082e-01
6.147153265633074071e-01
-3.005298737757193805e-01
-6.948524441251380246e-01
-8.081997110590006805e-01
4.688812009810772174e-01
-8.524105720982522172e-02
1.363366398522821044e+00
-4.695756135030570988e-01
-5.004411204730865315e-01
-6.942115931917305360e-01
-7.918266866045082786e-01
-1.033641738565012957e+00
-2.075432171184404595e+00
-1.283925988388741279e+00
-8.151906805288926527e-01
-2.411201634355051304e-01
2.897278205262393769e+00
2.475740841040120266e+00
2.507783377176036943e+00
7.810467078713267952e-02
2.776228624319214688e-01
-2.695212434199207863e-01
-2.405817519806676685e+00
-1.964271407522552026e+00
-2.545463342612536373e+00
2.712578697608438283e+00
2.180060229360006652e+00
2.349501160422989621e+00
-5.203818237313644346e-01
-2.343525584964973874e-01
-4.594144902846872824e-01
-1.739866276788363919e+00
-1.472897834286434726e+00
-1.800964273433785401e+00
2.514395553087567237e-02
-2.634779466861214559e-02
1.844937900808441000e-02
-1.950885602430724175e+00
-2.207760076141132011e+00
-2.546370502399835978e+00
-5.144155035401891674e-01
-5.013924911378659921e-01
-2.732373860969024015e-01
1.152228949636281641e+00
1.125968453864964580e+00
9.404726452355172128e-01
-6.309942605024736473e-01
8.650832511797474922e-01
-5.324757448575332397e-01
-8.468023434770857172e-01
-7.308760081109362261e-01
-9.861952085186791450e-01
-8.172847597100805217e-01
-9.398228229113922971e-01
-5.366626368504121558e-01
nan
-2.417397727797498064e+00
-3.074058380237076449e+00
8.799763368232484950e-01
6.224110263483177974e-01
3.667987434238995093e-01
-5.570432916337355600e-01
-6.248639181074318039e-01
1.268585366576114204e+00
9.850149748857015553e-01
7.941782456473096552e-01
8.718076265818206494e-01
1.333227611445337857e-01
-2.670103119588258522e-01
-2.151791603189945334e-01
-8.624246816589535847e-01
1.780771780955636707e-01
-8.342110506641930989e-01
nan
-2.994937527238362041e+00
4.514437304930072337e-01
-1.145935439566856395e-01
-7.229627833079570465e-01
-3.188745025628132446e-01
-7.732438959801970491e-01
2.585393184563534952e+00
-3.767931669544468676e-01
-2.668132136643630581e-01
-7.142959180856305323e-01
-9.838924177804320159e-01
nan
2.833215285843257547e+00
2.824015517692874511e+00
nan
-4.199993224826270577e-01
nan
-2.769123740285381441e+00
-2.515310445809915141e+00
-1.842642872874903803e+00
1.429909632215970561e+00
2.640288046108958397e+00
1.713455264146878321e+00
-1.609773514829972996e+00
-6.077627301797812187e-01
3.006234106988441290e+00
9.012194386902798726e-01
7.901007416015559670e-01
3.868196977827822458e-01
2.779154412749432090e+00
nan
-2.926514866104466428e+00
1.530109556926317893e+00
2.650266805162332595e+00
2.128357170153555522e+00
9.882306537279506031e-01
1.204672770740939924e+00
4.235311220201354310e-01
6.177478594078902319e-01
-1.244100440058164780e+00
2.780541628810894395e+00
1.557400475348043045e+00
2.702672728394890811e+00
1.892273589440765846e+00
-6.620706494777484075e-01
2.449924050740658998e+00
2.888677614449219888e+00
1.869761604102779806e+00
-2.742070489031864788e-01
1.507288926438466348e+00
-7.371725282002961066e-02
2.837560411997460008e+00
nan
-6.780569619987177887e-01
nan
-1.145925114706323633e+00
2.369904811712431503e+00
nan
-2.979269696815993740e+00
2.714124377633204688e+00
nan
-1.739588251183262768e+00
