-1.331319431126714470e+00
-3.663705130206613703e-01
6.184584727050745911e-01
6.050580230083006938e-01
-6.362365974230757004e-01
1.728602256960853012e+00
1.048180663727531936e+00
-1.444829996642655878e+00
nan
2.276046376225822954e+00
-3.970185575252140886e-01
-6.526503509906942391e-01
-3.118374394566028940e+00
-2.251853311685726666e+00
1.521884962019419696e+00
-9.648468092265107821e-01
1.121597709107144958e-01
4.061516776521933991e-01
nan
1.604116648354572128e+00
1.609652672792965866e+00
-2.998449862720205417e+00
-1.904770482663365572e+00
-1.181077912996953971e+00
-5.278250674365656536e-01
-2.623084036600055846e+00
9.911022734499468356e-01
2.779221001557512949e+00
1.296380130989318147e+00
2.806705427515718831e-01
3.221437904146862152e-01
nan
-2.089246056939557228e+00
-1.957588663670626561e+00
-1.818133232764452600e+00
-6.622592667800439870e-01
-2.674205031087481643e+00
-7.018981627932774359e-02
-2.153870725363266292e+00
nan
nan
nan
1.497634909259959457e-01
1.463311490654756852e+00
-9.454396657007397842e-01
1.140860494970630690e+00
-5.595536817557476006e-01
1.607548759204026290e+00
6.872108131898886363e-01
-8.904646428470091024e-01
-1.705831478348736052e+00
1.807293978277455970e+00
-2.294245587355998151e+00
1.257576976156649096e+00
nan
nan
nan
-2.169394991979878284e-04
2.227628513981072089e+00
1.299718037893041966e+00
-2.458460499134458743e+00
-2.497602901815100473e+00
2.502025768608596046e+00
-7.467097679164136359e-01
6.009898076844124581e-01
2.450841021360235850e+00
1.603930682675923869e+00
2.127111718543942764e+00
6.483842788997207229e-01
-7.382554888516699165e-01
-2.019753158494824508e+00
-5.581366419967310755e-01
-2.290336126474946443e+00
8.103677011347372172e-01
1.988330699665302959e+00
-3.015087024655129788e+00
1.037967117551808371e+00
-4.899321805596392743e-01
3.130402247183521780e+00
2.202768674764381984e+00
2.113518752014818425e+00
nan
2.433081196403221291e+00
1.911250030111570020e+00
-1.492523972213241734e+00
-2.868578397322627538e+00
-3.000475995478547375e+00
nan
nan
-8.904502114847012706e-01
9.379945566178093941e-02
9.038442387951164392e-01
-1.828816308643041122e+00
1.526194812108521148e+00
-6.575982881082444997e-01
-1.782341815198922097e+00
1.976674418691501955e+00
1.850722200140011431e-01
-7.152288069208490029e-01
nan
1.575689578112281275e+00
9.732607520176612681e-01
2.462114568887272981e+00
-1.752684002998430302e-01
1.286733310187060830e+00
4.309638375475119965e-01
1.455710018481950030e+00
8.065737700825525991e-02
-2.263091425949741442e+00
1.186308679022411994e+00
1.395250699219872104e-01
nan
2.796561985604721023e+00
1.161963947142821141e+00
nan
nan
nan
1.376289017639282797e+00
1.605103858805218664e+00
1.142248703117184405e+00
-3.135630748444717231e+00
1.846510353291860973e+00
2.202084131111169185e+00
2.114061149841305109e+00
1.768972346713116650e+00
2.065344065632159776e+00
nan
nan
nan
2.320116013420987500e-01
-2.325565879468399988e+00
2.351156497040728155e+00
nan
nan
nan
-2.506843400320703186e+00
2.041442353809472365e+00
1.266941938857382155e+00
2.531554030019371737e-01
-2.009230131174320366e+00
1.370681691619749287e+00
1.990380377926840971e+00
-1.516513532327610214e-01
2.343049152888114328e+00
2.086678879912255979e+00
nan
-3.101146687249345835e+00
2.577131337099163311e+00
2.728994335348794209e+00
nan
nan
-2.663882806364106237e-01
nan
-1.542769788525687913e+00
-1.773524249409403453e+00
2.662547028565670715e+00
8.768945539184302973e-02
nan
nan
-7.336688117414884580e-01
-1.876241209087186945e+00
-2.642767647875154946e+00
nan
-1.877811293356039135e+00
-2.744132288374693918e+00
-3.152413537496312479e-01
-1.369941368152066241e+00
2.443342403230349014e+00
-4.514199963923717362e-01
-2.380656949230977038e+00
9.253011929988188555e-01
2.776972340572703146e-02
4.522984368825690993e-01
7.098856304897633862e-01
2.652741278875940800e+00
1.588987111904691218e+00
-6.298375925304355860e-04
-7.989319816378657180e-01
-1.949459472448038966e+00
-1.253431478662455190e+00
-2.250788905799574025e+00
-1.542231948597614588e+00
-3.155678075973642471e-01
nan
-5.732282730395805714e-01
-1.867533945993482547e-02
9.545904680022943012e-01
nan
-3.009916153667619998e+00
nan
nan
-5.900185383106304471e-01
2.246455805906696135e+00
nan
3.022222006662927285e+00
-6.257516863950440822e-01
4.236182300011117619e-01
5.644748930194176673e-01
nan
nan
3.037571660768740855e-01
-2.783204482177535688e+00
-2.214908386128051632e+00
-7.335451749287185130e-01
9.699249584081091058e-01
-6.739945724993301468e-02
-2.471121332012309324e-01
1.653487312967268252e+00
2.448903034668439282e-01
-6.343158492019873584e-01
-1.581880671184582532e+00
-1.783606237481937473e+00
2.045671459725104668e+00
nan
nan
nan
-1.385253783543675343e+00
1.108122635593768557e+00
2.352905549588165002e+00
-1.209666026308703124e+00
-1.400034649755951488e+00
-1.461268767082767095e+00
nan
-2.118557548157737891e+00
-2.174715059633696601e+00
2.699215773281627762e+00
nan
4.630265147042331719e-01
-1.962293101332089673e+00
2.083967058601335687e+00
-7.902083972995268546e-01
5.974152847601046368e-01
nan
-2.479212697535392973e+00
2.936495429143561431e+00
nan
2.407222040447646094e+00
7.125652653993941321e-01
-1.128254075994965522e+00
-2.161649299574034178e+00
1.012733976349639242e+00
nan
-2.470161623020476149e+00
-1.246617289170844689e+00
1.251651113388229319e+00
2.659580761719317010e+00
-1.006551404083244616e+00
-1.843299000202327731e+00
-6.897968900714852580e-01
3.105499299742294106e+00
2.904407456823838274e+00
6.059474790273289280e-01
nan
nan
nan
nan
nan
1.375082191619374505e-01
2.568279266135097494e+00
2.742774418128171909e+00
nan
7.810523409279896967e-01
1.526844065499776804e+00
1.822744317007071402e+00
3.137780232669368452e+00
nan
1.987732466512620810e+00
nan
nan
nan
-3.322316118107537797e-01
9.475592891826245534e-02
1.340709974536870241e+00
-1.477781116058216604e-01
1.633828839996454008e-01
1.232540403924893724e+00
-6.123032437860174149e-01
-3.090973602856917246e+00
-2.774314654021042159e+00
2.268753962118879031e-01
-1.395682248867440300e+00
-1.016263588889488645e+00
nan
nan
nan
-5.537391005502105834e-01
-2.892800420733943945e+00
-2.119607984998259198e+00
9.683947961646666158e-01
2.408146639908604669e+00
1.315921114586093843e+00
3.002784387068943239e+00
nan
1.259435024072502074e+00
nan
-2.811612790593242206e+00
2.389895698782253497e+00
5.039635840832907832e-01
1.278758557782646577e-01
-1.518971679149672127e-01
2.574019779853558454e+00
7.225129478649772174e-01
3.124607024187437077e+00
5.031071762683758664e-01
-8.006535101337650673e-01
-2.870602754151888814e+00
1.666853636261396154e+00
-2.168038200226241052e-01
-1.284241943555627596e+00
nan
nan
2.319834163433142749e+00
nan
-3.016171716704731942e+00
1.081979724438189017e+00
nan
-2.273688101078826129e+00
-7.018976877585028085e-01
6.800984911340570704e-01
-1.474201191081647933e+00
-1.659178069668824085e+00
1.043057697505034298e-01
-1.104917370596005366e+00
-2.815806813831527311e+00
8.535499835973405780e-01
1.282090981998941004e+00
nan
nan
-2.889863055129256342e+00
nan
nan
1.014253077011093573e+00
1.265941264520498599e+00
nan
6.327041277141902675e-01
-7.494189050091000226e-01
-1.249335247140600069e+00
-1.342720486608463437e+00
-1.680690358108427596e-01
6.718198664154519939e-01
1.840006573777726473e+00
nan
nan
nan
2.544514781800821801e+00
-4.017297601216789360e-01
-5.907419946832614954e-01
-4.393182253556551231e-01
-1.047013459196348251e+00
-2.021671937037945455e+00
-2.021694012661423123e+00
-5.463031200058128256e-01
-9.711061230105850761e-01
-2.103383253794078644e+00
8.993689499629686779e-02
2.628334495732836729e+00
nan
-1.833227926105991612e+00
-2.371486714849504907e+00
-3.118106288675318805e+00
nan
nan
7.215572247426873531e-01
-1.379661980283904077e+00
2.307140113963231265e+00
1.038175934126827293e+00
1.041282356141940646e+00
4.689751694556876238e-01
-7.450809222447953850e-01
-2.092187157948478315e+00
2.380081743230446634e+00
1.615159472314855904e+00
1.339723974769628789e+00
2.533546265703636280e+00
1.722059781446443338e+00
-2.310575412826074260e+00
-2.613145113264413233e+00
-1.189459630131047385e+00
-6.500124194843155401e-01
9.725684840080619509e-01
3.090904107948939661e+00
-1.381085524727796221e+00
-8.995102809592405713e-01
-1.638055135969616938e+00
-1.518979510608389205e-01
-1.674234719410902628e+00
-2.543186288032119879e+00
1.034343406616351935e+00
-2.594771449816802189e+00
1.713039218050607104e-01
3.356695591801974743e-01
-2.758196743009448504e+00
1.067581909694707676e+00
1.282553250380417786e+00
6.634128165539463495e-01
1.617074461228798832e+00
-2.685745998900685549e+00
-2.645532956641349465e+00
1.724320452708458795e+00
-1.765813146141940404e+00
1.603169690432208583e+00
-1.111547285465745993e+00
5.215129251633010554e-01
-2.707708294037570962e+00
-2.991880207305529282e+00
-1.979508441429791210e+00
-1.691140166912602938e+00
-1.771352110155585802e+00
2.200902366697401469e+00
-9.811890188338021623e-01
-5.632369147021742961e-01
2.094955810664266060e+00
-1.523182108776720556e+00
1.093366727062017318e-02
1.354231010619270315e+00
6.709765269227094819e-01
-2.374042810901601630e+00
nan
nan
nan
-1.541332053810817282e+00
-2.451852822556018996e+00
1.300951846969748082e+00
1.730095532026822980e+00
-1.880097511541096722e-01
-1.486889783547937105e+00
nan
1.107978764525656246e+00
-1.346727437112895442e+00
-1.613555930343586908e+00
-1.347742257700268453e+00
1.525270710297704113e+00
-1.952694132574627206e+00
6.009371156450784568e-01
-1.834487969760613568e+00
-1.226004520897867600e+00
2.053633694187493752e+00
4.510608944934135778e-02
1.466130234697161860e+00
3.090708487064274479e+00
nan
nan
nan
nan
-1.305136767976500911e+00
1.163600706533945761e+00
9.831667906780756638e-01
2.563468956967943413e+00
-2.401092429553761676e-01
6.386718300373699364e-01
-2.083625507966715418e+00
6.168017930923062053e-01
1.909885941829919886e+00
-1.433747149069151572e+00
-9.778577094014218041e-01
-1.400221131838746302e+00
2.820171319631431750e+00
7.895085595899558051e-01
-1.857229446725134459e+00
nan
-2.686568296056882410e+00
-1.279270959549775988e+00
-7.537972317048309279e-01
-2.020987144074701369e+00
1.773391551258457710e+00
-4.593065160494949062e-01
-1.253709390948125391e+00
-2.020308865870346970e+00
-3.085743484292332806e+00
-1.197814390406877871e+00
-1.791244038787073611e+00
2.211394593225608496e-01
3.014452549456889230e+00
2.726422022503158793e-01
1.253569781407718686e+00
nan
-1.375988150373992136e+00
-2.874324500492675405e+00
2.754222296484144294e+00
-1.294804326724103172e+00
-8.821444840226826400e-01
-9.048815255092534926e-01
-1.639134274321057960e+00
-2.728506491903397890e+00
-2.993673116184769611e-01
-1.517128259254517886e+00
-6.494865421716169429e-01
-1.611598885114911894e+00
-1.542793903194345395e+00
nan
-2.823973099543182652e+00
1.374506408778764843e+00
nan
-2.567241891656066421e+00
-1.218100476365223672e+00
nan
nan
nan
2.396950005821985030e-01
2.727127127897880143e+00
1.075353019042482039e+00
-3.087285021350155922e+00
6.466794155744004513e-02
-6.107918803506309224e-01
6.447767419902326047e-01
3.104982778999008097e-01
-1.103295914273364264e+00
nan
-3.135163801344658552e+00
-3.104755604878669306e+00
nan
nan
nan
nan
-3.155579496809002293e-02
1.327152666809781500e+00
nan
-3.112150852394875766e+00
-2.966839402300561979e+00
-7.897093409828737087e-01
-1.529191890995208247e+00
-2.518590810348749098e+00
-7.897093409861191127e-01
nan
-2.409218953685763331e-01
nan
nan
-2.621512955432323100e+00
2.371793588510608508e+00
nan
1.011410833266668696e+00
2.491189772256137580e+00
nan
-1.135365391228814858e+00
1.548022708430685235e+00
nan
1.641517052228307350e+00
2.815185384876882857e+00
nan
2.399208318832712017e+00
-1.360192049099868017e+00
1.172012901735905999e+00
-1.051208872529584948e+00
nan
nan
nan
8.306686506958591565e-01
nan
3.749614730759516235e-01
2.268307589707545091e+00
nan
2.473450235086684934e-01
-2.888407407162483231e+00
2.928858695826647818e+00
-1.683818895681801209e-01
nan
-1.892713090174709345e+00
2.781052814083822433e+00
1.059761390055117936e+00
nan
-2.120090842849370993e+00
3.066677995273428436e+00
nan
-6.674802775267161259e-01
1.534275747342455531e+00
nan
2.665526013440488562e+00
1.580750241774421916e+00
3.064906498335781215e+00
2.279002667885672295e+00
nan
-2.339668697776413175e+00
1.172215896913254340e+00
-4.309665433985196970e-01
-1.848660525373854835e+00
2.237193590408999455e+00
-2.460257643099183156e+00
-2.658652728615731764e+00
2.110184239597812095e+00
2.369778324457855412e+00
2.126264954781298400e-03
1.946183704408626092e+00
nan
nan
nan
-3.172068017542883922e-01
-2.981594886017737700e-01
1.807513861491139018e+00
nan
2.869185783796100786e+00
9.083370672088815212e-01
7.244727433424671403e-01
1.792421990393000542e+00
2.988384708842542814e+00
-1.614867177947628019e+00
-5.521991231123721811e-01
1.148308747342356106e+00
-2.698510794375168054e+00
-1.948603526576571099e+00
1.913947204107753208e-01
nan
1.596646756092200192e+00
2.985663229280725695e+00
nan
1.025050440702453436e+00
2.022050176373054953e+00
2.216195535973931818e+00
-2.274771492993132860e-01
-2.264552029860069204e+00
-2.928713695364117520e+00
2.971954936042689788e+00
1.892256543349572162e+00
1.257245157477894004e+00
-1.687855349947642525e+00
1.679834608562240206e+00
1.616341485931600985e+00
4.826436674035994301e-02
-7.824093067964632553e-02
nan
-1.774254563622915448e+00
-2.693922821016936808e+00
2.683430568857692933e+00
3.046113491222117275e+00
-1.912387207288625213e+00
-2.301302879811840896e+00
1.527179076745334818e+00
-1.883471489095816853e+00
-2.945934621247899177e+00
-2.902168212715434681e+00
-2.808774485278961563e+00
-3.129559714900747469e+00
-4.220282084098276876e-01
2.821155187318427515e+00
3.551002679130741413e-01
-6.574361766975869159e-01
-2.922998116275882019e+00
-2.783124359061026620e+00
-1.229295758902872127e+00
1.744417562726066073e+00
1.585537927869683728e+00
2.747099664571091893e+00
2.383546533078360952e+00
-2.271217074029779681e+00
-1.386408857955916174e+00
7.262440815414650253e-01
nan
nan
nan
3.005211483159158092e-01
2.527881009672995560e+00
-1.335590582478310084e+00
nan
5.119276971583204272e-01
-7.623789833758589651e-01
nan
nan
nan
3.510629085182750408e-01
2.727909745665039409e+00
2.150246429798374770e-01
-2.729262991645806213e+00
-3.782751932945411788e-01
-1.904039592461820529e+00
-2.889620932209478354e+00
-2.795343384522079866e-01
-1.053603447701044082e+00
1.968937553741924695e+00
-7.694006313495842520e-01
1.163250870187700237e+00
nan
nan
nan
-2.490490557010416328e+00
3.560357745134266061e-01
2.103364995328321996e+00
1.334294538193256052e+00
-1.517249213947472697e+00
1.379529978279225411e+00
3.105379501652784313e+00
2.014882142366074547e+00
-3.283291868927373791e-01
-2.487111137814305373e+00
-2.855868172145593853e+00
-2.877099319234352581e+00
-1.817632306661083330e+00
-3.042960386945333440e+00
1.700440595525780196e+00
1.488723615445673332e+00
nan
-2.035140843856673154e+00
3.060353814928236993e+00
nan
-2.287130133501793061e+00
-1.799660880608796587e+00
nan
-1.990033246005468381e+00
nan
1.116820879534857980e+00
2.735879642858973781e-02
-1.624391165704240692e+00
-2.252815477870726113e+00
2.517253847738124328e+00
-2.567794415919550488e+00
-1.792231257267562050e+00
-5.313326011518357816e-01
-2.393007803646526988e+00
-3.200417402134507761e-01
-1.659647556954495506e-01
1.494658878953187831e-01
1.280502164277114829e+00
-4.692680935830857436e-01
-1.893865936810236184e+00
-1.288234206280537864e+00
-1.418965889792803026e+00
nan
nan
nan
8.021861516679136273e-01
1.914737705376862387e+00
9.485734173325726104e-01
-7.062058844215930442e-01
1.347937283788064100e+00
1.923835879833979412e+00
nan
nan
nan
9.642671587659572552e-01
nan
2.851481625578888845e-01
3.397117918644094736e-01
2.126228057145244321e+00
-2.934895224899847221e-02
-3.677026174406528014e-02
-9.071747530191518472e-01
2.336897343701715535e+00
-4.754345639950585678e-02
-7.090301190972763123e-01
3.587758793015938252e-01
nan
nan
nan
-8.603640038874229568e-01
5.228579993257072012e-01
-2.317235793701089008e-01
2.246083957403747000e+00
1.964038351708230046e+00
-8.973654235899410914e-01
-2.414747432283260054e+00
nan
2.146824789400096023e+00
1.778585326910596009e+00
nan
-7.716847956462951075e-01
-1.676679632000168896e+00
-3.079024600440076753e-01
nan
-5.527967841635867963e-01
-9.536108314067130998e-01
6.518297616236230496e-01
-1.226379462938147924e+00
2.090827428760293039e+00
2.799949278807361885e+00
2.820504480382735935e+00
2.052608918713834107e-01
1.918224842781798500e+00
nan
nan
8.261091152885251532e-01
-1.957939569782366718e+00
1.243101548000778322e+00
1.397131319338943634e+00
nan
-7.966622168392873959e-01
-6.185079764454020079e-01
-8.208019044792402852e-01
-1.245377347431107173e+00
-1.629363119626165535e+00
5.548563514767645977e-01
-2.008258864983515579e+00
6.863018341439381942e-01
9.177937253354961911e-01
-1.818084277120392667e+00
-2.075790414647105120e+00
nan
1.813146810643250006e+00
7.194829480493032392e-01
2.275867037625759259e+00
-1.089744613988648858e+00
-2.067969899756225693e-01
1.450478290035830398e-01
-1.547431655421227736e+00
2.443330804706056902e+00
1.006577858999965436e+00
-1.125632254454918435e+00
-2.732888127299764047e+00
2.760477679332110412e+00
-3.928347134031096033e-02
-1.067028716369580632e+00
nan
-1.906531730486025644e+00
2.507307429696115086e+00
5.737241415502416508e-01
-1.596559708132549993e-01
-2.037871372905764034e-02
2.668809701072908602e+00
1.282728110128251053e+00
-1.347742910074934075e+00
-1.191259922701656704e+00
2.825492916068767180e+00
2.291233928246900753e+00
nan
nan
nan
-1.612810104174552839e+00
-1.146663278922230411e+00
-2.266130211332635369e-01
-1.006024870201069010e+00
-2.025491782105358851e+00
-9.084482836301654984e-01
-1.824982248303141930e-01
1.074273256862216641e+00
-1.977242030141213691e+00
3.923968539987265913e-01
-1.881791686814016096e-01
-7.101019293103894015e-02
2.528199931785240828e+00
-6.565353067730947956e-01
1.050089788545463421e+00
7.555384753395211206e-02
nan
-5.018712235262521304e-01
2.713330312654303356e+00
nan
1.753218384347388081e+00
1.875847362804145213e+00
nan
-2.985355756568295771e+00
-1.801534233890671244e+00
-9.369000212690012930e-01
-1.859470756010109138e+00
-6.885887215091415214e-01
1.911337517790830276e+00
-4.373033770400756026e-01
-9.411166410057023590e-01
-1.357333611812246099e+00
2.735880741946345118e+00
nan
nan
2.822235376814141716e+00
3.043417052461231620e+00
nan
-2.616955225144772523e+00
6.086873740939977573e-01
-3.120167136871114799e+00
3.088835685668120057e+00
-5.110182231938256159e-01
1.466363034066436200e+00
2.828857499232060313e-01
-1.399659752198110896e+00
-6.001533356457962043e-01
-1.056762485592123380e+00
-9.667875188642689466e-01
nan
nan
-2.995205555915668505e+00
-8.589603176827242947e-01
1.798882216427850622e-01
1.843898837900511900e+00
1.984205373488367563e+00
8.964223468379106663e-01
1.502510181459668637e+00
nan
-1.547518492426016579e+00
nan
nan
nan
2.297522351674660790e+00
nan
-1.852271849444357521e+00
nan
-1.724390767244619926e+00
1.404187599826471455e+00
nan
nan
nan
7.292228506761277984e-02
2.297480006005856445e+00
1.797312135481439199e-01
-4.236953694838159201e-01
-3.895907603257144913e-01
-5.417748440400806942e-01
-7.327141219862358668e-01
1.237359106799041264e+00
1.206147637463136135e+00
5.143776457950459680e-01
-2.490591889724498742e+00
-2.714928482363538453e+00
nan
nan
nan
-2.561673780048900895e-01
-1.423562620798018319e+00
1.309773198750434631e+00
-2.529884914193867296e+00
-1.817853601635539995e+00
-1.559869821936572976e+00
1.796613133279473473e+00
-1.234524474884973078e+00
2.277939496394773222e+00
3.207339190690317032e-01
-2.068096487553447105e+00
1.199814964029529030e+00
1.543140532537776721e+00
2.175024210764855859e+00
3.865273332097265424e-01
nan
nan
-4.236735332761831785e-02
-1.461739080301105442e+00
-2.427133092439603956e-02
2.965757100452398376e+00
2.524495537558768987e+00
2.761215172175303323e+00
1.786048115869681929e+00
-2.246519535373956877e+00
2.019899883452409561e+00
2.873017455432230527e+00
-2.778254741142712980e+00
nan
-2.687488323742481811e+00
nan
-2.846576311320572206e+00
-1.361013843823033476e-01
-1.393597423200465091e+00
-1.031401886600079365e+00
3.121561796189236127e+00
2.720913079912061328e+00
nan
2.044169969768009132e+00
-1.534224637697116700e+00
-5.074647652539283627e-01
1.507253485409390414e+00
nan
nan
nan
-5.473220011466821688e-01
-6.511274759681535684e-01
3.060485518184192344e+00
2.775133323195213109e+00
nan
-6.424535617345261684e-01
nan
nan
nan
nan
2.106490032292366088e+00
nan
-2.346795583635606253e+00
-1.036504660949843615e+00
2.163339365606349318e+00
nan
-2.921940356225483093e+00
5.496590890519259531e-01
nan
-3.112042349222310378e-01
9.206176636491409937e-01
nan
nan
nan
-2.508828279754673929e+00
-2.140980439390392398e+00
4.982126617572131266e-01
-1.394644145792502954e+00
-6.190192526206201862e-01
-1.302397362827818483e-01
2.055825382973156756e+00
2.185229758521916033e+00
1.213700063017996378e+00
-1.607704581375162256e+00
2.059623016888187941e+00
nan
1.630511746534508255e+00
1.589651579165795248e+00
-9.311451521152331878e-01
nan
-1.716945894371516346e+00
1.094145800433421023e+00
-1.801273779494639848e+00
8.486503078888092411e-01
-1.686473442539761614e+00
6.004317935997431910e-01
1.954931685565199473e+00
-5.478483291382594267e-01
-2.309614729863125770e+00
nan
3.076259435328326575e+00
-2.207925605546263714e+00
nan
-2.982028478262720217e+00
nan
2.394241263731135660e+00
-1.932055451873204710e-01
-1.921856251159715478e+00
-1.716474868538231169e+00
-1.482126974449790913e+00
-1.919239444336904965e+00
-2.567931568934360254e+00
-7.223631962437950804e-01
-1.503062440428195146e+00
9.525898865934552262e-01
1.383080558366201807e+00
nan
nan
nan
nan
-1.788070711746242214e+00
-2.451182986358288574e+00
6.853210158286264786e-01
nan
-2.740510265395171619e+00
nan
nan
nan
nan
nan
8.229137427256016935e-01
-1.741244224386270467e+00
2.186676122825282675e+00
1.304694100617340702e+00
-1.920338503660201646e+00
nan
-2.524819938894946159e+00
nan
1.200527030916358484e-01
7.330264186556982864e-01
nan
nan
nan
-2.940631599517854688e+00
-2.867896170448267945e+00
-4.176098397109684335e-01
-1.355683863644021603e+00
-4.585233519986582351e-01
1.624369656698299025e-02
1.766137121207242977e-01
-9.319037591433092516e-01
-1.017617543301824856e+00
-1.623749584652589117e+00
1.172009163232799800e+00
2.915443554138549054e+00
nan
nan
-9.399963813718579253e-01
nan
-2.067023061315124366e+00
3.023972947794612232e+00
2.135408064283984331e+00
nan
-2.607784752920600191e+00
1.422903821966882809e+00
1.222303483377494615e+00
1.663293057627512894e+00
nan
nan
nan
1.701358269176487248e+00
2.800866210922015043e+00
nan
7.753225659301445916e-01
nan
2.745933451886620524e+00
1.302242848232243233e+00
3.131447452536979981e+00
nan
nan
-2.061998791776651352e+00
nan
9.999231207148921996e-01
nan
-5.708919990264185174e-01
nan
-3.715675631037278492e-01
nan
nan
-3.074232122076986151e+00
nan
3.114669624663533476e+00
nan
1.305313844427105074e+00
nan
-3.027129593965007359e+00
nan
nan
nan
nan
nan
nan
-2.315034127149576015e+00
-8.260499698637162602e-01
1.214100645965738856e+00
1.891390719713336388e+00
8.176936830489189845e-01
-5.286928937006338813e-01
-1.222255474622352400e+00
-3.194510648453561252e-01
1.262010645235987383e+00
1.700226920892625060e+00
nan
nan
nan
nan
nan
8.373086063236496734e-01
nan
nan
nan
-1.249613845340163731e+00
-2.234791323580995304e+00
-7.573172900700080312e-01
-9.830583965313497430e-01
4.746358131721701845e-01
1.726217854294972653e+00
2.036482812967033595e+00
nan
2.394688257293213773e-01
3.940400872659042264e-01
3.099637275737636699e+00
nan
nan
-3.828828761698011007e-02
nan
1.821201829539348616e+00
nan
-2.297932286200929930e+00
2.952694273920305257e+00
nan
-2.380349632813872240e+00
-1.007192834690673333e+00
2.495917444183922029e+00
-9.167895411651070248e-01
