8.213332906586789939e-01
-5.772363196148124764e-01
-2.906025042268116643e+00
-6.196363538720239816e-02
-2.976011067988762804e+00
nan
1.308557510227444709e+00
2.370691103232771546e+00
nan
1.906294006195383695e+00
1.967399257309338623e+00
2.895038582380276004e+00
2.555832454746222560e+00
-1.140017324875977511e+00
-5.247724336035317627e-01
-4.859297010869592093e-01
9.934131811575417359e-01
2.655715870576399240e+00
-2.783970008298601861e+00
1.672788644958711046e+00
-7.255757450355453386e-01
2.297970476670734286e+00
-2.914181788080019153e-01
-2.161846966990014884e+00
2.981422745425631682e+00
-1.966792300650285874e+00
-1.043905097542425775e+00
-1.554280007700219235e+00
-8.892120641975229667e-01
-1.243159258758353980e+00
nan
nan
nan
-1.788168423174469668e+00
-2.865759750532184125e+00
2.654836623481421576e+00
-1.836289241423099128e-01
-9.098743731542948687e-01
-2.740349750009193119e+00
-2.063247629695621477e-01
4.835440150431842277e-01
nan
-6.124243524257617644e-01
-6.618952634729144968e-01
1.288486487860383001e+00
-1.094342770132400222e+00
-1.188218912714182673e+00
-1.843781649084053065e-01
-4.117350981992671244e-01
6.349629420744804520e-01
nan
-2.352143136824187408e-01
2.079660282768371893e+00
2.535091530194612197e+00
-1.610629790742585055e+00
-1.288892716036039277e+00
-1.642295614684506022e+00
3.691918926484172303e-02
8.609294705534020764e-01
-6.887729692801363157e-01
-3.536744646729594876e-01
-9.123551063645782833e-01
1.375322615270359705e+00
-4.084649916221168020e-01
1.515967987194635214e-01
1.103174675059246823e+00
4.664509328693431378e-01
-1.330562752572458152e+00
-9.149069738768140780e-01
2.744093937233508917e+00
nan
-3.110549132495822544e+00
3.104633180993836561e-01
-1.723521022878454767e+00
-7.389196565580835596e-02
1.538663886993330010e-02
-1.276989056556744551e+00
3.028794382296027266e+00
6.644760027666056779e-01
-1.760091909448645131e+00
2.383461199451234691e+00
4.865110826800767008e-01
6.309290394817619330e-01
-2.903066716236675227e-01
nan
1.047460318563522286e+00
7.211987087058138179e-01
-1.920378522155519851e+00
-2.877846978411932266e+00
2.893253288712051230e+00
1.048171545040918140e+00
2.034246203970588418e+00
9.444932396843084277e-01
-2.771992230269753055e+00
nan
1.180177161533596752e+00
1.290460337967902049e+00
3.845948943726269498e-01
3.187147429341870009e-01
-1.991875201667199224e+00
nan
-2.521025309458261532e+00
1.814769321198855145e+00
-9.840837968380333756e-01
1.956912123797312830e+00
-2.645195530202700152e+00
2.460246299934246039e+00
1.104930217657487113e-01
-6.246458189741299627e-01
4.009425033890279266e-02
1.894108752980042887e+00
8.217488654839431028e-01
-1.421774981027412954e+00
-2.397388309635406500e+00
2.236674248550367672e-01
9.169300685408909857e-01
nan
1.309467924854933685e+00
1.452705625318359672e+00
2.773187225004347667e+00
3.118065440088562568e+00
nan
1.773354982104633493e-01
-2.064782735124718549e+00
-2.284778088746333147e-01
-6.685002978749241542e-01
-9.389276409966380577e-01
1.521098496352878193e+00
nan
1.941653633361497100e+00
2.256525968096545043e+00
2.055093483990926728e+00
-4.990249194928946253e-01
-2.786333495218943579e+00
-2.588210934036031308e+00
5.715283170219369602e-01
-1.272521047848818476e+00
-8.618718780200240737e-01
7.859163809829228242e-02
-1.349141157305228766e+00
-1.541592759725078254e+00
8.290221378245345996e-01
3.138285294215130250e+00
2.988916804321478438e+00
-7.825821387547970964e-01
-1.358875679878735809e+00
2.967875111942879229e-01
-1.431391515277877780e-01
nan
-1.872252506719672027e+00
4.127753524960025011e-01
2.998108170550339402e+00
nan
2.634165469065795406e+00
-4.249267524841457977e-01
1.820585697348009013e+00
-2.197786318761013824e+00
1.383621916331239987e+00
-2.811162900966083011e+00
1.039767180635454480e+00
-9.931504248626690234e-01
-8.427701874087745182e-02
-2.030784734369968092e-01
-2.030529893146628240e+00
2.140025134471914114e+00
3.040153704329974893e+00
3.936802203262828037e-01
-1.691028795774221605e+00
-8.070816281628747646e-01
-1.056647938020581989e+00
3.083889802791897061e-01
3.037872950094119062e+00
8.062322575248752621e-01
-9.292456005566362975e-02
2.684289972678031155e+00
-1.725417491346545873e-01
-2.684191639726936973e+00
1.972364182848791891e+00
9.868745848498621243e-01
-8.823629308493803336e-01
-2.296281768354805131e+00
1.094070022583371937e+00
-2.657959154746293517e+00
2.907473319933578715e+00
5.384254629409150894e-01
-1.458946185348435343e+00
2.328922057086937336e+00
-4.290108830333210221e-01
-2.065530127087439549e+00
-1.639127128854981352e+00
2.742030472761281423e+00
nan
9.369018700165554492e-01
-8.777574946461190741e-01
-1.380200420456408894e+00
-2.562568060724134344e+00
1.177003526501478881e+00
1.728614745125398144e+00
-5.300526544911519089e-01
-2.515867732152183400e+00
1.439407684709013147e-01
-2.433056851402071175e-01
2.584625393051320330e+00
nan
-8.714385566227260682e-01
-2.764701298179085498e+00
1.507643500552336313e+00
1.387701901762055101e-01
-1.466158970693711705e+00
3.032219481983134735e+00
nan
1.916166146054268715e+00
nan
-7.620945825268248264e-01
-2.631954804738482867e+00
1.965866556165812185e+00
-6.260757034546817756e-01
-1.508898317149623969e+00
-2.507520926605463885e+00
1.563646456373268379e+00
-3.473003920107986531e-01
3.131980221392139718e+00
2.553658961388866722e+00
3.020183296805457829e+00
2.207659533816585196e+00
1.687633532225586208e+00
2.365706064075676629e+00
nan
1.668181268484079993e+00
2.603117833265411463e-02
8.846232169491594632e-01
-1.814335424867729918e+00
nan
2.164651329780507005e-01
9.233332905180242633e-01
nan
-3.051543158364732555e+00
3.466587836176198145e-01
1.826446811540917814e+00
nan
2.028393491329310017e+00
nan
2.581221389816475309e+00
2.092243584549301261e+00
1.275582744981927696e+00
2.251224565953513945e+00
1.483330013735394637e+00
2.512259620906735158e+00
nan
1.770934561147770481e+00
2.313172934732816266e+00
nan
2.651190736527939684e-01
1.313814296941927751e+00
-1.525630592005043029e+00
-9.505797316605706371e-01
nan
3.759159131936566922e-01
1.753384508079538051e+00
2.552296769419752920e+00
nan
-6.984590886379433705e-01
1.199512161914347175e+00
nan
-3.888413191564543681e-02
1.220237274445978848e+00
nan
8.013202977029907359e-01
-2.924604158763060013e-01
2.641303280551796639e+00
2.836393747226314765e+00
1.186558966753434419e+00
1.325179605704658314e-01
-1.572891355007846270e+00
1.015890805670577102e+00
nan
5.194378344842642825e-01
1.286180812823866759e+00
2.662237737672918492e+00
3.056414889199677631e+00
nan
9.701055810180543304e-01
8.236852755583687902e-01
2.804923328584154163e+00
nan
-1.339367487950125835e+00
-4.752182255932333454e-01
nan
-4.219498029960964125e-01
-2.974007341413743344e+00
-8.249543180040217472e-01
3.279573352437292755e-01
-1.825961722856083380e+00
-1.653679686913415159e+00
2.909873691067784485e+00
nan
nan
6.950134835787413756e-01
nan
-2.787826841777933939e+00
nan
-2.295882129451720211e+00
1.570715259458799196e-01
-8.190615979177970907e-01
1.197448578028685873e-01
3.170268801975701933e-01
1.608345777396179344e+00
1.538787019428012215e+00
2.064893000678180712e+00
1.794928883716715440e+00
2.861007321335968356e+00
nan
-3.106397651059720211e-01
1.291080057841328177e+00
nan
nan
8.228285926409593110e-01
nan
-3.960523497524901515e-01
-1.175574668036722503e+00
8.437539198968697640e-01
1.329042059338851445e+00
3.509135967691170421e-01
-6.309658465935723548e-01
2.966839781938232612e+00
2.595848912443576850e-02
1.588988380826405589e+00
-2.449151635309849251e+00
2.297532914308675345e-02
1.397003307230015423e+00
nan
1.743944697963298651e+00
nan
-1.024143151445780830e+00
-7.650499661976652988e-01
-2.799952723331530002e+00
2.725751740250808020e-01
9.275008773378159432e-01
-8.277819487955531130e-01
2.244449542838586886e-01
8.675759946840457815e-01
9.569932291636389365e-01
-2.501250161035399877e-01
2.596952640541687174e+00
4.835047809342736258e-01
-6.426068315583246537e-01
1.733221575622193811e+00
-6.921373776254893251e-01
2.006949627391565016e+00
1.433908100075104386e+00
2.853416753996134148e-01
8.311920213325345586e-01
-6.098613593981543346e-01
3.088588602380146320e+00
1.728102660695048698e+00
9.606662281968425532e-01
-6.083872359988107270e-01
-2.805908191614518987e+00
-4.188282833888008483e-01
-2.795754755003952763e+00
-2.804220350945059614e+00
3.061993129845335559e+00
2.815320053002545286e+00
-2.110753380076014984e+00
-9.350682090784090406e-02
2.550585373702586978e+00
4.098991593577201442e-01
2.603306863942798977e+00
1.716298006663431686e+00
-7.239764488315789670e-01
-1.762557299531986033e-02
-1.925447807975038561e+00
-1.291640416890101006e+00
2.498018859924006740e+00
7.321322429811440990e-01
-1.524601670539289966e+00
2.751670591689108214e+00
nan
-2.085200259291587699e+00
2.156704780864568960e-01
-1.341450345606727934e+00
-2.600109395787796096e+00
-6.914318554797675986e-01
-2.615324364741520302e+00
-8.457364839838907855e-01
1.463758172146491177e+00
-7.476629460953514439e-01
1.923444137145563282e+00
6.502719118200164239e-01
-2.621967096625501092e+00
2.795723145067490201e+00
5.069043769217560502e-01
-2.701173230172366768e+00
8.006993050982202931e-01
3.004320150323591676e-01
1.436460611884901262e+00
-1.843711388815434837e+00
-3.843508191054887391e-01
nan
4.865030123683635743e-01
-1.777254220017988162e+00
-1.257471508359964352e+00
-7.556579428298610956e-01
-8.405293832841342905e-01
2.672726494877257331e+00
2.224182564365672299e+00
-1.305626026030655584e+00
-2.149316316329486387e+00
-2.548873617819546133e+00
3.053078636441182603e+00
1.279895502649246453e+00
1.021378387654013231e+00
2.624234150142075173e-01
-2.781452977119842629e-01
-2.535595190877517169e+00
-1.401237877888461325e+00
-1.645928827650464221e+00
nan
nan
nan
-2.014416932140816741e+00
-2.238457053588881251e+00
8.411585428131109765e-01
-1.164597605936108504e+00
1.399038820061114130e+00
6.232285843779106216e-02
-1.723487793458924999e+00
6.438408468153409281e-01
-1.056611550261675525e+00
2.602015333193645752e-01
1.411725100982762271e+00
-2.225458430060189841e-01
-1.172732137917982254e+00
-7.230870798338484562e-01
-9.532815339187905579e-01
-1.600128299161456269e-01
-1.599418142383286501e-01
4.757537539161171836e-01
-2.372097081362705140e+00
1.968966850319534778e+00
2.057105688755108908e+00
2.086732901272121410e+00
1.544114606647008614e+00
-1.228581957139521563e+00
6.192231998074593236e-02
-1.860330518655315846e+00
2.360889287069896092e+00
2.066516197138954958e+00
-1.115105720598775996e+00
2.057992324018422359e+00
-1.624437905802158078e+00
2.988893591624937507e+00
6.975974258280857043e-01
-1.714157006967832242e+00
-9.049153990547043058e-01
-1.151520788655746586e-01
-1.764280423397422082e+00
-3.000374788350332000e+00
2.397407030515351423e+00
nan
nan
nan
2.544601754381154990e+00
nan
-2.732183887761482577e+00
-2.628226429125455343e+00
-1.763706634850527921e+00
-1.278725476477261758e+00
7.885053184162429396e-01
6.461284849373791772e-01
9.085903225711815523e-01
2.772349614596262946e+00
2.233588354057264524e+00
1.249361411969112545e+00
-1.140985514772913323e+00
nan
-2.747068286474838139e+00
-1.840272501952776363e+00
1.153649501953800005e+00
-1.416516072819557381e+00
-3.135791854080824503e+00
nan
-7.298240159646378622e-01
1.388329944450577003e-01
4.594629100238623032e-01
1.454414417694469996e+00
2.339748577842454047e+00
nan
-2.857602219245749975e+00
-2.298394545303992231e+00
-8.504060608503527519e-01
1.694260490796271057e+00
nan
-2.281764663294354456e+00
nan
nan
-2.231103276801283286e+00
-2.341798132909533869e-01
-8.450103566367284103e-01
-1.655056804027930539e+00
-1.473039106315458868e+00
-5.130088997569925979e-01
-6.148934194562785116e-01
5.662491486911527261e-01
3.056677602898266066e+00
nan
-8.243430898786883176e-01
2.712572223369591029e+00
nan
nan
nan
-2.805963464907718752e+00
-1.161157566735187219e+00
-6.971940595431376231e-01
-1.382856169896258258e-01
6.019214615004004898e-01
1.226644471100668987e+00
nan
-2.663916623511121351e+00
2.107376105581509229e+00
1.735138934336300842e+00
3.028518103864487721e+00
-7.587413626317753845e-01
9.675421798958625530e-01
nan
-1.500543956390401945e+00
2.032797135204813088e+00
-3.664174205317523025e-01
2.698057643366793101e+00
3.024062702523031554e+00
5.747359506827711684e-01
-2.591163744164708849e+00
-2.343455930958232791e+00
-9.939128147630942323e-01
-1.800390799944820319e+00
2.621778566349319384e+00
4.554278564699698606e-02
2.091691098020135087e+00
1.810701577992008815e+00
2.998198404841843967e+00
4.681062066575898406e-01
4.975972826870131982e-01
-1.124812982290465335e+00
-3.136964287258778405e+00
-3.104746973658532472e+00
-1.161926784268727086e+00
1.415298793810477740e+00
5.699924419603723535e-01
2.275989547721038342e+00
-1.806553381021837934e+00
nan
9.405207261621448822e-01
-1.607545199430733707e+00
-2.652923910353486292e-01
1.571903947425029813e+00
1.443128538071829503e+00
nan
-2.380730867270712370e+00
1.994647874164723333e-01
nan
-3.117803189728018065e+00
1.200236501388116217e+00
1.710216184978022191e+00
3.986057586495705962e-02
5.030678172586222630e-02
-3.070490589577093310e+00
8.896499957672832082e-01
-1.896519209330054911e+00
-1.828297008491641007e+00
-1.292348450940319582e+00
5.082226306663133464e-01
1.207817765494889173e+00
2.677718435887332937e+00
-3.693498037437206172e-01
-7.682902968210485461e-01
8.215648120772778285e-01
8.587491769037631784e-01
2.541635753893221938e+00
nan
-1.032134711454231191e+00
2.342399108646779915e-01
1.929154591546692110e+00
3.079643845161482041e+00
nan
1.278459333627869121e+00
nan
-1.714611488062657729e+00
nan
-2.131403044864208063e+00
-2.936890691655898333e+00
-4.821808307467407850e-01
-2.229837774256759886e-02
-2.609308308745462934e+00
1.144007783734177330e+00
-1.757136823220136090e+00
nan
2.347477377370736917e+00
-2.503533951554594239e+00
-1.680132438149258389e+00
-1.998254202200889340e+00
-2.286778584261770497e+00
-4.342391679536725668e-01
1.839084090842185049e+00
1.377211938138520608e+00
1.233253130624593297e+00
6.273453870282739153e-01
-4.929049691491522722e-01
2.420275290148747871e-01
1.654703861305612200e+00
1.226483848175903724e+00
9.694789731903714625e-01
-3.078053491201526271e+00
2.917946099735706511e+00
nan
-2.313213107004849611e+00
-1.830339194043921758e-01
-5.479710406330999817e-01
-5.710960202845085654e-01
3.134723403949513099e-02
-2.733109655945217931e+00
1.102927828852751979e+00
1.301379164670088073e+00
7.814454792569542896e-01
-2.675741648577264709e+00
1.635456153655588274e+00
9.585771530234623583e-01
-2.144163451517182573e+00
nan
-2.538288365827761517e+00
-2.108140168191274810e-01
9.050529515856320373e-01
-6.447143997747506461e-01
-3.690785108212302212e-01
2.621616848561906465e+00
8.461329510118154040e-01
7.248515364675842676e-01
2.301356600457771684e+00
1.586898709711304534e+00
-1.095661175208730409e+00
-3.592897324416108873e-01
7.424027170235905082e-01
1.817593873917666691e-01
-1.599951851266691483e+00
1.477804021334579332e+00
-1.064992195615646953e+00
-1.779727066134690894e-01
-1.480836609879899068e+00
nan
-2.643596101727425207e+00
6.735283537581917557e-01
2.569334201381048288e+00
-1.315452581433472545e+00
-2.752840381627192912e+00
-3.878511633615655541e-02
2.709652397473544916e+00
1.978896416237637013e+00
-4.413547233877714859e-01
-1.203477865680628645e+00
1.583496860679098894e+00
-3.606000557453898914e-01
1.365180001367713558e+00
2.226995899139051716e+00
6.868031618847383335e-01
1.446861325803053155e+00
1.955685332265986176e-01
-1.051332463245838511e+00
-2.355180857725100108e+00
-3.010491210427646003e+00
-5.404270421765278165e-01
1.822425483435223370e+00
6.966085924681952868e-01
2.604556425100574835e+00
-2.560067618163943681e+00
-2.982465206042042460e+00
1.287569740008362551e+00
2.933195454139711167e+00
2.465360859162322171e+00
3.182520465379461427e-01
nan
-4.460202353397919595e-01
-2.131445768248334982e+00
-9.143976441522712051e-01
-1.487509468065360885e+00
-2.298921423758783167e+00
nan
1.815705975123161231e+00
1.314679445470510188e-01
nan
-2.493906189920799044e+00
3.115958624687973355e-01
-2.705472197149566327e+00
1.385772042319136865e+00
1.590704265426380104e+00
-1.763500137679262059e+00
-1.771039391174682898e+00
1.564130589463555765e+00
2.283156554775906066e+00
nan
-3.127124202641931028e+00
-1.503170554415569349e-01
-7.114568070365905328e-01
-2.934710375103883884e+00
-1.282112302357091949e+00
2.398835272940473828e+00
nan
nan
2.679117745349969049e+00
9.505024043639354048e-01
1.444339033836918418e+00
3.138703840912066667e+00
1.819661804219268930e+00
-2.139927843173861532e+00
-2.602286864070018524e+00
6.396649708513919563e-01
nan
nan
1.783706874649141128e+00
7.139358312318853095e-01
7.980670700661831596e-01
-1.575453176293977187e-01
nan
-2.417375796762811113e+00
5.829849284640347129e-01
-9.324545341681145239e-01
-5.337681269481802104e-01
-1.940297502270439400e+00
9.309214772938982918e-01
6.786060868293373183e-01
3.078005842700098249e+00
-1.621486016121339579e+00
-7.026194748013443458e-01
2.292531934517271885e+00
-1.232419134254039594e+00
-8.760016388626037376e-01
-3.107812166203590909e+00
nan
-8.520466381830114067e-01
nan
nan
-2.845291049645718218e+00
6.874347847043296156e-01
2.161789041395278943e+00
3.046024009951844747e+00
nan
-1.471768865266267490e-01
-2.205055543713108079e+00
1.297530280109782552e+00
7.894568846455527478e-01
-1.776153380579088115e+00
7.041169300739751336e-01
nan
nan
-1.407646413659482842e+00
-6.913801406241240066e-01
nan
3.047651208168616677e+00
-2.272959331199771782e+00
1.401900830347718951e+00
4.775058931935185491e-01
1.013674283170659329e+00
-2.390570434822588020e+00
-2.786649723840876725e+00
-1.617939204870395109e+00
nan
-2.971093307520149107e+00
5.990388164063169540e-01
-6.542366705382272052e-01
1.043893134619374052e+00
-1.842584958877333534e+00
-9.946309399296655585e-01
1.425671520618242205e+00
-4.416130380325484772e-01
-2.902911362227750480e+00
-3.631337521620121578e-01
1.725293568807087397e+00
1.593675410238618362e+00
-1.197228624751322412e+00
-1.986214364880126704e+00
-2.218264900862053413e+00
-1.461168054532033800e+00
3.045249141143173688e+00
7.062637800602042937e-01
1.129966807516106009e+00
-4.254173808981454030e-01
nan
2.823773718374967601e+00
3.843464448389686261e-01
2.202105494217414083e+00
-1.169661251081401065e+00
-2.410917402301596013e+00
2.361222320139662934e+00
9.395073218038811902e-01
2.481598403652395035e+00
8.563189767017056475e-01
-6.540125222638035751e-01
1.063993104986888483e+00
2.645317853844468381e+00
-9.122821120575874687e-02
-1.810469059492974209e+00
2.273328940650687358e-02
-8.824859588130569144e-01
-1.419946281017014034e+00
1.769940685356501398e-01
-1.225835681181381087e+00
5.249884712837951106e-01
-1.342965262453509556e+00
-2.090748927383786260e+00
-6.962230732275465073e-01
-7.437033467802742770e-01
-2.542748480900437258e+00
-2.487375208806994031e+00
8.697152492023008108e-01
5.727420295031233621e-01
1.169436698112575002e+00
1.153547233031644303e+00
1.229997777004546933e+00
1.371834833758002858e+00
6.111223696610856848e-01
7.423480736773844235e-01
2.954993623560900673e+00
1.337382456074083237e-01
-2.033745633761784966e+00
1.642374627402403142e+00
2.853045700236417126e+00
5.267847394680176265e-01
2.282969009426476958e+00
-1.287619790662720920e+00
5.785790483913624271e-01
2.069951394367842035e+00
5.964420817231599337e-01
-5.713506711911446878e-01
-2.099478753242946194e+00
-8.019534737321953877e-01
1.377770413712923414e+00
-1.385804084861132157e+00
1.875000955250400558e+00
5.166992566417678567e-01
1.897099389685086734e+00
-1.268172374444329620e-01
-5.580511338373441710e-01
-3.110099177482419375e+00
3.113208663044515490e+00
2.058300351393030247e+00
8.368547579106770939e-01
-1.436685123087108051e+00
1.953231516618046726e+00
-2.242708530125128163e+00
-2.977670498379088038e+00
-1.771970049473059916e+00
1.017274885995394840e+00
-1.579009523901228951e+00
1.515178005169146580e+00
9.055197760852058408e-01
-2.176957427313833016e+00
1.627399778176839007e+00
2.575285532808062605e-01
-2.093907445170843928e+00
-2.663377382901015444e-01
2.485267363913030714e-01
4.197825182817314094e-01
9.379561491915779925e-01
1.698586786966441053e+00
nan
-1.209663994102839757e+00
1.983295401457842111e+00
-1.169890422553660159e+00
1.943791384819959944e+00
1.401038372416454791e+00
-2.720595367153038069e+00
2.369146839863277343e+00
1.870807586271417300e+00
8.975666384611544757e-01
2.503565679490329821e+00
nan
-6.448243362631838060e-01
-2.593398887671367170e+00
-3.909162508468129182e-01
-1.296005572517429760e+00
1.762690175030083850e-01
-2.151364516489062684e+00
2.547351376866002326e+00
-1.404366059862667271e-01
4.432171859304943062e-01
-1.957953101075027069e+00
2.660142333188299624e+00
1.010575859741007498e+00
6.151907206091862257e-01
4.361572163855647055e-01
-1.469738598100668980e+00
9.665307213476879156e-01
-2.771466069642174013e+00
-4.887848369132208326e-01
-2.900452258958027940e+00
-5.065998840586285468e-01
2.554699989208804034e-01
-1.135438287879249053e+00
1.572309446337316174e+00
8.151178134524919017e-01
2.220115908673953697e+00
9.344823377453135294e-01
2.904899977389296062e+00
1.668283623614360778e+00
-1.054853684721815288e+00
-2.078407933779393257e+00
9.930576684628897866e-01
-5.982143009519553800e-01
4.927271765911407364e-01
-1.365656280620282104e-01
1.909877564703426955e+00
-1.844953848282310016e+00
-2.846082483333719715e+00
-9.398253861415759580e-01
2.158366364305210006e+00
nan
-2.364017529740262802e+00
nan
nan
2.882119316563588107e+00
-1.397167970140026361e+00
nan
-2.667814562431150893e+00
-1.648224445209313327e+00
9.069871265968396656e-01
1.365132441265552998e+00
2.171162551328641221e+00
2.621362141302711279e+00
nan
nan
-2.768109124792037967e+00
-2.092364403965856656e+00
nan
-2.678928338713445712e+00
nan
4.124326554755421981e-01
5.767199005714038762e-01
-6.332137244742619409e-01
2.060000584762605946e+00
2.058172914073002069e+00
-1.919426758351671758e+00
nan
1.673816284783782748e+00
nan
nan
nan
nan
nan
nan
-6.637019058280571038e-01
4.671500922031577296e-01
nan
-1.653939781940557685e+00
-2.955162592033767854e+00
1.718799199394846156e+00
nan
-2.174202675880540170e+00
nan
-2.980404067406329904e+00
-2.809694285282384740e+00
1.225400215680352289e+00
2.280634305978516352e+00
1.258158547201284172e+00
nan
nan
nan
4.650084022112643822e-01
nan
nan
nan
nan
-2.620813145980176007e+00
nan
-1.944947763952085795e+00
-2.956026138103656109e+00
1.015087429227024884e+00
2.875724791776927525e+00
7.661726417220582341e-01
1.140144641192560648e+00
-7.033822173845787340e-01
nan
2.443314585652535342e+00
nan
-1.222985361706211194e+00
nan
-1.880176981933102454e+00
3.452886939253394516e-01
8.336755845058680947e-01
3.058994116009022157e+00
-5.143786230743763177e-01
8.049654721475403285e-01
-3.689185355080630835e-01
-6.383598654171143139e-01
-1.736956100983839013e+00
-1.097228291767592623e+00
5.974626997554306485e-01
2.111006427787141426e+00
1.435945669411316850e+00
-1.748649575432375647e+00
1.417836652246140083e+00
1.107327031704434361e+00
-3.966407742410011927e-01
-1.275979360580118627e+00
1.547473988659896271e+00
-1.713294972026180085e+00
1.271773955187510907e+00
-1.338245838514673380e-01
-2.892003412744186708e+00
1.520795729597717028e-01
-3.128498649199848547e+00
-8.367446310578281476e-01
-1.999474191876155604e+00
1.174935716373517458e-01
nan
nan
nan
3.070142237836040344e+00
nan
3.501181109598316965e-02
-8.949534799028668886e-02
nan
-2.578393457036181502e+00
-2.775263029469068776e+00
2.551347776553310354e+00
2.786950848236087630e+00
2.655713876878414759e+00
2.891562608199819806e+00
1.426996189317331520e+00
9.658598836875356142e-01
2.036680549259379802e-01
2.718851912808974980e-01
-2.697793224147248203e+00
3.019681484960035078e+00
-5.810380351131794185e-03
-3.153153071849423839e-02
1.425821655083840511e+00
1.478442618894437288e+00
-8.491944758656915226e-01
1.543891989344030158e+00
nan
-9.222680449314331064e-01
-1.219725484034941410e+00
1.085502859202152059e+00
1.501350977972173872e+00
nan
-1.066402304684380908e+00
-1.675426725580608789e-02
-2.737144641973624282e+00
2.493763778650995633e+00
1.726962851909479291e+00
nan
3.270474854476090876e-01
1.961291831466318136e+00
2.702292026313446449e+00
1.370571700271716153e+00
2.762662844024966091e+00
9.518275029239804397e-01
1.953089492422869888e+00
1.193213026929540455e-01
1.703314693860576767e+00
1.478758770704133418e+00
-1.209388680321400455e+00
-1.722968060282420222e+00
-2.548061149505049361e+00
3.356265773794095963e-01
-5.532104193663283098e-01
3.136007508033965330e+00
8.980307635028399460e-01
-5.784663454296077312e-01
2.963727945919779394e+00
-1.450221450087729735e-02
2.586778683534336487e+00
nan
1.536060674798395809e+00
1.364154523719069978e-01
9.107188087227058304e-01
-1.595577074984436017e+00
-1.268854829067869394e+00
-1.445597555824291724e+00
1.536165347270845416e+00
6.907000590275020890e-01
-1.762258762592697092e+00
-2.448028161336543107e+00
7.097205084515327833e-01
1.095823480162442465e+00
2.068476250945500361e+00
2.972570818554895133e+00
2.088678663979326444e+00
1.524546723525212144e+00
1.267010705360956280e+00
-5.006051516026750470e-01
-8.777281378855761318e-02
-1.612075251119166941e+00
-2.538938133097495609e+00
-8.193797474206041542e-01
2.062639694654252231e+00
2.274080825638491454e+00
-1.749146665334782469e+00
-2.424373055839818214e+00
5.137735846057371880e-01
-1.969028244216223911e+00
2.529923187344264690e+00
nan
-2.012711477252436154e+00
1.990075879735555553e+00
9.867614720635584646e-01
1.378112293937800992e+00
-9.890020159298651414e-01
-2.655520019130637621e+00
5.289758295841018310e-01
-1.391676295453929457e+00
2.478891056735066378e+00
1.753536888339638722e+00
nan
-7.439424190993007002e-01
3.041746528655262516e-01
2.368204507438279371e+00
nan
-2.460325058669740272e+00
-2.365442559864348038e+00
-1.423396388101598964e+00
-2.591018017704462828e-01
1.899115663852979807e+00
2.863640206882061001e+00
-6.613225011898364869e-01
2.863932447710078932e+00
2.573174618134451919e+00
-1.976145960004999980e+00
-2.286938345964777408e+00
1.726977700396926885e+00
-2.822037583381864501e+00
-2.028031449784466034e+00
nan
9.653545845261275460e-01
2.895176056512123175e-01
nan
1.329963042884324764e+00
-1.012710288233408917e+00
2.418285804652557047e+00
-1.329131677585838833e+00
-3.038851702874111993e+00
-2.067444955900712422e+00
