4.862241615826423669e-01
-2.095076805599249248e+00
-4.140188867791723126e-01
4.562107612106496290e-01
1.522125180411104672e-01
2.196015318071548705e+00
nan
-1.036101144125542550e+00
2.076651970348803111e+00
-1.643504251142586137e+00
-1.251738364712130736e+00
-1.595174621144983540e-01
2.512327013285124977e+00
-4.193720419620348139e-01
1.400148837376343103e+00
-1.203153459013171833e+00
-8.472846569447849419e-01
4.417693984806967400e-01
-3.091254166511754331e+00
-1.048515548751094428e-02
-2.848868630022478587e+00
-3.002767522481239570e+00
3.787849141204242542e-01
5.402598612500026931e-01
2.471009005841294126e+00
2.214564386211999469e+00
-5.998429780965897073e-01
-1.975734083404968811e+00
1.323569269930784387e+00
2.906349337792737408e-01
3.514282951670839594e-01
2.163915314781523769e+00
-2.599391475669068807e+00
-1.028692305865680723e+00
-1.904722276949311066e-01
1.524942829283884471e+00
-4.377786952893543138e-01
7.042910905788604126e-01
-7.364957243116565522e-01
1.125231932454465067e+00
nan
-2.073542546055289648e+00
-3.570267820197496889e-01
-2.715537166092968135e+00
-1.431470437165190734e+00
1.610437553720335480e+00
-6.660045746126903587e-01
1.862640248031672385e+00
2.237446575027312257e+00
nan
-2.612432410856312170e+00
-1.626216796932676845e+00
-2.699799379954876954e+00
2.809271762110026494e+00
nan
nan
-1.552422340749973984e+00
2.202023046806571571e-01
2.030735225937177368e+00
2.168160176012928986e+00
1.876657736967294987e+00
-1.574081001598246488e-01
2.790282978572871109e+00
-1.170065998902168447e+00
-1.480675123212793043e+00
1.353711285932976516e+00
1.632947603894861821e+00
nan
2.580224174835642259e+00
2.290114152285792848e+00
5.443429381689890434e-02
-1.939954307388109145e+00
1.807336419326373012e-01
5.735601600524908861e-02
6.147493255043778859e-02
8.898945278190799613e-01
-6.877650201938569907e-01
1.693991462602210341e+00
-6.116232391322671269e-01
-9.178833696545973808e-02
-2.456312203703475028e+00
8.696127337523744671e-01
-1.124931092653190134e+00
-2.816118423857453479e+00
nan
-1.476014198514556952e-01
2.561677124671951411e+00
2.267874370339903578e+00
4.450166486633104768e-01
-9.250518350128569267e-01
-1.899535658172569752e+00
-1.773416855618525689e+00
-3.139869801059944621e+00
1.939782172219254086e+00
4.047132677921885247e-01
-1.585429279366325606e+00
1.966824565168344918e+00
1.287810579116963616e+00
2.490680768762199015e+00
-1.583302214506444372e+00
-2.615801198455631305e+00
-4.358135763195556400e-01
-2.822892981803444279e+00
-6.035265858542691042e-01
-2.170865639795711566e-01
-1.134923090025067971e+00
-2.411854078195033502e+00
-5.901385866352191201e-01
-1.552048301733202962e+00
-1.761293073967326483e+00
-1.456025788288145995e+00
-8.365701351445449241e-01
2.459284585664456735e+00
1.760020643547867358e+00
1.889308214761389770e+00
2.881322644277726219e+00
1.573333937466078858e+00
-2.517996836412059736e+00
-2.098042611428723614e+00
-1.119395477206901468e+00
-2.073152712003802023e+00
-2.038065393775124967e+00
-1.936746458641089186e+00
-8.225413368297997962e-01
-2.769044292446336986e+00
7.570645709712615634e-01
nan
-2.973102910399322063e+00
-1.161438844148257266e+00
1.809547933210644999e+00
7.139516173869520088e-02
-2.147172640323675719e+00
2.202461522398300175e+00
1.949372957384639449e+00
1.066929424063268961e+00
2.223539903483806590e+00
1.041026869884731809e+00
2.899566674199800964e+00
2.434559229583120654e+00
1.329608360373301323e+00
2.419504686844322627e+00
2.616885265579671938e+00
1.964864455413860789e+00
-2.738605939945333301e+00
3.076053206402620255e-01
1.157631795974236155e+00
1.146907594311077361e-01
1.731436241266017362e+00
nan
-1.514986931764752853e+00
-1.086240194618328658e-01
1.660686796194320358e+00
1.391692632713000144e+00
-4.509808946398741192e-01
2.933292433524140819e+00
-4.961766940596330500e-01
-1.613078767529723567e+00
1.265653593640811536e+00
-2.179795503022781578e+00
8.293486297038850097e-01
-1.340362323491146590e-01
-1.507242339023480593e+00
-1.888866128695263491e+00
1.551495410913767969e+00
1.378234378037342722e+00
-8.278625873526173073e-01
-3.430236846040388698e-01
1.859356508743831959e+00
-1.336468047393963410e+00
-1.533147561245282731e+00
7.257556653553325354e-01
2.467345409904062592e+00
5.790775715632578979e-01
-4.232955930231874220e-02
1.603060177649457962e-01
-1.918353883593672871e+00
6.436764908821421827e-01
2.599232488660558893e+00
9.763273637019125317e-01
1.821683359517538570e-01
2.557510682028184767e+00
8.778369010922046911e-01
-2.821765200360581094e+00
2.543082880469946794e+00
2.253098782117199939e-01
-1.930633678902360151e+00
-2.251411317171834181e+00
-2.347411735936574928e+00
3.947819010899245029e-01
-1.392346073780814653e+00
-7.966487374653361542e-01
-1.259748747915021116e+00
2.316362711772676164e+00
1.118632413349359034e+00
1.764958211476598038e+00
1.064538766444479201e+00
-1.984223536703126234e+00
-2.451660105438357551e+00
-1.684364774156946298e+00
7.708864546644758065e-01
-1.334910676981362343e-01
-1.787209537355507472e+00
1.044118061127303321e+00
6.328066768548645804e-01
2.510985266004197136e+00
4.789246670284472707e-01
2.301404489188487723e-01
-7.404810326042512436e-01
1.579994421542698646e-01
1.235042692012368271e+00
nan
nan
nan
2.772128471232555569e+00
9.882969473165532648e-01
4.916440232334187144e-01
-2.025404051732954347e+00
-1.767404135048661562e+00
-1.416032520651204996e+00
-1.660652258251803071e+00
9.197673868514186779e-01
-9.215767508906909100e-01
2.612607909353727109e+00
1.743599839292034659e+00
2.817880878313340887e+00
-4.528755418963981150e-01
-2.615692958621178565e+00
-5.251908605843431666e-01
6.722599354829643659e-01
-9.851115680287438892e-01
-2.463931781921398390e+00
1.972558868713329083e+00
nan
nan
-6.139530989240991055e-01
-5.778075531351101191e-01
1.293663675439952421e+00
7.385623519700375006e-01
4.067560605074254099e-01
1.443414824610671943e+00
1.550295919565076730e+00
nan
-4.565964866102034669e-01
-2.778785290917620721e+00
6.148284587035055537e-01
-1.300887407925905848e-01
-1.622350936010894085e+00
4.075733932299385742e-02
1.994479512991433445e+00
-1.046892621884033758e+00
-2.631236227535562300e+00
nan
nan
2.546177042157419024e+00
2.697598139453343258e+00
1.904506930252594543e+00
4.527957619729683358e-01
5.915917710623532777e-01
1.042931657226873199e-01
-9.241922984786326012e-01
-2.029541800808793539e+00
1.860589430312260539e+00
nan
-2.770202887238923495e+00
-1.647158267852611990e+00
-1.530244826829747717e+00
-4.667845897961120372e-01
1.912895666897456159e+00
1.840122223451710504e+00
2.421263307932245645e+00
-1.113915536500535985e-01
4.507667300088193940e-01
-2.106161912946004300e+00
-6.239567791533460195e-01
1.807367849793927839e+00
nan
2.150830722275485662e+00
1.727655879572929543e+00
2.183308313721870952e+00
-1.400879336766355898e+00
-2.139630765499085818e+00
-2.033379786184902560e+00
nan
nan
nan
2.678423897024263312e+00
2.688933934734238917e+00
nan
2.880827443425881818e-01
-4.576115635313224850e-01
8.215916715829485462e-01
2.268631902568213121e+00
4.401384672423853672e-01
-1.726341082431446461e+00
nan
-1.009170090082773363e+00
nan
-1.483797719227563983e+00
-8.817653280006738648e-01
-7.908993210182613254e-01
-2.539522381887405089e+00
-5.225749066223817074e-01
2.112458643335917152e+00
1.032540109448301102e+00
2.803213311507026795e-01
-5.172441002426277912e-01
-9.064415003247301428e-01
2.860732398787856567e+00
1.495017770510129296e+00
-1.098048956472794657e-01
2.932408808702562375e-01
3.899296577097253191e-01
nan
3.084267538971745104e+00
nan
nan
-1.431070524793725429e+00
1.634273777632103020e+00
2.394068877325076450e+00
4.838828557729435431e-03
-2.280092849874669092e+00
-2.371161039234937817e+00
-2.755010441582130820e+00
1.834114103715102750e+00
nan
nan
6.093227658857429674e-01
2.263631107225946515e+00
3.095661865021805070e+00
3.020886758389487170e-01
5.294851081605260745e-01
1.448912622691730157e+00
2.446530706871044458e+00
-1.607665290469609598e+00
1.272794027089089397e+00
-1.599471785759534637e+00
-2.340145835342860359e+00
-2.417980637639599806e+00
1.466798122119037373e+00
-3.964298189328077093e-01
7.402214424981679031e-01
-2.394019870273154105e-01
-1.092919480348566452e-01
7.186537980324070318e-01
-2.136139168585251547e-01
1.829517890183451456e+00
9.588138884297006115e-01
3.452104770435773240e-01
-1.490896324195138511e+00
7.596434663493498718e-01
2.452703192268731236e+00
9.998853630194624031e-01
7.987071611732257104e-01
1.851423719944015112e+00
3.073722447800570023e+00
1.975307379447389877e+00
2.839634758257010283e+00
nan
-2.173943854797734332e+00
nan
2.660685612550150125e+00
2.297530540338224903e+00
nan
4.744304944784341060e-01
-3.067159025641790215e-01
-2.246496226421456743e+00
2.360415718355841186e+00
1.123651801936225603e+00
1.032090943434995189e+00
-8.951714617328803136e-01
-3.791491238458202240e-01
-2.708980249592873868e+00
-3.024763984498467728e+00
-2.016977296962410460e+00
-2.339759232585325144e+00
nan
3.118161252354532564e+00
nan
2.483383579358822146e-01
1.691478011957672223e+00
1.206558707408142084e+00
nan
-2.048462720228880762e+00
1.860090584116774082e+00
-1.467646257455048620e-01
2.547487956341251802e+00
-2.803110967638748896e-01
9.539863357619422501e-01
-9.333416748165732635e-01
1.656891614918826861e+00
-2.646656519941430918e+00
-7.999569772502930221e-01
-9.639977215775585861e-01
2.571769766323034112e+00
nan
-8.112189096350208573e-02
-2.418931497586711110e+00
1.167914182507361787e+00
-4.574187544459018540e-01
3.827896780699431289e-01
-1.235232648117242649e+00
2.756159948510158664e+00
-1.529101937939335798e+00
7.117408626838361840e-02
2.256942932308013461e+00
2.216742311447102765e+00
8.356843502597790518e-01
-1.058830811293114404e+00
-2.943182635436300210e+00
nan
-2.977578462384772529e+00
2.379026221309651135e+00
1.579421191593694651e+00
-1.046793498768337827e+00
2.488178479888939698e+00
1.790730379256550542e+00
-9.717164113193144104e-02
-4.717129852083865593e-01
nan
nan
-2.787869899192819467e+00
-1.426686307763337824e+00
1.032835453555605021e+00
-4.809450808280466561e-01
-8.521320853690332875e-01
2.313170465076419546e-02
-2.818897965786444360e-01
-1.155182504449338010e+00
-4.642922344148567859e-01
2.596322679693794377e-01
-1.288325650806401157e+00
-1.874751270764980493e+00
-2.782154792615654237e+00
-1.057692348863981113e+00
1.432509127076973421e+00
-1.288094002381101388e+00
1.354488503027675428e+00
-7.520712357448906538e-01
1.674215392077475606e+00
1.006847692232804015e+00
-9.011943504870969512e-01
-3.350528502633669525e-01
-2.754832669656491984e+00
1.214302304464012217e+00
8.645543359379654902e-01
-4.525094058010457054e-01
4.305860185535261841e-01
-8.640770442916001493e-01
1.621402829447292859e+00
-5.176750997081538408e-01
-2.062585171340042045e+00
-5.873917221786535414e-01
-2.520125687387575031e+00
-2.024903148848316903e+00
2.031025738060296071e+00
nan
1.309602186901773102e+00
8.184228625965510595e-01
-1.892091820927737089e-01
nan
-3.084248381521551341e+00
2.685363903588167567e+00
6.033433911278733852e-01
1.859702750643777769e+00
2.333665026947326915e+00
1.542253784561602004e+00
nan
-1.574023508511407599e+00
-2.335226328578415611e+00
-2.820317572967399045e-01
3.732578073503831639e-01
-7.707943621667339151e-01
-5.857907273468212495e-01
-8.309968284739115418e-01
nan
-9.259756526234048657e-01
nan
5.802457073774673901e-01
-2.329055646291666726e-01
-1.298819137458761874e+00
-1.560232733330750632e+00
-7.004417698257494607e-01
nan
2.253746195212362302e+00
nan
-1.417329098373324214e+00
nan
1.648543862263319504e+00
2.597501988146330376e+00
-1.093184999215309539e+00
6.564599474657373257e-01
nan
1.914049740156957391e+00
nan
2.653020167368972615e+00
1.267803054498227056e+00
1.733886665003057992e+00
2.289891078113580392e+00
2.704116145035496466e+00
1.576599111419910493e+00
8.138234531751091794e-01
-2.825929998818295097e+00
-1.725881252040172509e+00
-5.945741802875925686e-02
-8.010795442205256300e-01
1.495303636364170075e+00
2.487533285629953461e+00
2.933767138126958329e+00
nan
7.133380587500157688e-01
nan
6.404799786219310676e-01
3.007984819481137606e+00
2.636637411765882177e+00
nan
-1.370854603954368756e+00
nan
-3.129955279147074165e+00
-4.071368788646072545e-01
-2.537104275670508002e+00
-3.126117295395692608e+00
-3.130228234107894192e+00
-1.085648594553778157e+00
nan
-3.079985537454402511e+00
-2.458644980844312489e+00
-5.991282333288863171e-01
-9.891988993265004027e-01
nan
-2.768527943335940655e+00
-1.396164741386529018e+00
nan
1.272069651740160623e+00
nan
-1.112611735017152714e+00
-2.056365675597211506e-01
-5.483715718332318190e-01
nan
-1.933928239583129205e+00
-2.477429443081413218e+00
nan
-1.773950925432387082e+00
-2.459733417893623653e-01
nan
1.141724111657950402e+00
nan
nan
-2.978234106853139718e+00
3.007502947804754356e+00
nan
-1.970525476089325601e+00
-1.214663000729719888e+00
2.281439431466529832e+00
-2.111175895390799973e-01
-2.830489059313717082e+00
nan
-7.277889201245724138e-02
1.278683157033388085e+00
nan
1.427193979008468894e+00
nan
-3.723170025008037953e-01
1.336186185297922435e+00
2.255066228666452233e+00
5.998006735613130580e-01
-3.441174183335249381e-02
-1.279873833934107807e+00
2.374780941527780520e+00
3.112094230532803429e+00
1.676333166866660562e+00
-1.069651729239440741e+00
-2.014858772154393129e-01
3.096460150442048587e-02
7.297237228446418200e-01
9.153996078656829738e-01
3.783719150390560948e-01
7.673664924344967275e-01
-2.377042953705442052e+00
-5.821618584983667688e-02
-9.589215364509002804e-01
3.045158532359416803e+00
nan
-9.519855290904066791e-02
-2.252064244594861098e+00
1.134681508175349407e+00
2.566702693026843285e+00
nan
1.113066681303398475e+00
-2.717945822410947176e+00
2.763896051626479000e+00
nan
2.726026994785536672e+00
1.866409145713276985e-02
-1.989472174754543188e+00
-2.013704149073170413e+00
-6.124111912665286539e-02
-1.294500539585870635e+00
1.862205881029233012e+00
3.055110450973765879e+00
1.127302111357768588e+00
1.999058351256823407e+00
2.292049495643685653e+00
nan
1.093433744073481151e+00
-2.811110865551708748e+00
2.499294083033745117e+00
-1.228171362408608580e+00
-1.073679767037561739e+00
-9.228615928122381185e-01
2.573238168960069849e+00
-2.569559439330940442e+00
1.672383033937743235e+00
-1.707047065003556741e+00
-4.756930890610044926e-02
-1.033029172547656138e+00
6.414249960819402574e-01
-5.037075490391562660e-01
-1.751415355924040407e+00
1.038185291219089201e+00
2.781495580877852980e-01
2.998089562144296671e+00
-1.079591475234256137e+00
9.265495023182506173e-01
-1.201292718335605469e+00
1.289288868487577844e+00
2.215409249424828531e+00
2.709229658719363165e-01
1.140130862839985326e+00
2.186209346652674412e-01
2.385128662909393960e+00
2.474594509466085945e-01
2.505201946841116190e+00
1.260704090008223588e+00
-2.039321186389281060e+00
nan
2.668302083575297523e+00
-2.638795061762930327e+00
1.734111131928616878e+00
-2.002210150231079400e+00
-2.465361630623554845e-01
2.539698941232596319e+00
-1.990207728073497773e+00
1.893206082457078665e+00
-2.181275302457387877e+00
-2.938817753332743088e+00
1.678638366030488882e+00
nan
nan
1.946416238323152470e+00
2.093705289464121932e+00
-2.030680298607587808e-01
-9.683039021696595583e-01
1.764884783471915242e+00
5.855329630436720834e-01
-2.899774469033614910e+00
-1.409780751584532865e+00
1.807756340642994175e+00
-9.786193558221594202e-01
-1.026276453783836029e+00
-2.340406301875781026e+00
9.856502715643937762e-01
1.055700149152386302e+00
-8.223441565842790624e-01
-2.596308581415799566e+00
2.243267030433353071e+00
1.813094626380268970e+00
-1.087708811261408837e+00
-9.779178592475576970e-01
-1.816835534795648410e+00
2.036884493958634579e+00
1.878244867865154433e+00
2.082486197148836204e+00
1.395332360415598494e+00
-1.542295863566679692e+00
-1.437886971825776294e+00
-1.293499756318192695e+00
1.320864951748711213e+00
2.279060747790341068e+00
6.299633809059903555e-01
2.521127087286751944e+00
2.460771834039400474e+00
9.691015833204490448e-01
-1.650811117020103636e+00
-3.304890911799538422e-01
-2.773176884650454532e-01
5.546061127381163303e-01
2.636447589920108747e+00
-3.153861932380226385e-01
1.805627603086380262e+00
nan
9.319370614094815153e-01
-5.726494244270732281e-01
-2.832077419792966566e+00
1.846982174461257564e+00
2.929136594516626779e+00
nan
-2.567563381529843536e+00
3.129587628635379204e+00
nan
-9.910055323782422931e-01
1.386729119734359195e+00
-1.988235628687197831e+00
2.610816094265417497e+00
1.070849820705471522e+00
nan
4.389306008375366552e-01
-1.961107316879706630e-01
2.348101613998693438e+00
-1.738220714269517853e+00
2.885434110773521077e+00
nan
-2.512393035241420325e+00
2.924994931087163685e-01
nan
nan
nan
nan
-9.327433285472004343e-01
-2.147238212519408496e+00
-2.377459519263169785e+00
-1.518070744472134193e+00
-2.569623365813405336e+00
2.918277716426615598e+00
3.250632587044917088e-01
-2.179809339812893931e+00
nan
7.748803241289166088e-01
-1.734814973248129277e+00
-2.158040242561350741e+00
1.281461975021222166e+00
-1.664540166625337214e+00
nan
-7.699376674150810729e-01
-2.794784278101634101e+00
-1.092345544560200832e+00
nan
-2.274425866822027853e+00
nan
1.179527273358403683e+00
1.547895563051650214e+00
5.102394708940503065e-01
-1.022358907573054143e+00
2.072130458898750582e+00
nan
3.455468192711745878e-01
-9.479103931400771899e-01
-6.720339845013483249e-01
nan
2.472642713837285733e+00
8.865101663019707701e-01
nan
-1.360528539504008538e+00
-1.811471375963233932e-01
1.940679253667641824e+00
8.959200928010835341e-01
1.884275141940892517e+00
-1.672766356259138831e-01
-4.186740836657247833e-01
-2.714430779132404492e+00
1.728428692760570762e-01
2.812948126472294419e+00
1.938022671757303250e+00
1.343144432076240236e+00
-8.001438354147127896e-02
-2.066360769901613992e+00
2.674222624677099702e+00
1.670764156351431495e+00
-3.142480198282897597e-01
1.542270369741895131e+00
-1.293734383854867831e+00
-2.082973274521934037e+00
3.075104391118160585e+00
nan
1.542543768055568698e+00
1.076843730706746882e-01
3.081861347125425254e-02
4.890070933085661764e-01
-1.016574468848146839e+00
-1.207723671807171106e+00
1.727631379844103421e+00
-1.584120681346192328e+00
-2.523348702771608387e-01
-2.348287127222329129e+00
-1.922356085342593834e+00
-2.263807212141420777e+00
-3.541788080748689005e-01
1.544272227441362055e+00
-8.475912001936922735e-01
2.936373417164864996e+00
-1.114743988761533799e+00
-2.267425882539932047e+00
-3.240331900996378245e-01
1.128199895775731321e+00
-2.761598691772948477e+00
1.627632205937114662e+00
1.461725046589837262e+00
-1.232695489049776993e+00
2.632567175501388412e+00
1.647977623400257663e+00
2.716182383893763763e+00
3.485961064932237008e-01
-1.022735720538294313e+00
1.354796445116779324e+00
-1.691093543005571798e+00
2.464236728294153522e+00
-9.065891034393276371e-01
-5.980145276366140017e-01
-1.029219244906345754e+00
-3.084173109602483809e+00
-2.501384633519045941e-01
-2.082542603048472607e+00
1.677551159881305765e+00
-5.597590816768667210e-01
-2.396522513987600078e+00
-1.485827322116122895e+00
2.090816224809358914e+00
-2.756127226779250705e+00
2.692811393926590746e-01
-1.612207047884945288e+00
-2.698551313496065696e+00
-9.436157860688831889e-01
-1.744503714452638077e+00
1.190916856474450114e+00
-4.225116430172941584e-01
-1.279103430201769642e+00
-1.426388365813524572e-01
1.600111872773416266e+00
1.857651883977141871e+00
-3.101970612612722888e+00
-6.188131355995203364e-01
7.882743138006431671e-01
-2.032041304413600091e+00
-1.931567420558331527e+00
1.107451966643944630e+00
-2.589919953066564418e+00
-3.417137412240229821e-01
8.869848292581909988e-01
-1.836242560100782129e+00
-2.062635324874270815e+00
8.944666221320174415e-01
-2.295316729136815947e+00
3.017911622137188665e+00
-7.335059726236341504e-01
-7.046153695239363302e-01
-9.449753611377627038e-01
2.321143028753068549e+00
2.076356341410301454e-02
2.844435103128703624e+00
nan
-1.065546341541680153e+00
-2.705637790827597478e-01
2.884191775384429057e+00
-3.347663191667944460e-01
-1.482040802356308085e+00
2.376577284367304976e-01
7.906700866962159679e-01
3.794511092414580844e-01
2.942003930840563442e+00
2.990546559270968352e+00
2.137655630011052743e+00
3.006195586734992986e+00
nan
nan
-1.859974856064705806e+00
6.133761705364846328e-01
-6.761286237086983064e-01
2.977801851963564062e+00
7.150868705785518031e-02
-4.798439348166168017e-01
-2.551340805687232649e+00
2.664534261619454725e+00
2.874870582878731540e+00
1.479280370154728352e+00
5.343695301704851630e-01
2.044175227876642964e+00
5.665821201651750627e-01
nan
-4.973805685323791081e-01
7.823633030548249323e-02
nan
4.584384250087727430e-01
-2.112279134950465931e+00
-2.762744634774319419e+00
-5.964649635783967341e-01
-1.723625432933457269e+00
-2.866268944152849940e-02
-6.069966055307305375e-01
-2.396613132587416040e+00
1.082705760611355039e+00
2.184812391482946481e-01
-1.716188190818187742e+00
-2.541990786284279658e+00
-1.168651982530065858e+00
1.679127307003058789e+00
-2.968676886023872807e+00
-2.295779245504304455e+00
-2.716877269402711459e+00
nan
nan
nan
nan
-2.240222418490307010e+00
-1.678473114574155156e+00
-2.972759106600375567e+00
-2.119543326292334218e+00
4.045163690680513291e-01
-7.328768863975496650e-01
2.467614878224084762e+00
-3.039056537920870049e-01
nan
-2.585640958319220140e+00
-1.288926943460249275e+00
2.291044385066681954e+00
nan
-1.185341528472384720e+00
nan
nan
-7.882463888250956785e-02
nan
7.200383520465249987e-01
nan
8.206380349849125011e-01
2.689970750165678659e+00
nan
-2.803475336445967692e+00
2.274505805520150581e-01
1.627778457717230509e+00
-1.887915712659742340e-01
9.116584145455792765e-01
1.944150439357034799e+00
nan
3.107334040051877189e+00
nan
1.936025901248745740e+00
1.501521629212951403e+00
6.073021867082908365e-01
5.153239347326645792e-01
2.537288777351379920e+00
2.200152679610457795e+00
nan
-2.831562049249018553e+00
1.369185579254143192e+00
nan
nan
nan
1.338227530548912192e+00
nan
9.779990834753835571e-01
-1.266497414816235345e+00
2.372534601111995656e+00
nan
1.233615058422988575e+00
nan
nan
-2.882966460353213467e+00
1.171315462079006053e+00
nan
nan
-5.879465179792395801e-01
nan
nan
-2.579580969726081641e+00
nan
nan
-7.372789788848899128e-01
nan
nan
nan
nan
2.150364835606750624e+00
nan
nan
nan
-5.525672852495766563e-01
nan
-2.541674999340368668e+00
1.280119097851866172e-01
6.248294544985721899e-02
nan
nan
9.260292941962449120e-01
nan
8.433334143189332721e-01
9.842995362207362930e-01
nan
1.169615397298040982e+00
1.099308209034356665e+00
-1.827220638374819073e+00
2.022218277783216500e-01
2.360556903418870256e+00
-2.840945546334646021e+00
-2.245927452821302683e+00
1.084549416911666953e+00
nan
-3.032373428116751146e+00
2.220740899669791268e+00
nan
4.814012826196214512e-01
-8.427290250846808384e-01
nan
-1.503443837250836301e+00
-2.046748148097290887e+00
6.765927474411235210e-01
-2.809946960806315452e-01
-2.004826897821913256e+00
-2.444891790468638693e+00
-2.391926818601537885e+00
1.052205680958078204e+00
5.773634217715120087e-01
8.972161460310434933e-03
8.142257668132790727e-02
nan
nan
nan
-2.067679044343756711e+00
-1.268633116784202652e+00
-2.908331891067911013e+00
nan
-2.442169515249611234e+00
-2.884388105948873626e+00
-1.620990069664875355e+00
2.157216875118757926e+00
nan
-1.089359535534387913e+00
-1.460811431386812353e+00
1.771147268449989376e+00
-1.465551727733928278e+00
-9.311942997552575818e-01
nan
4.504221088290081276e-01
-1.731087585074110979e+00
-1.667572796598264295e+00
-1.164568162002184160e-01
1.206558557839700008e+00
1.258559635537603860e-01
nan
2.715575784707278117e+00
nan
nan
-1.313740714781565622e+00
-2.521149111876881399e+00
-7.859407504799094113e-01
3.242081397034173307e-01
1.228055118917218635e+00
1.673439250876892714e+00
1.406051616847243224e+00
-1.161613140394173849e+00
-1.792601882460411744e-01
nan
1.224914950666300406e+00
nan
-7.979018730917406543e-01
2.117900346487513019e+00
9.257922821170687655e-01
1.067044223811968173e+00
6.030365215272324164e-01
-2.738874122669982203e+00
-1.664274374457033190e+00
8.641357211284557138e-01
nan
2.913597904492286617e-01
-1.429908592358611674e+00
-2.273142271297436956e+00
1.683907898851648710e-01
-1.375874432561246641e+00
nan
-1.999455963650696333e+00
2.693295525775426746e+00
nan
-1.338010862083393926e+00
-6.696388974753477719e-01
1.777136833688530260e+00
1.854410083897351846e+00
3.126592263996799126e+00
nan
-1.944879834121150841e+00
1.048172857340873065e+00
-3.129959686890048776e+00
1.276942060751893315e-01
2.960442456856181792e+00
nan
-1.630486159937289292e+00
-6.623118375466323648e-01
nan
-2.832731087537793346e+00
-1.581450799713574495e+00
nan
7.604381670471758170e-01
2.268349310381106321e+00
nan
-1.538981648698787508e+00
-1.418627245743066867e+00
-5.265805278452297955e-01
-4.360916531507887939e-01
-2.229628107379913349e+00
nan
-8.973801517121504645e-01
-1.585042201072093038e+00
-4.378943499524279304e-03
7.351934726855207103e-01
-9.197032907609838936e-01
-2.587325935521764819e-01
-1.360751271071674706e+00
-5.000930352927044353e-01
nan
-3.009221999348348220e+00
-2.449593403914787526e+00
nan
nan
-2.101327777964349774e+00
nan
-1.559863593203520971e-01
5.350739911780775238e-01
-1.532833550652030308e+00
5.677047332034805827e-01
1.088287950124386505e+00
nan
-2.553622796217157376e+00
-5.644874258002077205e-01
2.691949205009886548e+00
3.896179245247015643e-01
2.178638205427252394e+00
2.181268080616161953e+00
2.786822589071994649e+00
-1.862017883673261487e-01
nan
-1.909770489246766179e+00
-1.829472920241988376e+00
nan
1.549007402226244778e+00
nan
nan
-2.807034397676335669e+00
2.653347950883345518e+00
5.307057762053890571e-01
-1.057332486698165930e+00
1.314380085066645165e+00
1.676777574340383659e+00
2.561947269336234179e+00
-1.256174700079579765e-01
