2.981116939319333525e+00
2.115808341712851259e+00
2.552744998477797900e+00
-2.767464001719490696e+00
-2.712714635639954075e+00
-1.962226272747954248e+00
-7.950613378054773861e-01
3.291666299340114676e-01
1.840702546043528010e+00
6.025962784890963597e-01
3.213447559946391863e-01
1.904835871126173252e+00
-2.398054574084462764e+00
1.418148533483535090e+00
2.317195414783261853e+00
2.873597568465710239e+00
-6.972688251479093324e-01
-1.051134077988607807e+00
-2.794657861173380109e+00
-2.367495924858834755e+00
2.767717242717701254e+00
-1.343240559811847090e+00
-5.491099639365542018e-01
2.307996568174133678e+00
1.155485753027850393e+00
1.403389740748434811e+00
2.173154036625172481e+00
-1.470354582608065064e+00
2.227084495989272384e+00
nan
nan
nan
nan
-2.146639863555028782e-01
-2.854450424852753798e+00
7.951003081756802260e-01
-2.958687449872998698e-01
3.885729092104988069e-01
-2.641980404087150180e+00
-7.681186917428326488e-01
2.999394675117039277e+00
nan
-1.008906815448784133e+00
2.883436815040845147e+00
9.592757082239451449e-01
1.226484963188595678e+00
1.554745864271336764e+00
-1.137470241670614168e+00
-4.433938629891938099e-01
2.364052937937972665e+00
nan
9.630562253632710679e-01
-5.213547256829142995e-02
-5.657748514834013420e-01
1.337646930077355911e+00
2.740473505450212066e+00
-7.827292086364057155e-02
-2.094494481607006797e+00
1.300791870708395415e+00
-1.398843092723849990e+00
2.909364088145199645e+00
5.131519592914135508e-01
-1.823984970709488840e+00
4.920309437079883885e-01
-3.490241339635393736e-01
-6.839929608111279258e-01
6.992820674035518103e-01
8.099835274837969834e-01
1.613871547916094329e+00
-1.082418415971670544e+00
2.192695168392519101e+00
1.172265096678998475e+00
1.283222489570011504e+00
-2.533188704366536204e+00
-1.102966449925450565e+00
2.978913501286633014e+00
-2.014623684947105531e-01
-2.473111703182497401e+00
8.989266373295237145e-01
1.378344793028725590e+00
4.461235511983403512e-01
-2.364133918366697173e+00
1.921849816518496290e+00
1.773248495830461735e+00
4.627876159578727666e-01
-1.031402032713866213e-01
-1.567666534222841079e+00
1.424296473428290355e-01
-2.886655379289433387e+00
-4.573029378809989609e-01
-1.410636935701355510e+00
-2.068588072979928860e-01
-2.425111984127914955e+00
-1.693049512831711789e+00
-1.615538414662842426e+00
-4.561365894402436005e-01
-1.688167057080093736e+00
3.087480378960077765e+00
5.255698152174987925e-01
-7.752288960523818773e-01
-3.430723401561395214e-01
-2.682202068151559704e+00
-2.587015598135584682e-01
-6.024735221508850103e-01
-2.314488332053288300e+00
-2.375114378907369872e+00
-2.553913816500184453e+00
-1.420886084421450368e+00
1.783420949347236828e+00
-1.872497243126237887e+00
1.238388074192057431e+00
1.846285097639874806e+00
-1.083040357679734278e-01
-9.059433028630636819e-01
-2.146787734453033281e+00
-2.648375566311621299e+00
7.220708615614981341e-01
9.280304094427451744e-01
-2.252331097921556058e-01
1.444184019667951624e+00
9.890194611997777940e-01
2.577430115557601376e+00
nan
1.683903868800347148e+00
5.924039744910056804e-01
nan
-1.532117187378189582e+00
-8.243772673345448609e-01
nan
-1.386150623197557330e-01
-2.240279262584903730e+00
-2.148545612266309135e+00
-2.542658315264539226e+00
4.183758339853800301e-01
2.500599519690308803e+00
2.076145809978727108e+00
3.949501748660946276e-01
2.061289939119648196e+00
-1.466313212043037328e+00
-2.616534257586051737e+00
-2.109356308769529953e+00
2.031311181370300645e+00
2.128448817936063442e+00
-1.563343802830268636e+00
-3.143064235109260807e-02
-1.144479640012745492e-01
2.854056890649624201e+00
2.258310476113503107e+00
nan
nan
-1.404033202343793363e+00
-1.579022571479432591e+00
2.083585137481395400e+00
1.267412847660721376e+00
2.174050473685582574e-01
9.933186200712844638e-01
-2.794430050843752067e+00
2.362642587395822780e+00
5.322162713728024741e-01
-8.518770595898059739e-01
-1.451264461615426216e+00
2.367958017265749504e+00
2.330418050015508946e+00
nan
2.077335418804523215e+00
-2.712161213612447774e+00
2.745142588443306941e+00
7.932812502486892292e-01
-1.386140504405273033e+00
3.063270209473727412e+00
1.133243747241655441e+00
-4.530756546920455818e-01
4.274698300675261464e-01
-1.349525704030902773e-01
1.824561053223185958e+00
6.591000797574251280e-01
-6.844820649964331594e-01
-3.363096953066717631e-01
-9.560313361752776906e-01
-5.628397862613887526e-01
-1.906828758021619663e+00
-3.386742006627865287e-01
-2.830355489576973582e+00
-1.558318360708305983e+00
-3.696762282010181977e-01
-6.042900108676985127e-01
-2.459884904007767936e+00
-2.485807260955765319e+00
-2.388573027905060542e+00
nan
-2.787263440575409756e+00
nan
1.189570663915795024e+00
nan
-2.601162438120909304e+00
3.049564955953091960e+00
nan
-8.671221178391390616e-01
1.514762952541914842e-02
6.082293492887527186e-01
2.041856321259634122e-01
-2.691001308539979764e+00
-2.211813282149059479e+00
-1.479886756295892836e+00
1.146960992106260235e+00
1.773574442077132218e+00
1.043631187842523289e+00
2.697189735742123951e+00
nan
1.857641377078507183e+00
nan
nan
-1.023581015234079850e+00
2.221381736221131220e+00
3.106661628474716608e+00
1.591983118705873501e+00
7.227483776713921060e-01
3.125102981657884804e+00
nan
2.825501853202507796e+00
nan
-2.794361307544080297e+00
9.584059490797880443e-01
-1.062854160103856138e+00
-2.593665285747611016e+00
9.197577208850686858e-01
nan
4.915503056639760615e-01
2.471793542045757519e+00
2.904171385507782865e+00
3.082543891217023102e+00
nan
6.262931259644624049e-01
nan
-1.335280688099239166e+00
-3.129836919600485601e+00
3.088044719949278871e-01
1.690684881392901850e+00
2.932921374062925857e+00
nan
2.495791040646343717e+00
nan
1.714914850911611666e+00
2.801147640376730585e+00
2.500345711200068877e+00
1.423050458344738090e+00
1.216849975686914220e+00
nan
-1.874126509237395100e+00
-2.816085008807785783e+00
-5.308240908406429703e-01
7.012684455613853451e-01
1.999972931386708730e-01
2.258622515037344236e+00
2.736383130076585957e+00
-1.116691903275331743e+00
1.499608887903628229e+00
1.795988292770084982e+00
-2.729251084948039363e+00
6.857469836040537281e-01
nan
-1.456854792318920344e+00
-2.255997087117354027e-01
nan
-4.936514334191466347e-02
6.753495366917925402e-01
nan
2.560245110691572457e-01
-2.284433766322629289e+00
-3.222552166381418282e-01
-2.261927897299780277e+00
-2.732082237754891452e+00
-2.999791290575702263e+00
-5.865653452898511588e-01
2.447730442259434369e+00
nan
7.441389198663634907e-01
-1.648897827355368939e-01
4.597609372774491554e-01
2.460521989039066604e+00
3.750796410314216622e-01
1.731643383573458372e+00
3.116255289848481880e+00
nan
-5.892837306107678863e-01
3.789868995473324453e-01
2.103916877265632479e+00
nan
-8.225738014139958310e-01
nan
-2.738871831550367730e+00
-2.127429520539972252e+00
-5.739490718709250316e-01
-1.008867341643509441e+00
7.615255370634979037e-01
nan
nan
nan
-2.227743456454437165e+00
1.496377016178774610e+00
2.768541422613699510e+00
1.896195028936221938e+00
2.540507211938321852e+00
1.963611554267733261e+00
3.294901775283594070e-01
-1.716595124640625913e+00
nan
3.908580427870700369e-01
-1.413303153700822934e+00
-2.635967762192559682e+00
-1.576741658289193770e+00
2.986266213434448424e+00
-9.277160776812465315e-01
-1.115435946735539918e+00
-2.952758703806057206e+00
-2.371495790160757178e+00
8.776738859673001159e-01
nan
-4.855105664927910070e-01
-2.023333438711021781e+00
1.399369963047001342e+00
-1.055834953247849040e+00
-1.650939355223904226e+00
-4.286429201580967963e-01
-8.976402400677994109e-01
9.565668822180608544e-01
1.024482150023998450e+00
-2.276678366363324990e-01
-2.247062969540792210e+00
1.453960585785439186e+00
-2.301714267031899741e+00
-3.066182494481575205e-01
-1.125487234928410629e-01
-3.432958203854514778e-01
1.108042631392111232e+00
-2.714492376462821710e+00
1.968914948555719135e+00
-1.909599523645600261e+00
-2.170566874894226395e+00
2.582643444612931383e+00
4.436726873926555292e-01
-2.001529186878085564e+00
-7.558650561767672471e-01
2.875280727048070695e-01
3.013184071889183357e+00
-2.758476141176355867e+00
-1.252347776286183434e+00
-1.521667896261309938e+00
1.312187142348853364e+00
nan
2.168658172574052578e+00
nan
-1.276024646052129619e+00
2.536955083214338380e+00
-1.844247472594197523e+00
1.076464016952422220e+00
1.360536217377772417e-02
9.757494834857984856e-01
1.931346066716050913e-01
-1.651910124970377147e+00
nan
-2.826009275503333917e-01
-8.245205741791470366e-01
2.966741946342903447e+00
2.965275393889707622e+00
2.626655881221009459e-01
1.722669973329520765e+00
2.335231978045974266e+00
2.539885906524267156e+00
-2.375187169552474664e+00
1.819804714087400299e+00
-1.340704469610395799e+00
1.142115613170874511e+00
2.424475568213500409e+00
3.394352316229798383e-01
-3.131025737230088701e+00
1.036269859616491651e+00
4.734157560488818639e-01
-3.129267242825936268e+00
-9.760129447244669798e-01
2.506480494888648991e+00
4.110843768749634641e-01
1.475893455338290750e+00
3.418277410024934682e-01
4.449981969779304158e-01
-2.534918214843747908e+00
-2.573762292391754691e-01
-1.409813438562212973e-01
1.248599072571328961e+00
-2.174501270104000739e+00
-1.820395815652413374e+00
1.871948696005713231e+00
5.547048497314781557e-01
nan
-5.588296033820707720e-01
-5.600264352702271076e-01
1.456056039899610965e+00
-9.701655139317422183e-01
-5.830067592711705160e-01
-3.121681659636403872e+00
6.049013659238644536e-02
-2.772903206295620482e+00
1.787029804085930706e+00
1.596529746897429547e+00
-1.640501336239823083e+00
1.139579387596136861e+00
1.456923087426856611e+00
-1.926456502235746271e+00
1.840150988769297946e+00
2.256368343495922524e-01
-1.433221665692606450e+00
-1.462364265822744924e+00
-7.959908324473459196e-01
7.379765045683459590e-01
2.293277309232261807e+00
-4.912898117033090983e-01
-2.615676888185713977e-01
nan
nan
nan
-8.579864941016217550e-01
2.931781746588015380e+00
-2.047591853420596131e-01
1.216147163192486502e+00
8.625676865122491321e-01
-1.121260194555130152e+00
1.973718166621654113e-01
-8.625362374275784560e-01
-2.662854571940077353e+00
-7.873850380086349077e-01
-1.891935821328679879e+00
2.281940282175418666e+00
2.376910464838117854e+00
1.852793667817902445e+00
-1.399736050173830737e+00
-1.460532501210519474e+00
-2.429663515787519046e+00
-2.278983241506564728e+00
1.403510553776635916e+00
-1.126912260245123143e+00
2.752822828639699182e+00
-3.137644182406503113e+00
5.572754810651847635e-02
-3.082409636228264027e+00
nan
2.062792439290973334e+00
9.246452511511069616e-01
1.779022374223393044e+00
-1.467829891759450778e+00
1.248939020080486628e+00
6.184684177511377001e-01
-2.382979676878715480e+00
-2.899480545231353457e+00
nan
-2.644660388616393742e+00
-1.968848777661248439e+00
nan
2.059554343004495358e+00
-1.040029442232148327e+00
-1.270625013018960026e-01
nan
-7.685711473416345640e-02
-1.644531503430118891e+00
1.456565080032965476e-01
-1.472744667194019419e+00
-1.200790797197619719e+00
-4.391126557819418075e-01
1.475311667822286843e+00
1.151125657671887126e+00
1.412400498012245542e+00
2.722289122285582508e+00
1.143117871952843423e-01
-1.380751649319207353e-01
6.086912593356674783e-01
nan
-2.913844591508027104e+00
8.497725558005830848e-02
2.297496519843654106e+00
1.410586177593549095e+00
-1.864042721792099844e+00
1.715937306092103043e+00
2.239241765083121116e+00
-4.482894715042999856e-01
nan
-1.979260652551410704e+00
-1.440450512625252921e+00
-1.707457343698410845e-01
-1.511445321117037777e+00
6.252515166146426218e-01
nan
-9.951318322559696838e-01
-1.550819173417568475e+00
-2.774224581309578941e+00
nan
2.559727555368111140e+00
1.022169403138053489e+00
1.967652077167342028e+00
1.495655643327875595e-01
-1.894907608297968560e+00
-1.277956345292821982e+00
-2.034636509560638906e+00
4.360743914876725746e-01
7.047460711128654687e-01
2.435112446141961762e+00
1.190273092910813624e+00
2.782072232622406993e+00
9.911968421692698428e-01
-3.016017560489880456e+00
nan
-6.850581800104231789e-01
6.220207883582684616e-03
2.215097358067938060e+00
-1.972082058628523704e-01
1.940773373066808638e+00
2.567214922974801361e+00
5.562008625927514771e-01
4.089293778224409870e-01
nan
-1.677748091152155396e+00
nan
-1.693016844856476633e+00
8.751097692342417744e-01
-2.736891466382249227e+00
4.981229814396344047e-01
4.387916140823064914e-01
-2.995832894087238074e+00
1.341859527318831624e-01
-7.662957626517581389e-01
1.052296539634880013e+00
2.337524462100768474e+00
1.369646878542134516e+00
1.999120156989538266e+00
1.970478009813637854e+00
nan
4.180829795075915456e-01
1.614657663289371214e+00
1.975646974283113977e-01
-5.579818888640306618e-01
-2.533500973102889020e-01
-1.592155436828956994e-01
-1.721979562657997231e+00
-1.760626991512821427e-01
1.195110601960410079e+00
1.468180460862917869e+00
1.324780854943075958e+00
nan
-6.488206835818739471e-01
9.842728433319392067e-02
-1.233034320993082744e-01
1.087592033736692443e+00
-1.537129501188214453e+00
nan
-1.386534198906874460e+00
9.203271470144507305e-01
-1.905491815378899334e+00
6.638702514711525282e-01
2.225145679813208766e+00
nan
4.231323704600149505e-01
-1.148101870996504958e+00
-3.374629279998768716e-01
-2.615596165874972456e+00
-1.525746390143836395e+00
-2.714113761651220091e+00
-1.179609652801854702e+00
-2.820241619010132261e+00
-5.772576165764418121e-01
-3.840416725069908388e-01
2.036539306779327596e+00
9.091268886565275764e-01
2.117822142331028168e+00
-2.875366479035439404e-01
2.046710586869442849e+00
-5.099886489659488653e-01
2.987300263964817404e+00
7.087418657180633019e-01
-2.158341621853501202e+00
-2.856418813012821190e+00
2.970633812487706749e+00
2.769446366272303450e+00
3.059552061143060442e-01
2.779026437459525489e+00
2.935482778217508582e+00
1.245583352832467128e+00
3.534699592263379486e-02
-2.799603288043857496e+00
-1.362483628909631372e+00
-3.058803802473642364e+00
-1.298327961225145710e+00
-4.032069991036912882e-01
2.469605648378474960e+00
1.766672794037138949e+00
1.830933197980391114e+00
2.332347073338691956e-01
-3.204794775707724419e-01
2.672117061266725102e+00
2.335063699669775339e+00
1.347421042761835608e+00
1.030078071853366417e+00
1.322473533394034284e+00
nan
7.469021587572606258e-01
-1.713241582980213229e+00
-1.235524590405604028e+00
-1.085072167978113455e+00
9.280683646773653095e-01
1.261027155907268771e+00
1.958356752054598360e+00
-5.351359874227847868e-01
1.904643950465719549e+00
-1.511237898525265244e+00
-1.093058296175251076e+00
-2.895417681382608244e+00
-4.242685583500422908e-01
1.171916725313360885e+00
1.474445582427478918e+00
3.345225106883877864e-01
-1.875946655061602186e-01
2.551920044811748056e+00
-1.375550473301326182e+00
1.548751061935353057e+00
1.582797924361093678e+00
-2.119058645931461093e+00
-1.798208044550612561e+00
-2.746205372350559060e+00
-3.597268849763466392e-01
-1.391870235680243484e+00
1.952974213545190629e+00
7.120754417813452974e-01
nan
-4.859451104376697472e-01
1.877077970245075278e+00
5.960657955518424700e-01
9.148675483242856288e-01
2.714560920057710547e+00
1.819433590009250423e+00
2.065226975378357643e+00
-1.448590793670356147e+00
-2.136132048744955103e+00
3.027143235464666127e+00
-1.366590525725431160e+00
1.904971781232219108e+00
2.162671363450169970e+00
2.686885568058785090e+00
4.618340577274877568e-01
nan
nan
nan
-6.066597999393823493e-01
7.362128704260681999e-01
2.978873544089344350e-02
-3.709488330380841248e-01
-2.566093039403861020e+00
-2.460657999861866951e+00
-2.300565873904589775e+00
-2.343162007386222268e+00
-8.507563920688081538e-01
2.586561061937565853e+00
-1.389011329096827563e+00
1.116705739684934251e+00
3.042282153635358810e+00
1.611105694903003815e+00
-1.231135474807619090e+00
-2.523496258569131179e-01
-2.103232196793880515e+00
3.396605667354926084e-01
7.537603749800805275e-01
7.723248089600036614e-01
-2.599860176998149974e-01
2.071970074145333740e+00
3.195680454675331461e-02
-1.879140655106277258e+00
-1.123366269384010963e+00
3.754703084246258094e-01
-2.392076718986212658e+00
2.549308746758791600e+00
-1.916894595343043184e+00
-4.233166507712895488e-01
3.637183879109207041e-01
-3.108923507862133562e+00
2.591885144893155690e-01
5.620448220696268038e-01
2.196551454624389166e-01
-2.453917104829206330e+00
-1.647456883991423870e+00
1.246270090503578842e+00
2.572571565536368787e+00
2.866681934710071822e+00
nan
-8.888362170717782895e-01
-1.098764767646875473e+00
-3.440787342711293384e-01
2.687222607986737621e+00
-3.769865604774236267e-01
-1.741788685735697007e+00
7.033339056955898450e-01
-2.757778611777851552e+00
2.848970245002088397e+00
5.976497884236384728e-01
-1.433046176043126785e+00
5.718874946443279761e-01
1.881734486532119277e+00
-3.103741446502624068e+00
-1.871121764358054662e-01
1.286323640292462933e+00
-9.901986739460819642e-01
-3.024442862758636164e+00
-2.616398868701828029e-01
2.547222121791223870e+00
4.170981200300620806e-01
-1.335891545020262638e+00
-9.382812207081290268e-01
-3.045670402396434273e+00
2.863944315381849570e+00
nan
nan
nan
-1.658175326054294629e+00
1.699124262918969563e+00
-5.117717569780926290e-01
-2.491952876953311691e+00
3.287547116633446898e-01
-1.284008982601382298e+00
-4.295636592175577917e-02
-1.557146775779592485e+00
-2.982107456984940619e+00
1.504183739253211805e+00
9.569140266586266819e-01
-3.889911669456731502e-01
7.487847953477535512e-01
-3.362073778688006165e-01
-1.816127986572649178e+00
-4.961873593445877972e-01
-2.523188225980237398e+00
2.386220008370221635e+00
-2.685136046769857288e+00
-1.440290636883364339e+00
nan
-6.112850033311576503e-01
-1.944978525301299888e+00
-3.079627135752319944e+00
-2.881459382473770425e+00
-8.685706181371517509e-01
-1.645895961197845203e+00
9.945134507998565354e-01
-1.765905180495203064e+00
-1.563100184149864402e+00
-1.889626681861390711e+00
1.875727341750604182e+00
-1.056311872584209777e+00
2.699206279197006175e+00
nan
-1.142613103232128502e-01
nan
-2.837128035485148025e+00
-1.572175722357670224e+00
1.039854656683632861e+00
nan
-2.801991329969212519e+00
1.264556144663644410e+00
1.770493601014489826e+00
1.611075930310225779e+00
nan
-1.676207726654024954e+00
-2.309888041452952123e-01
2.364960920790807997e+00
nan
-7.029770709991760569e-01
-5.171306248823595020e-01
-1.715616840941619925e+00
2.184010148030886000e+00
1.181565976786637329e+00
nan
-1.263643696002965555e+00
-6.564195288805141359e-01
-2.686399945675326251e+00
5.676607293389537290e-01
-5.166820290940963289e-01
8.807268449495904150e-01
6.923882230534013082e-01
-2.067072957168280212e+00
5.890575235304051915e-01
1.514316871030144007e+00
nan
-1.304359434593967748e+00
1.329088795898523578e+00
-3.346868329520154006e-01
-1.754293250373441415e+00
-3.038885644444890843e+00
7.629366507277324239e-01
2.375761086866494232e+00
2.741076047534547477e+00
2.204363730097762542e+00
2.924557875527126427e+00
3.099097130116017951e+00
2.843791764062743255e+00
2.809680043116049575e+00
1.172289713470772377e+00
-1.717328268616420628e+00
-9.432396963123874656e-01
-1.569613268831200559e+00
-2.724589664501870345e+00
-2.221842440142035802e+00
1.098441398830105165e+00
2.449099685517829528e+00
1.321265138769399883e+00
1.382197266433067284e-01
9.036208803258860556e-02
2.765742668658135450e+00
1.205165260915138425e+00
1.747533699816673725e+00
1.481007360565760322e+00
1.189883106989257477e+00
nan
-2.551338477005681948e+00
-1.351601834001439295e+00
2.817179776668758073e+00
2.954078894435672176e+00
2.817369658364992979e+00
-4.116461893289002916e-01
1.781650789652931444e+00
2.850864788484392065e+00
-8.113896444985675416e-01
-1.781479980961255150e+00
1.008004545431630206e+00
1.793537168597026721e+00
7.974850267770361434e-01
1.116068211752085482e+00
-2.196832004842988795e+00
-1.711324921509311370e+00
2.220946980154989703e+00
2.527088016237435397e-01
-1.109668629046489663e+00
1.795768159733762914e+00
3.340915029774738088e-01
-4.009028085945320896e-02
-9.859606094284623090e-01
1.299431648579216336e+00
2.407320136730244364e+00
-2.684205625245530413e+00
9.931156828127152281e-02
1.603289217865343730e+00
1.394622096074090933e+00
-1.267755821472452471e+00
-2.980805537649123149e+00
-2.154429760732290422e+00
nan
-1.602385736152674767e+00
-2.718987204839118377e-01
2.526788952601823901e+00
2.525908203614232406e+00
1.247157811137221017e+00
-2.492281989752902049e+00
-1.163104705273926953e+00
1.295241641689945489e+00
-7.021416857659441568e-01
nan
1.521490785113352118e+00
-2.326167073500076121e-01
-2.444293468948204318e+00
-2.929580365063870762e+00
1.202893896008863095e+00
nan
1.258226905563922138e+00
-4.149907180520604477e-01
-2.202843055114021453e+00
-1.096978004810609253e+00
-9.422599068340806738e-01
8.663576766959240061e-01
1.071426129195511834e+00
2.533104180399837979e+00
nan
-7.653762065892646405e-01
-2.639590784482594543e+00
-1.613690342572697167e+00
nan
-2.401845135420209054e+00
-2.478150195170923720e+00
-6.910719686400841333e-01
-1.970525541057383201e+00
-1.608551885380957502e+00
1.064242993511290258e+00
3.067246847809395049e-01
-1.725880001284322285e+00
-2.309161565937476013e+00
1.001434638463852167e+00
-2.240525077563880529e+00
3.114537538274830375e+00
5.200816920364688123e-01
-7.359846876331244125e-01
1.753352980504280900e+00
-1.156384510367699958e+00
2.305753842156587297e+00
1.030643190401559828e+00
5.094051197495552685e-01
4.644161046036283658e-01
-1.300303916522676184e+00
-1.907443044011555733e+00
-3.014548075969327723e+00
-1.545158559594402403e+00
7.082824599631205587e-01
1.712547457871286483e+00
2.554449226984998766e+00
1.401492110644684708e+00
-1.516278701545661356e-01
-1.447381561624058177e+00
7.327059928733765659e-01
2.919456962711535652e+00
2.711261393346143578e+00
5.163832711655880203e-01
1.023937043486641052e+00
1.604351982687867384e+00
-1.626592529008123345e+00
1.126842182316598162e+00
9.495768685082399685e-01
nan
nan
nan
6.898312994240622942e-01
nan
-1.912201457647858538e+00
nan
-2.342651534340241426e+00
-7.176813445923158064e-01
-1.289573940519048278e+00
9.098565353406762313e-01
5.885716735708079739e-01
-3.019806806412679734e+00
-1.603848380843538424e+00
-1.245914787338773033e+00
2.824046847834288165e+00
nan
4.795221847123634085e-01
-1.699601447980990665e+00
-1.541437531556494323e+00
-1.560616769465927423e+00
3.086486433947953856e+00
2.711842253322350516e+00
8.352176396280617254e-01
1.123410070461834387e+00
nan
-2.109232760247186533e+00
nan
nan
nan
nan
2.635065132666863263e+00
nan
nan
-2.533259764868317276e+00
2.333648973328933174e+00
2.182039390506206544e+00
nan
-1.897242836685707035e+00
-1.421382514973213107e+00
nan
-2.859675947529979112e+00
nan
-7.271133239892515476e-01
1.599763037978427782e+00
-4.787039190591761972e-01
nan
2.733192599842286796e+00
5.681497683976104440e-01
nan
nan
nan
7.891955599602855642e-01
nan
1.504234011574119734e+00
nan
1.882321113376036692e+00
nan
1.390302322980348393e+00
nan
-3.137249109801847791e+00
-2.355055200020383488e+00
-1.795158812113516023e+00
1.133380105784196346e+00
nan
-2.193651443270758783e-01
-2.464825986258136759e+00
-1.436701730961260193e+00
-2.686793055474024694e+00
nan
-8.187793654819093270e-01
-3.907984389553100790e-01
-2.137698928580007873e+00
-2.662058298938531298e+00
-2.249009194237823195e-01
-2.315510971056503831e+00
-1.010204039432998524e+00
-1.772520907054505157e+00
1.641101390106974200e+00
2.251614629947733093e+00
3.997027586954704503e-01
6.288680601957614691e-01
2.846758597679928116e-01
-1.300336179230737299e+00
nan
-1.897050438939089201e+00
-1.507683923533342574e+00
-8.540765327253208028e-01
-6.945542981386920722e-01
3.082469518522250596e+00
1.037011466352300459e+00
-2.830936563072974810e+00
2.176989842375038897e+00
5.303965396586152181e-02
7.345364052441940572e-01
-1.552857982298250228e-01
nan
nan
nan
9.731875406292473940e-01
2.433304782273496336e+00
1.690553580149125601e+00
1.612368847141610217e+00
nan
-8.001314857592691787e-01
nan
-2.522257995694756172e+00
2.671300680879252987e+00
1.106644703789901207e+00
6.545249106049366716e-01
-3.535995192991543412e-01
7.910305162549580160e-02
3.737938432427525548e-01
-1.702619870856540985e-01
2.467279732788322910e+00
3.273821512105752340e-01
-2.054266490933049472e+00
nan
-2.640077117925589523e+00
-2.071996364519494094e+00
-1.900616203678671123e+00
2.877450220607050468e+00
nan
nan
-3.060168867620116639e+00
-1.538119403276780428e+00
2.265445399239110813e+00
nan
-1.326665284814578794e+00
1.381958980535214820e+00
1.454702658116239888e+00
-1.385990314984216321e+00
nan
2.488779384138846140e-01
nan
nan
-2.963763698702224669e+00
1.012985300289755308e+00
2.572260239509578383e+00
nan
-1.018773526116578232e+00
nan
-4.780062817115320328e-01
-2.288466857531830101e-01
2.574004776249065429e+00
nan
-1.368239395280459014e+00
nan
7.026714561143165838e-02
2.489701892079708045e+00
nan
-1.955377075184969504e+00
-4.253514531740201221e-01
-1.470602085418504235e+00
nan
8.128518918855536235e-01
-1.343948621416653832e+00
-1.577693303219662946e+00
-4.859915970957375819e-01
nan
1.289202068873501972e+00
nan
nan
-2.361479372241336971e+00
4.276578843335747671e-01
nan
-1.845785193820735248e+00
nan
nan
3.365534378334529286e-01
nan
-1.232995999165617418e+00
2.747653347737402996e+00
nan
-1.665990350185651669e+00
8.703820897817067248e-01
7.316774670220871357e-02
1.467758290767690710e+00
2.336291268936341758e+00
2.742311006437341270e+00
2.598861303307876014e+00
-2.791692906550902187e-01
-1.734111437093861063e+00
-1.986831488902456533e+00
1.293317460089520310e-01
nan
2.879592372010461254e+00
9.435425577376621575e-01
2.289700532939393796e+00
-2.216231267897567303e+00
-1.951227626862220621e+00
1.964013779266511328e-01
9.591490295865456872e-01
-1.753303966873717590e+00
-2.220460740481632556e+00
nan
1.542174984004884841e+00
nan
1.161962048013333693e+00
-3.754910530359274468e-01
-1.559204049279060866e+00
-1.420428822739429497e+00
-3.114229751685855252e+00
-1.096217600438981865e+00
9.086969882820818967e-01
-2.205464976430720370e+00
2.010727957265338262e+00
-3.430997991847837270e-01
5.683970893874463748e-01
nan
2.501725423187904696e+00
2.965515357156158771e-01
-7.062714702600647598e-01
-2.865827467079518520e+00
-1.761817312562022231e+00
nan
-1.268402795885809509e+00
3.973393156332272191e-01
-2.011702336040194439e+00
-8.393720353698981285e-01
1.071312526537292698e+00
-2.199798431616251548e+00
-8.047464435514428693e-01
-2.740526434963404423e+00
2.844254295449019310e+00
