2.977324813415713756e-01
2.130573608188308654e-01
-1.747220157022844056e-01
1.767836555659680897e-01
4.461720532414230611e-01
3.759065379858785860e-01
5.282731880625335386e-01
8.782592458463200913e-01
7.140503537021651859e-01
4.321316948467202046e-01
2.090607824860746256e-01
2.949948623987941332e-01
7.920473458389949428e-01
8.739771984634794322e-01
1.319154427737792012e-01
-5.088721447865389713e-01
-6.484336061478432889e-01
-3.012708085486037746e-01
-6.162135726221595888e-01
-8.807489830347390303e-01
-8.728861546405379812e-01
3.673213723069590486e-02
2.080901841930820062e-01
2.424493738387272224e-01
1.953106496794845270e-01
3.718927944489363036e-01
5.051244727869259599e-01
-4.078633898270171976e-01
-2.442653667993668343e-01
-1.161781660352120937e+00
1.126108942291095261e+00
1.417397637064508054e+00
1.140432905282255938e+00
-2.289261192498601716e-01
-3.783220164965794829e-01
-4.106191667221814612e-03
8.770754195952790155e-02
1.965572023623480824e-01
3.571701989655431397e-01
1.560969949048174321e+00
1.825505359460616539e+00
1.524109164891052970e+00
-7.775658990197507059e-01
1.355808387619443778e-01
4.781713601777002332e-01
-1.038089163573521212e-01
-4.163011865801147238e-01
4.544370381940909809e-02
1.642909834499794108e+00
1.288935937856962255e+00
1.331224964986255088e+00
-1.805467850788740058e-01
-1.296512131375049393e-03
1.719532439840056881e-01
-1.008648481813986475e+00
-5.522914192294012814e-01
-5.133100359296007831e-01
6.432371792505024999e-01
8.009956157172712921e-01
6.034124016815098912e-01
-1.904775680830539386e-01
-1.662053471113544845e-02
-1.882633398429667260e-01
2.458472506936359991e-02
1.228866863104456364e-01
-1.047348565096424267e-01
4.897614420653875200e-01
4.006031923151098795e-01
7.573591645356918534e-01
-3.279776980611925907e-01
-4.842963027067441750e-01
-1.080456516172834114e-02
-1.081029366280593873e+00
-1.259750456782413375e+00
-6.693764124667662685e-01
-9.435292361864315858e-01
-4.593005606713824740e-01
-5.023586979201666303e-01
1.043726424796302510e+00
1.516326009063339697e+00
1.573292707482726982e+00
1.356289350467747568e-01
5.972196116730081883e-01
9.709947635413707090e-02
-6.188766609670093288e-02
1.672664533891786931e+00
3.058421800617940889e-01
-2.870377507281398621e-01
-7.204369770124969818e-01
5.372589826525375756e-02
1.026848018772861693e+00
1.030897821605302411e+00
9.798793572969808352e-01
5.339577056124555909e-02
-1.648783590148736877e-01
-7.546640397154913416e-03
2.906827671703561045e+00
nan
-2.452678127131214580e+00
-5.256905598263337254e-01
-8.687657218338928899e-02
-1.731120266268844077e-01
8.008720351253018066e-02
-1.619894034057467458e-01
-1.194936486216224836e-01
-9.470619259627075515e-01
-1.766725745549146964e-02
-5.966030064569514124e-01
-5.944602508691803067e-01
-5.784176211188647443e-01
-2.074576200425379824e-01
2.455348338109533124e-01
9.985878371267009612e-02
2.805502052404973412e-02
-1.375204617079273106e-02
5.174136714902632939e-01
8.414328360180629574e-01
1.902289078365853925e+00
1.649516895902667812e+00
1.637006613418843237e+00
-3.593948834681102156e-01
-5.626593756972129157e-01
1.012226454442450851e-01
-4.331540573998537980e-03
-1.032525209747237938e+00
-6.947859243985106126e-01
5.905060996988931166e-01
8.127827556656272989e-01
6.775643476619976902e-01
-2.001434788709892665e-01
-1.420700324059511743e-01
-3.265649303598867625e-01
1.542918302002544984e-01
9.416726241072970183e-02
7.227344652453751017e-01
7.089353136431300051e-01
5.007466228781414230e-01
3.240779911469600094e-01
9.945112127246042988e-01
3.179868420699305531e-02
-1.226585544429987351e+00
-1.366672148152976440e-01
-1.190743367185280732e-01
2.008384537375502710e-01
-1.179023732027580262e+00
-1.815441692426222220e+00
-1.001073132772035912e+00
1.809788685036321176e+00
1.620868896549477078e+00
2.063199949779889408e+00
-9.998546870500555350e-01
-7.181218735171168710e-01
-3.501403496313471031e-01
-3.600238317158988011e-02
2.064886760174196034e-01
1.813210983592381531e-01
1.086248077823852576e-01
2.328177811794569507e-01
-1.169466026202878872e-01
4.382976449367177452e-01
7.262590339736867406e-01
4.923910248335423567e-01
6.852046113799032945e-01
6.353873883716731896e-01
3.772676158431340632e-01
-6.188176653014543227e-01
-1.625920443438070739e+00
-1.541810155576388786e+00
3.889072798695645261e-01
1.986604376312950393e-02
7.745398516850343640e-02
-1.235412187204789847e+00
-2.717346408223531018e+00
-8.608766854769531740e-01
-1.983042371639944790e-01
1.611736281619520206e-01
-2.932791437008694935e-01
-1.031525529819004472e+00
-1.055859077756755582e+00
-7.301973635457863487e-01
-2.150817091940315784e-01
4.561542579588762081e-02
-5.543084882382753875e-03
3.985888831776924768e-01
1.640682623267326612e-01
2.759251243703664258e-02
4.371404904965232596e-01
4.403582346229626410e-01
4.047025990523884786e-01
5.770953862133101353e-01
5.653369426890759719e-01
6.336450395227388732e-01
-5.357320336741007161e-01
-7.690103902695515359e-01
-1.208571066587793119e+00
3.096496476712169432e-01
3.583549763340765359e-01
6.866897339468223116e-01
6.502608690721611850e-03
-1.104273268164455146e-01
-1.918328023442574803e-01
-1.616674665705983394e+00
-1.674410699186083651e+00
-1.777183123616581151e+00
1.522547400369775872e-01
-1.102030284000798943e-01
3.882771041012205160e-01
7.935451791248704367e-02
-1.729890091659003204e-02
1.914609993607245819e-01
-1.224395149498542779e+00
-1.601558788809691825e+00
-1.779453706904185584e+00
1.357644665941764472e+00
1.161475510042914827e+00
1.295737500153464339e+00
8.568119387977595203e-01
7.121173918779639678e-01
9.725594385570168754e-02
2.751077941548367711e-01
8.736117739720965503e-01
1.214914392978664104e+00
8.278257676497293716e-01
9.992185156142401325e-01
1.478930101838935585e+00
3.144806769875039265e-01
2.639430191296376904e-02
-1.650205945880349745e-01
4.522562294639915770e-01
2.065806179240978757e-01
1.314263363807643969e-02
1.525861382008820932e+00
1.670785793793342577e+00
1.749212518828179519e+00
4.036390318447269365e-01
4.584590780285853207e-01
1.491304030495022026e-01
-1.006776904278655405e+00
-1.094003305700844475e+00
-9.732766634776401915e-01
7.687113314965507982e-01
5.570973134330561294e-01
6.881680398926555142e-01
1.512803106007756249e-01
-1.648828489054410262e-01
-1.846879844607522969e-01
9.402014775205298491e-01
1.293263648827981172e+00
1.046664458295207822e+00
8.043984241764765564e-01
7.276638798929644381e-01
8.862203175784237885e-01
-2.293820028782103115e-01
-1.356238667228799599e-01
-2.096985033079956651e-01
-1.228009883029899107e-01
-3.753480274007112705e-01
-5.697465337439027167e-01
-3.683252248316479793e-01
-1.475565071052300503e-01
9.615391262820649487e-02
8.585940386761814480e-01
1.287722174884154747e+00
1.092141487473087480e+00
-1.335514475905843490e-01
-8.856438870042508960e-01
-1.146151035452591671e-02
3.066089568324992243e-02
-1.236173399431481634e-01
3.198364485758409259e-02
5.064714459050545514e-02
-1.975406017387846269e-01
-4.640152119321765412e-01
8.344332125907523157e-01
5.244026170784654717e-01
9.850063255626189118e-01
9.047187057792172027e-02
2.866733873827493895e-01
-6.185484467719875035e-01
-2.375336240878927363e+00
-2.452070784302289308e+00
-2.351478163243508224e+00
2.523937376261913279e-01
-1.738600365945814907e-01
-2.858752977743503898e-01
1.267131097060651967e-01
-9.864376418539677616e-02
1.244154292256309802e-01
-8.885022485945759385e-02
-2.897507272910031517e-01
-8.291613983576970881e-01
4.074637797232627534e-02
-4.940833414429075532e-01
-2.900498747744464367e-01
4.249552347372591576e-01
-1.491548642663793167e+00
-1.893232200326444570e-03
6.701023538663255508e-01
3.543363333226752232e-01
2.084534308897070254e-01
3.826199239576784095e-01
1.716177764683481932e-01
2.071973640762818647e-01
1.037502074377107952e+00
9.641570643197496793e-01
7.758818878843944944e-01
-1.210819350174031195e+00
-1.456402603831439047e+00
-1.911238839042741278e+00
3.129081825120270111e-01
9.915838673349464116e-02
2.756137852747149175e-01
-5.948752909625394381e-01
-4.717635059182425650e-01
-3.484947121652726132e-01
-1.264398475743302663e+00
-1.651917347436095973e+00
-1.639064730164576211e+00
6.653921001458593665e-01
4.021846516120590742e-01
2.667035568224047637e-01
3.875656886848597438e-01
1.773485838249899693e-01
4.598239221197166771e-01
-2.587675110794274147e-02
1.798607188227037135e-01
-2.574690764443703372e-01
8.539984740374233496e-01
7.271920954929651515e-01
7.836538033710693796e-01
-1.437107745492580024e+00
-4.351020378462986393e-01
-6.185099543800451904e-01
5.504619324541168979e-01
2.242548515187907654e-01
1.621751969872815557e-01
1.012223716389224037e+00
1.111430968534043551e+00
1.108582743099787216e+00
2.286339091548055258e-01
4.352349253838174725e-01
4.033008888979878748e-01
-2.514438541280972217e-02
-3.452793324476255421e-01
-6.879659839479517203e-01
8.657172829695536365e-02
-1.489434931949196184e-02
2.450335041941831271e-01
5.740736581506440395e-01
1.787794218765181853e-03
8.321711338547719272e-01
-1.649742432477934173e-01
-3.806062289537575083e-01
-7.125701283101495420e-01
6.223953103215018601e-01
1.860371843833217298e-01
2.821244364352568645e-01
-9.614687578352256736e-01
-8.893920368731982329e-01
-5.509807491059470763e-01
-1.039049392553200502e+00
-7.144061444573766018e-01
-1.103687355636723488e+00
7.900803107778986423e-01
5.758891088800806024e-01
4.085439276874431869e-01
3.703690774894510263e-01
6.463073881439012069e-01
4.566069774943462001e-01
4.282220655146069532e-01
5.464500290104581381e-01
-5.080731546056904691e-02
1.404075618549951443e+00
1.428719632564020792e+00
1.281399952227329386e+00
-1.075992551858393043e+00
-1.161880161531885447e+00
-8.007534493395183084e-01
7.482606545878769388e-01
4.684168406709221522e-01
6.698428930829081196e-01
9.484925780228286030e-01
1.334553828461896963e+00
9.503523016881478824e-01
1.682072892079778725e+00
1.308490429351074624e+00
9.291469283018081171e-01
9.604446212150197226e-02
4.296290631320589526e-01
5.712116107818454580e-02
1.868983620298246606e+00
1.866135394863030150e+00
2.228024345668348616e+00
-2.440116357249153545e-01
4.126268008432720791e-02
-3.344055198647595262e-01
-1.950862323997253567e+00
-2.010040342170582583e+00
-2.391163577652881678e+00
1.193783291731724816e-01
2.493380306492998244e-02
3.186448636576710847e-01
5.633340766095962238e-02
-2.648795975250028967e-01
-4.903148878836485203e-01
3.507362859888840667e-01
-1.062256653897586389e-02
5.872339466369798089e-01
1.185151532315973810e+00
9.340367510587554989e-01
1.086259064321755119e+00
-9.333185604094085264e-02
-3.477800470188259219e-01
-2.104735347551600633e-01
-7.726227769756723873e-01
-1.121082782983751525e+00
-1.243013287308203818e+00
-9.451871155157451909e-01
-1.295966015438168473e+00
-1.598375693974118050e+00
1.720574424053462614e+00
1.980630770864135748e+00
2.459297758689727331e+00
6.590525263265583078e-01
-2.670989141767154962e-02
-7.507993439916393896e-02
4.874869312195206916e-02
-4.711645154033332616e-01
-3.891491247104874596e-01
7.541271678205712092e-01
5.628688299231590086e-01
5.789125003138426706e-01
4.642171468339486573e-01
1.757585147433626815e-01
8.176699825609929917e-01
5.172815842843903056e-03
-4.217914036195673511e-01
-1.225166662133152951e+00
3.133924362803277575e-01
2.020728306709322020e+00
-2.003726590992735979e-01
1.773023619057911837e-01
-1.531862180543952512e-01
1.949222238832857279e-01
-4.545636279828446646e-02
-3.608238239512981949e-01
3.005589915245465704e-03
-8.705960354364172815e-01
-7.476925883964073982e-01
-5.463668965406172084e-01
-4.595721284697393827e-01
8.831689787466023844e-02
-5.876601126476908021e-01
3.906888918256070653e-01
6.777023778564106316e-01
4.276610488997953929e-01
-1.525657650118622977e+00
-1.964424072396878440e+00
-2.077492213618448158e+00
2.634437632830733733e+00
2.392936598290429373e+00
2.189117586239713198e+00
-7.428764361927249205e-01
-5.522274761596230874e-01
-5.710277576980398173e-01
-1.509140363485395708e+00
-1.835677162937414009e+00
-1.612182038991573529e+00
-6.020712795896008274e-01
6.910933514790329468e-03
-6.552342584947323800e-02
-9.432819925492994528e-01
-9.786623640673295377e-01
-1.014168342323818806e+00
-3.590222335831807499e-01
-2.992554982259783003e-01
-6.751557464875310721e-01
3.189401542403613732e-01
3.659578054837546723e-01
3.141229506788842940e-01
-2.935183180359342003e-01
1.093220839227404539e+00
6.062214281688840245e-01
-1.771532846940763406e+00
-1.991869145207740832e+00
-1.905348174146910489e+00
-9.829109197449339419e-01
-8.516739481466597539e-01
-1.161128230071177381e+00
2.091628098979287032e+00
2.317949373466673180e+00
2.200233782944867933e+00
4.295266488185234266e-03
-4.232690832780683365e-02
-2.257976283307394638e-01
-1.003259211101576120e+00
-5.956246048236799595e-01
-1.005061853305534658e+00
4.712383283980505766e-01
4.795062996121863819e-01
6.992332202189484036e-01
-2.599185143321625091e-01
-2.945221724705904265e-02
-2.267396780238368770e-01
-3.623508127236121368e-01
-1.351502909299067134e-01
-1.612357635732815098e-01
8.759432485841012195e-01
-1.820016069808074732e-01
-1.346071362988485731e-01
-7.263886288739973551e-02
-3.405801165393573804e-01
-1.479842519915512966e-01
-5.536498804731615486e-01
-7.347968763400514192e-01
-6.939967586276680755e-01
-1.820959099599333220e+00
6.290411257950325741e-01
-7.527807127761456663e-01
-1.158885964545351310e+00
-4.583364368289433166e-01
-9.259296063038879865e-01
7.880185307968967656e-01
8.856556986714076984e-01
8.576861249096952022e-01
2.474042008787358249e-01
-6.271025589918988175e-03
5.320101703298130147e-02
6.523410117947903153e-01
6.048540828121700130e-01
1.628653649656381930e-01
8.994964301329879675e-01
1.051386049133880007e+00
9.656856848733204046e-01
-2.865210712982833030e-01
-7.253213107858993425e-01
-1.231031295280938798e+00
5.189080047551417607e-01
3.545101849902456692e-01
5.146608615574184142e-01
nan
4.024822968325292294e-01
2.371665825323647780e-01
-3.780690622123432654e-01
-1.876761466687488777e-01
-2.678208284928542682e-01
5.202606917938981113e-01
1.998689632114332149e-01
1.958129795486129865e-01
6.519062181664905253e-01
2.260048251986543910e-01
3.952861465887078651e-01
-9.776480124339714806e-01
-1.441859461985951274e+00
-1.075665418486037250e+00
1.410619248953791427e+00
1.307140699398075867e+00
1.132984202437226529e+00
-3.007726058190609564e-01
-6.514548850108665690e-01
-5.963307681522205250e-01
2.866321524726780368e-01
4.248016496684305920e-01
4.769305288385141672e-01
1.225832407897183174e+00
1.184335954268070701e+00
1.384390926859727422e+00
1.068389188282365510e+00
7.765005262545692233e-01
4.827277633783220168e-01
-1.499856762677553412e+00
-1.381860835432803913e+00
-7.692111803979826412e-01
2.004676001226636473e+00
1.823884891810821252e+00
1.895364561469239817e+00
1.348103073897073401e-01
5.523729725475812202e-02
3.718410082049583565e-02
-1.726681603223848560e+00
-1.157705137317231125e+00
-1.792220996640900621e+00
1.560587803034492183e-01
1.611133125871235805e-01
1.985887637111325432e-01
-2.951834380925189016e-01
-6.055588359796155729e-01
-3.838839534200677583e-01
-1.996176425612672389e-01
-1.583518435259767543e-02
-1.555651538974958115e-01
7.437413237418266654e-01
3.875718012600657403e-01
6.009870887012684904e-01
4.304048394048640702e-01
3.418300127850071313e-01
1.075809701797330042e-01
-1.022341799744515001e+00
-1.150168733314158365e+00
-5.812007255653806048e-01
-1.061541570305757354e+00
-1.140015521155490319e+00
-7.449462414130230137e-01
2.237885851527847692e+00
1.968751333609181309e+00
2.228165332794211473e+00
-1.247125531295359746e+00
-1.073025259423973754e+00
-1.629274796858606322e+00
-2.936133540521437268e-01
-8.138566825147335315e-01
-4.259622120691921587e-01
4.922138234628072873e-01
-7.905724393264002003e-02
7.453777478885865726e-01
2.932318108251852351e-01
8.271377268318502729e-02
5.127198062426310265e-01
-4.170219772945307213e-01
-1.869220338020709526e-01
-2.094618651536759302e-01
-1.934419782629435147e-01
4.212762758521768625e-01
3.652460717791066180e-01
nan
1.009267495745111987e-01
1.084373797913102955e-01
-2.608509286657119119e-01
-5.947252541185115149e-01
-1.891935031104869935e-01
-4.650142200050551011e-01
-5.860897909825397711e-01
-5.656711648414067817e-01
-5.736800727394175681e-02
-4.265692291471943065e-01
-7.652146022515129431e-01
-4.969916030035941290e-01
-1.023201251916776133e+00
-1.130616032465214360e+00
8.997733163274528323e-01
-1.389506787216365780e-02
1.570507619840877389e-01
2.091646130620263833e-01
3.006356313626863397e-01
4.547958339827129493e-01
9.924368359823478869e-01
9.227315668650692970e-01
7.458609097377917330e-01
-7.908363324126752580e-01
-8.161224895888961051e-01
-7.855136465087282360e-01
7.037126123534469535e-01
5.963253209498788898e-01
2.432626626959537575e-01
-5.552095043069371627e-01
-3.989939189431424005e-01
-5.184851331644155792e-01
-1.321524815413708254e+00
-1.712612060445556139e+00
-1.361477650361384795e+00
9.717117226614293557e-01
9.705192223041860800e-01
7.739511458865186988e-01
3.867268706805062628e-01
-8.406356134328785146e-02
2.727802457567563010e-01
-1.469683676651027504e+00
-1.453462514771184821e+00
-1.220341348109320601e+00
1.788098449607296914e+00
1.562241163856793236e+00
1.559278750470527442e+00
-6.934911072358160844e-01
-4.565446440949645357e-01
-8.019567103515639062e-01
1.895813804279105064e-01
1.230162806030050682e-01
-2.247366385638662756e-01
1.590267831580019831e+00
1.667351169003593370e+00
1.824366069287747472e+00
4.960047358424768404e-01
4.531907289420686880e-01
4.202539795556190505e-01
-8.710982404638567544e-01
-9.748627838422523340e-01
-8.522803710504867070e-01
1.656972947577882493e+00
1.555150075076524807e+00
1.392390606178111057e+00
-3.860030817531701075e-02
-8.640443133822062194e-02
-3.296553902405907621e-03
-3.504582970376164397e-01
-6.160880606986349761e-01
-1.044851206694777712e+00
6.476442745681603164e-01
6.341177081115123570e-01
6.438136788035877522e-01
-5.805541462284486975e-01
-5.645892967735743895e-01
-6.762739243550051071e-01
2.961985339389894278e-02
6.440739644956083865e-02
5.310423750870589821e-01
8.907325711524078926e-01
6.259951378971599922e-01
7.101889904448968061e-01
2.030749131724278733e-01
-4.497428659650037908e-01
-5.421494755265769960e-01
1.101435477372714189e-02
-4.087113304259726299e-01
-2.401437660834466747e-01
-1.690211204570819969e+00
-1.748097885402295271e+00
-1.794370185594857947e+00
1.712553930621712794e+00
1.795896329876319975e+00
2.112549008836419162e+00
4.364286880399581570e-01
-1.010325753687690398e+00
-6.465600794147756680e-01
-4.337120147023663108e-01
-8.132487761821423078e-01
-7.232979480073331580e-01
-4.280989635327294707e-01
-1.786835175710024259e-01
-7.189017122736229837e-01
6.035249060269851640e-01
5.561996587781852242e-01
5.680963640756830912e-01
-5.546870081391270801e-01
-5.152677165550860749e-01
-6.188088401931923777e-01
-1.279084637975979266e+00
-2.137688129144422078e+00
-2.320858692745026985e+00
-4.565959930691612101e-01
-3.883630382391962677e-01
-3.175489206490103022e-01
6.957849800953441743e-02
-5.307592146947377465e-01
-4.290192949471860473e-02
1.133445971846707145e-01
-1.422242374674853593e-02
-3.744252233617264558e-01
-3.086764314598378078e-02
-2.284656561408655584e-01
5.366946787890753967e-01
7.855761774870853031e-01
8.433785391469461601e-01
-1.698432429053329251e-01
-2.148486632992629985e-01
1.722837550369020754e+00
1.170587234167530966e+00
2.569840894097401574e-01
6.875239823062515576e-01
5.085559671619632738e-01
3.127445113189555315e-01
1.134459686130932177e+00
6.145680571654681401e-01
-5.545251808134001870e-01
-5.213960467979994462e-01
-4.052330778888921792e-01
2.675260836448818402e-01
5.729975497354145020e-01
5.335517089840795535e-01
-4.768732986417090203e-01
-3.013910792023866136e-02
-1.899849913357551934e-01
-7.464791972884814442e-01
-6.416645013211241810e-01
-1.171057381231383143e+00
-2.522166674204613379e-01
-3.269610192884941924e-02
1.758655787913920854e-01
9.127291050771635383e-02
5.273305273175452612e-01
2.189905599409902592e-01
-2.646876239629212257e-01
-3.756473663733665980e-01
-4.451760212376330017e-01
1.257262348682438358e+00
1.577133730161930814e+00
1.561559151987042426e+00
-4.055466128507605461e-01
-2.260270326369351324e-02
-2.834364070113712941e-01
8.435227136054548325e-01
8.750817634716829829e-01
7.706553687911643635e-01
6.800545112778637602e-01
1.556453477288378018e+00
1.491805541428176340e+00
6.604957471466970098e-01
1.391774067132759640e+00
7.935576650636408935e-01
-1.442737262671252019e-01
-5.872479744209369024e-01
-7.837189921059959374e-01
-2.138598600147103568e-01
-8.174364184124360833e-02
1.362247843328021624e-01
7.821387970882183183e-01
7.615172169053461282e-01
8.161968785094781964e-01
-1.266067535024011370e+00
-1.130497131474300865e+00
-1.104141789370461257e+00
4.056325881531925859e-01
1.151449246046225561e-01
3.576694685820611674e-01
-1.195036922801662849e+00
-1.267031659609459515e+00
-1.599597581776517785e+00
-1.189447423448473762e+00
-1.242538345538005462e+00
-1.509160728404698615e+00
1.081648072010379380e+00
8.836069694319634849e-01
9.312526555100522074e-01
-9.001161287545444978e-02
1.337347235420085489e-01
1.426307272175320051e-01
-1.442168187556767123e+00
-2.195328284361598215e+00
-1.778461582464042401e+00
1.386244420502827701e+00
1.884818307711855212e+00
1.229066239303044483e+00
-8.126271985440753909e-01
-1.631919244605598118e+00
-2.782146603830923937e-01
-3.430502400207346980e-02
-9.135255845311185396e-02
9.660457222467586647e-01
7.825784202187358041e-01
1.357521206304628691e+00
1.555643767487550733e+00
-1.906226142674873891e-01
-1.245755415302385316e-01
1.137411767315765765e-01
-1.536571920521023760e+00
-1.761116044935652436e+00
-1.064448907413738432e+00
2.161233459241615584e+00
2.535205458713414295e+00
2.920596252879021471e+00
-3.666022160502957483e-01
4.242548302046378339e-02
8.919192066230907656e-02
-1.184930138252825005e+00
-7.027650582515700961e-01
-1.291226169637028409e+00
2.733070393895156158e-01
1.614664187077914370e-01
4.280446536843238725e-01
-3.653461487487601467e-01
-2.742747878161146957e-01
-3.109797395225837313e-01
-3.924086923209064715e-01
-3.813830817086869551e-01
-6.132923289511267306e-01
5.832702206959519131e-01
7.672334764238608606e-01
9.570774110006414759e-01
-6.416238863509109436e-01
-3.476405437208129889e-01
4.140426476623737528e-02
-5.557545503020402400e-01
-4.576606308307087367e-01
-1.017688943273805879e+00
-9.027717210540546766e-01
-9.755029698787676118e-01
-9.631641985122527672e-01
2.100314189818025312e+00
2.643626914422183560e+00
nan
5.326278661153924787e-01
-1.672387341305325847e-02
-4.450934831606687681e-01
-2.512316118735613557e-02
3.477489064407457420e-02
-1.793781305706527718e-01
-1.233411078840029873e-02
6.252407642720259062e-01
1.074576808633154634e+00
2.143289636881546834e-01
4.778812176279338964e-01
8.718361082494379133e-01
-3.565536771395154680e-01
-1.444430915193297693e-01
5.431461032869577821e-01
1.693062877018564727e+00
-1.482112945455522635e-01
8.873516855375385148e-02
4.441893010915873852e-01
6.217580318225319758e-01
1.121436978693672870e-01
-4.732537595375072570e-01
-3.105865552306852351e-01
-2.145480188354507156e-01
-8.282069915498304624e-01
1.749649477766163308e+00
1.607877633718239885e-01
-2.367134265084556155e-01
2.971216986767259982e-01
-2.424098773824847619e-01
4.875644083557251207e-02
5.369163872480982036e-01
3.513674467087750664e-01
-2.338540577791792252e-01
4.722484040804215688e-01
-4.082912848272242101e-01
7.195011109729612109e-01
5.951755349243788018e-01
2.039518613505912903e-01
7.874184707017035656e-01
6.529546363837073208e-01
3.451248672416631358e-01
-7.697013894963178338e-01
-8.555404616637964921e-01
-1.013895217359947143e+00
5.463881052202337330e-01
3.683297596265564522e-01
3.098652604269034327e-01
-3.186834689074422577e-01
-4.725236377371553331e-01
-6.026677182272255351e-01
-1.474444929258663883e+00
-1.671984282375196251e+00
-2.225013364493357848e+00
2.995259997136825447e-01
3.450506446466445887e-01
5.927944455848748184e-01
3.743068696760643022e-01
5.716870747558591148e-01
5.814449795575407087e-01
-3.210610241307372270e-01
-4.095527909052893989e-01
2.554954852524096154e-01
1.330712487856128057e+00
1.533667239788401027e+00
1.741198940831897524e+00
-9.451022323689475257e-01
-8.681011359136219241e-01
-4.037156107873376421e-01
1.144231336089669426e+00
6.324807374955967454e-01
1.116309063290192860e-01
9.210550719199108727e-01
1.141606730245073642e+00
1.579076525019955213e+00
1.295497740672417741e+00
1.098732962441024696e+00
7.648308222813451351e-01
5.317448901126193839e-01
-1.967962850397868557e-01
-1.930585746112924994e-01
4.414336431936654037e-01
2.548855587153049385e-01
4.233914014488258104e-01
1.398871032365637923e+00
1.087469845012507541e+00
1.171519111249184952e+00
-9.323900934382045591e-01
-7.523549025537996648e-01
-7.160710901329294664e-01
8.102778395745695583e-01
5.765644227246515818e-01
4.118076681402000894e-01
-1.232071222584929515e-02
-4.032309656193517888e-01
-5.388958039532347755e-01
-7.964207958260414166e-01
-1.301695987801993581e+00
-9.050394550960891848e-01
1.538420123320571875e+00
9.056540882787516011e-01
1.697532231351882359e+00
3.643739067940217069e-01
1.730527663455032616e-01
1.266105837354296604e-01
-1.322838650114015024e+00
-1.738242218193003952e+00
-1.815758113671971818e+00
1.985894138161357958e+00
2.036994008244826126e+00
1.992638292857090043e+00
-4.698432675744199649e-01
-1.050482504529538730e+00
-4.723940116876521600e-01
6.201092329513357981e-01
6.814460524932588470e-01
3.617743157967892031e-01
1.389136508621184873e+00
1.436530979841490030e+00
1.676876900733519804e+00
-4.855825602075913849e-02
4.247058731368871243e-01
3.927573126798922232e-01
5.491665357914436996e-01
2.512391172990007249e-01
8.310900603967654732e-01
1.896424446566534527e+00
1.517534511180821610e+00
1.614583045798726246e+00
6.608300748943962688e-02
-1.591809109391180144e-01
-7.340408614500182338e-02
-3.043312737848218319e-01
-8.163284675042183913e-01
-9.846391272548595808e-01
5.569541541320379707e-01
5.683961399934029934e-01
5.934002369525788190e-01
-3.424319852436288336e-01
-7.076337764272451203e-01
-6.051392923707128446e-01
-2.465102181099697365e+00
2.088058275894217886e+00
2.360645222385089781e+00
1.306282105358639534e+00
1.058845606556737096e+00
1.155657880761598477e+00
2.865228390190863728e-01
1.875385554634161345e-01
3.351109065880666371e-01
-8.554517869968054633e-01
-5.772719223944142719e-01
-5.321199066446831161e-01
-5.774421988004103667e-01
-6.953422595513707449e-01
-1.657849393968297225e+00
2.052260543803301474e+00
1.912747151614575536e+00
1.895774671228593888e+00
1.364856715902618589e+00
7.660024601705006653e-01
8.106161613572884228e-01
-6.136596673119765200e-02
4.252493139917814524e-01
2.957541272876866856e-01
-2.109217267992611333e-01
4.513127128917213682e-01
7.649790453794307332e-01
6.317320334349418864e-01
3.850551561172972370e-01
5.648456366724969868e-01
-4.254580417582882745e-01
-5.303488326572058931e-01
-5.661465129665188556e-02
1.167905344632882425e+00
1.625197432030875966e+00
1.648078177681209233e+00
-3.708199633564079889e-02
-2.489448717154418844e-01
-3.241441943501621736e-02
-1.251323216728774668e-01
-2.397486633844665427e-01
-2.594276703003459694e-01
6.109231839306503709e-01
4.319333872679238517e-01
1.938451911366287916e-01
-8.669238693990566347e-01
-7.792744787114322946e-01
-1.349736056783685578e+00
4.226386780517428221e-01
1.627760835475244861e-01
2.580302361423201241e-01
-1.018403653529821096e+00
-1.067035536286863540e+00
-1.236438301125120542e+00
2.306720814403271369e+00
2.592768094731409789e+00
2.602480543460703899e+00
-2.699758834757162163e-01
-4.466638393275395025e-01
-2.775564353747466129e-01
-1.475298176462700228e+00
-1.083929643523887876e+00
-1.500212458909197633e+00
-5.142181932918941101e-01
1.821425977603929880e-04
-3.819356391948067753e-01
-1.140933029995195191e+00
-1.370501424064612728e+00
-1.181548155023593116e+00
7.142324052843251891e-02
5.157350153510904534e-01
9.193502059982083807e-01
1.950830768517159974e-01
1.506590199359587601e-01
2.474169408897060052e-01
3.781549033462550113e-01
5.265371948131116753e-01
7.495888491473001736e-02
-1.411678361398339909e+00
-1.919465688426268857e+00
-1.866921340873337387e+00
-1.019471310841018497e+00
-6.966212551725363689e-01
-9.753646881494293375e-01
2.542861488831831274e+00
2.541143723907000940e+00
2.868766835911203295e+00
-1.931045573436995788e-01
-2.060577168091404232e-02
-1.655152219250748402e-01
-5.935388499785498873e-01
-5.457675583957755094e-01
-3.410506434721676250e-01
2.958824875974666035e-01
1.203877959238206508e-01
2.937030255893806618e-01
-3.725965914036653004e-01
-3.615024690967789667e-01
-1.422779747155966668e-01
-3.740410696956466552e-01
-5.708889064537032709e-01
-1.412099329890477817e+00
6.361511505441996839e-01
-6.353251657064769020e-01
2.420990916930154668e-03
-3.032616700248889074e-01
-3.256417437865386511e-01
-3.190694635959006042e-01
-5.650889220490631359e-01
-4.812684967562232963e-01
-6.138684858086072005e-01
-1.010930052442832849e+00
-6.582483954986071417e-01
-6.473426825454393629e-01
-1.662452221260392493e+00
-1.552254379222685277e+00
-1.668148672128190180e+00
7.743185664592884265e-01
6.961062960447952364e-01
8.565468347359916912e-01
