nan
1.139784815410351371e+00
7.236663727852494787e-01
-2.464205132335672843e-01
-2.010148162380720471e-01
-6.054813299266519344e-01
9.294155951996634357e-01
2.194537507016360856e-01
3.743083492423946446e-01
2.620030003136464281e+00
-2.296950212917105993e-01
-3.791037241678507641e-01
nan
9.498046194123359598e-01
2.503573328330186420e-01
1.744394004653486263e+00
1.893843954044622357e+00
3.774485164369294488e-01
nan
2.016519871988561086e+00
-3.609478413485112114e-01
3.076191819207728884e+00
1.474736124981844476e+00
1.042878778100274850e+00
-1.233375486020227063e+00
1.058843234191146898e-01
-1.311445982702084123e-01
1.188741182340759650e+00
-2.402145858854050076e-01
-6.178707217944379160e-01
nan
nan
1.674281030940683479e+00
nan
nan
1.580247256643843912e+00
2.347672718364758992e+00
2.186612334616044429e+00
1.640424304675124567e+00
nan
-3.018217021878104145e+00
-2.827407495272494131e+00
nan
-2.420224258968833198e+00
-2.343136412448759920e+00
nan
-2.192133856974125994e+00
-3.044436123742171318e-01
nan
-2.943890205658515224e+00
1.763514380215781330e+00
nan
-1.752039235943112061e+00
-6.194025169853998314e-01
1.723355825868322810e+00
-1.939939071044586072e+00
-1.285510769055101532e+00
1.037836098328672740e+00
-8.419791407623202772e-01
3.580534450722177020e-01
-1.143126733350765534e-01
-1.720441290041979210e+00
5.311159842500083883e-01
nan
1.745323476695290310e+00
-1.021775062827159353e-01
1.130575743440230596e+00
-6.916828237589651707e-01
2.503064127219807311e-01
2.926082245773010904e+00
4.986797699879153001e-02
-4.577623413718718837e-01
2.037958844631519995e+00
-4.339142387316430316e-01
-4.259288827790035370e-01
nan
-1.225629231776415917e+00
-9.053148623205582446e-01
8.568367840773651878e-01
1.165216590579539968e+00
1.102037877044544700e+00
nan
7.318372853975851910e-02
2.039024917554200123e+00
nan
nan
-3.218322953656835850e-01
2.085815013129764139e+00
1.634043753658438014e+00
1.861684699242966978e-01
1.571371668338782612e+00
1.651314681221516700e+00
1.049204541393856438e+00
1.575056132545141985e+00
-1.330824878322634630e+00
-3.660301682611959428e-01
nan
-1.687822789705000437e+00
-3.040943487509506049e+00
-9.867771007160968111e-01
-1.831406995839981233e+00
-5.215470148713459153e-01
1.964939458966417085e+00
-1.768014843947973702e+00
7.873545407749826808e-02
2.016731305237430938e+00
-9.725316478354368854e-01
-5.628794833067165548e-01
2.389490245515407452e+00
-2.353346264621336559e-02
-7.329196097762160633e-01
nan
-4.788579010740572350e-01
2.326822165407698151e-01
-1.653591188497172126e-01
-2.403135436242043177e-01
1.005659104496956502e-01
1.309308887495551410e+00
1.658280666468508358e+00
2.128873236426216842e+00
4.668465274619504335e-01
-2.268832843316657133e-01
3.696541991582775744e-01
-2.045663661874921324e-01
-1.193765332791236755e+00
-4.913800149840517051e-01
1.613860376170089594e+00
5.981597670002622991e-01
7.108697432852228992e-01
-5.199738662248423182e-01
1.617729604267994503e-01
6.829463989577932992e-02
1.692050572869908898e+00
-6.972992630730212582e-02
6.088384217397884157e-01
1.215911302760850354e+00
5.056938810939795026e-01
6.437184472619099651e-01
-1.479087536809391423e-01
-5.769879214922939425e-01
9.732912131465143446e-02
2.374543775543738633e+00
6.274357997865283032e-01
2.898456080528784007e-01
nan
-1.655563349637768633e+00
-1.354250019462329702e+00
1.417330685310365546e+00
1.755287719182871520e+00
1.986792687379759670e+00
-7.599889416532734643e-02
-2.759665341652364212e-01
-3.432123698232607545e-01
nan
-1.516158596081482735e-01
8.196645199336494159e-03
1.424732511116601152e+00
-3.668381807492631097e-01
9.259471274304598154e-03
1.755302539325225730e+00
5.299939540106648472e-01
3.804273922671024266e-01
-2.753755187015316075e+00
6.041019323394158924e-01
6.465687544235421136e-01
nan
2.959306214302235283e-01
-7.600818226331309546e-01
nan
-1.238561784415237454e-02
5.476776003861996145e-01
1.117383249367893683e-01
-1.437490721754629330e+00
-5.510915266701466031e-01
8.631806570256861377e-01
3.864157868690685227e-01
-2.803606876755626587e-02
1.300336977381024717e+00
-2.451445721496083863e-01
-4.508959956100500044e-01
-7.236527048846674859e-02
2.539302521479624986e-02
4.573373669780615991e-01
nan
-3.254639817295159610e-01
2.920278416347739103e-01
1.447674865435775615e+00
8.694909234588417135e-01
6.046091899098544609e-01
8.498316353660104738e-01
7.926292592746633225e-01
1.249734385981875029e+00
4.166229540975443513e-01
-4.967722535528271699e-01
-3.235797709966377056e-01
4.701852580020786654e-01
4.207849946196886570e-01
3.577470833588356491e-01
-9.837576356524402321e-01
-7.059557876289757061e-01
-2.532399948468486706e-01
nan
-1.031035697643318372e+00
-1.471535670422758235e+00
1.999402479388344922e+00
1.422450449826001773e+00
6.201754555112874989e-01
-1.155010342481594954e-01
2.807334775966965346e-01
1.325969985460937473e-01
-2.199900052038727960e+00
3.093331665823813026e-01
-1.248071022400667474e-01
1.207137955047222988e+00
8.017599039569422992e-01
8.594114374480303908e-01
7.948786852000284675e-01
1.090870341191472193e-01
1.040599162275272604e+00
1.923186101476659360e+00
4.902068743963483577e-01
5.749121676512900514e-01
-5.150201918504313525e-01
1.171913309491626087e+00
8.432171397056897888e-01
2.108635483851059256e+00
1.450567035092690027e+00
7.987613252851661905e-01
-1.515788716532659341e+00
-4.678996050286792219e-01
1.560969058943433296e-01
-4.680807186595004055e-01
1.538778922065745292e+00
2.024536439825252110e+00
3.208035050766828711e-01
5.313020246952881998e-01
2.399001538609542017e-01
nan
-9.265119844649554182e-01
-9.778179539651903340e-01
1.412806351041364650e+00
5.637381182558489634e-01
8.073678613192303288e-01
-1.442087113734289217e+00
-9.144881173167984656e-02
3.936506560006516331e-01
-1.426349327972513903e+00
1.746897080013356529e-01
6.771293709780299430e-01
-1.290620160649526005e+00
-4.447671738267100494e-03
3.005446586025763978e-01
3.337705540278230743e-01
-5.107906130063408767e-01
-1.056910949360861274e+00
1.537157025317250181e+00
2.198342485791564549e-01
-3.055078695552118084e-01
-1.751079697984198713e+00
-8.313094631249957622e-01
-6.475899798884463543e-01
-5.265489226457686911e-02
1.792172051646649500e+00
2.951828209920719814e+00
1.846999302303774293e+00
5.718656136888489172e-01
1.819247921402875612e-01
nan
-2.107752160390168328e-01
2.546196940242428930e-01
1.839832329337858674e+00
2.022123615926156859e-01
-7.918022212018405170e-02
1.094577976687960863e+00
5.846110039316796403e-01
4.104898101325207271e-01
-5.973448329433055370e-01
-1.637835174082415968e-01
2.720476300710878981e-01
9.345530316548966709e-02
-2.983063777191576005e+00
-2.952630696947815547e+00
nan
2.068671996649760203e-01
7.496280122357523723e-02
-2.355137295710904688e+00
-8.141987414101325982e-03
1.338017092961560905e-01
-1.540134258443543569e+00
-8.140027233217805858e-02
-6.699244287137813281e-01
nan
-3.453222024621269703e-01
-3.855429152965688111e-01
-1.568986865931061958e+00
-1.384405103548953520e-01
1.325848939476932387e-01
nan
-1.180904349335430537e+00
3.355394695735292032e-01
1.759336033614764538e+00
7.021410054722565519e-03
1.655385953882970718e-01
-2.230012584360065997e+00
1.591625764147912570e-01
4.335127288866709172e-01
1.876268058972058839e+00
-6.089226500706783618e-01
-6.898433159274799387e-01
1.794270408691926555e+00
-2.289622559421915504e-01
3.035490026432627886e-01
1.807223603852839311e+00
-8.730140329335345228e-02
-6.461949725984172943e-01
1.428990303004729512e+00
-1.400009609216084971e+00
-1.128093087323323473e+00
-2.451865492165786531e+00
6.724231229353918593e-01
7.854471164970995289e-01
1.761651907269680351e+00
2.570965818371844236e-01
3.520646058882150875e-01
2.205671739613038085e+00
-9.283594976415265876e-02
-3.744133854544524631e-01
nan
3.043168663780324579e-01
5.417307863927933731e-01
nan
-1.070291912423308123e+00
-8.533283399963069726e-01
7.392915351115223466e-01
-2.645639169459510498e-01
4.802227350948764517e-01
8.559095442951538679e-01
3.192326669130896022e-01
8.502130934275360374e-01
1.608568691399296036e+00
2.045380109697205739e-01
-2.671822383912703103e-02
3.483179439989547710e-01
-3.331520702670216494e-01
-8.929044325640855817e-02
2.468432380569485218e-02
3.753559085495661307e-02
6.366941487907062935e-03
1.799939356316198058e+00
7.779873309543918758e-01
6.549295012077358535e-01
-1.111585662849812639e+00
-8.742215810759437211e-01
-2.444147690266329498e-01
-4.259378768201171894e-02
3.204463043540637379e-01
5.063210248524199208e-01
-1.596270677398496485e+00
-1.160531066166622161e+00
-8.048170973893120639e-01
nan
-4.793730947925260999e-01
-8.733905278961722196e-01
1.170296311719979165e+00
6.665298204687313266e-01
7.941174714929828404e-01
1.109769562824430622e+00
6.539322026981069236e-01
5.965616181723389921e-01
-9.303274440953712698e-02
4.494148732247413847e-01
2.556570710978629535e-01
9.057763642147378391e-01
7.889225072837473540e-01
1.011731151418662655e+00
-9.224690124034453653e-01
-7.084206824793453094e-01
-1.163856117927181577e+00
1.644618769760536559e+00
1.480609278938512574e+00
1.122068823506952029e+00
-8.518152202336923828e-01
8.505806401658548843e-01
9.322063831058562400e-01
6.703422278985118332e-01
1.236193336905211382e+00
1.647065751479950713e+00
2.097749033904546145e+00
1.671171296600086897e+00
-5.234784380721499986e-01
nan
1.159468755287104358e+00
2.477789981007396669e+00
nan
-8.270018637362226421e-01
-4.805104652999339088e-01
nan
-2.525736423730160496e+00
-1.946969174540449377e+00
-1.333344045284132307e+00
-3.804698976957152645e-01
-2.025008779260568659e-01
1.529523458866745678e+00
1.195943020654342881e+00
1.006307002744862622e+00
nan
1.504259260886566807e+00
4.576672219944231124e-01
1.774939707612793960e+00
1.365657052770941959e+00
1.050164690026375247e+00
nan
-2.309741138358821999e+00
4.155889640765995097e-01
3.029799366959054829e+00
-4.470947243831790985e-03
-6.176834944508060588e-01
nan
-9.068587650729202920e-01
-7.040381294661606226e-01
nan
-2.799655741139898346e+00
2.046383159565157150e+00
2.362392776526879068e+00
1.048886512254576964e+00
-5.653537616894821483e-02
nan
nan
4.750247085630654453e-03
1.809819733840119405e+00
1.557835367433126450e+00
5.600890531995550425e-01
1.852139544681472572e+00
1.391116573488408115e+00
7.912054586713068716e-01
1.795230027254283378e+00
-3.419665996239724670e-01
-9.578748266177861126e-02
nan
1.584599264536246110e+00
-8.821903577065937085e-01
1.842863968958188714e+00
1.531457951670711637e+00
2.154555557390374076e-01
1.856294228228757781e+00
-5.896494888806547152e-02
-1.833458489778450051e-01
3.011586389653613693e+00
nan
-1.546388340200460565e+00
nan
-8.888873390645715133e-01
-1.390171363866405940e-01
1.490826920381686627e+00
-5.795043286644707692e-02
1.556673875685057773e+00
-3.122773146444866033e+00
-2.644115384991950535e+00
-8.072278175958902402e-01
nan
-1.550651605089980567e+00
2.398633049158229724e+00
-3.035664871083229688e+00
-2.378747259733060559e-02
-7.740048344495060739e-01
1.196968304224601987e+00
-8.815102363716169620e-01
-1.301804362900543355e+00
2.593464057811414314e+00
9.883173955289068502e-01
-1.027624074763870965e-01
1.990551698754908116e+00
3.211172211688735345e-01
-8.008846771657678332e-01
-1.100253392028925692e+00
4.297670531578017261e-01
-4.591087329462335553e-01
nan
-6.099712980116147598e-01
-3.319319066665458173e-01
2.304442946122008173e+00
2.502787475370560344e-02
-3.399079353128469094e-01
-2.229143982902615395e+00
-2.571876358978260058e-01
-1.360211497610458453e+00
9.637793886725374293e-01
-5.979244702667867450e-01
-1.122814755977207035e+00
nan
2.095084070814763777e+00
2.107413818611840739e+00
nan
nan
nan
nan
-1.004033902545610868e+00
-1.184613272579895682e+00
3.073847041967615823e+00
-3.246575650917105094e-02
5.506246372196788030e-02
2.943404440396530042e+00
1.130995235594326687e+00
2.410860485446559842e-01
nan
1.583065315542707019e+00
1.154793053305072092e-01
1.223910949281946436e+00
1.737961265912929321e+00
1.682674620645220998e+00
nan
-2.439989282450958363e-01
-3.329367611797056092e-01
-1.487436174144465051e+00
-1.174231038000942862e+00
-4.842300824664160785e-01
nan
nan
nan
1.738898591906404612e+00
-6.371480295589728726e-01
-1.009411093802792259e-01
nan
-2.783881432050349769e+00
4.894105763069913628e-01
2.833785697815763172e+00
nan
9.903659963131321575e-01
-8.137857695405523728e-01
1.761782550179919582e+00
1.171143083172397681e+00
1.549320699579745941e-01
-1.033160694106272093e+00
7.500223257902391971e-01
1.964248873263445105e+00
-5.321347250155166186e-01
-6.103469954105666950e-01
nan
nan
8.889143972620736633e-01
nan
nan
nan
nan
1.231528858764870726e+00
-3.172484944854598865e-01
3.125685319825377562e-01
nan
9.484326685853812222e-01
-2.645461364668122428e-01
1.371725306532286304e+00
6.281837877599056874e-01
8.037392015155262470e-01
-7.182742538759510076e-01
-6.668217186470495328e-01
nan
2.651513072926921843e+00
1.199066428498102077e+00
nan
1.038287717788255904e+00
-2.206279239949555659e-01
2.055362071638866084e+00
1.881108954161598845e+00
1.238777482949857678e+00
nan
2.468272161016193067e+00
1.025777435305526453e+00
nan
1.944588669003334047e+00
1.193897228125133658e+00
-8.782850091101255252e-01
-8.761751429630795229e-01
-1.249824936937758979e+00
1.339701672274174804e+00
1.842896796579938545e+00
1.850515799616800017e+00
4.566291845481367240e-01
4.088864961700582334e-01
7.187200187491926684e-02
-1.509915637255769161e+00
-1.273929824450091397e+00
-1.710278317039610529e+00
1.910926875773452771e+00
6.424626989562756130e-01
3.519226991105561808e-01
1.116521329990076694e+00
1.581440382503722653e-01
-5.953091407157251602e-01
-1.590303952529979803e+00
-5.212837617567944726e-01
-2.918641878120715738e-01
-8.638402337508321871e-01
2.307342679296251475e-01
5.782241793794606899e-01
1.469247898069525604e+00
6.042573156266763945e-01
1.281778940724368709e+00
-1.970397175896390074e-01
1.373665897502620581e-01
-6.297463223472345994e-01
-1.221895180383381074e-01
-4.991455731318703570e-01
-1.069736270670182066e+00
nan
2.592455027224032982e+00
2.313481314868683469e+00
5.330209209910949930e-01
3.495896468456516359e-01
-9.418790752692474122e-01
nan
-6.236532558117926506e-01
7.648025267248765857e-01
1.179895640561380077e+00
7.929814448850467379e-01
4.163484909004595558e-01
2.318920411559371786e+00
1.099880583478386242e+00
3.101061222215375501e-01
1.322687667781570653e+00
6.666046073025100327e-02
-8.432254478934702036e-01
2.984008106773444524e+00
1.298600915694096081e+00
9.202141489417092757e-02
nan
nan
nan
1.466393200548194997e+00
2.651191138972928130e-01
-5.959638758046903462e-02
1.057429067466275185e+00
3.092384812199222566e-01
-2.861072115757266054e-01
-3.046047636738489217e-01
-4.389590097813016456e-01
-2.743315797021326219e-01
-2.475107902060820209e-01
4.253349981257548151e-02
-1.068559241952544703e-01
nan
4.106362991196093049e-01
7.254589421423109918e-01
1.798926884856581587e+00
5.083811808933700327e-01
1.273424753071439319e-01
2.378202339883943139e+00
6.099513607662272463e-01
9.450423645027949959e-01
1.079257348811089479e+00
-7.048086604130148203e-01
-8.837347002840538757e-01
2.218510496444938696e+00
-5.265612752132806662e-01
4.989671495610696894e-01
5.102017157529799007e-01
-6.038094219636334081e-01
-5.917561206441943611e-01
nan
4.883411971217275216e-01
-3.937542197570662594e-01
-2.244468317611398867e+00
3.470907073176534574e-01
7.857501779333078140e-01
2.253109443286260394e+00
1.044322309759768252e+00
7.640544676487204256e-01
-1.245723438482782219e+00
-1.542091781411955687e+00
-1.641942667760072805e+00
-2.107728249806074317e+00
-2.911376547186585562e+00
1.751323457465008282e+00
nan
nan
6.299756800584077610e-02
2.141662007645474652e+00
-3.086335785608778082e-01
-1.465023591001068937e-02
-8.790659407351735233e-01
2.599653032402740038e-01
1.261971010884770372e+00
2.830443703721621240e+00
1.262820947004819949e+00
7.613139573237019953e-01
7.724182304523026232e-01
-1.236364816931603272e-01
-7.356409942373822730e-01
1.014253077010184967e+00
1.740995597878165491e+00
2.071837156956858550e+00
nan
-2.582712078876645556e-01
3.516571035526583344e-02
-1.457394516076273572e+00
-4.172422407372740061e-01
-3.894269451750886901e-01
1.728076190448604166e+00
1.160927964578606364e+00
8.879936172426265983e-01
-1.048670178704846911e+00
-1.961743749916053936e-01
-5.460166832995816399e-01
1.798415964718350857e+00
-1.479727879055907636e-01
-6.791555565940532446e-02
1.406606668703354934e+00
1.513843655932815224e+00
1.212603306093789080e+00
-8.723601823524438359e-01
-3.114578125331162184e-01
-1.926011812378551902e-01
1.980336395996084242e+00
-3.496597249691557607e-02
-2.591308854309954945e-01
nan
-3.721415698231824720e-01
-1.382808796193950140e+00
5.991227958477347570e-01
1.616095393989421147e+00
1.542907167941535818e+00
-1.861286838279565536e-01
-1.419113013126040990e+00
9.494990516535848357e-01
nan
-3.283362182424007791e-01
-4.089797281782074911e-01
-3.381128412375460357e-01
5.965611731762301417e-01
8.746425590544060213e-03
1.443409444458763957e+00
5.858453480013299242e-01
4.698069049625659410e-01
-1.301977107786834509e+00
-2.758561521862286092e-01
-2.403736124873634417e-01
1.541801391628254692e+00
-1.626835161826658771e+00
-2.031316402789584252e+00
nan
3.130824581310229782e-01
1.332227065610993577e-01
-9.774092871935242677e-01
2.156979812576413913e-01
6.995835041273670285e-01
-7.620774631498465901e-01
-1.272476756024358835e-01
-6.940232938503192450e-01
-2.301764902154996406e+00
1.316592206778346430e-01
5.375550802079498425e-02
-3.038657786408583750e+00
5.869836591083559263e-01
3.217165568436999301e-01
-1.133101929144573194e+00
6.689260877646230341e-02
-1.246271419099098665e-01
1.662694794807237031e+00
9.370781701380082040e-01
6.777068541965891590e-01
5.932473881551825201e-02
6.666647998479611203e-01
1.270151987149935380e+00
-6.683569853205795219e-01
-8.786121396867634381e-01
-4.647283295099975398e-01
nan
2.745923274004380410e-01
2.547470864337886276e-01
-1.248702000686646718e+00
-9.558602849178905458e-01
-5.105747903128032839e-01
nan
-7.944107624486873576e-01
-8.279411572936004049e-01
8.413941819088983642e-01
2.216580598973010297e-01
1.840304924817699472e-01
1.360819925785214046e+00
9.591939298613167963e-01
5.557845776258902859e-01
2.311286140111957543e+00
3.255079180342628220e-01
-3.653494714197069726e-02
1.372668828707486632e+00
1.427437918417410856e+00
1.351880105950596267e+00
-1.048526723064988619e+00
-1.027680425485559379e+00
-3.757568874090835287e-01
1.654237274524573031e+00
1.800759098379591805e+00
5.614787497542610417e-01
1.530598371837561089e+00
1.251184744176618402e+00
7.965727011828551696e-01
-2.826825101897206594e+00
9.938255028858495876e-01
7.969495213216055696e-01
2.313979231990029639e+00
2.904325506696907588e-01
1.357321835846825309e-02
2.171415580774266552e+00
1.072020500694439882e+00
3.145897757872080369e-01
2.755549732453578926e+00
1.130364831920886104e+00
8.156350668895813172e-01
1.845277675653163030e+00
-1.360856477850182822e+00
-1.136356501093338522e+00
nan
5.787166867284909699e-02
3.365081509405158933e-01
1.730123207591702794e-01
-6.688261353189166591e-01
-1.040141736964028674e+00
1.469399501350059367e+00
-9.702195118035188415e-01
-1.211720546340965488e+00
nan
2.022566194469743728e-01
6.619552181090178067e-01
2.181652530667184564e+00
6.664363319197419422e-01
-3.428295013787208134e-02
-3.060796045807495425e+00
2.879204159004542518e-01
-8.885972036969209675e-01
-2.119687534097814741e+00
2.552233147225331678e+00
1.504399634769185923e+00
1.456838827184009588e+00
-4.049891744454932052e-01
-7.595362764574007386e-01
-3.089936809884613389e+00
4.714318653170255224e-01
4.314668477309027139e-01
-1.595404994543617949e+00
1.416308579260528333e+00
1.187368218883420035e+00
-2.185505467153800119e+00
1.354510061938135834e+00
3.709872015850428362e-01
nan
1.197346739336624388e+00
-5.578735005301318495e-01
nan
2.938988884392744083e+00
2.141244095288405980e+00
nan
nan
-4.568171675063732451e-01
2.204921483085777290e+00
1.391461491046868559e+00
-1.135150666058784452e+00
-1.036817236596466074e+00
1.206086875611437570e+00
2.817504737581448815e-01
1.538406436597788307e+00
5.278104702867718601e-01
-1.776847311781937222e-01
nan
1.496761809456264025e+00
-1.537623560883636387e-01
9.805983159253610637e-01
9.861704051950281880e-01
7.093272406826920395e-01
nan
-1.365240134564823515e+00
-1.111570855216536202e+00
nan
nan
-8.222185977914735489e-01
nan
-5.478019270730229984e-01
-9.246451861439068942e-01
nan
-9.476500547151394116e-01
-1.696213143448373595e+00
nan
nan
-3.044201857303420855e+00
nan
8.289002971286731913e-01
4.018761933977481604e-01
nan
-2.810293361002456525e+00
-4.139395934539660260e-01
-2.240529479252388878e+00
-2.829448389036759437e+00
5.934264740177175312e-01
-2.124286149461449114e+00
-5.505714737756539634e-02
1.339341768333159877e-01
nan
9.083465623663782296e-01
9.993646257305508485e-01
nan
-7.441147971966235453e-01
4.315475819822944814e-02
1.846200046717909160e+00
1.372515807043554581e+00
-3.398887104665093695e-01
4.223905373448832989e-01
4.674145620960237224e-01
4.214023324544782234e-01
1.987336350026680520e+00
-2.221141134159014818e-01
-8.961552933333698512e-01
3.049284256572065921e+00
2.258619033868533243e+00
3.713309177045438503e-01
nan
3.646457701509513427e-01
8.579231383274921185e-02
-6.894984150702132553e-02
3.371797621220871122e-01
2.134625950617388135e-01
2.084308588525449757e+00
9.887856695154555453e-01
7.323530165316585183e-01
-1.640520880396598713e-01
-1.139997387734275502e+00
-1.022911479154940295e+00
nan
4.243089724587298939e-01
3.091031571669740075e-01
-1.042446948827453035e+00
-3.994200393633402513e-01
-2.789158327644454261e-01
1.582189228535222369e-01
-1.228382665131860119e+00
-1.399821422890595191e+00
-4.387271167515041093e-01
9.130866739172525115e-01
3.246694206794713544e-01
5.201009175884885316e-01
9.564628675384740930e-01
3.702018644653084500e-01
7.386117884950209600e-01
-4.881402676255746087e-01
-1.016990018039940935e+00
1.009781363163093637e-01
1.475386186410615252e+00
1.656190601059838841e+00
1.671908329700895202e-01
-9.436740507585055227e-01
-1.345989962191190825e+00
2.069056339525374710e+00
4.081057027249688218e-01
8.196497018015800329e-01
-1.017101302445366784e+00
6.808398077184252273e-01
6.188583533829690175e-01
2.409630047473651615e+00
1.144831111421044767e+00
7.922853760338703921e-01
nan
4.459032207648396806e-01
3.097535353106080080e-01
2.285750043406280518e+00
8.865944744704155056e-01
5.715738105903196420e-01
-2.200357538616863007e+00
1.179258183951377603e+00
7.827326989707783511e-01
2.957683307783655735e+00
nan
-1.505891915028179318e+00
nan
2.723775072159173583e-01
6.257242721870928115e-01
2.305533103777260173e+00
4.149411580661164223e-01
-4.815589705023803901e-02
1.786777261446511389e+00
-8.663732124842273841e-01
-1.063337495322148829e+00
-2.531833727038149906e+00
-1.806665279348622644e+00
6.649414878557733388e-01
2.313697542736883328e+00
8.153126483141881486e-01
5.984396968499896552e-01
-2.293620543775431120e+00
6.122065465094910230e-01
-8.288017960617990454e-01
nan
-1.641429611726262783e+00
1.831897899414893338e+00
1.623488497322128410e+00
-4.992939185660238977e-02
-4.353037871465645914e-01
1.157738699336973376e+00
2.408382952049414882e+00
6.308881047433110290e-01
-5.369474587987079772e-01
3.017694847214071885e-01
1.392972118872341625e+00
2.981925408535264665e+00
2.268833862533530699e+00
1.526055456365051910e-01
-1.093704895132369792e+00
1.038286403270891611e-01
6.615030018066385686e-01
1.477716319614126306e+00
1.558605921936762506e+00
1.963058002444058481e+00
-7.310363631640277582e-01
-3.551383936266678809e-01
-3.222220830088584620e-01
-1.765282273339510377e+00
-1.322645255395239694e+00
-8.233481223088068290e-01
2.926585812852984247e-01
6.141688322309399872e-01
5.809352498590438785e-01
-6.448282694596878528e-01
-2.248423336064981903e-01
-2.492355941432329303e-01
nan
nan
-1.617990201546827489e+00
-1.100906348434534721e+00
6.547816779411017585e-01
1.019885951368257437e+00
-2.384816592415602621e+00
-2.168104233443391760e+00
-7.693006034589622288e-02
-2.487646644892422820e+00
1.746708425788314756e-01
-6.698835999661754137e-01
-1.094500404574968222e+00
-5.789696072014063333e-01
-3.014521110420140815e-01
-6.519502583814418273e-02
1.356965232631035967e+00
1.703814659363390938e+00
-1.102036808943605006e+00
4.095554493819193453e-01
4.443827768269974499e-01
nan
-1.135547606504281326e-01
-1.986788809168418268e-01
2.384383376727581272e-01
2.022205878545273450e-01
-2.862447234008480557e-01
1.654654349367530308e+00
6.557027942364004325e-01
5.375560631412534818e-01
nan
-1.117361971159634759e+00
-8.949888248867505780e-01
nan
2.362489068276482307e+00
1.406799575906392263e+00
nan
6.522276742971242491e-01
1.814609510055325003e-01
-1.737900003776024382e+00
-3.979284234737012760e-01
-4.347298354464208536e-01
6.296196001953626720e-01
-3.195079477348721220e-01
1.285715408609116039e-01
-1.402864955206039710e+00
-7.190629930405556536e-01
-1.302717280059910721e+00
-7.329623331594876667e-01
2.355482433841116219e-01
6.998496780447993615e-02
9.616665497535015206e-01
-2.807967191497580117e-01
-9.435199617602516575e-01
nan
2.362659961926699026e+00
2.183962298202369645e+00
-2.393289519233347207e+00
-1.383561107326698236e+00
-7.747045010064623760e-01
7.488773099085817009e-01
-1.132284821618913639e+00
-1.262623889653155640e+00
2.253132229628690197e+00
7.654446346173719995e-01
9.028632463640962058e-02
1.684419159904253505e+00
-8.409656178486457634e-02
-9.818928213313662390e-01
2.655873119074114719e+00
3.841025680565368638e-01
4.057476573081264526e-01
1.347735998068554153e+00
-9.458472533605988275e-02
-1.451007088158893232e-01
2.424014492249863650e+00
1.596333231201966463e+00
4.373377524196859767e-01
1.517476381581496447e+00
-1.204508697102674164e+00
-1.431250939351071061e+00
1.856671677895642247e+00
nan
-1.454048562907389375e+00
-1.313299917015605667e+00
2.779171917181765039e+00
2.131521483609374101e+00
nan
nan
nan
nan
-3.290925107509119485e-01
-3.269792701298066540e-01
1.858612872983543163e+00
-1.001742245778665108e-01
3.001123872886739541e-01
2.635604757695587885e+00
1.126752427604476026e+00
3.041946054918684972e-01
-2.379920213765363002e-01
-6.849992143954173329e-01
-1.046077866147611335e+00
nan
1.320124006287320739e+00
-2.400683769738526596e+00
nan
6.104202821052995276e-02
5.982669041376365016e-02
1.670431136695056829e+00
-7.682136797459127031e-01
-5.040847754735655606e-01
-2.467511684614613454e+00
5.262265959847036711e-01
-5.276988435838609881e-01
3.121655075530069823e-01
-8.779939722574114924e-01
-1.433511860883285083e+00
nan
-1.117928482804222412e-01
4.380285894790838519e-01
