5.328839917625582956e-02
5.903749902277599659e-02
1.049803678141683072e-01
4.251890260255137832e-01
2.916954396691431306e-01
2.763812339193982837e-01
1.280256918705395819e+00
7.002599128905697690e-01
1.173422711892337489e+00
-2.012745974750353994e-01
2.119351602266204004e-01
3.944515708152374067e-01
6.887538400756221257e-01
7.874424122277585703e-01
7.318103445113366412e-01
-9.260778330664689584e-01
-7.180114807595452397e-01
-8.273880085308009669e-01
-1.227062987345481471e+00
-1.547130162732915482e+00
-1.546538940182221822e+00
3.019897471187524829e-01
7.140195615825177811e-01
4.034523199089568024e-02
-2.129060431774076889e-02
4.322246808556018394e-02
2.647626095835318161e-01
-1.418770276525701091e+00
-1.710190550799385312e+00
-9.035894313874877071e-01
1.513519106666055158e+00
1.939370421196188410e+00
1.652036735529057054e+00
7.093742795231525733e-01
1.513106815279081196e+00
1.206342147315468516e+00
2.314406276070863910e-01
2.604650373439687527e-01
3.319098809569691610e-01
1.703760984133765533e+00
1.787157887937084411e+00
2.054187653351316811e+00
4.793045980166827924e-01
6.095375914833129904e-01
6.697396798458434830e-01
-1.346789626906290671e-01
-6.723371427463793459e-01
-8.237283470569933819e-01
1.350895521889969864e+00
1.363748139159709716e+00
1.234003163321674812e+00
-1.384079128386730417e-01
-1.953535516034232700e-02
-1.947316537976835349e-01
-7.504267618730677825e-01
-1.207539618333640430e+00
-1.397667418494950464e+00
4.931977371888089934e-01
3.997949013832080567e-01
8.771544100849828496e-01
-2.122018735413710999e-01
-2.841730589971720455e-01
-8.127168227186167826e-01
-5.005478498340618643e-01
-1.242599758090165984e-01
2.571176648166355605e-01
4.581848582142642456e-01
5.155886165728222892e-01
4.850939011109458576e-01
-1.867665083459799646e-01
1.875980121679332591e-01
1.376656534169207191e-01
-1.097062116304184709e+00
-1.571877673366350869e+00
-1.205865924096190422e+00
-3.776102511945147455e-01
-4.554300007669405126e-01
-2.482401255705011245e-01
1.648858264408515240e+00
1.353895860293884645e+00
1.530560680348841629e+00
nan
-1.033456524919921460e+00
-1.733916665810905311e+00
5.251433442131814289e-02
3.015076261378215605e-01
-3.173597178506470939e-02
-2.624714859279791312e+00
1.000666151522327851e+00
-1.663863991917238216e-01
6.217483868819702053e-01
5.293661063118859644e-01
7.251762311838350072e-02
-2.926686928817252564e-01
-4.217909454800419233e-01
-8.413970296305377516e-01
2.606962938764532112e+00
1.701316256440553509e+00
1.761551478000671800e+00
-1.857852056946072139e-01
-4.429870829381901132e-01
9.379301294011099799e-03
-9.385677171950845832e-02
-3.706061978432697579e-01
-1.293682960874376064e-02
-2.304148511609684924e-01
-8.880274694317966677e-01
-2.572419423600456057e-01
-1.687217541404060883e+00
-1.493805233034838142e+00
1.980466084909116020e-02
4.637979090925030690e-01
5.944068466457586020e-01
4.636151479600485459e-01
-1.872023834907301065e+00
-2.652669452467997235e+00
-2.885017487660870295e+00
1.438252121781869342e+00
2.115990493695299790e+00
1.719860239323383055e+00
6.541529519466360298e-02
-6.016562924269099888e-01
-6.435203237202529181e-01
-9.655917557291693321e-01
-2.614359396428683979e+00
-1.832343273626143798e+00
7.483570926122902200e-01
8.367824502871452630e-01
4.873889461639082654e-01
-4.846525140084083638e-01
-4.712185222937286255e-01
-2.973391717805684564e-01
1.178112502586081689e-01
-1.876854582753830769e-01
-1.243158850941026294e-01
3.899301976856017760e-02
3.171570226029687412e-01
1.761973269699534939e-02
-9.966785089632113070e-02
1.601969058553014413e-01
-2.400086661464944093e-01
-5.716800420642451641e-01
-1.755595765811861497e-01
-5.391770091195104975e-01
-7.926133286084739993e-01
-1.388051115696207871e+00
-1.208257205610006046e+00
1.946690268111469280e+00
1.836708734635895901e+00
1.628077598644302348e+00
6.438343405318165402e-01
7.440267029930733855e-01
4.323014184593216847e-01
2.371376552571375917e-01
3.343554840669371586e-01
-6.528071664618328995e-02
4.283290594221575986e-01
3.520370485446977504e-01
2.224933004420117655e-01
5.712515877907646811e-01
2.449814557757701294e-01
2.695061095698378928e-01
6.903985547873290329e-01
-2.347879860779622518e-02
8.970903106320227138e-02
-6.252872050775959423e-01
-8.889092491411196839e-01
-8.730217856946573818e-01
1.853248739770156917e-01
3.979318195602012942e-01
-8.398806469895880866e-03
-2.673079916487095531e-01
-4.507349632215751356e-02
-1.108580198019533114e-01
-2.822462216320960060e-01
2.951758427570188026e-01
-2.598814470264070309e-01
-1.980045632709875214e+00
-1.874439067471133313e+00
-2.496937515555090137e+00
-2.484669801725845062e-01
6.570198793209804933e-01
-8.349369414746199425e-02
-1.890468941273315551e-02
4.429258939373283965e-01
-2.400375552961508951e-01
3.204578101618222874e-01
4.415248952612591538e-01
6.088030992592274870e-02
6.168897205041101728e-01
2.554819874258269508e-01
5.355392140381591837e-01
-1.255368481977601425e+00
-1.203053835129336946e+00
-1.199897359714143130e+00
4.040760130795622018e-01
3.419573984646651077e-01
2.716753378699885424e-01
-4.717169927629853987e-01
-5.917354841148378952e-01
-4.559914310190467113e-01
-1.678438903727916154e+00
-1.404700965143828695e+00
-1.657016179572980530e+00
2.880243556642052560e-01
9.571987466173537129e-02
4.573041595351083899e-01
2.325779509112204657e-01
3.424405004964445887e-01
2.990845230902499097e-01
-1.627568173382013539e+00
-1.723355606614094926e+00
-1.456224830921812208e+00
7.811205356940860156e-01
8.847234526004603694e-01
9.361350015014586745e-01
2.594936814955199900e-01
2.958210754512586860e-01
2.719444955359282545e-01
4.195525579659227233e-01
4.241815033318738770e-01
5.028366023902064441e-01
5.735105355835385943e-01
5.277104446223175316e-01
8.820343834767907509e-01
-4.160462906381030557e-01
-1.539959902939131986e-01
-5.820019092937176453e-01
-5.400866220817901464e-01
-1.358307316525347197e+00
-1.075880465810984621e+00
1.611224373689543299e+00
1.593598884533571791e+00
1.213930434194765873e+00
2.834133419469262449e-01
4.950201562897897922e-01
-1.206525046298212445e-02
-4.053918634216708838e-01
-1.092759887541307151e+00
-6.055571048149066549e-01
7.030137453436253736e-01
8.375201859752596789e-01
4.968637112997167371e-01
7.856352360470530982e-02
-2.124413443922206213e-01
-3.502059875950567225e-01
9.688733085565459646e-02
-3.829129134183562044e-02
4.141479782687076394e-01
4.769954968649954274e-01
4.647267657265965468e-01
3.341660383389291056e-01
-1.428737732627847201e-01
-1.612011824278072325e-01
1.756798850830132430e-01
-7.303808355822734022e-01
-6.786270716372935219e-01
-9.609502972154126965e-01
-1.074321648699573917e+00
-8.616065395249372649e-01
-1.121283608685561095e+00
1.653561234236198274e+00
1.575496736412607568e+00
2.044634314305767475e+00
-1.270231222527824722e+00
-1.156745439399115227e+00
2.936024495604057094e-01
-9.619797725379797271e-03
4.747489249150582680e-03
-4.727095039255058140e-01
-3.494229769975958355e-01
3.500393658677358744e-02
-1.019849002230701629e-01
4.519110916455701954e-01
4.682363654896168903e-01
2.367099843248907654e-01
4.239451204226338810e-01
-3.958641301803176304e-01
3.655307811534371787e-01
-1.757991754100355797e+00
-1.110640376891802727e+00
-1.312981661895029850e+00
-3.700003166471068639e-01
-3.315619227449007056e-02
1.287251296274090073e-01
-1.050439784187617853e-01
-2.698668496091105595e-02
3.974496704161629701e-01
-8.038977226492671768e-01
-6.956209248643259180e-01
-8.333855681209207944e-01
4.483441918531916315e-02
-3.643885585962878260e-01
-2.711845698434065532e-01
-4.428152836353302924e-01
5.043034444720539966e-03
-4.928435256678431742e-01
-2.884154907562010983e-01
-7.988864101028347875e-02
3.163185762920051047e-01
2.047087264614875224e-01
3.299242887056554885e-01
6.662511078933417430e-01
4.629483383002641617e-01
5.884648323643086876e-01
8.388426231442047687e-01
-1.500716808300337268e+00
-1.668562709774817465e+00
7.917008413021253688e-01
1.242026557150754940e-01
4.187282547021400347e-01
5.305173228015558351e-01
-4.223436794681130202e-01
-2.328776526912275102e-01
3.480246634605599354e-02
-2.067046204425341926e+00
-1.571384960052784718e+00
-1.083411550829118219e+00
3.308257443688855659e-01
-5.129217283791343007e-02
-1.526655964059053794e-01
1.463408434260911051e-01
4.009339653368226841e-01
5.410368870906139271e-01
-7.309437423092135511e-01
-4.097319445885259093e-01
3.112550545763639320e-01
8.397293096775149124e-01
1.237307389654185741e+00
9.792866595012172937e-01
-1.266303226503851187e+00
-1.546263611724492115e+00
-1.632941045481365538e+00
-1.572742020822652798e-01
6.396286440291039099e-01
2.292181513613398280e-01
1.135925707265529994e+00
1.175215790365208512e+00
1.789842664070309119e+00
9.127774802983044111e-01
8.315976143990151392e-01
1.007155655424772256e+00
-7.670226593365336853e-02
-3.686159952734455736e-01
-8.453933625379228545e-02
4.382853747830184332e-01
3.748650864197520249e-01
1.132520297871462134e-01
7.716599188075923266e-02
-1.815727806369702435e-01
3.789887926140762531e-01
-5.348136036056030385e-01
-1.251446673299287049e+00
-9.520893999867809931e-01
1.998288264225136501e-01
3.241790712529923901e-01
5.053020716357932152e-01
-8.331296154491329986e-01
-5.689218050956981187e-01
-6.816816365304627645e-01
-1.829112572240248591e+00
-1.051916669807867688e+00
-1.309008806602479424e+00
2.147838787349041212e-01
1.123555152704086346e+00
8.663822030463155244e-01
1.806345453732922657e-01
6.499069064197389167e-01
3.412675177559747475e-01
-7.186784916889621400e-03
-2.892620892106934072e-01
-3.952197611719006076e-01
9.665009755009466019e-01
1.253816731835517118e+00
1.322766447493221698e+00
-1.946868892523765382e+00
-1.894220701948120089e+00
-1.960593778832465661e+00
5.126681171155413885e-01
5.884334896272638282e-01
1.005099147477304555e+00
9.970391145454149395e-01
6.179141307503921432e-01
1.022566334996697357e+00
4.371078117527371631e-01
4.316467215484811604e-01
2.462774194523307258e-01
-1.150777541436693863e+00
-8.887106395391635161e-01
-1.242774638696115153e+00
2.437179033364073710e+00
2.169668588412386967e+00
1.712703681683663604e+00
-4.681049006752200370e-01
-4.301011016842535284e-01
-5.872523781777263530e-01
-2.442852223895678687e+00
-1.954049049405168104e+00
-1.852063955997734990e+00
3.835088068112022519e-01
3.956666038201550606e-01
1.785139524249790277e-01
-5.439399709064822730e-01
-3.595197749855723046e-01
-6.194270281811706802e-01
-3.185805424707459643e-01
-1.265192693566610238e-01
1.112177255671702447e-01
7.916783816951245001e-01
8.110867468790492474e-01
4.745110709868720633e-01
-1.804131261643902029e-01
-3.247846798761426790e-01
-5.874456193489718814e-01
-1.463852345001888988e+00
-1.090502701126308871e+00
-1.580463532783544345e+00
-8.030038755336708078e-01
-4.971557778073756317e-01
-1.105042015244751319e+00
2.760773401456324549e+00
2.804562356890300201e+00
2.196289636758929298e+00
1.768532478559341037e+00
6.308893827953627742e-01
-5.545275828685136688e-02
-1.025892821552738532e-01
-4.749330461019272143e-01
-6.237266435823127786e-01
1.214868428808302703e+00
7.158671745549338716e-01
8.538917410084603254e-01
5.430293696842154461e-01
3.083699195522542347e-01
1.782240918807982410e-01
5.818734612222087321e-02
9.860182899865685968e-01
5.538365593574843260e-01
-6.087844517127325439e-01
2.565812919855336993e-01
-1.253547833571245773e+00
4.250113685152867582e-01
-1.416403885241250826e-01
-1.606725595137334928e-01
-9.772202102083848985e-02
-1.621239496136692715e-01
-3.843491802162106730e-01
-2.615341467344527437e-01
-2.119801639916203406e-01
-5.610682037095839902e-01
1.134543131207577105e-01
-3.231421301841836957e-01
-1.282534003458256633e+00
1.239215415865162484e-01
1.502986652049820293e-02
-4.129488690623923652e-01
-2.505777308710861462e+00
2.954325676417700386e+00
2.831208995867859457e+00
2.319908098166469479e+00
2.769244142616134496e+00
2.778956591345429494e+00
-3.686414030830555966e-01
-3.049180555785446778e-01
-3.729561798734706279e-01
-1.926918639829892976e+00
-1.997594506043776530e+00
-2.014950310935251121e+00
2.330776925292563639e-01
3.098013384470181819e-01
1.216831679786087861e-01
-6.081734594529395466e-01
-9.626577580984743143e-01
-8.355030059343162563e-01
-7.130550886275059952e-01
-5.252322796842974206e-01
-2.759249719213112684e-01
4.403954652897468236e-02
2.920279844291728821e-01
4.376469277869547980e-01
-7.706457797430488199e-01
-5.208360443864790135e-01
4.300477194017351401e-01
-2.163561741123764648e+00
-2.228271286643822791e+00
-2.137040062730741319e+00
-1.166683836348953562e+00
-1.274099674225503742e+00
-1.374167518061971460e+00
2.450099485886500617e+00
2.529586479593467274e+00
2.830957782299544867e+00
-1.052946931404548980e+00
-2.247181508544420225e-01
-8.527739326784464780e-01
-1.456709802448703517e+00
-4.131910662346252039e-01
-1.033898853652983618e+00
3.200603612188324121e-01
2.348141131605956389e-01
2.298933766134751977e-01
-3.925066836649739876e-01
-3.887605546670442891e-01
-1.623764770617519559e-01
-3.778734994338428521e-01
-3.103819491357406868e-01
3.532853357252729865e-02
9.131125920172209476e-01
-8.859120407612155468e-01
-2.230445346176255228e-01
-6.736145718537209781e-01
-2.102105723336245013e-01
-3.139838146748314962e-01
-6.442853988855521408e-01
-5.584552635839425960e-01
-9.297080628422782489e-01
-4.380391276597048744e-01
-2.446268192890519444e-01
-7.841298484411769465e-01
-1.046352577646727511e+00
-1.463703050480320789e+00
-1.253019815137060622e+00
6.493384344202097758e-01
1.691845907735003429e-01
1.412150170132120408e-01
1.838724511693770047e-01
-4.168618918898125969e-02
-3.680683948885139500e-01
5.970220105452255233e-01
3.126697524736341549e-01
2.870397737724017517e-02
9.033092183563447009e-01
7.109397441592570921e-01
2.489022582495308278e-01
-1.233551318152511955e+00
-1.067844958096571428e+00
-1.229054298377740828e+00
5.095320847897260030e-01
1.525211578591565420e-01
2.392885113948706177e-01
-6.043581638418835666e-01
-3.113058917951327942e-01
-6.895733441179681122e-01
-1.253745017149062946e+00
-1.102000329802109491e+00
-7.666765585271528849e-01
5.981331488177152877e-01
5.601633453835495047e-01
6.542255512971739684e-01
5.928190152200256691e-01
6.228700939409614890e-01
5.644650405932156723e-01
-1.423120877231360160e+00
-1.642302560028279235e+00
-1.237653529390927654e+00
1.617914958336046816e+00
1.210419783739446586e+00
-4.989685632768781076e-02
-7.126698224136633897e-01
-8.121386183349907917e-01
-7.763386155735667593e-01
6.460569500771971008e-01
8.577063911360838233e-01
8.352925001769349045e-01
1.055486617523897941e+00
5.695355396476937671e-01
1.059452223704821172e+00
9.319089079044351465e-01
7.805548660562213747e-01
7.149515799495533841e-01
-9.248252069026849931e-01
-6.664593764363782036e-01
1.064423381237715738e-01
1.989983905029394151e+00
1.871025180486570072e+00
1.806581922298683196e+00
-5.650665643334873423e-01
-4.161593966885925866e-01
-3.351700310666037019e-01
-1.877709350396473464e+00
-1.541652896295151454e+00
-1.425855237460692315e+00
-1.951023747212214943e-01
1.695676766171345662e-01
2.598395709729941494e-01
-6.638248649825744252e-01
-6.338587175788044092e-01
-3.997004944947759597e-01
2.148989650795627426e-01
-2.089082734493357130e-01
1.476832181082641249e-01
6.536851824064346950e-01
7.130452108713156711e-01
8.609201665139663007e-01
-3.937703705103090535e-01
-1.509851552566947586e+00
-7.953093945412579302e-01
-1.480530366232267303e+00
-1.197490423687587846e+00
-1.008369829893060121e+00
-1.270767107365252668e+00
nan
-7.981878820501573379e-01
2.228218024940477271e+00
2.807366345355871040e+00
1.963956702266293597e+00
-7.484524072096103708e-01
-3.996592383362873591e-01
-1.998287668325930966e-01
-7.029199630320976944e-01
-2.578949021556482535e-01
-4.949522734452398431e-01
1.034229817625713643e-01
-1.655168532124915437e-01
-1.691074513079215969e-01
2.579716098101543231e-01
4.385944796263210321e-01
6.319495433764243941e-01
-2.832364381125769270e-01
-8.089088404682907019e-01
-3.077982290245349084e-01
2.942928913393147994e-01
nan
nan
-1.912294995998835567e-01
9.443200801055695592e-02
-1.088685514926508446e-01
-4.980239652995184230e-01
-4.053115408816374554e-01
-3.217719782024182074e-01
-1.260090534672156926e+00
-9.717408524311519358e-01
-1.537729615113798687e-01
-1.286258605946627442e+00
-2.159809346522895357e+00
-4.648066555956100743e-01
-1.118782950434989321e+00
-8.123915726231007994e-01
-7.997579666272160992e-01
9.980026551451670613e-02
-2.886035627333471965e-01
-4.264219414148340270e-01
-3.624896380647686378e-01
-4.681058556549144711e-02
-5.907931603923799457e-02
6.203260208117122865e-01
1.111113445121647558e-01
6.684691885200018113e-01
-1.410335333386800283e+00
-8.957408767750831835e-01
-1.416088877599345430e+00
5.121329467471280594e-02
1.755704421928845349e-01
2.055512521000060211e-01
-1.834829025531040658e+00
-1.815981541477939665e+00
-1.730105732643741456e+00
-1.004853933078916128e+00
-1.304590820560256992e+00
-1.752772039063768217e+00
5.696265744815862675e-01
8.761705894623830204e-01
3.552772542598781058e-03
-6.707400004180690267e-01
-4.059887732110891712e-01
-5.168017025209352688e-01
-1.216672574617862823e+00
-1.079298001394201290e+00
-1.579548923732241317e+00
8.479596939966738134e-01
8.654940170462301907e-01
9.862542441812234273e-01
-1.050529111854168640e+00
-5.737879601380466710e-01
6.109184626126471507e-01
-2.934630236395636693e-01
2.740004519217720258e-01
2.010408270635464234e-01
8.792471914443762415e-01
8.535613766223382193e-01
9.534823034348267612e-01
6.018275741238561238e-01
5.624392057943854439e-01
9.072361851495962526e-01
-6.259447128338191391e-01
-1.308741643054953885e+00
-1.199048613371870964e+00
1.632228989121244922e+00
1.671110826576126307e+00
1.461851703947216308e+00
3.008367798973554663e-01
1.353171966308401863e-01
2.887239892585431456e-01
-3.914133751002260020e-01
-7.039451824417173320e-01
-8.076658567929486665e-01
4.416733388819511497e-01
6.085615308388772071e-01
6.511779437855182984e-01
-8.165136911775858763e-01
-8.787478975384557245e-01
-9.608668295678990390e-01
6.317320398435768425e-01
-3.086188972014438647e-01
-1.830078297865123105e-01
5.233177207099530825e-01
1.036336223317107397e+00
5.801708816356936360e-01
-3.079241438583912860e-01
-1.239351181345047515e-01
-2.352131318591301756e-01
-7.329067036898422316e-01
-5.898942606892378926e-01
-5.628504669265388394e-01
-2.345461754059480430e+00
-2.777084453014450727e+00
-2.517252115023354886e+00
2.180463164147446342e+00
2.212517751945186184e+00
1.768489161769382534e+00
-4.259159766854905271e-01
4.919566051453996280e-01
-6.069698347822818363e-01
-1.117498845585117362e+00
-1.536131713952887390e+00
-1.141073251508406106e+00
4.438714569192714343e-01
4.270315909549360356e-02
-3.161245410721269522e-02
6.771467272611064736e-01
7.635183804932488272e-01
6.522377495988624929e-01
-8.782965070007984210e-01
1.473238339308111655e+00
-5.877755546469698444e-01
-1.814105984251694226e+00
-2.105465205932568029e+00
-5.557065841620372204e-01
-3.758302885528932435e-01
-3.367548073708670486e-01
7.837323075460180810e-01
4.314669853893882134e-02
2.480283123200783812e-01
3.433108472762969043e-02
-5.850832697355099477e-01
-6.824946259037911744e-02
-2.970351999737492754e-01
-4.010301410922485488e-01
-5.898105228559806790e-01
-5.007536341000937696e-01
6.430758987473783606e-01
3.982958446762512317e-01
1.673332442405861542e-03
4.933235294434012985e-01
1.462267748326775418e+00
3.637913025110321996e-01
3.046268558006026694e-02
7.310570738071535679e-01
3.427312385854439647e-01
7.837891206063423155e-01
7.836773272874628660e-01
3.590182462971647226e-01
-1.227174814586631912e+00
-8.597523095134080862e-01
-9.578847022964795954e-01
2.901994840474011461e-01
5.280676075654193724e-01
4.235801108109136237e-01
-8.250538025399296593e-01
-5.049132645134282171e-01
-2.413819784775239619e-01
-1.400960713065005026e+00
-1.332033657563919560e+00
-1.664673837095852926e+00
3.901465644666002319e-01
5.377124123129704003e-01
4.262597231811056098e-01
-9.245248206893608156e-02
-1.244511690291094652e-02
-1.918365291404811046e-02
-4.008170328588538389e-01
1.514716804127624883e-01
-1.872309476639877346e-02
7.636920408194498577e-01
7.407018771828202119e-01
9.671223515182640895e-01
-2.525562181137792628e-01
7.135618490624051624e-01
1.021943285687099134e-01
5.605679957676961145e-01
1.687874667781499305e-01
6.526449393259787790e-01
1.550797715355535900e+00
1.431314658403096018e+00
1.014936651115111665e+00
3.123152432484763708e-01
5.452488151845362729e-01
4.530976961315649199e-01
-7.779071881645704956e-01
-8.330706213787419934e-01
-8.495471784155514960e-01
1.159398688592494508e-02
1.904551519398189896e-02
-1.796236214880022608e-01
3.085911268560677101e-01
6.863313283747549676e-01
4.685071654253594176e-01
-7.683610760414723018e-01
7.406126727999584602e-02
-5.537433017068211782e-01
5.411186806088075230e-02
2.631622163981837126e-01
2.059262715195830928e-01
-1.973934582048426867e+00
-1.522840041977958636e+00
-1.567201295775810799e+00
-1.277884823172389606e+00
-1.569628554365463780e+00
-1.396627341511786691e+00
-4.053281154063581582e-02
6.357746159382426931e-01
-3.888126763722032919e-02
2.459428420248466196e-02
3.116656447309518185e-02
-3.728067900860017048e-01
-2.657235256462227024e+00
-2.595333206688250183e+00
-2.457376274787898218e+00
1.162591363454724913e+00
1.407690845959045589e+00
1.152373069910911596e+00
-3.483949350731583294e-01
-3.386824863438575584e-01
-4.294554309229741129e-01
-3.068191035912999354e-01
-5.738618845010945435e-02
-1.122356049323713911e-01
1.598509560267665108e+00
1.633343357323351341e+00
1.630495131889451166e+00
1.949170257606964718e-01
3.414152156936753890e-01
3.403254848724137638e-01
-2.184876837497046864e+00
-1.596745343542283146e+00
-1.283007486081583881e+00
2.317782286272412229e+00
2.303515266144176898e+00
2.529042934591216429e+00
-5.924117293630262182e-01
-3.552939843684095322e-01
-1.202887163595982578e-01
-1.475598405118799139e+00
-1.567912887076128525e+00
-1.105673603998114984e+00
-5.371493475182287369e-03
8.598533733836921655e-02
-2.885446562259379455e-01
-8.539021279814211773e-01
-9.036245056010892007e-01
-7.711600139303098622e-01
-2.363737110721131351e-01
-3.903496839829485587e-01
-3.809797992449763804e-01
5.917743744023309382e-01
7.887550561680547467e-01
5.354926630963188217e-01
-8.724576693267378502e-01
6.126364605856693402e-02
-4.681052027200069965e-01
-1.618732996794278289e+00
-1.751983857381187670e+00
-1.145867761967550802e+00
-1.962952562148401192e+00
-1.468969030705849610e+00
-1.272844758416691313e+00
2.454750728828654083e+00
2.392353489127958532e+00
2.743202429227371120e+00
-5.733994361584020538e-01
-8.063934688486078528e-01
-8.091275062636764659e-01
-3.793370205199479983e-01
-3.442585367763273396e-02
1.953838628973922908e-01
3.925735009074760029e-01
3.974900558687930463e-01
1.133609128934494947e+00
5.042493126038372075e-01
2.181578847227996221e-01
1.086010230883651673e-01
-1.165334608149257711e-01
-1.168695503662844359e-01
-2.940827712841862507e-01
-1.600961606207689236e-01
1.111066841999064359e-01
-8.965954736539583081e-01
-5.350171387327673500e-02
-7.684667578245729658e-02
1.209333215553161089e-01
-1.153131642795822476e+00
-1.170024985772359472e+00
-1.044240490012796396e+00
-1.053217189129543208e+00
-6.984858588491467124e-01
-1.402790642491367645e+00
5.821254927764809572e-01
1.823925888993643163e+00
-9.727984504031006452e-02
4.336811617478240066e-01
-2.314571559420346425e-01
-6.302346096536171061e-02
3.516961301798628980e-01
1.054727309914696320e+00
-9.144980496454202523e-02
6.988641923706593317e-01
5.770448714046305660e-01
6.852484534487506274e-01
4.879794446422600629e-01
6.861552612310326538e-01
8.242233413351418569e-01
-9.913090948598699548e-01
-5.028381553598859632e-01
-4.379898333651111031e-01
4.119425070994222615e-01
3.521925668650416341e-02
-3.703517015899882026e-02
-5.377790391100831791e-01
-6.501329948972274231e-01
-6.588782608005230301e-01
-1.769846595690069080e+00
-1.922571156049551755e+00
-1.201544243756723418e+00
4.180882653252022685e-01
5.963045722160189577e-01
3.647269648393058894e-01
5.793583493701652820e-01
6.785769876297074177e-01
1.345526107492083234e-01
-1.403658084246599991e+00
-1.219633960883152124e+00
-1.200916209852256777e+00
1.429536551970477909e+00
1.472369725764511195e+00
1.350381010305660823e+00
-6.663016513257602469e-01
-1.336406361753821326e+00
-8.067801986195983766e-01
6.697952032658505139e-01
1.094528412041997356e-01
4.251527795160332523e-01
1.271630933897675675e+00
9.747576843272494074e-01
1.122180476488289891e+00
1.043116383243330780e+00
6.058925529016061517e-01
5.711706166661767448e-01
1.696385662564825481e-01
-8.435048106774178933e-02
-1.751862291017625139e-01
6.276147035588066636e-01
8.876572897658014938e-01
6.906210414606515080e-01
9.065314518020768375e-01
1.111551308042555419e+00
8.471270429761448284e-01
-7.980915967460275873e-01
-6.705571438631299230e-01
-1.063539909652179816e+00
1.076937929063628729e+00
4.470916432099474314e-01
7.357792293347786838e-02
-2.103773676439726792e+00
-1.779915887203027403e+00
-1.695718640278241374e+00
-1.387117433258532762e+00
-1.213429481603593540e+00
-1.605658606105083264e+00
1.137019823048404987e+00
1.299898615359108334e+00
4.529730869902124368e-01
1.684522798601184590e-01
2.723098620022343930e-01
1.728700522693409347e-01
-1.515026964997237435e+00
-1.454154801886050175e+00
-1.273868398164456739e+00
2.533766788355401367e+00
2.168029609966175109e+00
2.184713232888595869e+00
nan
-8.296880689039820567e-02
7.808694849589672415e-01
7.917408449634950607e-01
1.082975772323611530e+00
7.176264905273201933e-01
1.655356975232636252e+00
2.039785126740854437e+00
2.275589710413369104e+00
-9.281258693608407384e-03
1.297462104209081701e-01
3.858990858184809802e-01
3.826494980186621042e-01
-4.976874244718145768e-01
-3.081653783769682242e-01
2.005530468854652248e+00
1.542124190758876523e+00
2.071005746389492863e+00
-1.905778019546562341e-01
-5.107923945502279572e-01
-5.151024852559560330e-01
-6.450229927678257091e-01
-1.139286660848076504e+00
-1.257931782805859822e+00
5.078794201492113913e-01
2.380749996254158951e-01
4.349779369574791055e-01
-3.220880603685603027e-01
-8.795737879655454172e-01
-1.078134704592980775e+00
2.420744487996965510e+00
2.385071034180591631e+00
2.470928639905200619e+00
8.921104420754639719e-01
6.356622053964109398e-01
8.164635547554599526e-01
-5.253616372761942266e-01
1.898847336998166213e+00
1.916597342418686623e-01
-5.125497494961339662e-01
-1.027747874291324415e+00
-1.644710828450845597e+00
-3.910461618403959783e-01
-8.802436907839203961e-01
-7.775757157338727410e-01
1.632604052712148146e+00
1.620879617699359621e+00
1.826162319053759475e+00
9.065133484513161477e-01
-8.905434435510355407e-01
6.116348467740921890e-01
-2.807215735269643631e-01
3.068237552384434075e-01
-1.984389181277443903e-01
-1.138238798648327776e+00
-1.478885421189680471e+00
nan
7.175589396978661050e-01
4.347751564738557839e-01
1.990615594932303445e-01
-4.653216147377983170e-01
1.317698269427625135e-01
3.875613912787243542e-01
7.578368364206995444e-01
6.293818682600740289e-01
1.599888921338719072e-01
-3.038733739423049585e-02
-1.248866153076724217e-01
-4.932110245365257661e-01
-1.683454088965818940e-01
-4.531807689249633952e-01
-7.551459404210345561e-01
-3.789879142207412954e-01
-7.671138850792229569e-01
-6.495465582357562440e-01
-6.238373226978164432e-01
-1.003505773037065563e+00
-1.006359423660441621e+00
5.066233520125220657e-01
8.052313065029079731e-01
9.046574312081920866e-01
-1.442336660150342675e+00
-2.008028694854374407e+00
-1.852635612972158841e+00
2.796074426203432495e+00
2.918832942404331554e+00
2.251107918160600185e+00
-1.301858335769066066e-01
4.997496354330799306e-02
-1.973100401397096526e-01
-1.100623520431002422e+00
-1.190328806676485440e+00
-9.789836314278308471e-01
6.314934463681960430e-01
6.456649353438890238e-01
1.239577477529150151e-01
-1.405408278140082068e+00
-1.209232621431878263e+00
-1.001078998663719410e+00
1.035884352978173162e+00
6.103066381241704086e-01
8.052030401873118137e-01
8.308313461104295250e-01
8.248429523520703910e-01
3.663216655134191591e-01
7.730368635636697405e-03
2.522646208854193439e-01
7.771163007782311283e-02
-1.048559525122347402e+00
-1.536186969781790035e+00
-1.582067272562432958e+00
-7.123730809242987405e-01
-4.429289625408205922e-02
-5.081296314212102594e-01
2.324546718099808729e+00
2.463006077136790317e+00
1.835007039434554343e+00
1.030985689675512518e+00
2.141641228716972378e+00
6.459679480260360762e-01
-1.519786028599665606e-01
-3.633340198067265270e-01
-4.287119144399920145e-01
6.453729926389675242e-01
4.997099020497151045e-01
9.980699785504709709e-02
5.291867556748131030e-01
4.409887501080897998e-01
1.326931257432328870e-01
4.334744194132600370e-01
4.366553181566548147e-01
-4.789546114863734161e-01
1.263672179918766680e+00
4.318194583374634909e-01
-2.496081190990282472e-01
1.206508293802039944e-01
3.417594242785439995e-01
-1.544895600437521388e-01
-2.933489908143172009e-01
3.101065259805357854e-01
2.702896033574559986e-01
-5.837517774493208300e-01
-5.669425480169252296e-01
-8.439563835726349161e-01
-3.943368113250440565e-01
-3.469423401061666468e-01
-1.037504953732854673e+00
8.491699308618980702e-01
8.212003571016097681e-01
5.268699193539356784e-01
