-2.357759718761527346e-01
-3.521576781489925700e-01
-5.396478137827025456e-01
1.122688900815780322e-01
-1.732727441245960343e-01
-6.781815837045512829e-01
2.211614293606113613e+00
1.042495842786295590e+00
6.482779438938712779e-01
-3.313512839175447589e-01
-4.138619897701860673e-01
-8.769542512425765324e-01
5.924863019162196487e-01
4.721365645978132797e-01
2.934389008087490147e-01
-4.251566827637534018e-01
-4.667738304606432465e-01
-8.070331651566626796e-01
-1.183593025535920384e+00
-1.223763792885258050e+00
-1.467358273119424572e+00
5.499512894942903962e-01
5.550370128965242955e-01
5.832764548739808319e-01
2.293686293490861949e-01
1.792635106593705174e-01
1.891853046867550958e-01
-9.874181324235453694e-01
-1.128616685980038170e+00
-1.322387158689157571e+00
1.434622409811873389e+00
1.574911419169017002e+00
1.234285730974122863e+00
3.821800673063480147e-02
6.708045601060641516e-01
9.610387318219375530e-01
-5.844209035349212655e-02
5.373997332563074103e-01
-2.898997425820724061e-01
1.556917701044118196e+00
2.052478718090763543e+00
1.411129556013183795e+00
5.610846160129834281e-01
5.357249767628204928e-01
2.475924395185247207e-01
-4.962966953358618483e-01
-4.663827686159862651e-01
-1.905066733950935287e-01
1.179218733860496471e+00
1.665205505844133960e+00
1.597623050100482445e+00
1.850413738294549582e-01
-3.174131730151592556e-01
9.116644471689605567e-02
-9.760751967633400916e-01
-8.890913237472291009e-01
-1.163487896366037333e+00
4.017522554509582733e-01
3.184500215735512896e-01
5.917485618879569920e-01
-7.948089672655642701e-01
-5.238687873885501389e-01
-2.123700968673025713e-01
6.598973421798337569e-02
1.128317864009455995e-01
1.639398508409497524e-01
3.170462092872705639e-01
5.404808726433634192e-01
7.033815540659404952e-01
-3.900019902279376893e-01
-8.131411133621657683e-01
-6.462516700848475182e-02
-8.685244236996041423e-01
-6.904233268538346735e-01
-1.221502509578440421e+00
-9.232026080215738340e-01
-4.854331240788329893e-01
2.619394641206702623e+00
1.320604822324077610e+00
1.373755996405749968e+00
1.423108183501881285e+00
7.855593551737278801e-01
1.339925913993718076e+00
7.652821261921811669e-01
-4.604595218974041337e-01
-1.485977118919983297e-01
7.660391314804249063e-02
-8.053838063151719240e-02
2.656951905056774699e-01
9.912172526551943363e-01
5.312057031626986614e-01
9.377331269899382704e-01
9.170307707805651631e-01
-5.802176998982373490e-01
-6.314325916487106838e-02
-2.208485526255996589e-01
-1.160206828797049949e+00
-2.756151799050031936e+00
2.743784567431278631e+00
-2.989763546462640420e-01
-2.460685437867220493e-01
1.253157776072733043e-01
-3.379929489269235532e-01
-3.272523678783336720e-01
-3.694962804726520389e-01
-6.381145570360899910e-01
-5.856673043263391776e-01
-4.870563399792104953e-01
-4.693697500998172956e-01
-2.691383153296853514e-01
-1.765721754899893803e-01
-1.003999465448268680e-01
4.928759172512426900e-01
6.869741732474721196e-01
-3.427106909140276159e-02
-5.056728480634142819e-01
-1.127085965765604936e+00
1.535274886741002653e+00
1.640753125336826379e+00
2.063035410051479168e+00
-3.034732321745945427e-01
-7.164989329651203498e-01
-2.143114363705120873e-01
-8.254589627034869537e-01
-1.171388578159316518e+00
-9.632174779719457902e-01
4.277823014538433277e-01
5.515977438170014402e-01
7.770156166838484424e-01
-4.817899457288765674e-01
-6.468355015750151260e-01
-8.996076216712500795e-02
1.256230168562266769e-02
8.651462843016100024e-02
1.182900871612035942e-02
3.509827509665117695e-01
1.464676922569569939e-01
3.876830277711018624e-01
-6.650860694190590117e-01
-9.047641144632025956e-01
-6.174607667249611964e-01
-1.532834568929013486e-01
6.319555052571423914e-03
-4.247175172171724356e-02
-9.899589344394557067e-01
-9.206581979246002412e-01
-8.718627286509352814e-01
1.282177302192111235e+00
1.946460610376760769e+00
2.186468188843036842e+00
-8.518363784985405474e-01
-8.141823297568731022e-01
-3.561987441512575181e-01
-1.932981757209528695e-01
-3.281808598938469324e-01
3.122706730566968680e-01
-1.917729511375494411e-01
1.962272863107159537e-01
-1.373531520049406929e-01
4.708474699709355171e-01
2.859877965950667900e-01
5.466721762720161415e-01
5.986971902463578132e-01
-1.021853450793046569e-01
-6.561237768123051595e-02
-9.858318572608597563e-01
-1.083946961932107822e+00
-1.318684557204043761e+00
2.563739591473539470e-01
-5.430985302297308692e-02
2.115920383566920471e-01
-8.640381764713516155e-01
-2.085129313981830101e+00
-5.253330521917134455e-01
-1.309882602120953088e-01
-3.798728653107539266e-01
-1.236750313250094768e+00
-1.093494777476482049e+00
-9.486781637480521390e-01
-4.780855937925405641e-01
-2.321914062645928922e-01
-7.361129086775108910e-01
-4.104511944511650690e-01
3.244210146329722377e-01
-2.649962653118871359e-01
-3.883725256326231445e-01
3.817515201038483852e-01
4.310100141059733936e-01
4.893494412116594638e-01
9.432585153470638417e-01
6.089851058627235858e-01
2.453134848888476327e-01
-2.300266430384585892e+00
-1.493188647174015893e+00
-1.092667470090180615e+00
6.447182057399607480e-01
5.445391850417355961e-01
5.301716318319038557e-01
-2.472242380353790736e-01
-3.270266711935292392e-01
-5.032578339462729922e-01
-1.760650896429953871e+00
-1.918367467434354934e+00
-1.739228172275016249e+00
6.310809029680801707e-01
5.708199801130757756e-01
7.763608462672300092e-01
2.596438232025772841e-01
-1.243009403821471182e-02
2.857319406574632126e-01
-1.300885362427296466e+00
-1.630003374622584156e+00
1.084276801007767688e+00
1.316848852245892765e+00
1.307986622292502510e+00
8.986479807135117071e-01
-4.417801092639477289e-01
-1.985213127420455415e-01
-1.870877220721358647e-01
8.105639643837641017e-01
8.507780827621580499e-01
9.003526436252764498e-01
1.155219891521767295e+00
1.328083700974747927e+00
8.626257615917500843e-01
1.931619695784889679e-01
-2.696340522969666864e-01
-5.066982862070990024e-02
-1.756073391055501531e-02
-1.725778325229381238e-01
-6.767077865598141173e-01
1.901525562473400655e+00
1.484913952829409745e+00
1.408179408787818332e+00
1.301749601249651001e-01
1.143604395365516169e-02
1.209741864834512626e-02
-5.935784740572627172e-01
-1.131622248358303384e+00
-7.067056316939201999e-01
8.241522069666467054e-01
4.887047187100650447e-01
6.760768203013221012e-01
-1.043771583002701675e-01
-1.764938074245159250e-01
-3.431849443711270098e-01
5.540238267209032230e-01
2.703337043771334436e-01
5.439733601814955577e-02
2.774673364078701354e-01
2.626864702314350986e-01
1.835506212317166153e-01
-3.439904895433074650e-01
-1.427389181454396416e+00
-7.343391150963096692e-01
-2.211175415485082674e-01
-3.428119104970273057e-01
-9.518973800525953877e-01
-3.265163752977700007e-01
-8.715054635338601585e-01
-1.243157247908049934e+00
1.459352888799551273e+00
1.643880367397827946e+00
1.607192208025082003e+00
-3.962650600227513031e-01
2.151406242922919709e-01
9.923841507957433805e-01
1.433636679994521046e-01
1.484582219137116077e-01
1.396990909684077131e-01
-6.858624857380655193e-01
-5.802455954633680690e-01
-8.371888706626071652e-01
1.029519230413092679e+00
5.741542465626046088e-01
7.732742728115553632e-01
-1.702098676734387084e-01
-5.233161863571700323e-01
2.599854899019758747e+00
-2.154833329452139790e+00
-2.128127027070945143e+00
-2.552127268106922919e+00
9.308402820308758763e-02
-2.383366560833590775e-01
-2.498665239535364790e-01
3.710074153926519180e-01
-2.510820463396292723e-01
-1.149870498039580191e-01
-7.143087182483038866e-01
-7.110243793764676745e-01
-3.532704268080415488e-01
-4.850025285872852088e-01
-8.646709789260857981e-01
1.890551517416549920e-01
-7.862777624276473531e-02
8.107389926232277944e-02
-4.738106780670703344e-02
3.923257743182531065e-01
3.301510720885842964e-01
2.505649779707375124e-01
3.962614519710720984e-01
5.414059112509095328e-01
2.878544795654174315e-01
6.871666668393960897e-01
7.429262282966826447e-01
7.825095302075744108e-01
-1.406613979962508143e+00
-1.251591074266831471e+00
-1.083574878965807287e+00
4.420660435411889466e-01
1.554791971597246913e-01
2.550789703484066528e-01
-5.687332747236268915e-01
-3.485963586385913970e-01
-7.185695380636194507e-01
-1.784774009560236463e+00
-1.785890751282615652e+00
-2.204811308381608992e+00
4.926018223361934290e-01
3.933077106855336069e-01
1.268423362447750335e-01
6.285920548331618285e-01
9.782818585449915005e-01
5.708621683596546426e-01
4.297147144571233923e-01
6.248951417501933392e-01
2.148848128982376871e-01
1.105981411335231535e+00
1.421516648487365586e+00
1.356807102784526542e+00
-7.966676420308616002e-01
-8.124385036118484393e-01
-9.173422066238430261e-01
5.119033923193434532e-01
2.346114442327702498e-01
2.289370671197570317e-01
1.120928613595363110e+00
1.385679475000267225e+00
1.280775771988272638e+00
5.652025195737535590e-01
9.032710830061194685e-01
9.095293461335511864e-01
-6.243092083965886552e-01
-2.149332065776574652e-01
-1.274034378485979779e-01
4.122996790974085002e-01
3.500015858023566295e-01
2.196244388111594503e-01
4.066866280437948511e-01
6.492411753283802156e-01
2.499270629228513840e-01
-4.538765606052188595e-01
-5.115867756896945728e-01
-6.870599764444174085e-01
5.143944084453409005e-01
2.463760236549084048e-01
3.611675351569689774e-01
-3.854993908985222539e-01
-2.952476346774193239e-01
-4.282315840044099708e-01
-1.426818531111612609e+00
-1.522979648040689415e+00
-1.362039203900341278e+00
-1.576409107244582941e-01
5.050339391237779196e-02
4.902284624678880931e-01
3.868250615820505445e-01
5.089310562060949117e-01
3.878197157026082031e-01
2.519155708399392068e-01
4.852874348485753941e-01
5.571925563097699374e-01
1.469751435197588663e+00
1.156175207856144027e+00
7.005019979435531674e-01
-1.301211789476099279e+00
-8.875573080051486485e-01
-1.079424035221328459e+00
3.249244894134171169e-01
1.150430923532219651e-01
8.078565099500885083e-01
9.518591385995449627e-01
1.394625206577075893e-01
2.052894084300232791e+00
1.005830785129228744e+00
1.015754259272185323e+00
1.031161745226598647e+00
-2.879418979708128212e-01
-5.370276472984811811e-01
-5.270736471356656239e-01
2.005588893992939603e+00
2.282940322976230618e+00
2.164147412955483851e+00
-4.399260553053054856e-01
-2.783260698307628012e-01
-4.104526185320622744e-01
-2.027015546477345609e+00
-2.392674013949389611e+00
-2.368371859080008690e+00
1.682521253319539944e-01
-3.969992864312210656e-04
-8.754667189195197707e-02
-3.963018677597487383e-01
-6.009904649628783346e-01
-4.472167456407918351e-01
5.230744086286032157e-02
7.091095141483538811e-03
-2.447483402882157932e-01
1.154699840104143505e+00
1.154122197594043442e+00
1.100789724578474349e+00
-4.380902645124020722e-01
-7.112128431807640538e-03
-5.709876964380908859e-01
-8.683416649247726049e-01
-1.141244384821542113e+00
-1.232838604330558585e+00
-1.389174849938021428e+00
-1.317142133679838123e+00
-1.955898643364140099e+00
1.773941076081626100e+00
2.160618680710629569e+00
1.935446522483859511e+00
2.419085503376638968e-02
9.941402303115243200e-03
-7.918899273826340846e-02
-9.261207656717207470e-01
-8.010433561142655812e-01
-1.574778803051788856e+00
1.029141408641984334e+00
8.236315366280249073e-01
3.842998840359190815e-01
7.943534225898725154e-01
2.664207075141979963e-01
3.750726204332655023e-01
1.715855356501769791e-01
2.035688283096759754e+00
1.516375505489571118e-01
-6.804629652067757384e-01
-1.436951641152036885e+00
-8.407523289999794258e-01
5.293547470895232365e-02
-4.309865711860756399e-01
-3.671666029834597111e-01
1.756919096691720306e-01
-4.699246610143616998e-01
-1.349749493988022797e+00
-4.345636137259405452e-01
-8.671318264866116898e-01
-8.930723681267704883e-01
2.664186252012097356e-01
-9.441867313323548672e-01
-5.992009030109834988e-01
3.437150815922951352e-01
-6.967197599508700989e-03
2.897083454799056490e-01
-2.630246753929615711e+00
-2.683463282754754875e+00
-2.779825727338220531e+00
2.801742394816616688e+00
2.786333495219522227e+00
2.783485269785622940e+00
-5.218747922206610212e-01
-5.657336186991024363e-01
-5.658184957954510708e-01
-1.672683759161568195e+00
-2.036588563648694006e+00
-2.056958929897688471e+00
2.470294379035253840e-02
1.681237685167729090e-01
2.544563302238844749e-01
-1.227596270112479182e+00
-1.235657175309639255e+00
-1.131928080485499422e+00
2.485969613359784169e-01
-5.566899331642876092e-01
-2.702837747767983245e-02
4.613747816823674519e-01
4.166367077148254161e-01
5.578594152721390032e-01
-4.510953932924541832e-01
-6.004638828662480776e-01
-7.581224173613043682e-01
-2.208459315573473969e+00
-1.858541007149582702e+00
-1.567029833435606534e+00
-1.224079281344157222e+00
-1.243381990201987586e+00
-1.385088468638219661e+00
2.132823692387947112e+00
2.561183410923303150e+00
2.324204219147549821e+00
-2.192253480601320526e-01
-5.064472366828680627e-01
-4.498206700156885951e-01
-8.140988760378631284e-01
-3.952224663249181980e-01
-7.900893329624216754e-01
-1.605644368301861746e-02
4.771163535436730996e-01
-4.348286090161002093e-02
9.523112960719926079e-02
-1.001094279343535121e-01
-8.443065827990015038e-02
-8.419207698637816151e-01
6.675912824761498499e-02
-4.816619794723853154e-01
3.021682358611386121e-01
1.794040235227621238e+00
1.012430212686684428e+00
-2.099304493625497869e-01
-3.407091411527680691e-01
-3.465719283840069664e-01
-1.298187260235314167e+00
-1.271643508046629512e+00
-1.068182659867903617e+00
-1.421470275657779947e+00
-1.187989416849592583e+00
-8.052877485447793582e-01
-1.594493562401365194e+00
-2.910316748402048681e-01
-1.097763046729967051e+00
7.417918320041918534e-01
1.442341359726311723e+00
8.993841452622026722e-01
-2.397021609768898998e-01
-1.648191375570773332e-01
-3.263183396478366305e-01
2.967352464614707586e-01
3.664490688053070322e-01
3.229718936602927748e-01
1.026510415659789288e+00
3.921501416634742831e-01
8.089250537138257258e-01
-9.235342481880524090e-01
-7.146384938282008825e-01
-1.171071987845676787e+00
5.176098708531391424e-01
3.486225739126571632e-01
2.047566264923630364e-01
-7.974680714700399520e-02
-2.047717438331804196e-01
-3.722131111224915578e-01
-2.030346545855974405e-01
-1.036819786218939221e+00
-1.087978296897208264e+00
1.002573162926925221e-01
-1.335623833191639243e-01
2.120839161040570353e+00
2.990058291603063800e-01
6.842824349726388533e-01
6.442905003425369870e-03
-1.231367386493946947e+00
-1.565624168471780209e+00
-1.586395509879569454e+00
1.228640648655120238e+00
1.012454203573126321e+00
1.068496215837017260e+00
-3.866137385114041258e-01
-7.179719036059872828e-01
-5.565651592104190470e-01
5.288178565884789073e-01
7.394044713636924726e-01
1.027094301373031371e+00
1.400866815523380104e+00
1.059846593380185276e+00
1.211591280727694731e+00
8.925459942480413744e-01
8.225464724533861904e-01
6.536074861660119417e-01
-8.269045219154986803e-01
-1.490758225208920429e+00
-9.346564503653165268e-01
1.828893021530415552e+00
1.815577567628618105e+00
1.990672226177117032e+00
-1.305721480607053842e-01
-1.518426955316982685e-01
-2.793032759047209268e-01
-1.416157149042015284e+00
-1.416859592385414146e+00
-2.317953029164489198e+00
5.095512079619703982e-01
4.542621680245644278e-01
-2.497856924423520475e-01
-2.511022837965728449e-01
-4.414185711206455309e-01
-4.074744884957159918e-01
1.455533390739938149e-01
-8.651010029585570749e-03
2.981737186818103069e-01
7.326601842185365143e-01
6.345601792084805126e-01
6.395100390197074880e-01
-3.959687258472097682e-01
1.445351696656731022e+00
1.712863436684841645e-02
-4.152807623997887276e-01
-1.312972349612356426e+00
-8.659914316164214476e-01
-1.051949933990594221e+00
-1.288636043330906977e+00
-6.378581867352917101e-01
2.132076294120445858e+00
2.450205629750359826e+00
1.950373396554375027e+00
-5.216278037058579287e-01
-3.224061835328342340e-01
2.018752167573230061e-01
-4.533291375919072941e-01
-1.705266983538886727e-01
-6.260302186730726248e-01
5.962198608492474960e-01
9.944234942691672074e-01
5.841907367916743254e-01
4.422992659632396517e-01
2.407307080699228052e-01
1.235803484119237794e-01
5.595386289616710584e-02
-2.721111503886990413e-01
-3.895755280733186332e-01
1.096187028503673666e+00
9.895209729023823897e-02
-7.831433189446626031e-01
4.629197062509002869e-01
1.158566725979777168e-01
1.195504649579475220e-01
-2.181305130059079112e-01
-3.538078679959708595e-01
-6.826055879787076286e-01
-2.161417405989181084e-01
-1.200223208741277858e-01
-7.016036085228822827e-01
-1.075442453429795719e-01
-2.150647554711162535e-01
-7.517416328536246084e-01
-7.983813243341386645e-01
-6.651555796629571304e-01
-6.994054905057911498e-01
4.558299984307114805e-01
3.740779015686039877e-01
3.566136189964148606e-01
4.379024910061812825e-01
4.258621355066427583e-01
4.125086192528080176e-01
9.904008706391129735e-01
6.263761710851172282e-01
1.192583579241059510e+00
-6.391753193235603092e-01
-5.224687640156164825e-01
-2.005093744686301527e-01
7.681340343558069605e-01
3.749914059518801857e-01
4.441957752031209239e-01
-5.052328572484583447e-01
-7.495885904345618300e-01
-7.345093080783673400e-01
-1.478513822736531091e+00
-1.412849280005471053e+00
-1.187321611558436629e+00
7.724160817386476197e-01
7.547805167726480136e-01
1.085932035587682698e+00
2.556014333978091635e-01
5.317714558412300896e-01
-2.939873579317886509e-02
-7.123126989247325902e-01
-7.783639528352201964e-01
-8.400760649546579195e-01
1.388060397217928177e+00
1.502026441536188806e+00
1.523500248842617033e+00
1.227740519762072324e+00
5.740209967647325051e-01
-2.167240625609596627e-01
-1.191063144109545391e-01
-2.456853365829125835e-03
6.539590328585136447e-01
1.832936638547146835e+00
1.795832029031287469e+00
1.998522108090701188e+00
7.721877054351220515e-01
1.296602325152583113e+00
1.131150463261756833e+00
-6.158615319582310121e-01
-3.550578244301085817e-01
-3.518608456622271952e-01
1.264555128141299889e+00
1.865747871883850273e+00
1.777843327669557993e+00
-3.067433407364545950e-01
-1.899634633955340490e-01
-9.562309271897317942e-02
-1.144749651967437387e+00
-1.080711522366462951e+00
-1.521343348216160241e+00
7.963350642485598208e-01
5.957852096865412506e-01
7.474074884160475385e-01
-7.888638841292627824e-01
-9.891363570523368232e-01
-9.304892354750835537e-01
4.939364027591119921e-02
-1.956550190319616966e-01
-1.116588867405243768e-01
6.319577084022656166e-01
4.194647460583329490e-01
5.731490682301805251e-01
-7.737910751159131628e-01
-3.401027717473348311e-01
-2.925325946950927403e-01
-8.404882549603356345e-01
-5.446847521577651285e-01
-5.417363699570012514e-01
-1.842871922525031181e+00
-1.261820742927087569e+00
-1.774273457099898144e+00
1.147029086685638077e+00
1.363988191104175129e+00
1.462026110168006987e+00
-9.596471836199742533e-01
-1.248946051663557544e+00
-1.052788332853304976e+00
-1.077382569335103124e+00
-9.702168412700693523e-01
-5.461326057574695803e-01
-8.126872961144213647e-01
-5.986563990060669305e-01
1.498962182756491401e-01
5.734249666035569071e-01
4.597374080913168015e-01
6.844785103294519502e-01
-5.234149697466823348e-01
-4.717543374392763056e-01
-4.809845758854227604e-01
-2.352919029929529948e+00
-2.263573759012826869e+00
-1.638660044285201511e+00
-1.102106590518792117e-01
-1.544403067818107544e-01
-2.316551939193245424e-01
-3.886808054568509085e-01
-4.340723159007300325e-01
-2.489889249351708855e-01
-6.991388016223294422e-01
-1.239643302353471865e+00
-1.043158482691319833e+00
nan
-5.760535939990996113e-02
-1.565004935061651281e-01
5.873040844703547592e-02
3.977190790261491138e-01
3.961691696858102851e-01
-5.116399585466919753e-01
4.935451552577605483e-01
5.985657644183564052e-01
5.502753226830279232e-01
3.646726383363230184e-01
3.876361573200242105e-01
9.376375430094263663e-01
4.415020954184325497e-01
6.378627307163142746e-01
-3.912817847757477097e-01
-5.203105949376642947e-01
-8.111456134451806577e-01
2.629050416235281240e-01
4.507551246795999944e-01
6.960007081099415238e-01
-2.516340037291957543e-01
-2.040328190523705842e-01
-5.623994050012441903e-01
-1.329429565737802799e+00
-1.478020130327487136e+00
-1.604486764784223807e+00
1.008874508646805168e+00
5.896343137605315476e-01
5.555005974679660952e-01
4.419395082301376121e-01
1.445258895772161267e-01
5.816537140633033509e-01
-4.043807730195001504e-01
-3.934896539676131511e-01
-6.491129159334896315e-01
1.490890379522761044e+00
1.070540657476325208e+00
1.040477197204160653e+00
-3.245756326598154828e-01
-4.647924144717237027e-01
-3.035597978513524531e-01
8.489502106115773827e-01
5.453788706700724020e-01
5.376913542476322583e-01
1.424946840111625868e+00
1.503046537807279037e+00
1.248580652351526155e+00
1.012822148867904559e+00
8.649642905615717581e-01
7.079333490798052075e-01
-5.802581444756129692e-01
-4.578136450266181434e-01
-5.710701964472724157e-01
1.469420864700001772e-01
3.079658011042152310e-02
-1.539302073685226979e-01
1.043146187831564653e+00
7.166721936908362345e-01
1.241246674162119312e+00
-8.598587507803818752e-01
-8.372716118356939852e-01
-9.714416854158711701e-01
6.580987212294804323e-01
5.226097770553899124e-01
4.465328207677798922e-01
-1.651495240430423506e+00
-1.652961791421371007e+00
-1.435495791652826814e+00
-1.537130302164985585e+00
-1.539978527598881319e+00
-1.643312146341191937e+00
1.285315987262793058e+00
5.625527208915492849e-01
4.487937432481747813e-01
-5.559878398347084527e-02
-3.954319562158037371e-02
-3.642586951496720182e-01
-2.225015622778254709e+00
-2.057603909771844375e+00
-1.962227663261045363e+00
1.376883300378283437e+00
1.322096687333796261e+00
1.364655299019078782e+00
2.339247548854030967e-01
-1.376689763474498784e+00
6.301698772512489555e-01
3.162599740291263117e-01
5.397102374503903732e-02
-9.257131412197328046e-02
1.565356216216849283e+00
1.361537204166128667e+00
1.358688978732229380e+00
1.254287238604190335e-02
-1.529660835142006015e-01
-2.100136175768283486e-01
-1.291392176265313774e+00
-1.329953491262181986e+00
-1.482045363346633282e+00
2.590745854672706017e+00
2.526401852827332206e+00
2.329434117592904308e+00
-3.250053077216774611e-01
-4.453965603036569298e-01
-3.024838713570918713e-01
-1.396797167110268800e+00
-1.420161969269569280e+00
-1.378648176638895828e+00
2.803668509645316220e-01
-5.567309739454895379e-02
1.831003734743199551e-01
-1.077180345659817018e+00
-9.066587719710224036e-01
-7.015707460111397786e-01
-7.652046009895236978e-01
-1.555360498355417231e+00
-1.000229320980636327e+00
7.963488781131764505e-01
4.249439713096094806e-01
6.239800358191023300e-01
2.944976091557252040e-01
-6.755994612952020972e-01
-2.912934526318773365e-01
-8.608227333662727965e-01
-1.802349027954050609e+00
-1.233515296960195462e+00
-9.324709115919627145e-01
-1.611141310460047160e+00
-1.660920781989428940e+00
-3.089714363348226023e+00
2.102650381831347559e+00
2.601943653025622361e+00
-8.245537865501546548e-01
-7.776834858985495202e-01
-6.230665323331230354e-01
-2.536188097632017246e-01
-2.269550179653134769e-01
-2.327721301606882065e-01
6.252096925797969718e-01
5.874334198141744068e-01
4.260923240755363217e-01
4.001119437639224508e-01
2.331653137214528826e-01
3.413648673426035174e-01
2.125060998687988700e-02
-9.626691190117098174e-02
1.613475687815202342e-01
2.946631624160201746e+00
1.418778767223696669e+00
1.221811032607194036e+00
3.280974125462923219e-01
-1.096269023060041370e-01
-1.973167723161535214e-01
-3.600181876101320455e-01
-5.101982209441771055e-01
-1.198973445324695852e-01
-2.805195867454757241e-01
-7.263560037367353672e-01
-5.068232025421828268e-01
-4.028814876243025367e-01
-8.763989660068443044e-01
-3.197262514288445878e-01
-1.726024612943124481e-01
2.083865299261655757e-01
2.283758938814317574e-02
2.553388326941612441e-01
8.202965211324730888e-02
-3.510958664979120236e-01
7.121884952664951918e-01
4.653814273424532466e-01
4.436807907193482947e-01
1.025801614794602301e+00
5.758734920992223394e-01
9.431918881321710302e-01
-7.124162524271469010e-01
-7.720124527737248776e-01
-8.558555291238452156e-01
4.879356030747468154e-01
3.728929971396097720e-01
3.319356505734876173e-01
-2.801496226273729739e-01
-1.906625845966538613e-01
-4.217496594122565057e-01
-1.949732376307140358e+00
-1.789008371369767980e+00
-1.794137889746080461e+00
1.187924030523925367e+00
7.569984123426323208e-01
4.004361847225252902e-01
1.232065827052806206e+00
4.752206219619186101e-01
7.353127291561780687e-01
-7.319301564218596567e-01
-4.432996103138244770e-01
-9.945164003762392291e-01
1.628938271536346960e+00
1.893781293382014397e+00
9.618086003545203155e-01
-2.630132743537090256e-01
-7.925282210668340710e-01
-2.509693496618092823e-01
4.541115012875343027e-01
3.360483525323068044e-01
1.335218583930597447e-01
1.692863131103884200e+00
1.535383390566117612e+00
9.781823363375030667e-01
4.131098721757306969e-01
2.295338357425049658e-01
6.779373641848107646e-01
9.849462606229630879e-02
1.240335243432864054e-01
-4.569825328072272264e-01
5.992887046930461814e-01
5.235257661883476743e-01
4.245255804741714378e-01
9.102909991775165466e-01
1.084611080743026257e+00
6.889905752283977947e-01
-1.719366890201916576e-01
-1.187643066325643204e-01
-3.903481563853472558e-01
2.631650636129028165e-01
4.697032769981821509e-01
5.017737254964047544e-01
-1.005086205571929625e+00
-9.738322012621201118e-01
-1.127408516505842062e+00
-6.288312112961977896e-01
-8.954535941628911644e-01
-1.325364741156822790e+00
1.528715792147637309e+00
7.719759008062392347e-01
4.726329618076987593e-01
1.746751144244931275e-01
1.419952888115405543e-01
-2.109189254432872751e-01
-1.395157942078050217e+00
-1.290549599947591330e+00
-1.729190415601623565e+00
1.964633986592980719e+00
1.700084115016577968e+00
1.547261440020845313e+00
3.688451937023851102e-02
6.620700021103358424e-01
1.174209417378828668e+00
5.894285758155413113e-01
6.327408279315944739e-01
2.764980349018992811e-01
1.996349688874253125e+00
1.792530676823531621e+00
1.865046496371653539e+00
6.975131773688723058e-01
5.424295807152632598e-01
-2.899883696583200887e-01
-1.281278958431069093e-01
1.239929167600837268e-01
5.604265203421925357e-01
1.301904857665081572e+00
1.688021147865223170e+00
1.413631247351642806e+00
-3.147795139649325336e-01
-1.836538811488650502e-01
-7.065686825014010353e-01
-1.107064970750775590e+00
-9.926958758421444706e-01
-9.030594947705057329e-01
1.164702996025752668e-01
1.845533106645165233e-01
1.013757488674311702e-01
-7.714018886712641354e-01
-5.489003420130713629e-01
-5.175305363792648272e-01
2.338579165372487445e+00
2.618901682287508415e+00
2.491085877029765250e+00
6.932564565106766885e-01
1.158947608517006955e+00
6.014161871588008523e-01
-3.931999896123703486e-01
2.487921864896756041e-01
-5.478854989205639292e-01
-1.315865244699075287e+00
-9.101094433940795092e-01
-8.893264917309102735e-01
-1.591362697943451865e+00
-1.097263488598135162e+00
-6.551536562782227513e-01
1.672235400909975134e+00
1.798689659046625700e+00
1.799243944095926473e+00
5.706642768474301519e-01
-6.678678702243199261e-01
-1.658793390831509340e+00
1.882754862932300988e-01
2.688444051757152842e-01
-2.333243490244929497e-01
-2.666721318983733546e-01
1.647253885976232013e-01
-4.607981580622233508e-01
2.105497479747202583e-01
3.653372984430758308e-01
6.829930655106952742e-02
-3.288474687945108776e-01
-1.661137967424672901e-01
-3.861877536166429259e-01
1.410764035090307011e+00
1.230453732462918559e+00
5.260102742397467779e-01
-5.144104952896233485e-01
-3.798246958496207526e-01
-2.535051654571720547e-01
-6.640081243466662286e-01
-3.507108471545614670e-01
-4.928278772362975069e-01
3.888720169366743917e-02
1.591438535427561973e+00
4.673100559977010349e-01
-5.821962668521498685e-01
-9.407485163461459798e-01
-8.807852331727903383e-01
7.095878964347601681e-02
3.601784505836675976e-01
4.004035314977842930e-01
-1.362883560335589328e+00
-1.516836695954628444e+00
-1.283858263963202573e+00
2.587071643863615655e+00
2.169721171032873208e+00
2.581375192995820633e+00
-3.595369081415822343e-01
-2.660447626620143780e-01
-5.650736849743331902e-01
-1.244247993596474311e+00
-1.646337247307118501e+00
-1.372662231094458285e+00
-1.770931165731299828e-01
-1.707092463873696175e-01
-2.582164154637438536e-01
-1.080519605144923734e+00
-9.388572743457079817e-01
-7.817453143044299502e-01
1.890205441613115767e+00
6.381981708750141813e-01
1.711988131286874548e+00
3.430444006032593585e-01
4.863396190938673591e-01
7.401059672374867837e-01
-8.257404284186131704e-02
4.681894454546773332e-01
3.148015402044133104e-01
-1.848479223429677631e+00
-1.114329892226549212e+00
-1.713182106878379241e+00
-1.498287627641810227e+00
-1.070744352563738122e+00
-8.675347183188901745e-01
2.352438250485091586e+00
2.797943289300283354e+00
2.693416406545451558e+00
5.756680869974801773e-01
7.874574323490746153e-02
4.229489448988554834e-01
-1.325655261205298530e-01
-1.221622403039916982e-01
-1.392668305304578524e-01
2.467668337216073482e-01
4.202076701741797038e-01
4.414759392560809736e-01
5.948718123727214646e-02
5.705589394487478039e-01
4.786555345719074595e-01
-6.820950209195033587e-01
-3.059877063153919607e-01
-8.104810553982400023e-02
1.042108722316206659e+00
-2.839680654653964353e-02
-9.104922242436970237e-01
1.056476594955055859e-01
-1.183940379559311751e-01
-1.771372634218981723e-01
-3.311497840611283827e-01
-4.278890487571644918e-01
-6.695784930196047036e-01
-3.393770261386577225e-01
-6.162991617505690911e-01
-6.031953308971664818e-01
-1.658436223396038356e+00
-1.774330516301540372e+00
-1.224509078543465801e+00
5.773637777053939324e-01
9.136537546855940661e-01
7.475167651266025892e-01
