5.621890800598534632e-01
6.529343205058557587e-02
6.385828231395418442e-02
-3.244465412849928398e-02
4.749807533677943283e-01
-4.105013789281741765e-04
4.662141093211258358e-01
7.786350506439636554e-01
3.862489184962201172e-01
-3.969558813988394164e-02
-3.642292880672099997e-01
-2.368128554378206019e-01
8.293888762964720662e-01
9.195239475402843254e-01
4.862109511683403440e-01
-1.237812622658670314e+00
-6.446986756495989290e-01
-1.314937387833409188e+00
-1.792880231762436383e+00
-1.750875379851571711e+00
-1.984002631616409662e+00
5.179412496817796807e-01
5.585092365012012117e-01
5.557133461459113910e-01
2.166563519574489227e-01
3.828168067937793850e-01
-2.263456276896236297e-01
-8.667017940906851514e-01
-1.141735018794930223e+00
-1.894403155893157553e+00
1.591250857734340940e+00
1.547714663867232332e+00
1.042282463448213292e+00
nan
6.565871681487536193e-01
-1.073353754765778767e+00
1.867962043371798053e-01
3.540842653709357357e-01
3.491949303834260832e-01
1.427219871968140374e+00
1.420694846428188107e+00
1.250370965481107710e+00
9.421494737729272373e-01
8.761896213239328546e-01
7.193161293517182919e-01
-2.156035448078164052e-02
1.301662165118604442e-01
-3.966047108298376145e-02
1.154118747225698627e+00
1.873509286191180401e+00
1.572345049375707404e+00
1.478517383535282725e-01
-3.380329129068573302e-01
-2.555470582334349317e-01
-1.212116005235937211e+00
-1.341238257834249659e+00
-1.073874980560588721e+00
7.991619456771279495e-01
3.894656333286095062e-01
1.732037036947522424e-01
-4.370831566433297510e-01
-5.965865401638046350e-01
-5.053082135981372680e-01
6.363834591819270692e-01
1.715940118172420981e-02
-2.853786594177876168e-01
6.490226378394008400e-01
7.078002198856032656e-01
9.598159235321483962e-01
7.134938222422881893e-02
3.241893802490061205e-01
-2.484424269321099388e-01
-6.240409410921015088e-01
-8.744522038590916146e-01
-1.271430833424278095e+00
-5.692450000101487717e-01
-1.557752878227194770e+00
-1.691506879506211147e+00
1.465309449695521238e+00
1.365469268486629417e+00
1.483203514854896099e+00
-2.708897366748814761e-01
1.231008372663251471e-01
8.786962383875529525e-02
2.977162818649854437e-01
3.450883241727753514e-02
-9.940217757040947788e-02
8.040684590285960276e-01
8.275191451398598019e-01
-1.165160961999065492e-01
1.155472545771072390e-01
2.793634744608555209e-01
2.440145042733030678e-01
3.644841148210247184e-01
-2.125831802977442564e-01
3.750917009470278174e-02
1.970562568524119484e+00
6.959460824867260698e-01
4.936330703662550334e-02
-3.053138342520949067e-01
-3.441786713432515299e-02
-6.293056188435595111e-01
-6.862363077615762919e-02
-3.166012628997725287e-01
-3.689856464485767873e-01
-4.417541572727183841e-01
-1.451873125070095583e-01
-1.006400608415516373e+00
-1.726024612938363845e-01
-4.984394509436285148e-02
-6.179225078848600283e-01
1.099165797759045660e+00
4.525830214467978507e-01
-6.493241932928461857e-01
-1.699335973792925447e+00
-1.442178244041253832e+00
-6.966073802764314316e-01
1.288800099410763345e+00
2.087902609032231460e+00
1.953964025522823000e+00
-4.425922134312503253e-01
-9.895907311527052386e-02
-2.374250205696308846e-01
-1.811319215051157672e+00
-1.399375331192287408e+00
-1.632467324016585897e+00
2.343798130618819364e-01
8.025591601286450327e-01
1.844341924520067622e-01
-8.086392447766796998e-01
-5.093066359825892953e-01
-8.208234758468453407e-01
-5.186809126492435418e-01
4.761433244425861133e-02
-4.174766100259175161e-02
1.993045716595798211e-02
2.368457192010118284e-01
1.960185660765390026e-04
-6.759308912065042918e-01
-3.123456030438740427e-01
-3.198768744835822631e-01
-5.996006404805163115e-01
-3.275150327194453759e-01
-3.704784474715818732e-01
-1.646049728888995034e+00
-1.976731550095121248e+00
-1.953347689674428178e+00
1.470446771764716942e+00
2.268824627284004691e+00
1.459432339806482126e+00
4.397951465659417636e-01
4.365604386630104194e-01
9.474054296146698917e-01
9.205574288431161989e-03
3.243356460813227038e-01
-1.964682509256792109e-01
-1.900743525316745952e-01
2.994075390307515683e-01
4.807763843155461458e-01
2.743807301316887326e-01
5.560800841850142007e-01
2.211293053714213919e-01
2.883907126743356919e-01
-5.092187970512807027e-03
-2.223073519314873181e-01
-1.605084587772269700e-01
1.844773694211179205e-01
-1.069569684649817720e+00
2.381480159231372795e-01
-1.992344645758814536e-02
9.955992348787301438e-02
-1.979006185764800030e-01
-1.897340992388976133e-01
-3.848335035569068197e-01
-3.017194216325793654e-01
-3.544721718725698523e-01
-7.175119307692292558e-01
-1.947989011946432925e+00
-2.781774143577577796e+00
nan
-4.890183975732123045e-01
-2.889634249821053658e-01
2.762168336859609497e-01
-2.930063714931874230e-01
-1.045818535714961861e-01
-1.878082605724782361e-01
4.676390699520571737e-01
9.737584298391332993e-02
3.316298400058403928e-02
6.888518666658205447e-01
4.180319102253902130e-01
4.965552400265731414e-01
-1.568591143265629873e+00
-1.366705309009649261e+00
-8.765679968595172511e-01
4.244979851764374423e-01
3.702116296950066499e-01
4.351528678548155504e-01
-3.950860042541304296e-01
-5.250055611412713930e-01
-9.829472451270535593e-01
-1.980677876157886930e+00
-2.209795702888557756e+00
-2.759557985197170993e+00
7.289977134453122787e-01
1.501306750962552172e-01
4.012390480834699957e-01
-4.952253467049638758e-02
-1.061519377859490021e-01
-1.543716295759844925e-02
-1.357281955356721692e+00
-1.661522275506434720e+00
2.030503417577345537e+00
1.137847656892763126e+00
1.235417781932479642e+00
1.298747526716476308e+00
6.184154699799959687e-01
7.240189052983385665e-01
2.936520422364155003e-01
5.930525702133868649e-01
4.470560399934160323e-01
3.652961952407394186e-01
1.024221866030447181e+00
1.531490815807763362e+00
1.037630434995942430e+00
-3.383697294393521737e-01
5.287516888440046969e-02
2.986763121659361531e-01
-7.965987209088796206e-01
-1.021450626454688759e+00
-4.056117630200337665e-01
1.797141241745856099e+00
1.585221750904461047e+00
1.582373525471565401e+00
1.946739832372217371e-01
2.707841428281874130e-01
2.665690205641220167e-01
-5.951176566676950053e-01
-3.424353590347077869e-01
-7.822472722298470238e-01
5.592475500763174345e-01
7.268474437387832943e-01
5.648480879456161396e-01
-1.496454972819427631e-01
-1.250248659323958123e-01
-3.061607781918782578e-01
5.844081515451917674e-01
3.103133235486348340e-01
-1.038600375487881422e-01
6.812823506972862653e-01
6.031617473081269942e-01
1.237509133200109801e+00
-6.358613437414328828e-01
-2.088209986342892677e-02
-3.343484087413570727e-01
-4.977331798978421595e-01
3.782148502206617025e-01
-1.091798527843050870e-01
-1.019472182978195640e+00
-5.502036863372139486e-01
8.458701783154065623e-02
1.856215662406643929e+00
1.358316866455246519e+00
1.590094645833207032e+00
-2.062382229099002373e-02
-4.570790282641779001e-02
9.533747711913509448e-02
3.230676243359473787e-01
3.345849790957373671e-01
1.132549092651262690e-01
-7.530200706991463377e-02
7.808862392606252811e-02
-7.489660095575212395e-02
8.460234433091828876e-01
5.801831018604985957e-01
7.668163406606400834e-01
1.467079087590481556e-01
-1.264287055473034549e-01
-2.135442775078222333e-01
-2.230124911251790021e+00
-1.783994376898877299e+00
-2.304046832387746768e+00
1.229211320737979563e-01
2.814976590514897126e-01
1.414425399624437141e-01
1.269318162435475905e+00
9.587765988470176026e-01
-2.095958817489007586e-02
-7.153380468758241406e-02
-2.333791521900696608e-01
-5.303688118700029541e-01
-3.538742087547288584e-01
1.518271698962436744e-01
8.986988957269037570e-02
6.745309883826919872e-01
1.739930654766714824e-01
3.632492684254042814e-01
-2.091834666437408785e-02
-3.318707768853190743e-02
-2.539629999285355488e-01
5.092991117191068007e-01
4.865500677833889398e-01
4.023322254417989186e-01
1.046150176734434112e+00
4.881986569396921105e-01
5.399893637876802543e-01
-7.580729118044451376e-01
-8.481785711252523008e-01
-1.091131932796483017e+00
3.705036618346801980e-01
1.915704857442008802e-01
1.615205501068226468e-01
1.597863372981400687e-02
-2.511540270373697759e-01
-4.768364618273857047e-01
-1.478780843872125050e+00
-1.520881176066355867e+00
-1.248964654173591704e+00
4.787217198539845953e-01
4.320681427479202696e-01
1.856605958832253656e-01
3.840063861050873051e-01
5.164994248138152777e-01
3.356036430635866985e-01
1.900617271435334210e-01
-6.886724276103217690e-02
1.208334985386438021e+00
1.100632099828738220e+00
1.348330071869223268e+00
1.349328552909242696e+00
-1.913117421143577523e-01
-5.552793497493691000e-01
-4.403712549001062015e-01
2.899190867776635372e-01
3.573962175597200641e-02
-3.167831930206865820e-02
1.276717050744683668e+00
nan
5.095297287151168142e-01
1.039791334543096468e+00
3.977225505567618669e-01
5.183614527805140426e-01
-5.032612452846287887e-01
-1.135501143711308725e+00
-1.007855292551488091e+00
1.601180211221064909e-02
1.628407919639478507e-01
2.362794836443127267e-01
4.333956149852142836e-01
2.007975785141957736e-01
6.524811150193645659e-01
-1.506268020193144430e+00
-1.137188984473587183e+00
-1.041510510943088441e+00
3.000677536686611191e-01
2.468403003094667980e-01
2.226474572780188232e-01
-8.895019756642152942e-01
-7.666883488208138253e-01
-6.869670105803256099e-01
-8.801184133421910971e-01
-1.330584114261387230e+00
-1.040808590616520757e+00
6.272363735574635335e-01
4.669661159754117108e-01
5.028613211165029462e-01
4.029175087242444775e-01
3.576882494010358293e-01
6.308693674125764872e-01
-3.146294738839667815e-01
-5.644614944138264256e-01
-4.704431540853115656e-01
1.411576587790890791e+00
1.303664022545981460e+00
1.400099830933960732e+00
-2.150963093413272187e+00
-2.814313749826206745e+00
3.704200948112661429e-01
7.568699185938094764e-01
6.558472525791780861e-01
-4.249359673504127244e-02
1.262584826312792785e+00
9.852901846302311029e-01
8.654584294909364317e-01
5.347307014480509046e-01
3.136866380767977525e-01
7.404058353294793449e-01
-1.321759873678934882e+00
-9.822181361389876741e-01
-3.849451165937800567e-01
1.990055110664757265e+00
2.582082502311839001e+00
1.984577754061108479e+00
-6.962383003571068762e-01
-7.055692876695944804e-01
-7.313298617879135932e-01
-2.326951978898950557e+00
-2.426800336983117923e+00
-1.680482035676829744e+00
2.101592714501840931e-01
3.781552117967108551e-01
1.230375319991723337e-01
-8.608314421562823782e-01
-7.452400835952674996e-01
-7.614271694904597432e-01
-2.732334431107088513e-01
-2.718821059599108025e-02
-1.993853113437453750e-01
6.418116702222702585e-01
6.376901414456139783e-01
7.990433542881438811e-01
-5.320799510614193650e-01
-1.005560055607074066e+00
-2.482270093529677091e-01
-1.458526291213107617e+00
-9.727452945556107622e-01
-8.760191662177896355e-01
-1.456014156654773295e+00
-2.165695323293839625e+00
-1.034380281008819846e+00
2.103825832242936400e+00
2.754896444384223209e+00
2.021776673686507486e+00
3.482783769716237821e-01
4.147905113524918974e-01
7.502499661235657591e-01
-1.229970331749534296e+00
-5.932559259438723309e-01
-1.113850700213928402e+00
nan
nan
nan
2.795811512971444479e-01
2.017824131508239027e-01
2.020248491725014084e-01
2.870209356343620399e-01
-2.260655512157385694e-01
2.960849742582420951e-01
5.697327247012768936e-01
-8.407012066540695550e-01
-1.706328039369493288e+00
-4.215460184381387698e-01
-8.878785012553080946e-02
-5.962365576126815725e-02
-6.273961437075299408e-01
9.042904504947504307e-01
1.944401340007875234e-01
-1.708242155606350510e+00
-1.279801441702925979e+00
-1.582702018703683322e+00
-1.459299255766275616e+00
-7.778978364140511914e-01
-7.594464478103342131e-01
-6.863346918642108108e-01
-1.123316375917366106e+00
-4.889088504415362024e-01
nan
-3.087990047803113036e+00
3.124936943306399151e+00
2.763547691748345692e+00
2.974230927094451360e+00
nan
-1.166776973261773875e-01
-3.588695689080294571e-01
-1.775783110959636701e-01
-2.404353283649993234e+00
-1.620275271554970420e+00
-1.556991548434752071e+00
1.298255327770130307e-01
6.976343662573736282e-02
5.045919026259846341e-01
-1.046607208992889504e+00
-1.016672074865732078e+00
-1.052492069991229684e+00
-4.837005957937563494e-01
-1.073420687180210997e-01
-8.939135580450909835e-01
2.845102358308353452e-01
5.721904036333129717e-01
4.784657010259261156e-01
6.884615165942715720e-01
-8.828380916760458774e-01
-8.296029069473385142e-01
-2.022445984641240813e+00
-2.204723440651628508e+00
-2.113617823339930091e+00
-1.490124614336704401e+00
-1.125824333422172696e+00
-1.207930413155954508e+00
2.956856466942008765e+00
2.440527881881446426e+00
nan
-5.318348941153816511e-02
-4.530118217384799806e-01
-4.292788399203617544e-02
-8.328873380394932191e-01
-1.045812838782915311e+00
-1.049603114641044055e+00
2.347699657549173757e-01
3.849107516944680896e-01
1.122592451017236925e-01
8.561196083845246108e-02
9.865298784282039435e-02
-1.888201143482306499e-01
-9.570137241431275754e-02
-4.996747269734083119e-01
-3.620318124904056134e-01
3.895802724856052279e-01
-5.289154761766967638e-02
-1.311807190570513315e+00
-4.290616637574817815e-01
-2.921723891226299941e-01
-2.956486482659759218e-01
-1.267890408005021285e-01
-9.666549699976201282e-02
-3.097166039790000269e-01
-6.186650401322495441e-01
-1.159549743361755869e+00
-6.712128055886950051e-01
-1.167943321420028546e+00
-2.915443554131851300e-01
-4.074386483186915875e-01
5.905510614643114664e-01
5.877028360304095145e-01
7.355827005591284440e-01
-4.444448745258111622e-01
-6.653174172459874747e-01
-3.037611610123560624e-01
1.252300086021107539e-01
2.608390612367084138e-01
2.300960778725080758e-02
9.274706062966204811e-01
5.633097566978251258e-01
3.418091791429533899e-01
-1.225477256215744104e+00
-2.022498260790885460e+00
-1.998630898424993196e+00
3.234471099096540847e-01
1.858131883726894529e-01
3.730176248367857994e-01
-4.388408824929626029e-01
-6.145916180016612884e-01
-7.787961962789586856e-01
-1.146345008864791293e+00
-1.371420546422456033e+00
-2.002302480030571985e+00
4.837406364834393457e-01
4.832113057512525955e-01
5.060158404977577185e-01
3.652355053968943110e-01
1.554733429933579991e+00
6.445697373978740430e-01
-1.355286992674191948e+00
-1.128902914618974407e+00
-1.027111062136734088e+00
4.695857222626873551e-01
1.373473240620731062e+00
1.426761566607384957e+00
-2.574357603706065589e-01
6.822595385573926308e-02
8.470184251994128388e-02
8.117191623660651167e-01
8.013828427292137846e-01
-1.590718568285325318e-01
7.570802297566201489e-01
4.257220646625863303e-01
9.156387487191643970e-01
9.197409602904098591e-01
6.673218015227262434e-01
8.135108062003548746e-01
-1.750958453143889315e-01
-1.034320367987077383e+00
-5.730052160118854765e-01
2.086348865542848152e+00
2.073033411641050705e+00
2.247094509595276790e+00
-5.041855083660671255e-01
-5.302186449559984638e-01
-5.328110587071108739e-01
-1.363387957310332244e+00
-1.491842924496122658e+00
-1.658019088432762134e+00
1.385546550506133734e-01
-3.959764400072049995e-01
-1.537070756337621802e-01
-4.968061123124569711e-01
-7.574621749648859925e-01
-7.417179076142064176e-01
-9.821405235721547555e-02
-5.792052743269722193e-01
8.945615785975968848e-02
9.132342351149311810e-01
4.062319503509006502e-01
1.798359181350344116e-01
-1.293017207738684782e-01
-1.310508872043363304e-01
4.123796721251271613e-01
-1.079412048907530064e+00
-1.571446196919318972e+00
-9.017523152164121925e-01
-5.781364770253678564e-01
-6.392348291307055064e-01
-6.025798939793958198e-01
1.845654946934534024e+00
1.398786889751321816e+00
1.745523952505124932e+00
-4.584960560891535586e-01
-9.221640149414693788e-01
2.853688856339031688e-02
nan
-8.508298529145816858e-01
-4.553345364840586385e-01
-1.170550634335048024e-01
-5.131570624104075939e-01
7.148064495418640085e-01
1.770217201325290368e-01
1.417250864858399240e-01
4.021027570769866166e-01
-3.833936920607290411e-01
-2.566576295883509218e-01
-3.358939444257100781e-01
-1.536380275122724015e-01
3.982768552394850836e-01
6.941384297957355898e-01
1.778067625430321819e-01
1.745921841138637909e-01
2.384143349625094110e-01
-1.212419536469582226e-01
-3.794382186053151251e-01
-1.365788821144304777e-01
-6.633397172808717102e-01
-1.079643467343449625e+00
-8.492829535309533995e-01
-7.398028212425225014e-01
-3.867652787106772294e-01
4.086685638498326334e-01
-1.074754132269368778e+00
-5.856426196338713197e-01
-4.363222435144025191e-01
1.059287403937578809e-01
1.605170523073136124e-01
1.405977287925268548e-01
5.911168191831039920e-02
-1.746245724290216295e-01
1.726274472041442465e-01
7.905996713990885993e-01
1.707368721164157499e-01
8.685458915506085731e-01
-1.082253941538192432e+00
-1.638799521999128705e+00
8.341182239459543624e-01
-7.203317409423881656e-02
1.678821756336184023e-01
5.294076883153508994e-01
-1.534381117224107971e+00
-1.608140058750020085e+00
-1.313814151415380493e+00
-1.607175933473433460e+00
-1.358810675638765453e+00
-1.430171669236055987e+00
5.554866876499686690e-01
7.404205410062139059e-01
5.491622020139539373e-01
-7.437402754974042907e-02
-4.497604305906106603e-01
-2.845810922622908912e-01
-1.361786035566715292e+00
-1.532090885266862657e+00
-1.340077379129885227e+00
1.557714297929913450e+00
1.567312558722169236e+00
1.588500896064606316e+00
9.392152833065949835e-01
1.370514292870939066e-01
-3.111297892164124335e-01
-4.200209430977048797e-01
1.771884926367168767e-01
-1.974556880395166303e-01
1.270360329436260649e+00
6.737347799092896494e-01
1.264663878567436228e+00
7.375022752112645463e-01
1.037765955138330476e+00
8.555855585916773975e-01
-1.514677646131595390e+00
-1.040375487567266610e+00
-1.096599356763076294e+00
1.347020748537151036e+00
1.228671047955431028e+00
1.190406326013135896e+00
1.291796506453635196e-01
7.830955518951077110e-02
-2.617332140012549324e-01
-9.213532677292599615e-01
-8.211917236392918262e-01
-1.571602184631761379e+00
7.423917636266037512e-01
5.461161633720372777e-01
6.898215918455781193e-01
-1.019661477349185663e+00
-1.273061976452865229e+00
-8.321552967108734045e-01
-4.258346719615873077e-01
-3.067928646662383407e-01
-5.954822910112955725e-02
8.643148917803689102e-02
5.282957069243718884e-01
4.590401384075191160e-01
-4.488625744394121320e-01
-3.748415982874497843e-02
-1.697890791319651704e-01
-9.163708668142032110e-01
-4.768722428630915999e-01
-7.405042441532652120e-01
-2.482017032461179440e+00
-2.105834673587103190e+00
-1.738742889363952271e+00
1.809630377896780828e+00
1.449110879457231604e+00
1.520793925357135201e+00
-1.954719074384883015e-01
-6.373741074235890203e-01
1.620220633336142413e-01
-1.828192073282359109e+00
-1.024164367356183991e+00
-1.410616210800095249e+00
3.496613510725992136e-01
2.307254856455869252e-01
-1.687423562943144439e-01
4.575575416808446150e-01
6.741565354474401417e-01
5.478022356587333164e-01
-1.092638994328041235e+00
-1.612003918437007632e+00
3.673890855471779737e-01
-2.278827193775213367e+00
-2.052805077050572358e+00
-2.301461090345783944e+00
-6.073774279451660263e-02
-1.813038790017467150e-01
-2.488794574683081962e-01
-3.013156655162418929e-02
3.501696468020507602e-01
-1.469286519093957466e-01
-7.712532112918784044e-01
1.613421793732960907e-02
5.144626181743161553e-02
-8.804054697873922031e-01
-3.021611157213639487e-01
-1.577727008706624190e-01
4.426522087666882044e-01
4.750305981472591199e-01
6.628580111461213065e-01
8.655227120771646909e-01
-8.669808341450124800e-02
-6.240171000238308174e-01
5.805299863715180919e-01
4.236839765111084510e-01
4.198646416412987747e-01
3.968749863836493752e-01
4.585607821853785460e-01
6.193550634501976404e-01
-9.123958569469610147e-01
-5.449114768994069991e-01
-8.529353871862652703e-01
3.274324028548543097e-01
2.210803026960226347e-01
5.111538276293385863e-01
-3.135657155163360521e-01
-5.300898816085939380e-01
-7.687340098482300377e-01
-1.813444789295462378e+00
-1.276612615811396401e+00
-1.639906482501278129e+00
2.294591451573739782e-01
4.240189284229458622e-01
-3.722653013913443942e-01
3.699592568438174744e-01
6.795201670873662891e-03
1.886585183871098970e-01
4.239481843206727163e-02
-3.594740573712336129e-01
-2.000046278452098925e-01
9.888416166024658338e-01
1.011607265478500217e+00
6.770444456440949388e-01
2.680383577971316988e-01
8.670757747566089080e-01
7.286777883296386982e-01
3.587443690894795978e-01
4.418550854063791888e-01
6.231232658167193961e-01
1.183173189708425888e+00
1.143410606353548076e+00
1.132413743583332355e+00
5.531656615656572740e-01
6.681984339635991255e-01
7.232497830460276056e-01
-1.579157293012856123e-01
-9.318637416642641114e-01
-4.171493881744838816e-01
4.606961962694899881e-02
5.672411937736532295e-02
7.271690535247543608e-02
4.863212483998924363e-01
7.251403945294625508e-01
6.944702745385189502e-01
-1.099149848069298052e+00
-8.560600723750662056e-01
-1.104720691239031272e+00
2.052133608680177801e-01
4.089766932587579618e-02
4.147440614495923050e-01
-1.557300437827026318e+00
-1.969249819798640111e+00
-1.935609286772630888e+00
-1.487400286088043977e+00
-1.427445140705966953e+00
-1.103715837888250118e+00
5.639462150540710539e-01
4.158965961198859418e-01
4.105362371962240076e-01
-4.896431329359245410e-01
-5.576812579619758736e-01
-4.641263091817231512e-01
1.989017502075056676e+00
1.147932686336343266e+00
-7.208036862427080749e-01
1.098654114074814281e+00
1.046002815629868188e+00
8.922380901185231750e-01
3.087761192887352735e-01
-9.601367937595206570e-02
4.914897808745628538e-01
-8.693523138845091758e-01
-3.217289940952086091e-01
2.655642670583047149e-02
1.602525558129171301e+00
1.800648119310658934e+00
1.659632478078771456e+00
1.587388664490618773e-01
4.501872366795676150e-01
4.477786345332650519e-01
-8.595350116099838012e-01
-1.229108843946826957e+00
-1.569002333166388929e+00
2.537613503853214603e+00
2.407153990246401420e+00
2.063487540942229970e+00
-3.882813545884520323e-01
-4.665712499427892013e-01
-9.290359844503681686e-01
-1.217057473402105350e+00
-1.621106549987644918e+00
-1.064919641615966306e+00
1.553674613948792249e-01
1.472270276960845337e-01
-2.620641855630356787e-01
-7.736656755403421570e-01
-7.075791854400965697e-01
-1.076052966223757679e+00
1.457756732633317398e-01
-1.615038762686915597e-01
1.132715953149157073e-01
8.344431816044268757e-01
6.905808573437521858e-01
7.135005379727350494e-01
-8.351372417576463647e-02
-7.375154588684216250e-01
-3.399974602269737467e-01
-9.193124020681406883e-01
-1.161438211877421134e+00
-1.496835550663895731e+00
-1.333015333145969095e+00
-1.268203941854742167e+00
-1.503572639321670179e+00
2.417887441669899218e+00
2.099469809551955279e+00
1.968597357198681230e+00
-1.069926303726200345e+00
-1.202679091995787486e+00
-1.029863941835261976e+00
-1.631411737472499013e-02
7.086859582608751040e-02
-2.131346512649354707e-01
1.437926480771703375e+00
2.749272148452996944e-01
-9.021132639360640582e-02
4.648738900942643859e-01
7.563118448807326644e-02
1.412476419825567930e-01
-1.304449700136895984e-01
-8.572114147398313122e-02
-1.257237769535435312e-01
4.831626220130846860e-02
-2.724564972234366778e-01
-8.597238991264890551e-01
3.151734925442699620e-01
-7.975482183972149031e-02
-7.155616177303962822e-01
-5.398087609621180505e-01
-4.351172281772002215e-01
-9.537005811973338076e-01
-1.910216761840932698e-01
-7.271005664044603023e-01
-1.398234258416574782e+00
-7.509993680428372897e-01
-9.632935769559574091e-01
-9.053990795114681411e-01
-2.028972227281267138e-01
-2.724564979647978724e-01
-3.344593448156243376e-01
3.723310147440193063e-01
3.202623479934283424e-01
1.227540404240792249e-01
5.489879245606323899e-01
3.080366247796106904e-01
3.302294612844818289e-01
8.426834034145795904e-01
3.116792207281173788e-01
3.798441260123857077e-01
-5.432075529236346512e-01
-7.455945929304896858e-01
-8.835353985729255122e-01
7.098542737539679237e-01
1.648030705931549100e-01
1.030158381435590798e-01
-6.607844351835123753e-01
-7.843652070248898767e-01
-6.247855104219759426e-01
-1.356914941175938027e+00
-1.461804233523853025e+00
-1.524309218819466905e+00
4.055270819250136327e-01
3.127678129793349804e-01
2.532056134252527180e-01
4.253998627070072480e-01
6.024588269235380267e-01
4.899743215293930199e-01
-1.427748171414975342e+00
-1.159594413136434188e+00
-7.748407070716369915e-01
1.295091970215944244e+00
1.231874209760392525e+00
1.449789265794101389e+00
-8.993475252207998594e-01
7.059801442203283983e-02
-1.157193304857466742e-01
3.231649473058011424e-01
4.577598610625335240e-01
-1.351883754287634964e-01
8.860625880179346936e-01
9.917141197438947842e-01
1.633803142285693788e+00
7.692931775757498869e-01
6.385916998301084391e-01
7.855987595572542226e-01
-9.760768874359944114e-01
-9.587894248296686683e-01
-3.374399479978440475e-01
4.935219893064584085e-01
7.641861628988455557e-01
5.178791596516791884e-01
7.149666750179717312e-01
6.656546542199563987e-01
1.018924452216306342e+00
-1.136413893035165934e+00
-5.520329257851739335e-01
-6.072432284284174919e-01
4.344240177406328840e-01
6.479999260390920668e-01
6.340025918500349356e-01
-1.605743483110035674e+00
-1.318652740296538006e+00
-4.909941899942502630e-01
-1.445218067414595131e+00
-1.552979094358126311e+00
-1.626479134028862905e+00
9.609046761460993125e-01
1.088042213035356198e+00
1.354734076975792512e+00
8.153187764703062612e-02
-5.085348561353786323e-03
1.347157938980458880e-01
-1.977225421775460346e+00
-1.558073145465566300e+00
-8.623505213271718262e-01
1.629383754324711830e+00
2.288842661569280068e+00
2.170863879117936435e+00
1.720071821784631361e+00
1.224325526237048933e+00
7.977309795304741158e-01
6.674245235052294056e-01
6.889616807578162749e-01
1.061881957182222003e+00
1.870799911747247357e+00
1.908184452914134077e+00
2.041237721712416686e+00
9.578824243959971341e-02
9.721436506389080634e-02
9.448164740562772224e-01
-2.340187463208507346e-01
-1.390649628383371361e+00
-9.814424694189662901e-01
1.712467059875578457e+00
1.410156412322506547e+00
1.949800191197895494e+00
-2.627826901140397631e-01
-4.582887290270933889e-01
-1.208269446703367223e-01
-7.347290868822500265e-01
-9.135234484067167315e-01
-9.417088697504070183e-01
3.291600148496947043e-01
6.633346149857333174e-01
5.902328202077669062e-01
1.865791022495427498e+00
-4.608008638616092334e-01
-3.878250084445808987e-01
2.656192378859311809e+00
2.365933997299854319e+00
1.706583670815857268e+00
7.524128648042252010e-01
6.829830973513613124e-01
1.358569258311879580e+00
-6.520328556325383218e-02
-4.611917829512091060e-02
-4.906550609518647299e-01
-1.500050964116258934e+00
-1.674969459941508809e+00
-9.118144657223208327e-01
-3.530101999080161868e-01
-5.320698733680107040e-02
-3.849360535056542965e-01
1.669593291869707841e+00
1.349551159464295935e+00
1.594123767720097007e+00
2.333131839188470558e+00
2.077531946292912934e+00
1.781822108753829070e+00
-9.547451052262090343e-02
5.432007376727772119e-01
2.627760440053297231e-01
-3.842444093900705404e-01
6.099068894521137985e-01
1.531487872556359875e+00
2.210963470669846664e-01
-1.155169033678924428e-01
1.487669909981210736e-01
6.576267724292339523e-02
4.533021978972255894e-01
1.663938044075194966e-01
1.678971929803778629e+00
1.158942928936220973e+00
2.778804686488509645e+00
-1.122220758564931309e-01
-4.387620075322917756e-02
1.747257184129602514e-01
-6.011253831014879978e-01
-2.561964535785348218e-01
-3.100744352499540391e-01
5.638916787495062977e-03
-1.013412850234152174e-01
-4.058286412316145508e-01
-1.310468522135070479e+00
-4.829166223119729651e-01
-6.042035553773175138e-01
5.485112540605321385e-01
1.810047263242138271e-01
9.919419777775129177e-02
-2.551544019093610949e+00
-2.603441677130638343e+00
-2.369835211446891243e+00
2.561152792414559620e+00
2.809518050250267684e+00
2.580577689873168268e+00
-5.907599787100883404e-01
-7.643705693553615177e-01
-5.546293847104877273e-01
-1.342704737361155365e+00
-8.552470479911056245e-01
-1.380933334907119781e+00
4.820151460482735573e-02
-9.074161494550825324e-02
-1.397503184776960339e-01
-1.113974861093029123e+00
-1.020357108966394755e+00
-7.954803118128017658e-01
1.797117750293319993e-01
7.748144427797183376e-01
2.074895205328126657e-01
3.388555155392727336e-01
8.887602608139699711e-02
1.848175028467422543e-01
-4.831150011979712389e-01
-1.289260635749882589e-01
1.443195826201559839e-02
-1.678137541219823836e+00
-1.561596558432847726e+00
-1.751473222417193387e+00
-1.428368535276890228e+00
-1.565427563978781134e+00
-1.646591593288322386e+00
2.030275898894056574e+00
2.235244027751550178e+00
2.414211560513672694e+00
1.410469432577679427e+00
8.319027068957187687e-01
-2.673039630992550819e-01
-7.876485462526452430e-01
-9.993179795200646254e-01
-5.800647496374180534e-01
-9.210121449610353395e-02
-6.130144458075346137e-01
-5.219088284958175450e-01
-2.678250468591691913e-01
-1.519120974446286354e-01
-1.383686425724928171e-01
-8.883223493003287174e-01
-4.322035407880902014e-01
-1.388082665912162561e-01
-1.081442715511549579e+00
-7.943700693029853710e-02
1.173782185154756519e+00
-2.685158831381739830e-01
-4.695087434992508690e-01
-1.584657215888860549e-01
-7.265408668714306017e-01
-9.431717654627256309e-01
-1.035137974188593102e+00
-1.068002793445138821e+00
-1.697482545803801202e-01
-1.137884289266263060e+00
-8.051078834014884222e-01
-9.335628504730468791e-01
-1.049457143367116707e+00
6.644909937279481760e-01
1.089731051006461726e-01
5.331878012253619126e-01
