-1.552580629715554217e-01
-2.106511923029108502e-02
3.818644322322972684e-01
-1.550296876650216760e-01
8.669499786443424227e-02
-2.055183672800091621e-01
5.230183398433205788e-01
2.527052394067546004e-01
6.654501980047968779e-01
-1.002589723712102643e+00
-1.395673898095593835e+00
-3.648676469283866908e-01
7.148540931690119393e-01
4.885842353683109707e-01
3.399003615661739808e-01
-7.770685287591923007e-01
-1.111593318438888200e+00
-1.294700099098129442e+00
-1.318262302641954653e+00
-1.389079544112150622e+00
-1.586849961056504998e+00
1.566463139238734037e-01
1.717412272788090277e-01
7.217448564600288385e-01
-4.626566818899213729e-02
1.011921087952907250e-01
-1.877050475087460590e-01
-1.849864289379776539e+00
-1.805936917858955493e+00
-1.789819036489719295e+00
1.354477877398589492e+00
1.417603097698753700e+00
1.463738135382870453e+00
6.914455635158747171e-01
9.032434907255595391e-01
3.886015210172919510e-01
1.548764008328680220e-01
1.330648199369006690e-01
1.522895648292070803e-01
1.947512979865816618e+00
1.363801543386133908e+00
1.952976394107328595e+00
4.213910688855579956e-01
3.774746047909824931e-01
5.349333751652900482e-01
-4.096732591838705417e-01
2.150804503794714329e-01
-1.736233602333370207e-01
1.743932830357730168e+00
1.372114801372505077e+00
1.376908127424633754e+00
1.431926646278962600e-01
-3.546574702207827556e-02
-5.220564614694929162e-01
-1.206608782553446169e+00
-1.168320800889771416e+00
-1.203640510503342309e+00
6.248552662183923800e-01
2.826725779636416469e-01
3.485238648193673683e-01
-2.850085681051166553e-01
-4.836855541829585547e-01
-5.187069484133810526e-01
3.268532722491643838e-01
-2.710961436529535362e-01
-3.178198993994354460e-01
6.622625245730549004e-01
6.949374556400731429e-01
5.494109137419220801e-01
2.454836547759922105e-01
-2.597915372199492978e-01
2.642836100309242653e-01
-9.963352469064234995e-01
-1.216483135225639334e+00
-1.438525117306429957e+00
-1.356150497772130592e-01
-3.585890895975798465e-01
-6.181456185100091538e-01
1.170224037914344706e+00
1.151321700943769955e+00
1.749122771771206786e+00
8.670407654694924915e-01
2.876968479590691352e-01
3.102975463631576503e-01
1.835438304440235591e-01
-2.151226395407195291e-01
-1.601834388371270457e-01
3.229280613866358784e-01
8.894708965737221362e-01
nan
6.979034374683865671e-01
7.910266130766165915e-01
7.029023519502222150e-01
-2.125491794840899118e-01
-4.881995464749486757e-01
7.142906955062997554e-01
nan
-3.063373262435891586e+00
2.164043707541322803e+00
-7.447292424955942458e-01
-1.552567684144934290e-02
-2.010893677328953189e-01
-3.199821948739338673e-01
-3.307985979703507162e-01
-2.790911545377237069e-01
-6.913856294591949059e-01
-4.872967479994150253e-01
-4.684223829734452949e-01
-1.223526440768335277e+00
1.399190744676959142e-02
-1.436682885195634585e+00
2.131006666827186535e-01
1.867011771920310537e-01
1.209432471911568108e+00
-1.568082171401242508e+00
-1.162567405463524883e+00
-1.684557956131533807e+00
1.912929234807568157e+00
1.786582267550962833e+00
1.822382270312379760e+00
-2.964933506210050140e-01
-5.634715582403111434e-01
2.055336437489074797e-01
-8.944262996917533570e-01
-1.075608891777775966e+00
-9.816433060455485027e-01
4.076670152045203110e-01
8.415847776684839410e-01
1.023861565759705883e+00
-3.888591652103876584e-01
-5.567081182309299159e-01
-3.167488500311059774e-01
9.203521724039909202e-02
3.789171763773810930e-01
4.782452041107760898e-01
4.044371269912812039e-01
2.896880789207103568e-01
3.856343868075917669e-01
-5.271611596734611105e-01
-6.807689307323716577e-01
-4.655445285854278303e-01
-2.868485471790389596e-01
-2.343335847326564192e-01
-3.708060862921236378e-02
-1.293137985523252320e+00
-1.552479717661530589e+00
-9.673434612715032799e-01
1.793019655970137016e+00
1.974026174240412601e+00
1.672765316936244417e+00
-6.974480135660008351e-01
-1.637699060718194266e+00
3.169371614143150495e-01
9.625201472556188520e-02
2.282206371660189248e-02
3.392082029292571299e-01
2.526324081252018239e-01
1.312303436670840817e-01
4.838491969850364782e-01
4.501490093013171823e-01
6.522567701679311547e-01
8.375771057835730282e-01
4.763021279855905732e-01
9.532298477557956673e-01
1.493872330644227198e+00
-3.390202048710855287e-01
-6.579181660200461579e-01
-6.511043337212232274e-01
1.213285035906270792e-01
3.117658796203044425e-01
8.560799448590636906e-01
-1.210925073403803509e-01
-3.367030788813885067e-01
1.317155276515546980e-01
-6.524538843082918760e-01
5.833012322981057096e-02
7.810540718939877891e-01
-1.559199980381536399e+00
-1.759392669363984085e+00
-1.829875294148267661e+00
-5.005145866051630144e-01
-6.289319946578184606e-01
-3.746511916845385315e-03
-1.788324067534921014e-01
-1.193250822167675196e-01
1.675789584316786929e-01
5.312321660007195412e-01
5.087534848681678490e-01
5.609696104291153063e-01
2.168288280833814419e-01
3.761935135160880961e-01
3.696608818987190404e-01
-1.122815380410040476e+00
-1.315190981402730497e+00
-1.117667870567324861e+00
3.971228143168814562e-01
5.046264071673380869e-01
5.549308260333796206e-01
-2.629406133654845767e-01
-2.717578348730746995e-01
-2.503050085324476370e-01
-1.856648613224697764e+00
-1.628086346950320618e+00
-1.379461305915984148e+00
8.226398062622153340e-01
6.425246670419397788e-01
3.089831650242533811e-01
3.958667463347071980e-01
2.080599171485499888e-01
4.356044205929601176e-01
-1.622585281237418631e+00
-1.437298678304001820e+00
-1.851839274891226017e+00
1.012595847964757212e+00
7.687594407301316934e-01
9.585149485046633444e-01
-3.397056565576139775e-01
-3.451032002505840524e-01
-3.643537612609382137e-02
8.529303552590326021e-01
4.972694406004767309e-01
8.684645767819949569e-01
1.331830212891640386e+00
1.207037249952294111e+00
1.026390899245288146e+00
-3.085938329806414693e-01
-5.177676102619677145e-01
-7.746648447891129052e-01
-6.361341503167796674e-01
-1.262133466351116784e+00
-1.283342441963169822e+00
1.508954232062695411e+00
1.594754928974900565e+00
1.399802275158697817e+00
6.074118439980646933e-01
3.032959659732985536e-01
2.862246242197667989e-01
-4.383427840973430634e-01
-8.122027296293286014e-01
-1.020728586140418059e-02
3.797888766585346687e-01
8.053904434776599786e-01
4.464840493462931548e-01
-5.049928616357037825e-01
-4.096331222551570228e-01
-1.006071968298352104e-01
3.248359273248628831e-01
3.184796043729467563e-01
2.593300044955135775e-01
4.440053233536009891e-01
6.090375524478277569e-01
7.356751004404831207e-01
-1.099466018548702628e+00
-3.437634692263427105e-01
-1.181921406697648003e-01
-2.782726928002667854e-01
-5.603242690544463223e-01
-5.990812451884610645e-01
-9.938778511732682119e-01
-6.552681882454889362e-01
-7.680592557443319812e-01
1.742975292606924853e+00
1.701003455079421300e+00
1.668785418044289592e+00
-3.381321558263379323e-01
-1.212740462392618568e+00
-7.007857628318134857e-01
-2.083646909257277358e-01
-3.370028708815513419e-01
-1.183029699164008797e-01
-2.972707127351688072e-01
4.975506368835125315e-02
-2.145768432926380420e-01
6.582040705485838750e-01
6.426188844958065083e-01
5.976924000133418957e-01
6.014847766694901843e-01
3.162260725590182453e-01
3.317016541502768590e-01
-1.905979056825092277e+00
-2.491158489664343278e+00
-2.375788605902223072e+00
-2.588164650252888777e-02
2.297127321073411110e-02
-1.562586735361914947e-03
-1.824190486552117463e-01
2.751528189197971486e-02
4.010929661957707282e-02
-5.593570294827947542e-01
-8.375826795781287082e-01
-6.133782478947211736e-01
-4.772023700370344734e-01
-2.154598769375479783e-01
-7.792409701709201997e-02
3.307501785076816248e-02
5.160146772862859166e-01
-3.359230585287686921e-02
5.812907681017343009e-02
-8.834260725216980248e-02
-2.584048075244682607e-01
6.076585714035172003e-01
2.688515644448457032e-01
4.279182798018226208e-01
5.746082990026226689e-01
3.254138514430842122e-01
4.621461170608167635e-01
-1.116568722178888251e+00
-2.149195968937110734e+00
-1.799049997839940795e+00
3.962859763951183112e-01
5.182201984091387992e-01
2.554837741735429546e-01
-9.872330307701759899e-01
-9.129901187938216367e-01
-5.356424380415205633e-01
-1.822988887559112481e+00
-2.053499332204834715e+00
-1.985693765469332073e+00
3.887888235791452374e-01
3.808770765666955604e-01
7.717274825033104690e-01
3.576226511127917895e-01
1.423027719031626503e-01
3.612289498292566847e-01
2.194552356061065801e-01
-1.097670485306423416e-02
-6.509258749279438483e-01
1.543075527740411346e+00
1.477149166773901179e+00
1.286087089414326812e+00
-1.320561921018843510e+00
-1.425465624030836320e+00
-1.459715534873074150e+00
3.850302346855949409e-02
4.746111079426764690e-01
-2.300992321405326280e-02
1.411384709541080973e+00
1.055267523259401763e+00
1.515594157604091663e+00
6.013782344804261548e-01
6.648660695616679384e-01
7.614434303633537127e-01
-3.143716257338042830e-01
-6.934054663169226806e-01
-6.617491577426637406e-02
-1.314291003190999341e-01
-1.103939242314457836e-01
3.869329335418267846e-01
2.547007992010694721e-01
1.108702011452247227e-01
9.133360096038236620e-01
-4.724514046373933240e-01
-7.080072498344676113e-01
-9.286129700566916334e-01
3.594716002660103271e-01
3.560781120978870895e-01
3.847163434482063771e-01
-4.743355054858429121e-01
-5.970415444398708971e-01
-8.421290336084825690e-01
-1.358570023435708540e+00
-1.415016196970803719e+00
-1.667032837925778610e+00
-2.185041275162844521e-01
2.245443033372866992e-01
1.376012138322342260e+00
4.404140619102432375e-01
4.913016195719146495e-01
4.828743176728940156e-01
4.301649751441960490e-02
-1.761019511456636266e-01
4.489974406805021800e-01
6.637724032011895758e-01
9.245271223289144302e-01
8.615047575086673959e-01
-1.373347287157113739e+00
-1.446417882378789654e+00
-1.593146519317072851e+00
1.221207733948451057e+00
1.355593758740694099e+00
9.027702664440804270e-01
1.390001028811165718e+00
9.793623154461297275e-01
8.598792584941383765e-01
1.181346065017280900e+00
3.854779400188190763e-01
8.191309538490005870e-01
-7.279886194897233764e-01
-1.125946237394997773e+00
-1.517982120761273146e+00
2.194984930635151876e+00
2.013739200618275049e+00
1.981904804039421819e+00
-2.090757682056385569e-01
-1.367448367498069750e-01
-4.610980104851907235e-01
-1.930254482196846810e+00
-2.062827599862456562e+00
-2.176547929208310528e+00
2.904203745389319913e-01
2.935065633462099477e-01
8.316566229716482184e-02
-1.048024129944622462e+00
-9.327050964315644066e-01
-9.452153789022110786e-01
4.601988202152438312e-01
4.552010881742600823e-01
-1.610911393511100798e-01
8.508881226637785566e-01
6.911002109500490320e-01
7.412483683872816975e-01
-2.968434788192513274e-01
1.780932921947049330e-01
-5.409549119624896818e-01
-1.013063587092063678e+00
-3.317734584330223058e-01
-1.321987293511821093e+00
-2.243852646686785413e+00
-2.055146263946943108e+00
-1.290440677183110729e+00
1.747981938700760907e+00
1.328119632291889118e+00
1.760595387370544884e+00
4.712940824935003548e-01
7.692662526446922833e-01
2.826388307432736724e-01
-9.217893544014126306e-01
-4.888301954323837073e-01
-1.257348131765639643e+00
8.348732633242583745e-01
nan
9.200644531264856596e-02
8.579011661324233984e-01
2.968882843175353337e-01
2.350532004701730848e-01
2.921068776793145361e-02
2.931200814958239143e-01
-1.232158752704544113e-01
-4.636910997222911668e-01
-1.165077568737245217e+00
2.522979999673352403e+00
-1.317229497227914159e-01
-1.011401565147678205e-01
1.951489042847671662e-01
-8.394646031779906536e-01
-3.916299020784248519e-01
-2.254404388658932668e-01
-1.094603296599934605e+00
-8.886944265786671515e-01
-1.180051675640379161e+00
-1.133593722692272543e+00
-9.042020281281657468e-01
-9.650225958528522163e-01
1.538753790660889464e-01
1.393001331437955237e-01
1.267898506610656284e-01
nan
-2.655833217465539686e+00
-2.662889268741428950e+00
2.780637044351722764e+00
2.300483200705023989e+00
2.573969806869969013e+00
-4.537993561414404020e-01
-2.556767949185299038e-01
-5.691504924738217674e-01
-1.957751677109828892e+00
-1.989363846062742747e+00
-2.273005942707851279e+00
-1.474099081269164557e-02
-2.176807555970721175e-01
-1.115651320567199178e-01
-1.032406811465518270e+00
-1.039839682967509393e+00
-8.302869083132375927e-01
-3.099796369013230191e-01
-3.824768001146181540e-01
-6.907378176810281545e-01
3.048025606077096050e-01
2.479434358988052978e-01
-2.081567163557198619e-01
1.947082509416113716e-01
-4.628651152434342109e-01
-1.321158054608359889e+00
-1.601782171078545147e+00
-1.821992863109708649e+00
-1.776796509962414561e+00
-1.368656059375514156e+00
-1.620708059766682752e+00
-1.720273476466513074e+00
3.109098673603160279e+00
2.478342346742302915e+00
2.232759093084895063e+00
-1.348492333668227516e-02
-4.285116712459782207e-01
-4.631384022875351114e-01
-1.031464760904206912e+00
-1.034752609625698483e+00
-1.022276812875858365e+00
3.170492172193255520e-01
8.205217672712104005e-01
4.718153789176477986e-01
-1.838076641637664821e-01
-7.436346294523810130e-02
-4.637523392682130208e-02
-5.579901496938739491e-01
-5.721814376208822495e-02
-1.073573078033516204e-01
-2.841674530841760138e-01
-6.512752275514075428e-01
-2.270605316137626062e-01
-5.051097100768551229e-01
-3.398961152048673995e-01
-1.297781101961037464e-01
-6.879303233972029474e-01
-8.693285317357117847e-01
-6.313886336435792224e-01
-5.226946537642427337e-01
-3.304128059026543163e-01
-5.058446946440273706e-01
-9.122011597188075527e-01
-5.884718568925135784e-01
-8.299728914356676590e-01
4.317909757786879688e-01
6.550348852880052419e-01
3.256091316039162464e-01
-5.351540261055389713e-01
1.587469401340197983e-01
3.401186497623864824e-02
3.839733060839178869e-01
7.728672865322367969e-01
4.129094322586470689e-01
1.566037415356332119e+00
8.790532933121744108e-01
8.405037665400301172e-01
-7.249772149180628844e-01
-3.649365520408607289e-01
-6.775503262136326477e-01
3.243624405607095085e-01
6.418014823728177554e-01
5.527193982657494509e-01
-4.254051361468693671e-01
-3.649848626939631302e-01
-5.194790739352033171e-01
-1.317684026566888322e+00
-1.025821254158386431e+00
-1.299207076961300666e+00
-1.534142036010512911e-01
6.082258349235671879e-01
6.630600897177849617e-01
4.682868300189659827e-01
6.974549306930204473e-01
5.655699330076160436e-01
-1.378236943233073442e+00
-1.108721703781826662e+00
-1.017171631864127512e+00
1.140335234922130958e+00
1.352735639852803651e+00
1.330514990028658140e+00
-2.395594942022412077e-01
-2.335325761525091082e-01
-4.875942848560033127e-01
4.258422196089965972e-01
1.464863811901594204e+00
2.117454043462352331e-01
1.927156798999952514e+00
1.582934149028656812e+00
8.940798731272323607e-01
7.595374633761724503e-01
1.180509472931817960e+00
1.093504730598394481e+00
-8.195196451744637400e-01
-8.308376838853601676e-01
-6.585691770260315714e-01
2.260015095881526825e+00
2.058483726715062190e+00
1.793954789542238082e+00
-4.556026583074888059e-01
6.698883804982402879e-02
-2.694499587130709806e-01
-2.280611519901949436e+00
-1.766346228501477267e+00
-1.550743395939871760e+00
5.314379550391077345e-01
3.795926157269944312e-01
2.216724002488326128e-01
-3.778406663696909362e-01
-3.163734045789454719e-01
-3.997669531039718116e-01
-6.666219844068033140e-01
-2.477083863346041248e-01
1.965489154833521823e-02
5.208184762003393864e-01
1.069592317288782013e+00
6.481072889790575609e-01
2.621338383003024575e-02
-5.129084363859570672e-02
-5.523812803022476459e-02
-7.382178269501529222e-01
-7.060683203670303776e-01
-1.123471129562507276e+00
-5.703044508744410379e-01
-1.408524022693278033e+00
-8.809977815452856298e-01
1.793842802352322074e+00
2.236740627568362783e+00
1.981841540617975461e+00
1.190644972733627682e+00
6.320621668895740619e-01
3.528791098939616511e-01
-2.220312127793495627e-01
-3.100930671988995080e-01
2.923240602244137065e-02
5.539900746315016278e-01
5.465972465167943106e-01
2.312499151775133654e-01
8.760000845161881600e-01
5.817671340500751853e-01
1.350560855755369438e-01
-6.361338023883473802e-01
1.737545675701901438e-01
-1.062604195893089631e+00
2.388884353050952924e-01
4.255960854212559319e-01
4.018134030287110470e-01
-3.319371117270972782e-01
-1.955292519231441872e-01
-1.972260822268658842e-01
-4.010779130474397824e-01
-4.710790404212930049e-01
-4.961701265869993271e-01
-7.975955591887000651e-01
-6.676012558943873465e-01
-8.053720563731605608e-01
-7.202903192659895204e-01
4.877586055398497322e-02
-9.484590694885031148e-01
-6.860339351923392393e-01
-7.048645892543365932e-01
-4.983682452966617937e-01
7.505114152097087654e-01
7.866583736804590998e-01
4.222560663770549283e-01
4.101742387072571105e-01
1.158612785218471330e-01
-4.264268182781507655e-01
9.609598020456973089e-01
8.369010710591711089e-01
3.196772261586127151e-01
-7.113797766424290181e-01
-4.454295748389376364e-01
-9.646517065241688726e-01
3.964145926739539583e-01
3.269947942684128250e-01
1.222129623937484588e-01
-9.044145005766703882e-01
-1.096529247716182542e+00
-1.437613424264536643e+00
-1.178751042299038598e+00
-6.449159171112621713e-01
-4.578285032863016468e-01
9.519960464225309948e-01
4.105803711453703819e-01
4.337700176311991562e-01
1.240763379162732605e-01
1.967634394819985921e-01
-2.549212801574265441e-01
2.568198267241799115e-01
-7.010392929468038936e-01
-1.065503452165743159e+00
1.450768999851736574e+00
1.288228930596655886e+00
7.747923213133391940e-01
-3.223414402422899450e-01
-5.992407383334135140e-01
-8.869848705382947784e-01
9.691813336231005493e-01
1.562267186150743115e-01
-2.396188322299153128e-02
1.607434863058848862e+00
1.810124942118261693e+00
1.750756703793205915e+00
1.097014740608113215e+00
8.085824592715802339e-01
7.563699995199537618e-01
-5.836064232678097596e-01
-5.730489831948899493e-01
-8.123191154957711824e-01
1.691257274479128547e+00
1.645597847251774937e+00
1.676997159139894222e+00
4.205357382707406444e-01
4.929316955776918974e-02
1.105973531820980682e-01
-1.281226266596432239e+00
-8.179036251518962963e-01
-1.268229719103029174e+00
1.206164039090959150e+00
9.255964533771106062e-01
4.876269232608252402e-01
-4.469881573060576763e-01
-6.568914832324628250e-01
-5.702749243814020375e-01
1.450382847826547916e-01
3.956986266099082883e-03
1.960936752637687519e-01
8.599918582027425984e-01
4.982980185769982917e-01
6.698823045007231691e-01
1.885819553955587757e-01
-1.315412863338689675e-01
-1.286834896956312591e-01
-2.330798762068893026e-01
-7.783767535712047270e-01
-6.035188417987962239e-01
-2.142134873856183841e+00
-1.915314026324665964e+00
-2.106445374791494185e+00
1.586291907408473811e+00
1.679197650477528114e+00
2.008724563595147394e+00
-1.093402318595761091e+00
-1.404369352088118861e+00
8.271265660383742002e-02
-4.089711835510372318e-01
-5.736377646234589456e-01
-8.357657071703452623e-01
2.258452887502722106e-01
4.776514106281801730e-01
1.080852183519342979e-01
8.546326373617048056e-01
6.535793531701350467e-01
6.847457695116436760e-01
6.832631732723823959e-01
-4.067378070653195898e-01
-4.357501039378735008e-01
-1.013474561934462947e+00
-2.075501873696293131e+00
-1.220331680521017814e+00
1.097427905513717050e-01
-2.504359177293205008e-01
-2.032938942230826385e-01
-1.122461911562808723e-01
-8.667612882550468356e-02
-2.085275084703610560e-01
-5.264553558197064831e-01
-8.244979790353808013e-01
-8.704750368886968737e-01
-2.179651983740136245e-01
-2.149520132142268558e-01
-5.755504075167490186e-01
2.425928542897741735e-01
7.585002344560933807e-01
2.534540872778792142e-01
8.690038335490219978e-01
-3.573248338396179946e-01
-1.953675675973132186e-01
2.931806600973798638e-01
5.214737611470123824e-01
5.480149975518062710e-01
4.354512297306847302e-01
1.967803359890387682e-01
4.555684356068150365e-01
-9.276749988606174391e-01
-1.614289441498943267e+00
-1.488907662136392362e+00
2.611509417743835826e-01
2.527650542256840716e-01
2.913166874585870758e-01
-7.480154890884422869e-01
-8.013446651711468860e-01
-2.568311336285646895e-01
-1.341172392312633077e+00
-1.332257446705751525e+00
-9.531111710300792517e-01
7.210809612485125086e-01
6.957082568926313826e-01
7.175422319750404121e-01
3.981041588245033402e-01
3.511420488637284620e-01
2.571516538658444873e-01
-9.708418489991954559e-01
-9.911454239070298655e-01
-6.635457626686238619e-01
9.130499309339432656e-01
1.147533650057050991e+00
6.245932417367532352e-01
1.493609417540358031e-01
-1.479653112902945544e-01
9.873848171001675667e-03
-7.811286734081424044e-02
-5.205559214131261214e-02
3.290175081256840883e-02
7.020306049469637877e-01
9.466077229559184403e-01
1.441790702808952496e+00
7.243048673072216559e-01
4.060949979362833417e-01
7.887612533073973253e-01
-5.614833544535837717e-01
-9.022137148491378156e-01
-1.326598165162255372e+00
1.876980573221884718e-01
4.040963989684409619e-01
4.173886399066875086e-01
4.644725129026281429e-01
1.196486527495606467e+00
7.051536842571701769e-01
-1.155352028706402523e+00
-1.084343489183023923e+00
-8.862837325402792565e-01
4.420517084193082979e-01
1.001280829345239098e-01
1.381020493742299848e-01
-1.408889237077364021e+00
-1.825862888953020402e+00
-2.043184625496914375e+00
-1.520553630140292434e+00
-1.548523203900580958e+00
-1.589053451824063989e+00
7.082123939371398613e-01
4.331115564213354752e-01
1.285559359716583749e-01
-5.610437309832061459e-01
-4.204490575294603794e-01
-3.337396756526591624e-01
-2.599075917417113857e+00
-2.806474721485437307e+00
-2.869237362673575653e+00
1.418267303871783902e+00
1.363920314389064359e+00
1.210846426007798904e+00
-2.701257001509121292e+00
-1.146581630669793794e+00
-2.450613163308528186e-01
-4.963588222130521643e-02
3.973764375011286099e-01
1.461408804758521640e-01
1.418644124117157013e+00
1.403235224518635249e+00
1.651600482354333543e+00
1.092566457484696052e-01
3.412174061621175980e-02
-6.889786145987031318e-02
-1.736392541918057031e+00
-2.306012641994207080e+00
-1.891843075956093800e+00
2.554961786039937621e+00
2.335156461420480056e+00
2.169232225669752268e+00
-3.749296504670582841e-01
-2.667871914202857297e-01
-3.808986463581689463e-01
-1.353977106815811293e+00
-1.088026905012320800e+00
-1.324728636654830538e+00
2.613826845065054805e-01
2.428907100639388084e-01
-2.204883702110644883e-01
-7.624264484878406911e-01
-7.591085247848483597e-01
-9.260842412273353474e-01
-3.695628171379579108e-01
1.280199635178780326e-02
-2.463947605328891122e-01
7.396588997551623024e-01
8.485435802929068849e-01
6.149011342047243645e-01
-8.803243385997427950e-02
-3.334729525353843371e-01
-3.896911182789737360e-01
-2.152493420745359209e+00
-1.751513641342650196e-01
-1.126269985620243830e+00
-1.763911836529069355e+00
-1.949403683494902007e+00
-2.177650748828322769e+00
2.608116275496183079e+00
2.409150251214808414e+00
2.606448359094287071e+00
-5.629971992710389728e-01
-1.062277523980748928e+00
-8.421370688134044435e-01
-1.876043239848748101e-01
-5.525169105416338766e-03
8.641076883684961629e-02
1.582150381393176986e-02
6.430623695841712895e-01
5.236792379026162791e-01
3.843060082146774192e-01
6.404931406559706275e-01
4.396273931685543701e-01
-3.176643955466520453e-01
3.209975943732334969e-02
-2.630899903388166372e-01
-1.969677351482350680e-01
2.855993404394885360e-02
-4.982020943284304337e-02
-8.963106510791751802e-02
2.342147560077645352e-02
-1.365935338953199185e-01
-6.488665358599470245e-01
-4.115775089700122180e-01
-2.276775403548667587e+00
-7.969112084236402715e-01
-3.724110423724580343e-01
-7.051210482188876583e-01
2.483652578351800422e-01
2.797734164925875788e-01
3.479344719684900333e-01
6.594418668228350100e-01
5.081493103649541432e-01
5.363445844140257712e-01
-3.934406368012854927e-02
7.184366683405216669e-01
3.960842994430060493e-01
6.303193069695454120e-01
4.507268332768048502e-01
5.538104786407331837e-01
7.887183819386027750e-01
8.284681748277864521e-01
4.933846655470270903e-01
-9.206099351105287987e-01
-4.872205757662468883e-01
-9.184799709512581067e-01
4.883836891784469891e-01
3.521255409187062924e-01
5.722028955148412699e-01
-5.135992324185028046e-01
-2.950422619289239101e-01
-5.759773022950041010e-01
-1.563716452144741753e+00
-1.378484145496851498e+00
-1.766998370254535544e+00
4.284064708285360012e-01
4.691072860507463638e-01
-1.680694080264517609e-01
7.934286330152597877e-01
4.051734541783109655e-01
2.924587376334741862e-01
-5.109525188866759216e-01
9.860926740779829558e-02
-1.111196600221914910e+00
1.279122987434742953e+00
1.080644642214526385e+00
1.204004805383698695e+00
-3.255928560298819718e-01
-1.391642946997801999e-01
-6.006500550742552846e-01
1.365950936390305515e-01
4.346491700073324971e-01
2.833522487359565467e-01
1.567480178610717090e+00
1.259257428834894554e+00
9.873780355948929000e-01
1.223452284918185029e+00
8.637217992094923247e-01
6.867293275634440697e-01
-2.666690622002492184e-01
-9.782059362081518827e-02
7.123208162252332443e-01
3.941619617543485887e-01
4.708011259727005182e-01
3.934052990911820480e-01
1.148430445231972463e+00
7.998907886022905700e-01
1.551185441547520583e+00
-1.084999872283942679e-02
-3.742810312355606683e-01
-4.966440718572768809e-01
3.860673051741523309e-01
2.670041873120929665e-01
5.673078322614486524e-01
-1.193786378802090375e+00
-1.377627684571953726e+00
-1.799876820285522649e+00
-1.531459168858829489e+00
-9.162741220866763570e-01
-1.371306617404137729e+00
1.568724561909660586e+00
1.470379577612193067e+00
1.093662884431105375e+00
-1.058924322980265842e-01
4.434188568966326294e-01
2.415467487722895434e-01
-1.889577945393463354e+00
-1.526785689853982442e+00
-1.860356465928732828e+00
2.232556188820590926e+00
2.269992092938329264e+00
2.585996581155021623e+00
1.552884153509659804e+00
1.960120261353373472e+00
2.308970912497493089e+00
3.896261629166191121e-01
4.970529347913803520e-01
4.539477486523253447e-01
1.887835464537696240e+00
1.847074193883195825e+00
1.278995631092707086e+00
5.240951585520119416e-01
1.072143401415321939e+00
6.509619230929222233e-01
1.067435549201931622e-01
2.653964117026985647e-01
-2.729261160869098646e-01
1.744924623141995035e+00
2.253876738520617984e+00
2.070985401921910274e+00
-3.451715576940035390e-01
-3.811433563559307736e-01
-5.442815375600527084e-01
-9.305438334408040468e-01
-1.026343319036750579e+00
-9.817967336174038273e-01
6.049985836509739201e-01
7.593239888898102308e-01
5.992332673680418331e-01
-4.080197880247466991e-01
-3.757003975978610022e-01
-3.125370992555023264e-01
2.582362713416807232e+00
2.005970899729410561e+00
2.564619896794076759e+00
7.464856056538091700e-01
1.724863011710118244e+00
8.190450641804951637e-01
-3.351678778890718746e-01
-3.708436035888156290e-01
-1.019568476017390868e+00
-9.354335243472444716e-01
-1.048533843715117708e+00
-7.576784197965715784e-01
-2.995942541465583808e-01
-3.587853563309173488e-01
-2.842755824814395815e-01
1.794090690559813517e+00
1.941492771975076082e+00
1.726464053250700736e+00
-5.866056589410120203e-01
6.866395541617089648e-01
2.194708042395327574e+00
2.777481613509857894e-01
4.325371155362121023e-01
-2.539111622069212260e-02
3.227871505008614861e-01
-9.568110164700405207e-02
-8.787992062529323967e-01
2.794976835674036764e-01
3.451566927279463570e-01
1.634227321987986592e-01
-1.801781304081635504e-01
-2.334298285129015049e-01
-4.297999644897068094e-01
3.991381062443979388e-01
5.456250532229587336e-01
1.102019110797335166e+00
-3.272478784695742604e-02
-3.025195175988759644e-03
-2.863839812648207861e-01
-6.485118388148904955e-01
-3.917361914366304099e-01
-5.576945425683601520e-01
1.041033415147647467e+00
4.713914680959905290e-01
-1.268634193954758516e-01
8.567055215834624704e-01
-6.015831879769679702e-01
-6.116157229908987247e-01
6.717743130513120775e-02
1.688048273827549295e-01
9.716517623118514635e-02
-1.282310253436692360e+00
-1.954202788194801865e+00
-1.499465653851336455e+00
2.603648315888309916e+00
2.588239416291216344e+00
2.585391190857316168e+00
-5.095775788162173470e-01
-5.676927706355732184e-01
-3.848942319619648167e-01
-9.026638772282034040e-01
-1.303245850260090100e+00
-1.091369350650117642e+00
-1.421150574266070166e-01
-1.297648669125854859e-01
4.182352737775301144e-01
-6.915189441619498112e-01
-6.721975796875727660e-01
-1.283924485234511748e+00
1.022447848815277283e+00
5.870728088182066706e-01
6.766083419676833799e-01
4.149508422284209352e-01
4.278034598790716458e-01
7.766541109117985897e-01
2.626526686676284861e-01
-2.929280233274775824e-01
-6.416344118666819085e-01
-1.663903534616837376e+00
-1.584228130825025227e+00
-1.441874962758641354e+00
-8.455128088976060496e-01
-1.078660995492989549e+00
-8.531561644628893326e-01
2.893297462015431698e+00
2.370060506202392503e+00
2.764255191145005064e+00
1.399330877188864619e+00
7.491683086644527201e-01
1.207296824992083017e+00
-1.445643877984643666e-01
-3.542241132504919676e-01
-1.412171531314494466e-01
8.265820797082801263e-02
1.475120163499727965e-01
5.904421169153191151e-01
3.916507919010370209e-01
5.110179266918213337e-01
7.174933362280673244e-01
-1.530446372053795523e+00
-4.022058890793349661e-01
1.472361593612658837e-02
-5.490808977197438878e-01
2.889695597338842958e+00
-8.687942044295335897e-01
-7.202828879951219676e-01
-9.735832660731258414e-02
-2.330356813174923047e-01
-7.246163207290918784e-01
-6.288004494684420465e-01
-5.047858664055659972e-01
-6.826008652285100453e-01
-7.991859952412507795e-01
-8.112035128113408433e-01
-1.051507865686925225e+00
-1.230205529411257714e+00
-5.422166758494766370e-01
8.828359554907008189e-01
8.548663817296979772e-01
9.901855720945063055e-01
