-1.062157024556357854e+00
-7.311622546826987978e-01
-1.340649173305199504e+00
1.760488140691929715e+00
1.397453326887188041e+00
9.089257004650219685e-01
-8.077510365854783103e-01
-2.398173060796843004e+00
-4.042509144706172286e-01
-8.903374688377052593e-01
-6.629577940528936786e-01
-1.744684192465470352e+00
4.975123532691996253e-01
6.808668654691660826e-01
-2.674233041437275027e-01
-2.690543757567548155e+00
-2.032615573682041266e+00
-2.111330271067995312e+00
3.902755980797660840e-01
4.977672709432390263e-02
-3.381398995580013889e-01
2.023058567041541522e+00
9.224086303094081174e-01
1.310431496647139760e-01
5.536690342843786361e-01
-5.518864013436086680e-02
-5.742387047567278913e-01
-1.389728939566781341e+00
-9.436888616587868484e-01
-1.296896158349053474e+00
-9.594211775811163356e-01
-1.108945464811400328e+00
-1.349985941328765371e+00
2.258728215925743577e+00
1.737177694087203683e+00
1.707365888004785504e+00
5.201739033424610525e-01
8.869456600079672626e-01
-2.247170116653807170e-01
-5.484254514245190393e-01
-4.355677226294627502e-01
-1.240498731332672966e+00
5.857510895923385696e-01
5.721751654126108200e-01
-3.007928281644014490e-01
8.261833269838292360e-01
5.372146218803313111e-01
5.471611947552412758e-02
7.310885572739631577e-01
2.576140150272174800e-01
-4.913801238324233545e-01
-6.260399505268159359e-01
-1.658977386259584019e+00
-1.552966435313541504e+00
3.906942870223342190e-01
7.050252291681489147e-01
1.130395165501960619e-01
8.510355269481051366e-02
4.133245069706417141e-01
-2.456514678929027085e-01
-2.759889146125978243e+00
-2.742628615208418719e+00
1.946856075553240473e+00
-1.432016542524702452e+00
-1.432885251285910044e+00
-2.557820368658496157e+00
1.184790574865765223e+00
8.866525775725273562e-01
-1.219040485731825996e-02
7.690168321092736292e-01
8.899291320255331428e-02
-2.007067154385695495e-01
5.091678853476588884e-01
9.449545468721041175e-01
3.893758128210302871e-01
8.047100821547394922e-01
1.441149487771383519e+00
7.775006440029863519e-01
-3.360084766593161021e-01
-2.257002849777633990e-01
-6.307752261891943490e-01
8.332332788043403937e-01
8.008449664832197890e-01
4.984742402184147991e-01
2.916944449963281727e+00
nan
-2.353740846010206500e+00
-1.833450182222450930e+00
-2.545415251420091618e+00
-2.258683458015190215e+00
3.385520611102985633e-01
1.802027325326758245e-01
-1.245351992636996030e-01
-4.630806303446997063e-01
-1.327996076478532572e-02
7.369915600921039811e-02
-4.013239830965544819e-01
-4.347871994349237212e-01
-7.457502550705279454e-01
1.859388021847605543e+00
1.701155442119057781e+00
1.121528538025994060e+00
-1.142613103232481331e+00
5.561050612543532168e-01
8.097098019222568333e-01
-3.616008509923709369e-01
7.318578789634471171e-01
1.655132892221130803e+00
1.264849444770224096e+00
2.855674638883010097e-01
8.097098019227666477e-01
2.043558906286961907e+00
-1.365678088272979096e-01
3.753347736308190186e-01
9.903698303732229036e-01
4.231584113780182399e-01
1.032329034593364447e+00
2.423333743411695274e-01
1.625244229008528940e-01
2.382252707973813166e-01
1.757730401420801059e+00
1.985885714751455922e+00
1.366218669624534421e+00
-1.866136492285934700e-01
6.006227937701744679e-01
1.566257473601235795e-01
1.542073287070993004e+00
1.627188748270242513e+00
1.718276422199537912e+00
1.729951987351395992e+00
8.674025409953536325e-01
6.533106914113360197e-01
-7.054178022711035112e-01
-1.205063836614820305e+00
-3.735244211891868282e-01
-5.510664401994538331e-01
1.271990828310801014e+00
-1.269145349174106485e+00
5.991531406120249592e-01
2.292754337890050564e-01
5.791578547169482505e-01
7.373688665960611566e-01
nan
-2.918810461896154784e+00
1.494922449513381046e+00
1.422315181573774012e+00
1.811808585562191709e+00
7.438907550557067871e-01
3.739923439398000760e-01
5.505823208396942725e-01
1.572106510616699815e-01
8.370326250707145199e-01
7.223046804737727200e-01
1.140035094057548548e+00
5.085709956903508022e-01
9.363744558612721036e-01
1.161952185546191174e-01
-2.123668419275532848e-01
-6.482891688489740289e-01
-1.948785178592264966e+00
-8.554254646471450840e-01
-1.324122655941822213e+00
2.834696363085195792e+00
2.882997519403494024e+00
2.868059440100503288e+00
-3.002625740904548479e+00
3.108854676140206941e-01
2.659266779203670161e+00
nan
-3.006022226350339110e+00
-2.642707973475425298e+00
1.129898862158480455e+00
1.233414647846806211e+00
9.602643165961817218e-01
-7.697146948805593247e-01
-5.342385590706393295e-01
-5.976018435437469023e-01
6.019109238053799160e-01
4.957890584466118078e-01
2.809101163559857284e-02
1.172165530861812854e+00
1.580246264153834623e+00
1.361520762062673029e+00
-5.165543070905469492e-01
9.672597309123975862e-02
1.969178913053020175e-01
-1.365467470210305123e+00
-8.903336715205170115e-01
-3.913213173927831967e-01
3.400836709701109406e-01
2.743292096419214232e-02
-1.366821955839254699e-01
2.166342890599760374e+00
2.469489658465760407e+00
2.436086436709269165e+00
nan
-1.241404514431921458e+00
-8.593777120015122506e-01
4.678257275043335994e-01
5.250449624033577400e-01
1.357702459961958041e-01
2.851527666413210760e+00
nan
-6.009703879946619587e-01
1.070424070422964391e+00
1.546175434994241371e+00
1.384301257462693613e+00
5.470207772240502919e-01
2.332709679024502769e-01
1.016844444433829153e+00
1.341514160649204257e-01
2.045619241350268958e+00
1.965974657695123362e+00
-6.523979981813017304e-01
1.598956969039120324e-01
2.768494541490116312e-01
6.617625364417127898e-01
1.135703070590617259e+00
3.189848061600257800e-01
nan
-1.767016391986260482e+00
-2.890039066200025264e+00
-2.428226111410332511e+00
-1.335295553831144399e+00
-1.756552410997639146e+00
nan
-6.130567894355687386e-01
nan
-1.011421940941854558e+00
-6.924270461458581494e-01
-3.994355418390527213e-01
6.735441875253256327e-01
7.876551626269558959e-01
5.861736445837677500e-01
7.043178407156700516e-01
1.248342043450620942e+00
7.538137863153444584e-01
-1.197126677298800734e+00
-6.615084629646266201e-01
-9.806358792095064558e-01
4.160503681599871939e-01
5.416108803116248538e-01
3.509301613241468942e-01
-1.379111521768340509e+00
-7.942168169566059532e-01
-3.375742214656658469e-01
-1.488920800282850232e+00
-1.926561592914351806e+00
-2.123657227981859741e+00
-1.480205240598975180e-01
-8.932144401295705194e-02
-7.586708237623045470e-01
-8.311762673298770387e-01
-1.809660566901771794e-01
-2.126953034138345799e-02
nan
-8.924316269956462655e-01
2.589870330513607932e+00
1.689751037889966057e+00
1.899951170391890543e+00
-9.938245869764750218e-01
2.985597537519333322e-01
8.947590653459789323e-01
3.705337844830403071e-01
7.097769017555712878e-01
1.233317544345643668e+00
1.483319796274648716e+00
-1.072466422996165569e-01
2.295757337427533074e+00
1.895758504335200989e+00
-2.730060338726896685e+00
-1.789167141435776154e+00
2.423127380880790938e+00
-4.561191823326242734e-01
-1.930878141227307943e-01
-1.016589333941642082e-01
1.340410492009108445e+00
1.941553900417818390e+00
7.097920192542974682e-01
4.144140414397274874e-01
4.750054727617949446e-01
-3.043568127501576903e-01
-8.473056787388042466e-01
-1.015811972075219671e+00
-1.152265122236394213e+00
7.902529639340825085e-01
1.178223787640860110e+00
-1.674877610304870146e-02
-1.345659237585254964e-01
-1.498500736110315978e+00
7.319302074636788724e-01
1.802564797171481992e+00
1.041267579757184869e+00
-2.467033182882318876e-01
3.759077242948816178e-01
7.325441524411040461e-01
6.137861695663104911e-02
-8.358048110486815396e-01
-5.817509603953392450e-01
-1.075268189503002070e+00
-3.052096515121524689e+00
-1.612443994456695284e+00
-8.233324674015687350e-01
-6.956747899964934589e-01
-6.909839661962786650e-01
-9.096871021732142459e-01
1.378563539770064850e+00
1.681503085706115286e+00
6.469572467451425446e-01
5.100321735499195874e-01
7.399908381395063905e-01
7.447312004674078167e-02
2.576018747929857966e-01
3.775943331571518513e-02
-6.058129926439743684e-01
-6.566189436279143976e-01
-2.646387972503871922e-01
-6.354561836520917772e-01
1.018495149877360895e-01
4.152974108925975294e-01
-4.194439897560391373e-01
-7.898494056118643414e-02
-6.555000620096209651e-01
2.646773581848230528e+00
1.191252486640686392e+00
1.277632551442994924e+00
1.948043786918476350e-01
-2.345802917720005709e-01
1.460952478461252646e-01
-6.321276050028861171e-01
-1.475221630281337903e+00
-1.920718826506747412e+00
-1.079790032453191717e+00
-2.131477603017550848e+00
-1.502089500001088762e+00
-1.466093565982938829e+00
-1.697702571286713535e+00
-1.970198910497363398e+00
-1.808623150524717227e+00
-3.395796773565153970e-01
-2.655359883087595740e-01
-5.651164083399167204e-01
-7.176223843497355759e-01
-1.364143330440198199e+00
-1.016091994918241870e+00
1.337146900368576752e+00
1.729779091923873580e+00
2.286451806499266048e+00
-9.875198703977337011e-01
-9.288588766064256319e-01
-6.114670049878547786e-01
-1.957203915389267745e+00
-2.218269172460455962e+00
-1.800791566443445735e+00
1.238381129010361903e-01
3.901831927864849447e-01
6.447716937617360422e-01
-1.481991743337274459e+00
-1.301454147574773401e+00
-1.285118797914446498e+00
-9.348173749568111646e-01
-6.329408118788641957e-01
-5.463798747987542725e-01
9.531491503288958000e-02
1.996606028737355487e-01
8.692081029345519738e-01
-9.141445988898810882e-01
-9.829839635845525336e-01
-1.459798392657867261e-01
-1.125739622292961872e+00
-8.865522423158402887e-01
-8.917984147493944747e-01
nan
-1.616213223362396922e+00
-9.220582207966554478e-01
1.806497425117148836e+00
2.370088004585006125e+00
2.978830422836547420e+00
-7.177793926585742668e-01
-7.201804036302816847e-01
-5.319921939307556968e-01
-2.522494067534655215e-01
-1.391921296497833360e-01
5.765443950487778579e-01
4.338774195751256002e-01
4.082248878694749727e-01
7.923596147205622664e-01
1.482267545048010504e-01
5.948650869313767409e-01
5.868784038404690762e-01
-1.344609370421969929e+00
-7.231492902588252392e-01
-4.715017125497711348e-02
-8.191021653400802904e-01
9.689144973368302161e-02
nan
-1.755291078685225159e+00
-1.001882068772423029e+00
-6.235709273174454559e-01
-1.774760123089687891e+00
-1.278331088467208776e+00
-8.007335265605348695e-01
-1.039960685266805296e+00
-5.845822166779246487e-01
2.275860290401019448e-01
1.850041095374009181e+00
1.558497171507591261e+00
2.035238323221099321e+00
nan
-3.370227477056202403e-01
nan
-1.054076965073537764e+00
-3.097979620496098097e+00
-7.858991841246552035e-01
1.729342261264835479e+00
-7.658333724583021862e-02
-8.707229869340871176e-01
-2.937374897446529687e-01
-2.330781032822059284e+00
-2.460511815671923230e+00
5.033942951433916235e-01
-8.326250923013756022e-01
-1.926800919346620011e+00
-1.144042793762550358e+00
1.921746036060081764e+00
1.067389036425951510e+00
1.739338465019466540e+00
6.885833788278521439e-01
-1.017643622641362988e+00
1.701316257302867285e+00
-1.949861623519724141e-01
-1.662437980130582416e+00
3.816080912636947708e-01
-7.515718003353191179e-01
-1.298374690186329117e+00
-2.211412248653751522e+00
-1.837923847472890948e-01
-1.546919030029424880e+00
1.710736762949300882e+00
-1.948714877577790494e+00
-2.046559096890498530e+00
1.530360248324956984e+00
1.394602588757916095e-01
-2.996048333965077859e-01
-1.831373351180035636e+00
2.383646357093702761e+00
1.940905420519688285e+00
-1.931361551132220411e+00
1.284882913068565280e+00
7.871289943934205446e-01
-2.632116329100930852e+00
3.296066997713498203e-01
-5.241268840634281112e-01
-2.067200008525395205e+00
1.119562275056616762e+00
-7.414657994227575877e-01
9.252749891568070595e-01
9.040400875913645606e-01
5.084327346847130613e-01
-1.877360324329483410e+00
nan
-2.034601356449702969e+00
-1.327761048030722035e+00
-3.368974256577073056e-01
3.575790380907339916e-01
-1.446738544526636305e+00
-6.473744531485805531e-01
-6.738407204465080014e-01
1.963484489959218315e+00
1.619370480433398818e+00
1.687063593989281962e+00
7.776172861856176510e-01
1.387397666993115841e+00
1.599201679040098689e+00
1.560775320220277429e+00
9.734092650802237401e-01
1.901160285660712823e+00
-2.801546816887908964e+00
-2.437613085507912558e+00
-2.950086092702076446e+00
1.264831880712521617e+00
1.076977733205549903e+00
1.320919942919414503e+00
1.455056313139631463e+00
9.778055016118196718e-01
1.381399589385142512e+00
nan
-3.017916231907155744e+00
nan
-2.860861111522844613e+00
-1.831960215278944482e+00
-1.865597485679612699e+00
-2.858348976652062667e+00
-2.579935545285954035e-01
8.584987233228584813e-01
1.659446393820492638e+00
2.297018852401548017e+00
nan
1.512137598684619277e+00
1.211434040880913443e+00
2.061748505193762959e+00
1.617019228016580712e+00
1.695419653916556690e+00
1.756524123146092187e+00
-7.644845937406397063e-01
-5.976456024528014055e-01
-1.233858378341148976e+00
-1.793622497171434294e+00
8.250791204754701624e-01
nan
8.642859379455813951e-01
9.062096585855519137e-01
8.955527124085849167e-01
2.091463803041585301e+00
nan
-1.580218969314209687e+00
1.217938697084123056e+00
6.611623243941675554e-01
5.365686446485060657e-01
-1.779666191958602983e+00
-1.435842227149587202e+00
-1.331203603299396798e+00
2.030404970978160861e+00
nan
1.306537971037813328e+00
2.436644396944580571e-01
-3.433382906249389244e-01
2.653798089188819986e+00
1.555042065094900394e-01
2.462046414134309913e+00
2.204125953843159458e+00
-3.100850567851800577e+00
-1.989330901604461133e+00
1.945297561403152464e+00
-2.956595076844599213e-01
-1.334124268470112451e+00
2.502127947355432092e+00
1.686964405531488076e+00
-6.155280995889373941e-01
-3.042075121538338589e+00
2.636551372064494636e+00
1.312702859675237477e+00
2.405724773872404576e+00
-5.942110311451687110e-01
-2.027347875679349709e+00
-9.321173760607681658e-01
nan
-2.964206691176476394e+00
2.900971107850880415e-02
9.447855711956600899e-01
2.443875306548975779e+00
1.920961256340248724e+00
1.040089686002743541e+00
-4.200840097290892139e-01
-1.492951477519080195e+00
7.091944259404976414e-01
7.267892792543624303e-01
1.490758165797100077e+00
nan
-1.516205339299654398e-01
nan
nan
-2.357442392704052203e+00
nan
2.702965936768322308e+00
5.350296536722720653e-01
-5.767656503765650200e-03
nan
-2.921416662426134625e+00
1.670454310837411249e+00
-8.138391177399961762e-02
-2.776037158907436186e-01
-8.883885707165006806e-02
1.690927212064108787e+00
1.543568431082526615e+00
1.754251666334405435e+00
1.398137896347335207e+00
1.437681947314834119e+00
1.840920318523398436e+00
-3.675788723278161640e-01
-1.046756597939558997e+00
-1.201777391475258749e+00
1.832066899471658239e-01
-3.756923343522622361e-02
-4.958675063974649078e-02
6.117973980732704931e-02
1.568700033699101937e-01
2.070906267868020123e-01
-2.076584199347142334e+00
-2.657223436302261987e+00
-2.270690762668567508e+00
1.039530649859348621e+00
4.109096366841180625e-01
1.944671467154224231e-01
6.345117113391851582e-01
5.061195480024247573e-01
2.394971657669064946e-01
-1.268618833874134877e+00
-2.313877408077576803e+00
-2.877245718177183331e+00
1.549431218148119349e+00
1.706605981535780359e+00
1.844688520220298500e+00
2.407576477018912087e+00
nan
-2.948967167495343489e+00
4.986680210181138051e-01
6.150205934018102560e-01
4.953580982510663588e-01
3.476259142079149989e-01
7.341585878416077016e-01
8.066744073897371692e-01
7.746260325486540310e-01
1.129757020230299780e+00
1.834891194346103482e+00
-2.328719213016194889e+00
-2.067493090999064087e+00
-9.574151561352444162e-01
-6.639731345602459811e-01
2.714928483576772855e-01
nan
-2.104054427487925594e+00
1.621514107462702192e+00
9.873958935426507821e-01
-1.454838854462138231e+00
-2.583673994920028694e+00
-2.558203296356779788e+00
-2.037539948725095140e+00
1.235398983469454315e+00
-2.406193507109843921e-01
7.585803084147690889e-01
5.276049945529495133e-01
5.317225474863001011e-01
1.285671872011454830e+00
7.469771687828230533e-01
2.059823974152492632e-01
1.499089144811326157e+00
-2.243397642809008552e-01
-8.530219970593679868e-01
-1.372966097119895590e+00
-1.273407270371700761e+00
-1.461726223765332566e+00
8.570103186421524910e-01
1.199412652146166991e+00
1.134146436507583289e+00
nan
1.258699034527965388e+00
5.837795637974521057e-01
1.767602101469910814e+00
2.854093063107159267e+00
nan
2.339569527745345212e+00
nan
-2.137909182928547036e+00
-1.084812813003569687e+00
-1.743992927785493974e+00
-1.372754781812928870e+00
-2.076021286578237479e+00
2.243707102129723019e+00
1.544601355600677017e+00
2.379706591306568697e+00
1.416021478769616593e+00
2.672505749531164376e-01
nan
-2.552711934231906010e+00
-7.759831962509053938e-01
-2.685099794879643564e+00
-8.464071519809821531e-01
nan
nan
nan
3.089101441171830942e-01
-2.541508450929443441e+00
-2.236622567456620914e+00
2.534661606862482763e+00
4.133901449805525985e-01
-1.332442438682533981e+00
-2.105251430014564384e+00
-1.497545147231966522e+00
-2.115035242706369001e+00
-1.836662347581062837e+00
-2.856381715822333245e+00
nan
2.986522602190975206e-01
1.025995981822271474e+00
1.074362121451729379e+00
4.936283530638880812e-01
-3.164985345357895774e-01
1.971246378568425328e-01
2.322093221857390866e-01
9.297135839877901375e-01
1.119078121867319808e+00
1.276393866164615254e+00
-4.461150303502470216e-01
2.137465965055644901e-01
-6.767677400280325273e-02
5.413797391492458644e-02
6.023319864618508213e-01
6.279490627478137021e-01
-1.739961089518827553e+00
-1.109059868079886879e+00
-8.904794353880709501e-01
-3.060812598399168305e+00
-1.910095928650537456e+00
-1.526559825525021230e+00
-1.042408882980625950e+00
-4.756250721712000917e-01
-4.232616097488315354e-01
-7.500350341563257750e-01
-4.299358282034360101e-02
-3.738824581492181665e-01
2.923092573255241966e+00
1.797103312808767228e+00
-6.336529007849733830e-01
1.483156211123514368e+00
1.719938904607826835e+00
1.447101278454505646e+00
4.070771427967034839e-02
3.759467691060485173e-01
1.166134698274031045e+00
-2.239843385728619296e-01
-9.239890153276908435e-02
-4.663996740178730782e-01
3.305694257434939054e-01
-1.264801974345770574e-01
6.323060463253291630e-01
2.462038926916054749e-02
-2.104158344478697096e+00
-6.641125356616357500e-01
-9.779607372121943420e-01
-5.225910734398113711e-01
-1.078697816848269930e+00
8.030320296857236251e-01
1.652331526882517387e+00
1.095205973231311525e+00
-4.745732484932716488e-01
8.877880706506857678e-02
-3.263483252399903556e-01
-1.864633503991289798e+00
-1.604818760182879611e+00
-1.883557905062773763e+00
8.310786658105584479e-03
-1.756823399729157131e-02
6.121825453986939891e-02
1.925439095658473931e+00
1.534805485600116981e+00
7.304622239899760672e-02
-5.320198611446729231e-01
-1.647374663239844494e-01
-5.356928947249350870e-01
3.575955401328245742e-02
4.678599532170362174e-01
4.638576426305109912e-01
-3.173801056862659564e-01
-2.312253017718544079e-01
-4.797281130648749503e-01
-1.681297421306497952e-01
1.503679793321315294e-01
-4.376498545377782712e-01
-1.565800288011202523e+00
-1.101680021093775608e+00
-1.061322217589803163e+00
1.408752069510571303e+00
1.868500729157855034e+00
1.349001372720750602e+00
-1.713942356976962955e+00
-1.348455399808115907e+00
-5.074662685574247156e-01
1.902558463801544697e-01
3.529716536346358957e-01
1.162758759398085928e-01
-3.844319398098359208e-01
5.059435759783870168e-02
-5.730566276528037406e-02
3.172294845106340411e-01
3.265104998790300250e-01
1.945358541718760215e-01
-2.506607596789200976e-01
-2.636070559822822901e-02
-6.293745892046458401e-01
1.113354568132588263e+00
1.283885083739713551e+00
1.946540555398613925e+00
-1.328551319018155263e+00
-9.440016916262625735e-01
-7.266151418960737907e-01
-1.227511778514439378e+00
-1.680475886548393527e+00
-7.589239871397523984e-01
-1.205530598440270662e+00
-3.578787661767135475e-01
-5.367047265975419812e-01
-1.058903199260042616e+00
-1.747424280037289890e+00
-1.668142342736499861e+00
1.602210577905305300e-01
3.711427622067065002e-01
1.601335632835976241e-01
1.685452726662502343e+00
1.131542110443906068e-01
-5.708633677259848938e-01
1.045692095503536478e-02
1.979387617908927588e-01
7.257750263922826406e-01
1.609640085011899480e+00
1.413262490236920854e+00
1.134876182442583925e+00
-6.659353832111034599e-01
-1.153236508963858764e+00
-1.358417637286940760e+00
3.977443737500210297e-01
7.185002009270560208e-01
1.517599924664912336e+00
7.161574637909620122e-01
-1.333796200414988586e+00
1.735659209290818517e-01
-3.132044316896420266e+00
-5.421597113425660197e-01
-1.460494049824216267e+00
-8.566214214061673715e-02
7.539841060276231133e-01
1.132280311462279698e+00
2.633451610935022558e-01
3.938067744634974332e-01
9.958295213050805117e-01
-1.540726525962104354e+00
-3.466057155553854408e-01
7.361166479046676869e-01
-4.243517499897948575e-01
1.001193874418253138e+00
1.592210329961571524e+00
-6.378533044322058920e-01
-1.036736256529054323e+00
1.388984603272764851e-01
-2.809507199793386256e-01
-1.040543710886852047e+00
-3.647427047160864966e-01
1.995249731331236731e-01
9.729716096284537485e-01
8.171748651550028164e-01
1.419196340581024174e+00
-1.532961390486289988e+00
7.185317042153767098e-01
-1.301734438850565168e+00
-1.008828850767870655e+00
-1.385139801014282801e+00
2.812286007512077468e+00
2.203080463693161128e+00
2.634789777065213556e+00
1.951553577094058411e-01
-1.363697474555536360e-02
-2.558780997939029689e-01
-1.403418805545862513e+00
-1.448935549472595063e+00
-1.842805093170852171e+00
5.673509703958314887e-01
5.286942869570521175e-01
2.242251225596536557e-01
-7.790391117439336988e-01
-7.686784228222376392e-01
-1.147000837682353724e+00
5.329803985287124846e-01
4.254552080825457772e-01
1.928805317292905386e-01
1.039803601203825423e+00
3.942950736042214466e-01
9.109514356440868710e-01
-2.379024311529591706e-01
-1.202094639734347936e-01
-9.734922522648048471e-01
-1.738429930419425062e-01
-4.204095764193627183e-01
-7.161697140406451112e-01
-7.452965736314358658e-01
-7.008507827874415064e-01
-8.985278653925679038e-01
3.089477248773127904e+00
2.118923946819114335e+00
1.798248877718214622e+00
2.459102687555146716e+00
8.268170576644875425e-01
nan
1.298398522137711453e-01
-5.288661664605420754e-01
-1.019224525126324110e+00
6.511649237450765071e-01
2.227452510484200232e-01
3.378421303461003333e-01
1.308373651605961641e+00
1.077788989196296399e+00
4.130919865981561578e-01
3.263573091271587678e-01
3.076264222025963946e-01
4.056697706914578205e-01
nan
-8.404675044949163620e-01
-1.852796536177932385e+00
-3.082993004602694320e-01
-8.667483018642117010e-01
-1.307149433255877069e+00
1.120836261860587157e-01
-8.339702663340720079e-02
-9.152564000483986995e-01
-2.273188397563473018e+00
-1.102212632088180211e+00
-1.385253988916797629e+00
-2.280496426045381941e+00
-2.241465778768974459e+00
-2.891906854870124555e+00
1.156560776872185947e+00
4.155999096589271247e-01
-3.112592540080081349e-01
7.118200744346889763e-01
-1.872899461791752707e-01
-1.118022693348046381e-01
1.392556277873489456e+00
2.824344087011572135e-01
3.979195499663212843e-01
2.134892121831897249e+00
1.701611150176880471e+00
1.828725269105182960e+00
-2.080922999272716289e-01
-7.579931490760958290e-01
-5.862575815446255945e-01
1.841129354010091923e+00
1.291280841576216254e+00
1.369052904122991521e+00
-1.922048624743340151e+00
-1.628447867440590890e+00
-1.132695216985025066e+00
-1.792412000764107560e+00
-1.691520396257058412e+00
-2.056484491552752480e+00
-1.159283509161657122e-01
-1.051464327424741718e+00
-2.014164681743941809e+00
1.245701062842289986e+00
1.547192681022342420e-01
2.646176716173265220e-02
-2.213333436258286824e-01
-7.238998903185751566e-01
-1.307771690927040709e+00
2.674530084724183077e+00
1.572460504191374397e+00
1.640846569035683267e+00
1.347756540108251855e+00
1.215378481578103020e+00
6.488914821220488349e-01
1.897495379323411946e+00
1.317344240051331106e+00
9.374005055964085287e-01
1.975790248283438189e+00
1.493507695198832863e+00
1.199628733904961386e+00
-2.759217558144400506e+00
-2.122351520111296352e+00
-1.837880451035259988e+00
-1.092665393376930361e+00
-1.558927415387151960e+00
-1.983698321213742899e+00
2.007161217534564557e+00
1.697898386783388780e+00
6.471018279210714041e-01
1.847400897343076664e-02
4.782569254693176397e-01
5.790704642744337605e-02
-1.466862653885613321e+00
-2.334902314211205088e+00
-2.357808085297493861e+00
3.421699704969647371e-01
6.201925434725734654e-01
1.098685718749172757e-01
1.884879360228261191e+00
1.089255219353874260e+00
3.133130424790397939e-02
-1.740367938008424709e-01
9.991323823655431369e-01
4.147624104656406629e-01
1.010176177501021400e+00
1.128193309219508222e+00
5.225197727570645156e-01
6.276297627972695636e-01
3.451922835984051474e-01
3.132853848327554758e-01
-1.084427068751053547e+00
-7.490386965643747175e-01
-1.297026097309582626e+00
5.838890621031525008e-01
nan
-1.036298343843484737e-01
-3.140941917822030138e+00
-3.078690485069210947e+00
2.554704634917412953e+00
1.070267618603475412e-01
2.630768762441344499e-01
-8.121894714481303623e-02
1.523464432784783718e+00
1.682472308910814895e+00
1.331261917001882011e+00
1.547203805925736475e-01
1.266365532181565889e-01
-7.035011887148723275e-01
1.087276551427288851e+00
1.055812424752900824e+00
4.740620140562263884e-01
1.159300630949875455e-01
-1.512683633950655526e-01
-4.773098905074832921e-01
-2.115695361439699607e+00
-1.976098805877771980e+00
1.909780125335439394e+00
-1.961494613896281880e+00
-1.754677671799567573e+00
-1.635999027727162769e+00
2.733759274031060116e+00
nan
-1.146397171279516458e+00
-2.300521986950222697e+00
-1.968640905924399664e+00
-1.853166473253392343e+00
-2.706785909704552129e+00
-2.965251896411394306e+00
-2.605451692304565192e+00
1.969464116204360238e-01
7.715486672254936451e-01
-4.370826788215591563e-01
8.309992700343737937e-02
7.322252657624268579e-01
1.169403986271560392e+00
7.027000393564382108e-01
4.155000162988056189e-01
2.932132252077837009e-01
1.022503774913555930e+00
7.895333410424223430e-01
1.123934344298044508e+00
-6.573069555615633774e-01
-5.679615185841111469e-01
-1.206609882749307694e-01
7.147672584361002279e-01
7.550307396856354991e-01
9.389993531250455661e-01
-1.025279770445886030e-02
4.016047707136682909e-01
6.475498440807863076e-01
-1.449706056921096220e+00
-9.178940503014723085e-01
-1.484457119810269177e+00
1.218584872073951608e+00
9.342951127173657611e-01
5.297725903515142498e-01
2.568858255246500022e-01
2.385515187498108425e-01
3.984298056392194809e-01
4.927582564053967218e-02
-6.574563219086932975e-01
-2.682489095165845328e-01
8.129648150058805811e-01
7.113038929161450419e-01
7.625218813355578718e-01
-1.288211674816763130e+00
-7.687360446081843435e-01
-8.145544977541976372e-01
-8.908457757462211468e-01
-5.165020065639498448e-01
-2.091718719882940114e-01
2.729006855016624655e-01
1.052561709096946352e+00
1.061172843991379011e+00
3.085235630858012001e+00
2.227769785392288426e+00
-4.271414373111928064e-01
-7.979496932581477964e-01
-7.064627488900820929e-01
-6.002753219508973892e-01
1.543558297250916311e+00
2.764365539336388622e+00
2.118778146009857366e+00
-2.629641371091295809e-01
2.432587965442323252e-01
3.684640348563350543e-02
-2.264375347684950412e+00
3.072550651126793042e+00
1.667776056939315410e+00
-2.702179001115379009e-02
4.464725600273053985e-01
-3.785424801524341909e-01
-2.647442855028366182e+00
1.270632224011519540e+00
-1.249276911744288121e-01
-6.315025462958256952e-02
2.456848750517659496e-02
-1.117389833268211952e-01
3.069268715443667084e-01
1.013766437492371608e+00
3.175774709768406368e-01
-2.952252370686108129e-01
-5.539402768982366609e-01
-3.347278928727783764e-01
-4.729587765255578446e-01
-3.340836193449865377e-01
-1.146205497604078083e-01
-7.756710238905739629e-01
-8.193293783678821107e-01
-9.823045325046528831e-01
1.590495553328269196e+00
1.934284415328563433e+00
1.325165197792172123e+00
-1.886464327162737487e+00
-1.576962328052490925e+00
-1.229417324937348566e+00
1.735108578275367464e+00
4.788162968295250899e-01
1.343156516389304223e+00
9.828746278425093408e-02
9.607461105737291618e-02
-2.138868187110292141e-01
6.363801335581436014e-01
1.363356915843096928e+00
5.981238232003458499e-01
-8.495806744526110954e-01
3.064834809208794475e+00
1.508144666324928274e+00
-1.755271390371686779e+00
-1.434488395733264143e+00
-1.272603878215578854e+00
-7.991065974552475915e-01
-8.513590972753992681e-01
-1.004359598421809441e+00
-1.649232857565802846e+00
-1.558390474743119869e+00
-1.507894859754477235e+00
-2.404691299687806705e+00
6.602283191816633590e-01
-6.192641059584480523e-01
-1.352007641491453027e+00
-1.326825473910140385e+00
-1.856305795142202397e+00
1.160127191207167563e+00
1.705680145557211702e+00
1.150867372234722019e+00
