-1.890942781114282711e+00
-1.795093486332251187e+00
-1.461289398522498617e+00
2.065379718676770615e+00
2.297331164557875560e+00
2.369088187637459875e+00
1.623630470352584787e+00
-1.903103535335470831e-01
1.532305736841784061e+00
-1.505185153623524563e+00
-1.892543382607531521e+00
-1.107947972200463482e+00
3.753893197242539337e-01
1.617548755813524863e-01
5.003014226358319938e-01
-2.241675451967219956e+00
-1.770495499412609641e+00
-1.174954337881385369e+00
nan
nan
nan
-2.933816908557727476e+00
4.443177089570897742e-01
3.635350064027718098e-01
-2.750479376170671841e+00
-1.459293048013172722e-01
1.759461683889176342e-01
9.382041433995587099e-01
1.168504659338989171e-01
-8.596814164333852482e-01
-1.725045261611314551e+00
-1.620604787821120274e+00
-1.037366645677534116e+00
9.642916972645032558e-01
2.516148575512949570e+00
2.261163010380022875e+00
-3.521152650880114976e-01
4.308149837727732745e-01
5.666807412885654927e-02
nan
-3.780400960957681633e-01
-5.881776131193849899e-01
-3.009084333000041855e+00
5.454311356298493507e-01
2.001496213746558617e-01
5.710942850674487481e-01
1.322727520953336011e+00
8.813729534198921911e-01
1.284927060221567885e+00
1.620938860629054012e+00
1.410129025926949886e+00
5.001264766941337925e-01
3.713611254350563939e-01
4.076906058950533485e-01
nan
3.237993216682966136e-02
3.156595133314739066e-01
-1.094789280243704699e+00
-7.019484805391384974e-01
-2.887504646202816438e-01
-6.944902568751358807e-01
-1.366146463642278208e+00
-1.424573581601129790e+00
nan
-2.831610785536911479e+00
-2.867746732834947743e+00
1.039821377636926947e-01
1.449485658522621456e+00
1.383558368655516624e+00
nan
-6.779955957985150938e-01
1.826877427276095922e+00
4.255411566082178965e-02
-1.780236704314357432e-01
4.352030404812659015e-01
-4.698554811080013494e-02
-1.120074231576658086e+00
-6.449588120677862690e-03
-1.059331025418693173e+00
-1.426440493081508221e+00
1.088187539538489901e-01
4.838823747433829148e-01
1.830656505429395509e+00
2.275631667049553997e+00
-7.982035817833317282e-01
1.711843945879428119e+00
nan
nan
-1.244881658280447612e+00
-5.342394536928312121e-01
-2.087728931869348159e-02
-1.671187222102528125e-01
-2.276140730565274772e-01
1.576637226519537194e-01
-7.726574029581345648e-01
-1.917701092227785065e+00
1.737886251061857124e+00
2.860688879983170452e+00
nan
1.333118526266678039e+00
1.215126376607688741e+00
1.400056057188688641e+00
7.560004080247533231e-01
1.678329783403198050e+00
nan
-1.159136202804544880e-02
2.898427996448546651e+00
nan
-2.805847908335121321e+00
1.461372684216206252e+00
9.440552747787105403e-01
nan
nan
nan
8.586980361424467745e-02
-7.893243403455816321e-01
1.067704401354137467e+00
-4.702540451291401524e-01
-1.014294986373007745e+00
6.244673269624945178e-02
2.104125906460985185e+00
-8.622659701350312567e-01
-8.761496459022879435e-01
-3.602085827590153500e-01
-2.118961419877498642e+00
-2.174923352800988585e+00
nan
nan
nan
4.341493855693965287e-01
-1.622326827936868554e-01
2.133991198779687792e-01
3.112050226450365109e+00
nan
3.255928560283303241e-01
1.724549311499690596e+00
-7.805318691102089979e-01
-2.697985711863904346e+00
-5.035398316592725187e-01
1.063150801399586953e+00
2.049993980693293416e+00
7.724153188655709101e-01
-5.684359134324035168e-01
-5.666636051194786639e-01
3.660775097624400232e-01
6.121328793766083187e-01
2.965308250599412609e+00
-1.005059638249015563e+00
-1.932480267964162390e+00
8.335128287693072124e-02
6.940855592136814245e-01
1.673285548426825642e+00
2.004012941135512982e+00
-2.784488478077722373e+00
1.494789396645161084e+00
3.614804964966400469e-01
2.347593640326292252e+00
-2.373718807392949159e+00
2.340145553655536226e+00
-1.657558359632670841e+00
nan
-1.821594681212612699e+00
nan
nan
-1.087737293205634614e+00
nan
nan
-1.976719007062804234e+00
-2.591354764628489349e+00
nan
-1.000691820964046297e+00
-2.053847629957032517e+00
1.895633303875188247e+00
nan
-1.506022797769539068e+00
-1.671786568042780363e+00
9.841459100633960233e-01
2.831312569422439473e+00
nan
4.213021008503834430e-01
9.700000965497306282e-01
7.546844672058541370e-01
2.602149152433931967e+00
1.202417428308198311e+00
3.730911857515359920e-01
1.827029949782682294e+00
-1.555951477434179608e+00
-3.415022223884900399e-03
1.610609534249377361e+00
nan
nan
nan
nan
nan
7.864690955300712716e-02
2.166288042424509008e-01
2.758865636367676899e+00
nan
nan
nan
nan
-2.644450162714990782e-01
2.079835590973043935e+00
nan
-2.146931197009188885e+00
2.178876506189391549e+00
nan
-9.490914777126757684e-01
-4.967983029655194116e-01
1.885813905302023308e+00
nan
-1.662680080532446425e+00
1.688171695592267874e+00
nan
nan
nan
-5.078977972621463444e-01
-1.073270445015219732e+00
2.033116005151125449e-01
-2.766351871486703917e+00
1.010897867410078810e-01
7.556044438401303687e-01
3.848969784586704357e-01
-2.240471090811321453e+00
-1.577603585581638379e+00
nan
2.934526664544705454e+00
nan
nan
1.904299620338078647e+00
6.208906638486650920e-01
2.644238595916088563e+00
6.811591143027682094e-01
-5.342427637180362510e-01
-1.082416806545328125e+00
6.734588377994121799e-02
-4.430432975143299146e-01
-1.842772387446392157e+00
-2.106458218105749403e+00
-1.745809505570763198e+00
2.193745186409879366e+00
1.669945093241453904e-02
-5.056672296571846914e-01
6.802805697069929103e-01
-6.540854091879171328e-01
-1.525907988451742581e+00
nan
nan
-1.721630207986427630e+00
2.044369784201220064e+00
-1.206604933695909487e-01
-1.617556051488179936e+00
2.066012791443871954e+00
1.336034389876634698e-01
-8.253363876267374444e-01
-2.729072880677987367e+00
7.748258557752198961e-01
2.525358024500564902e+00
nan
nan
nan
nan
3.268135240733887059e-01
-1.696728579986306329e-02
2.163599567755178477e+00
2.624609424079821451e+00
9.325748214124240931e-01
-1.958264532935118929e-01
1.250920266101250178e+00
1.562088894753737911e+00
1.852239779629732297e+00
1.104633271561584529e+00
-2.393715994589993734e+00
-7.895093869352352023e-01
-9.373792055296106263e-01
-1.790920503784493745e+00
4.114166698409729150e-01
nan
-1.096723444450350637e+00
-2.695340477732812712e+00
5.388925297038649198e-01
-3.625834413118207422e-01
-2.894217818839978751e+00
-1.147613490048586371e+00
2.276005978392204199e+00
2.766406366078570933e-01
7.664369923463425494e-01
-8.571478096313134287e-02
-1.888275293853080683e+00
1.339674759766823264e+00
1.226982050275036151e-01
1.677993183655368092e+00
4.700835866195083312e-01
-1.679036298609031697e+00
3.282231379339721755e-01
4.393884389083124731e-01
-8.234659783051010429e-01
-3.612741357905226991e-01
-5.194620248432895160e-01
-1.340369121543415032e+00
-2.473142151681918754e+00
-2.084679033998669162e+00
2.446831147269826978e+00
nan
-8.799141211049601452e-01
-1.908205798895881822e+00
-5.031371245795090985e-02
1.071229601770329332e+00
6.262678086161166391e-02
2.461151217781420542e+00
nan
-2.713973046371552567e+00
nan
6.386353371706698923e-02
-7.891753377454193696e-01
4.357843777270709040e-01
-3.210426251386011565e-01
-1.594722773303119290e+00
-8.330641655264381384e-02
-1.625818708206594465e-01
-8.299033238454751604e-01
2.371886692906158167e+00
2.986143629778191588e+00
2.087815677773725120e+00
8.636009390724250778e-01
-6.925638160268903221e-01
1.415411387453110237e+00
nan
nan
nan
1.170583815489025348e+00
-1.370761716273706909e+00
-2.891047150887485984e+00
2.446204015523668396e+00
nan
-3.117359097063235218e+00
1.089693074670603501e+00
-1.658165641977955129e+00
7.810973429929015666e-01
-1.380572844149023926e+00
8.696700334229197082e-01
-4.435683879478218294e-01
-1.953419217635864902e+00
-1.223321149443316491e+00
-1.035261587810268669e+00
2.405919759224818932e+00
1.812303934162940777e+00
2.447014042095291053e+00
9.792365187977321028e-01
-3.247015336538443542e-01
-7.790809288501199248e-01
-1.426551272192353670e+00
-1.815701866369979323e+00
-2.188160193066023940e+00
1.164715807010248128e+00
3.925612721404929673e-01
6.979972587722089727e-01
-7.072433321892552804e-01
-9.316719574189860076e-01
-1.332435719704355703e+00
1.822094072960460664e-01
6.042806063670980166e-02
-5.797087732937855620e-01
4.782226280966925813e-01
-1.146484133053058407e-01
4.986647185884685030e-02
7.367108351535582855e-01
1.446111972001688173e+00
-4.194063740557041342e-02
2.021092104681837753e+00
2.953126672898225280e-01
-1.835907853513645271e-01
nan
-5.264452849393905787e-01
-1.126440663558927469e+00
2.196627525985221929e+00
1.844188722480915921e+00
nan
2.246294525208570647e+00
2.034482936013446874e+00
1.255462815695550738e+00
nan
-5.987174713855769603e-01
-5.329488092265504129e-01
9.940999832322230390e-01
1.001222555092931010e+00
7.708491688273975129e-01
1.686297800772655009e+00
1.029387451151126065e+00
1.394772109936595506e+00
1.241806944359572284e+00
5.359461972320849199e-01
2.892044079179338922e-01
2.688534927728904123e+00
-6.321965009030567906e-01
5.400753260359074659e-01
nan
nan
8.025363242246914552e-01
4.637255171658360986e-01
6.806838127368677327e-01
3.377342866758401563e-01
9.656814579864638759e-01
8.759056752046747718e-01
2.518089824996572190e-04
-2.293865823614403610e+00
3.049047236412614659e+00
nan
nan
-2.091167113568189961e+00
nan
-9.756626486405317600e-01
-4.389507573388233830e-01
1.938352150702204568e+00
-1.213797978285180434e-01
1.332539091836087763e+00
1.570034535744030180e+00
-9.241174362796256148e-02
1.788153392327576086e+00
2.277828524252790920e+00
-1.017230629549870091e+00
-1.370904470607380299e+00
-1.092876696944748094e+00
nan
nan
nan
-1.435265566531633619e+00
-2.764946060563642227e+00
-1.317519523033316542e+00
1.655531033454797907e-01
9.059109633911610615e-01
2.420005694625224635e+00
-5.448315256634845838e-01
-1.482597849098171716e+00
-5.189505079791252307e-01
-1.185143932362882069e-01
1.492591067393983728e+00
1.266404393606944012e+00
5.550910109639546341e-01
-6.203075679578780033e-01
-1.459696692764256953e+00
nan
2.905135497660393362e+00
2.579091463931451500e+00
-1.013612226295403929e-01
3.744978257043718450e-01
1.589068788422706824e+00
-2.089512472559653666e-01
1.079151646279940202e+00
9.810838486408890446e-01
-3.133225991370149899e-01
1.186110617807472067e+00
1.511772332034916566e+00
1.633307131315981486e+00
1.269494170394176003e+00
7.974564546545925836e-01
1.725760835613454169e+00
-5.251797963317468287e-01
-2.827829024545493120e+00
nan
1.858401367340942301e+00
nan
nan
-1.212007121644488539e+00
-2.767891057536360666e+00
1.709292396964170457e+00
-9.578950202978453454e-01
-2.945585344166782971e+00
nan
-2.020044953140648580e+00
-9.496942211143051260e-01
2.151288563664683018e+00
1.111814219167240658e+00
-1.136769761095886011e+00
8.149026139091568588e-01
-4.760965466036273241e-01
2.616634443659843434e+00
nan
1.830671263896080703e+00
2.833659342127501368e+00
-1.786622349670699439e+00
-1.683901987904715236e+00
2.066869436431884033e+00
-8.362677858695350963e-01
-8.372040960405557897e-02
2.775683980406834728e+00
1.885351179208163863e+00
-5.657121253482779721e-01
nan
nan
-2.228552143697418497e+00
-3.110561949613213084e+00
nan
nan
4.377499973704725988e-01
nan
nan
3.102379264935780867e+00
nan
9.430299139538877995e-02
-5.898701575453548784e-01
nan
8.179910641432486251e-01
-1.029415249231256713e+00
nan
-2.517689201260078224e+00
-2.638633869796553455e+00
nan
-2.731075730661426615e+00
1.954843923767400682e+00
nan
nan
nan
2.883854993870026640e+00
nan
-2.957243220908295278e+00
-2.469643898232583012e+00
-2.519380060902132179e+00
-5.375470992839477269e-01
4.129610409560329209e-01
-1.523318599758601177e+00
-1.804706840613188312e-01
nan
-2.189408981612346317e-01
1.491669063959446540e+00
nan
nan
nan
-1.831272596126916063e+00
1.435780614722629522e+00
9.042982754708006610e-02
-3.650232304604359435e-01
1.825393514008726292e-01
5.303883751031293059e-01
-2.140422188762943101e+00
-1.589018134291238837e+00
-1.404876562611600876e+00
nan
nan
nan
-2.058673133396264454e+00
nan
1.900632319635525036e+00
nan
nan
nan
2.222632655449304551e+00
nan
3.027659743667837411e+00
-1.248509650363834877e+00
1.784402126713830583e+00
1.344236323073045192e+00
-4.395498980228440544e-01
1.243853513600639005e+00
-5.485735353660894376e-01
nan
nan
-1.982039539689392837e+00
nan
nan
3.397173415866183710e-01
-1.618892529561261284e+00
-4.247064422588335830e-01
7.826904504164122756e-01
1.707226325078451623e+00
nan
-9.330976403151582943e-01
3.236509803939568997e-02
nan
-1.217387565304222097e+00
nan
nan
4.196061379285982440e-01
1.627372942541716050e+00
1.928536289655777836e+00
1.129455509539016411e+00
-2.839359798280144620e+00
2.315519240079718877e+00
nan
-9.440718232140605792e-01
3.234534133816002743e-01
-4.293241539456533751e-01
nan
nan
1.125458931538591223e+00
1.034116601064643426e+00
4.572816879696004477e-01
6.381618689172006142e-01
nan
1.006925369756659805e+00
-4.232721924355455911e-01
8.053160695524455015e-01
-2.610746873215941122e-01
-6.883280554575899046e-02
1.538623929669426182e+00
1.800988352115492575e+00
9.652532424136452960e-01
1.693826759451272146e+00
-3.061020240109613599e+00
2.292002997926494423e+00
nan
nan
-1.585591304371507082e+00
1.479706517137194588e+00
9.269938068999685754e-01
-1.519476483067561334e+00
-2.369276567620280716e+00
2.461908189677058267e+00
1.832510699371229457e+00
-1.228688849364955260e+00
2.811094931424558574e+00
1.871905541075399526e+00
nan
1.737842417847714316e+00
1.003791674176503612e+00
1.651917169411221131e+00
1.051808887506148871e+00
2.685721925518563147e+00
nan
nan
nan
-2.386025557333844027e+00
-1.784469842943738893e+00
-2.738940163282243212e+00
nan
-1.411967348540146716e+00
-1.978935638753273496e+00
-2.408006736793140146e+00
2.680300291989901496e+00
4.750014034732288337e-01
nan
-2.978989955760421360e+00
2.672114528517717247e+00
nan
-3.073352020485995428e+00
nan
-2.615807390305049829e+00
5.225334800038483607e-01
1.545367369760746179e-01
nan
1.993702441365488021e+00
1.166453699442842051e-01
-8.981351986574375168e-01
nan
-6.638330537612486815e-01
nan
-1.036638704463221039e+00
-1.117357128644683506e+00
1.669314661047893722e-01
nan
1.806097913741534278e+00
nan
nan
2.266768755785668610e-01
nan
nan
2.934172060792374914e+00
nan
1.174510973196924546e+00
1.520246021459108476e-01
-2.580716005605303565e+00
2.388421628062909363e+00
6.003569327534994393e-01
-2.842684566735333540e+00
-5.247912317511396196e-01
6.862172610129801953e-02
nan
5.547987134309195767e-01
1.298562939339380051e+00
nan
nan
nan
-2.734505761121675427e+00
9.217274066732930038e-01
-6.073518885231998787e-01
1.997492717315004107e+00
nan
-2.225208589843566287e+00
nan
-1.659020109606354154e+00
-1.766241556072591479e+00
1.651258695303523538e-01
nan
-2.369153915916392350e+00
nan
-1.608287518207980771e+00
-1.875892957665683092e+00
1.034179815531872215e+00
-8.258058284542890704e-01
-1.054572640330299738e+00
-7.240005495870072139e-01
-2.533622722336802635e+00
-1.340032431447897965e+00
-3.111540473564502030e+00
-1.614181373315836110e+00
-1.984542789136566343e+00
nan
nan
-3.394639052337944385e-01
6.461247659401889720e-01
-2.540579402392618036e+00
1.314259678399812614e+00
nan
2.880607566139159026e+00
nan
6.963325715162222984e-01
-2.018973253678597146e+00
3.132380318639618189e+00
3.305029373052010833e-01
-1.956073261383963979e+00
-2.282784914367677942e+00
-2.100964455274462850e+00
2.623451917694294089e+00
-1.650207197464555131e+00
nan
-1.008756878322003114e+00
-9.117873293409521906e-01
7.919332584221905336e-01
1.962712146501337074e+00
2.022977245828047721e+00
1.540898346182258294e+00
1.676908499002060182e+00
1.305984410051090450e+00
-1.441075481755593524e+00
-1.274076964861901695e+00
-1.213243509237372786e+00
-1.097138019839922762e-01
-3.006387173076750852e+00
-2.169234460003313103e-01
-7.950158196193042315e-01
-1.205924692402364995e+00
-1.707768199961454680e+00
nan
1.018696308687035312e+00
1.211332475626960559e+00
2.492465877951393516e+00
nan
-1.185087146371197386e+00
-1.501514489846519806e+00
-2.248963074909911874e+00
-2.930157309130979382e+00
5.183596730154147458e-01
-4.694504964216217324e-01
-5.265938028493031275e-01
-7.218891447503845704e-01
-2.373606831560309161e+00
-2.951000177423006132e+00
-3.946835826036805273e-01
1.440546977765113645e-01
6.967766079791464229e-01
-3.955078767248774163e-01
-3.465652348103538394e-01
-1.011396573701015100e+00
2.497804164450259989e+00
1.598497028077907167e+00
nan
2.316145414323186102e+00
nan
5.677549333023503841e-01
nan
-8.078769282400122265e-01
-9.536174726377137922e-01
-2.561870901345234763e+00
1.923441668566734819e+00
1.505684024007753585e+00
1.552574181586249047e+00
-5.374456134012333131e-01
-1.730377413598574110e+00
nan
nan
nan
2.990188999789307189e-01
-5.921887913112255930e-02
-3.740208643681994793e-01
1.412875932997811113e+00
4.885521210552123961e-01
3.368740409697683624e-01
-5.325762335556185612e-01
2.530080362219907286e+00
-1.398035431451845056e-01
1.075543327876779642e+00
-9.407688604266644106e-01
1.910019974919358710e+00
nan
nan
nan
-1.472703442526819506e+00
-1.646134453161164801e+00
-1.872156023464349284e+00
-2.155690100395054820e+00
-3.059377771880027463e+00
-4.945640840881542211e-01
1.711427457590196433e+00
-1.300841520173308785e+00
-2.140797441754073382e+00
-2.527800072584733382e+00
-2.875112681994130170e+00
1.407593009432672737e+00
nan
-3.343122642680036449e-01
-1.290835179555293477e+00
5.928573703501522907e-01
1.728877590752944116e-01
-3.498423576601581431e-01
1.470663777547295936e+00
5.301133306329139927e-01
-3.134494584762697045e-01
nan
-2.022995787783976596e-01
3.847587538057242185e-01
nan
nan
3.594390786500496482e-01
-9.732000961974449638e-01
-2.444756737123499057e+00
2.011861873712317283e+00
-1.172798702566701934e-04
-1.158753047356699151e+00
-1.333838961353789543e+00
-1.610432649415668660e+00
7.557030406481093365e-01
4.838558632027161188e-01
-1.820343681650879120e+00
5.242935531064820687e-01
9.764818620726778420e-02
-2.518680222443698824e+00
-2.723017538766354217e+00
-2.342229715938120460e+00
3.938815141225813221e-01
3.789665526392589356e-01
-8.464686138318455733e-02
5.170869503906825315e-01
-3.130009870159060625e-01
-4.017047208009540959e-01
3.009013874953464729e+00
nan
-2.044211194111094088e+00
9.234617027385638721e-01
7.755907738199745438e-01
-3.810625817390267400e-02
8.510161674449299163e-01
-1.431696496865707324e+00
-8.717714242989731410e-01
-1.629673637950097564e+00
-3.592117832214345441e-01
-3.980955194889199689e-01
2.583997751338432458e+00
nan
-2.879247355917031292e+00
-8.355974793189049343e-01
-6.869197720478128488e-01
-6.214982180995409777e-02
-2.298916019974847735e+00
-2.461177801680096699e+00
-1.812950792040616710e+00
3.738022010561894426e-01
8.601156608984128482e-01
1.996878976632867619e-01
-4.349119735726945102e-01
-2.772533842959528094e-01
-3.820283237941768384e-01
6.902345700940681894e-01
4.793388238609854746e-01
7.609406890268668455e-01
8.616394619581715375e-01
2.240533751962112241e+00
1.801906560113700984e+00
1.279813290907643619e+00
nan
-2.020620604543089449e+00
-3.086953392233096949e+00
8.778262117983528512e-01
9.901729924316224896e-01
nan
4.121392171845701391e-01
-5.365107864057083731e-03
-1.688307545771960960e-02
3.056475145481668321e+00
2.503524884488173008e+00
nan
nan
nan
nan
-7.711390920371297142e-01
-1.183588386805625170e-01
7.404289562317081241e-01
3.200694756529776086e-01
7.590042517922541698e-01
5.400862024974193432e-01
1.381069621532088121e+00
1.212287580504557205e+00
-1.690121635218062579e-01
-5.593430468316418214e-02
9.265845802666152764e-01
2.593659809700787910e+00
5.800126276397969960e-01
1.370447403063548286e+00
nan
nan
nan
-5.941426736167541023e-01
1.008229078416977842e-01
9.365487377456549467e-02
8.527503692759923482e-01
7.512146161387640575e-01
2.510819902449572538e-01
-1.193866554760754095e+00
-2.936976138420187343e+00
-1.863926194361214428e+00
-2.594864826839562433e+00
2.790691280133526853e+00
1.726333170697641251e+00
nan
nan
3.002495494571975065e-01
-6.638810935091608023e-01
1.184777210817962612e+00
5.253099151383984200e-01
-2.085163244704317798e+00
-1.118708459839585778e-01
4.411085378003631874e-01
1.862740382958024021e+00
2.494034250221049298e+00
-5.750051422488975383e-01
nan
nan
5.279117690391759155e-01
1.906995825591528693e+00
5.946670767922501710e-01
-8.122673049890001273e-01
nan
nan
nan
8.466655813427124144e-01
-1.383448814180865405e-01
-1.215016348214761344e+00
-1.335584078569001854e+00
nan
-1.124175760103919952e+00
9.816090905774430553e-01
-2.296996315827053436e-01
-5.177194960173956417e-01
3.077943739553453462e+00
nan
-1.037058512883902939e+00
-1.269473064058125100e+00
-1.390547475681279455e+00
-1.284997248970573436e+00
1.020463442695498379e+00
2.913657388147639082e+00
nan
7.737299332033749089e-01
1.672324608799820034e+00
1.047699381392029672e+00
2.802739368805442943e+00
1.707542806770358190e+00
1.152939886957304871e+00
-1.760800733432472454e+00
nan
1.140324395861484597e+00
-8.078991443251051230e-01
2.385264191027082425e+00
1.629074183867204262e+00
-2.581082537894618945e+00
3.717096183703096912e-01
4.502898043061573929e-01
-2.467792235174385951e+00
-9.556003724194104265e-01
-9.425842880500385768e-01
-1.305406514166064902e+00
5.525440740334710554e-01
8.440320481812495501e-01
-1.622458863822491493e+00
-2.934416829847790176e+00
2.784237517766207759e+00
-8.793554238922145494e-01
3.472555562047072719e-01
3.378368800454274457e-01
-1.501911282399265524e+00
-1.267183595013382291e+00
-1.940378895784276025e-01
nan
-1.244849146416524777e+00
5.513334498867377143e-01
1.328255690592583527e-01
-7.608706699144867081e-01
4.196322193210688667e-02
nan
5.309161634832593180e-01
-2.870915504419881970e-01
-4.559909232191681205e-01
5.987438038519838912e-01
2.322388506878420245e+00
nan
-1.621473110740669243e+00
-7.487661075898226493e-01
nan
7.988117917133870094e-01
5.919114053617131610e-01
-8.706676243169271245e-01
-3.345535385172229148e-01
-4.567653239520739206e-01
2.773459518857990247e-02
1.203108491818687398e+00
1.114260997255414942e+00
-1.866938430295024043e+00
-8.306609166283847046e-01
3.915337619437084804e-01
-1.449746752483109802e-01
2.432366719169406721e+00
2.403649090707002500e+00
-1.508994107217920266e+00
-3.002833251935142833e+00
1.176192098751240422e+00
-1.283425334351359748e+00
-6.361667271864721585e-01
1.186182248934675165e-01
-1.005031947251790125e+00
-1.618018925547207942e+00
-1.745385820997053417e+00
-2.315180043944920829e+00
-3.023676120623434826e+00
-1.769285992585903688e+00
3.086052257627951434e-01
1.961341438009456262e+00
1.329013634406770450e+00
-1.814670480905955507e+00
-1.413741342296609860e+00
-1.300318033076322877e+00
2.727203234971415924e-01
-1.008128187017568678e+00
4.206790432547653502e-01
8.590445083612596733e-02
-8.235819193187454701e-02
-1.807925347030665542e-01
-1.143640618345962645e+00
-2.205112124591879219e+00
-6.015751183074917741e-01
nan
-1.877761631751280635e+00
2.349288379651337522e-01
-7.266262361076107901e-01
2.471179538978751644e-01
-8.415948241178936584e-01
nan
-1.398040499516549184e+00
-9.164416647585693632e-01
-3.339602363142351038e-01
-3.381128412832588026e-01
-7.510471401682221604e-01
-3.824637642158355000e-01
-1.094458667221910542e+00
-1.681210300512265832e-01
3.239292263198629840e-01
-4.906284117601371619e-01
-4.017126262244143931e-01
2.088559015479751757e+00
9.631730020797411029e-01
2.110163604459577513e+00
2.473574242220881736e-01
-3.835245093860271126e-01
-8.203894505660760395e-01
1.412649814584860941e+00
2.390258828191007545e+00
1.899846198491112581e+00
1.629031582204223838e+00
2.167258551505505615e+00
5.021756525307621288e-01
-6.996227573645263931e-03
3.035152825969325008e+00
1.965309476818164036e+00
-1.387840032008111901e+00
-1.319976848045444795e+00
nan
1.560542715232119626e+00
6.481611679071010990e-01
7.051329797275189826e-01
-2.103876963551716273e+00
-8.477852185491605574e-01
-1.822412833905986185e+00
-1.824284207088340271e+00
1.979562722735227709e+00
-2.216515325133938674e-01
-9.734851853628834206e-02
-1.282978404026589025e-01
2.782632983048722863e-01
-2.214148148326122723e-02
2.870533210209637254e+00
nan
-1.139177935540691688e+00
-6.411877612419436545e-02
2.605031567901891165e+00
2.352345825149275704e-01
-9.764723159059687241e-01
nan
-1.298031211744556712e+00
-7.304625406476339400e-01
-5.904522499603026553e-01
-1.227181158874598887e+00
-6.580592258650277415e-01
-1.829127963648918831e+00
-6.570835605725355855e-01
-1.295962035351323260e+00
-2.705911330488451227e+00
8.828550920390076939e-01
1.055998567107181429e-01
-7.719539918005069445e-01
nan
-1.178848702003019833e+00
-2.065268638003003421e+00
nan
nan
nan
1.366332904216012167e-01
-3.866888513338526678e-01
-1.862896853009769371e+00
2.000087807496354841e+00
2.469971604959217970e-01
-9.164017436678775219e-01
-8.160938449138810391e-01
1.621852666570406498e+00
8.305947906809461045e-01
9.639106930373015913e-01
2.574131206788522697e+00
nan
nan
nan
nan
-2.775453339366462657e-02
2.788589764392234827e+00
nan
9.256398883842731351e-01
2.743042367483086608e+00
3.081419290347851891e+00
-1.846540151609317615e+00
-1.463228346242078759e+00
nan
2.219978108816111906e+00
2.713409430026008096e-01
-4.929620943285359935e-01
