-1.293332529840603762e+00
-1.795341765785305022e+00
-8.059443461761883754e-01
3.671362584282693575e-01
8.868935812621261405e-01
1.054067199682891420e+00
-6.260467148929387271e-01
2.789111062702756882e+00
8.211115534432145147e-01
nan
-1.761331324373826002e+00
-1.359600918959955385e+00
-9.612597070164192736e-01
-1.168009057611438806e-01
-2.034357230125150018e-01
-2.893457745964555183e+00
-2.365644683097641199e+00
-2.148097240102754935e+00
-5.464434420127877168e-01
-3.964691461788278914e-01
-1.762746386766389506e-02
-4.119395561875078826e-01
2.986192378601564279e-01
8.244311605268777043e-01
-7.124013497940544504e-01
-5.185975473544686132e-01
-7.998223907285062495e-02
-2.017036706146821068e+00
-1.191076718048520888e+00
-1.365253222810890232e+00
-2.407673672968404066e+00
-1.584805542649254440e+00
-1.217306425164927486e+00
1.471795214914150662e+00
1.715125111381364142e+00
1.645136638142604468e+00
-3.546314807932735569e-01
2.477944515625254418e+00
7.598334074901225144e-01
-1.610855905497707186e+00
-1.419197884727402714e+00
-1.548459627271612904e+00
-7.918476137703738260e-01
-1.568501313728347668e-01
-7.325330649001493555e-02
-6.057402913371943143e-01
2.489316109440853353e-02
3.967850646305977058e-01
4.584468046499301508e-02
3.122427379900116762e-01
5.690457386989655753e-01
-1.642571607378191967e+00
-1.721861823363335597e+00
-1.251713700295327802e+00
-6.707417804713231568e-01
-2.056435195352159795e-01
2.377790142175273402e-02
-5.235725472992638352e-01
7.020820951228179396e-02
-9.424519579288843651e-01
nan
2.801043703326765666e+00
nan
nan
-2.456178157634185233e+00
-2.139932801890578773e+00
3.776034868987876436e-01
5.293974704558284117e-01
1.179673941318404751e+00
2.881175841357865863e-01
4.604185990878519874e-01
5.464129882197825694e-01
5.465534551087456450e-01
3.118644713736680174e-01
2.588701706801894709e-01
1.110056698841892953e+00
1.098887329196458928e+00
8.159843794698238284e-01
6.516561765412154372e-02
-2.131233971868664590e-01
-3.904683729998374986e-01
8.876280951794290885e-01
8.840514914501484967e-01
6.452075221592132870e-01
nan
-1.704172041821516936e+00
3.005619459860362497e-01
-1.144060951159695527e+00
-1.822097447768621370e+00
-2.182441784011235786e+00
4.754809736537080056e-01
3.530731446477353153e-01
1.839892275258554477e-01
-3.208657673863304360e-01
-3.361696936710831807e-01
-2.323488100683062108e-01
-8.602420513061090901e-01
-8.764236141624532905e-01
-2.823016449088537883e-01
1.574068937781791355e+00
2.153162683792540832e+00
1.803591541199183190e+00
1.755361334910975124e+00
2.931634620257855595e+00
nan
2.535326864313910633e+00
nan
-1.635665975629766677e+00
1.148262083676229395e+00
1.231112579663317774e+00
1.576098407987428729e+00
-1.831391509084114855e+00
9.507679944075677625e-01
2.014997349289484596e+00
6.850425834389959334e-01
1.030801376322318497e+00
1.381101336009331604e+00
-4.387512713260401931e-01
-5.122774443641162634e-01
-9.608225565175532168e-02
2.989950937695660116e-01
1.337281824777428518e+00
1.565018590996213987e+00
1.699751815015374312e+00
nan
-5.545468633048753482e-01
1.144280154933488447e+00
2.270443295796860994e+00
1.454098176206194637e+00
1.258582289570021828e+00
2.515762923939711015e+00
1.871933833923232093e+00
2.886566930126432950e-01
-4.053243887499835552e-03
-8.281763184722303883e-01
1.786903569573590644e+00
-4.710204615617583634e-01
1.251146669138192280e+00
5.327202540279118992e-01
1.631969635527559248e-01
1.904943564182648430e-01
1.917945711481552351e-01
3.926225083045089548e-01
2.464376664074596768e-01
9.383817193284471614e-01
1.220805728257257528e+00
9.674203635289941872e-01
-4.843078708938142185e-01
-3.712114117413101155e-01
-1.614943821026906257e-01
-1.702016920760293539e+00
-7.277413168396709153e-01
2.184315040958795251e-02
6.075045756244965567e-01
-8.639763212336544207e-01
-3.740596371765270156e-01
8.540802714386597216e-01
5.077459178573224818e-01
2.227173162663533823e-01
4.599905985141030662e-01
-3.495910802147856877e-01
-1.724164959087905569e+00
-2.545875349376675700e+00
2.591490775170010252e+00
2.113644359283900265e+00
-5.237448296002256143e-03
-2.177748894324680329e+00
-1.146164603014957928e+00
-1.900353318136723146e+00
2.447815986359720419e+00
2.492558029904060390e+00
1.259477508499004195e+00
-3.195095518354884589e-02
1.240058006023936343e-02
6.526037057940148323e-01
-1.862056955337796360e-01
-1.322118713560786807e+00
2.000074181881054791e+00
-1.111798222479563059e-01
1.492072566237663267e-01
1.720454250991661382e+00
5.057425200963843182e-01
2.867989745982080230e-01
8.234909876570251086e-02
-7.890214348025761382e-01
-1.204153048718521468e+00
-5.127853050796860046e-01
-1.415219351890384170e+00
-2.697460198095813499e+00
-6.958674851379287318e-02
-6.557333579647171007e-01
-9.330518314269311553e-01
2.179546891511057183e+00
1.354989024163604228e+00
9.030047143815504995e-01
nan
-3.122601453269408633e+00
2.776900291046525027e+00
1.712193192300569322e+00
2.888293394516203705e-01
-4.784077622459075307e-01
-1.621651282345003775e+00
4.463208690972688686e-01
1.461745370216682716e+00
1.466632012017018205e+00
4.395574298238478228e-01
6.206757958822439747e-02
1.362571657101420364e+00
2.897955446399906876e-01
8.274035481740460440e-02
2.159546432976154229e+00
2.059484769190156328e-03
-9.113846680141191037e-01
-2.859022618329826848e+00
-2.443020670696441243e+00
-1.736987313962892632e+00
-3.879998385815150996e-01
3.462061750177936048e-02
2.276313594525980477e-02
-1.301885504390522641e+00
-1.480341616503166202e+00
-2.518208910712961490e+00
-1.086904735005651990e+00
-1.911027809585989168e+00
-2.732682422129496302e+00
-1.009608278611271448e+00
nan
-1.811566316807156518e+00
nan
-1.444621035614712445e+00
-8.034000874301345796e-01
7.596967265953202819e-01
9.071719599466590012e-01
6.552291340619298410e-01
4.048053469693368989e-01
3.751790995523958117e-01
6.240786637763804379e-01
-2.080847399452887991e+00
-9.908908359716743774e-01
-9.419443232588280424e-01
8.516075469948702903e-03
7.676035472050699582e-01
5.901229734225723611e-01
nan
-2.708949510699934393e+00
-2.377922463021566735e+00
-1.655720915147936623e+00
-1.676027301864248198e+00
-1.639438559750932889e+00
1.417091009346894914e+00
1.528442227888290539e+00
5.922164194596302167e-01
-1.877469150438368484e+00
-2.169600672810743092e-01
-5.944323386226071371e-01
1.353868950530824122e+00
-9.944174872150899347e-01
-2.285308425120656572e+00
1.851114639003038853e+00
-1.166208861701789168e+00
1.700026011182114161e+00
6.261348912180646487e-01
9.037419301764124668e-01
1.123909756216558087e+00
-1.130998751967235982e+00
-2.037713590398504415e-01
-1.237069752649722076e-02
2.531170472681095518e+00
2.971422138627507259e+00
1.684953202185900167e+00
-2.979144946485946299e+00
-4.678836884409833807e-01
1.024806037140706394e+00
-1.263539814894520275e+00
-1.843939620071352703e+00
-1.397474586858746370e+00
6.194099144995197648e-01
4.342526563322346433e-01
1.220932521175031482e+00
4.905063518610441875e-02
1.949718135322968671e-01
5.992240096347338785e-01
2.953566972363421250e+00
nan
-1.697091525701114767e+00
-4.906047741083265912e-01
-2.341097880769620332e-01
6.366368749536834848e-01
2.140507555699199038e+00
1.802110072722336476e+00
9.013530828062137346e-01
1.516346722022986704e+00
1.270434679577382653e+00
1.868973589164929727e+00
2.249610967137370743e+00
7.363368695544285636e-01
5.612728295265387857e-01
-4.432580105021859396e-01
-1.146956782647016393e+00
-8.265022270399691173e-01
2.946309694141183044e+00
1.939739173962010454e+00
nan
-8.747869493275692854e-01
-1.517227513245532844e+00
-1.500696412951189718e+00
1.905692730483482755e+00
2.009989230327465570e+00
1.998213954086138777e+00
-4.026451640253561060e-01
-5.810535521125106406e-01
1.171901032511644125e+00
-5.485932198626626288e-01
-8.546519512458639056e-01
3.399367245622642031e-02
-2.387981476906833045e-01
-2.334927401194944352e+00
-1.723468940843376318e+00
-1.434993017388292991e+00
-1.522431221569321425e+00
-3.033052889207064062e-01
1.772235567351786223e+00
1.505409005572938774e+00
1.270278026366336910e+00
-8.250676152896327942e-01
-6.962080195180431197e-01
1.211960611492979289e+00
-1.649501419327514151e+00
-2.116102513466737278e+00
-1.433093070023722104e+00
2.141868295099311759e+00
nan
-2.823245683571984799e+00
-2.355167071966697723e+00
-2.738932513698421278e+00
-2.451180570538487480e+00
1.079967967157912767e+00
-1.135831614105818677e+00
-2.116618042265557165e+00
-9.785869651886041076e-01
-1.656202400876926939e+00
3.664038576059613916e-02
-4.349873320410688748e-01
-1.012678245692684165e-01
-8.203884941751971027e-01
2.118769007317516717e+00
1.970877059408700838e+00
1.863356549281755647e+00
-1.376419182308974420e-01
-2.672257319982991319e-01
-6.416605680217246643e-01
-1.634246243912963026e+00
-1.704899561275635467e+00
-1.805564037291151447e+00
6.075486233734666008e-01
2.804196612515603704e-01
4.162098770543440907e-01
-1.743467016037585360e+00
-1.479958822425060383e+00
-1.340243396102464013e+00
-1.518012232938663608e-01
2.305956539288107621e-01
-8.730386533037357566e-01
3.740342724197045499e-01
4.269085241523700169e-01
9.057439955728785463e-02
-2.683300235057548555e-01
-2.380221645443350020e-01
-1.078091659097636601e+00
-5.653328734733720218e-01
-8.043515606544642260e-01
-7.938540698564269249e-01
-1.809924401347654088e+00
-1.724473279504372014e+00
-1.455539917581057496e+00
2.485141035303644941e+00
2.145208749568451090e+00
1.852732312333420950e+00
1.142566927544459432e-01
-3.281215019407834887e-02
-4.825063592592382378e-01
-5.484901513304398790e-01
-4.210416544142376871e-01
-6.009430495040137821e-01
4.889073465522359996e-01
9.592717638442929129e-01
1.304545399756649182e-01
5.352105585083197781e-01
6.432138000573712766e-01
2.773620906290563681e-01
3.609026582301217978e-01
-2.029569501332355586e-01
-1.062129135723024476e+00
3.077947759728451693e+00
1.447515635599552652e+00
9.422404426706618707e-01
-1.272030425550196853e-02
-5.975714624589905100e-01
-1.350605952306400903e+00
-6.812336401383460860e-01
-1.188237164579252658e+00
-1.239758002819757010e+00
7.326986133823689684e-01
8.782265770722208487e-02
-6.030364949927258245e-01
2.278632133036091467e+00
2.211623314205638735e+00
1.528405238247770193e+00
6.291988913097679159e-03
nan
-2.510236015743925186e-01
nan
-2.009141476289065142e+00
-6.768348976510454307e-01
nan
-2.731649398835414910e+00
-2.909584450028138924e+00
nan
-1.589345803031751103e+00
2.027711684749839982e-01
-6.568933524069686669e-02
1.749550547541073975e+00
2.268732912632679621e+00
2.743945064710574755e+00
nan
-2.730460263637196405e+00
1.614300834594195599e+00
1.830387458033838399e+00
3.121557829156493824e+00
1.772251311734198254e+00
2.600267065410027278e+00
nan
1.076641175871585254e+00
2.333218160310830847e+00
2.409591902411988507e+00
nan
-2.868471027564824194e+00
nan
nan
2.663384453145592801e+00
2.885874904418725961e-01
3.031082076419743920e+00
nan
-2.621451555828307356e+00
2.488209739053411695e+00
nan
-2.561429477172114666e+00
nan
-2.196071223468430755e+00
-1.521495375537859074e+00
nan
-2.127929566132173100e+00
-2.399935095069821500e+00
-1.261716729307332585e+00
1.731410809813529461e-01
-4.488586613045115747e-01
3.044907536023822914e+00
2.616302348545366918e+00
1.497714849674677495e+00
2.562796094655753087e+00
nan
nan
4.825846183143793766e-01
-2.609356792502145694e+00
-2.070458663279532097e+00
-2.647972276151090654e+00
-1.736041029458672558e+00
-1.619970084430888191e+00
1.255857947366891381e+00
1.014467483992831376e+00
1.183886405276971310e+00
1.563758299818995390e+00
-3.239421285876500356e-01
-8.505570167768317091e-02
-1.444222798445025324e+00
1.611797322741249872e+00
1.432085326692113192e+00
-1.803758443236645581e+00
3.082512704556712890e+00
nan
-1.958609711192693670e+00
1.465744595142312257e+00
1.076743855084265178e+00
-1.440236149531219256e+00
2.309263646860900465e+00
2.311018501903589595e+00
nan
1.368957622898274273e+00
1.332856001205283469e+00
-2.042931177768947393e-01
nan
-3.079394815495025028e+00
-1.860390700404576325e+00
2.231178122140309306e+00
nan
-2.739200998806210485e+00
-2.080350187780499738e-01
5.394610176737302254e-01
-1.441328382119053231e+00
-4.244973032933523349e-01
1.182881551914766405e+00
1.548603572940944417e+00
7.724651631170864619e-01
1.013500859869726156e+00
1.090821611419358739e+00
-2.532597117880699855e+00
-2.038617354371180745e+00
9.681365915697215385e-01
3.069184433696237058e+00
nan
-2.372265478365624070e+00
-1.005219138874169804e+00
3.452191637100687771e-02
-1.543260983435607026e+00
nan
5.447993038984235703e-01
1.135248170197053597e+00
-3.658808241227839986e-01
6.932036695721999209e-01
-2.169357093542507720e-01
8.253524367324738265e-02
-1.322658926997702045e+00
-2.019119393679325913e+00
-1.927172622473942498e+00
nan
-8.980771352973704325e-03
-1.159941422045483783e+00
1.237107815374967501e+00
-6.203366952108644305e-01
2.088123309435607311e+00
1.008960297251809912e+00
2.266176010722910306e+00
-5.916580633645995846e-02
-2.804574565813558351e+00
-1.455970435192611045e+00
-2.124349984600431007e+00
-1.212720016799817557e-01
1.496326319199647870e-01
-9.614827693658600793e-01
1.576246018277893235e+00
2.751496592166358113e-02
-8.943703150907289512e-02
nan
6.690165074736924566e-01
-1.250503882667934885e+00
3.810407771374055841e-01
1.182957426125094358e+00
-6.050108361979473770e-01
-3.037517978002489905e+00
-7.236133494752108319e-01
-1.346634908562248212e+00
9.930881727372087298e-01
-2.969810797670257241e+00
-2.576157433860206680e+00
5.047634174146140573e-01
-4.167839924817782205e-01
-5.594190082704830758e-02
-9.132796014274626728e-01
-1.857074629851243275e+00
-2.793159742179085470e-02
1.739877345734909930e+00
-1.292053637057320348e+00
-1.093247659965865815e-01
1.340619189256948118e+00
1.478482175785893027e+00
-4.968634328591372551e-01
2.367911053908906993e+00
1.206473798952933940e+00
-2.128247209880975710e-01
2.967511963553359777e+00
-2.209004528804121570e-01
-4.651019689465867302e-01
-9.991100104130667958e-02
7.776731420081133273e-01
1.078856098427521282e+00
1.684821233732257895e+00
1.499214092142000965e+00
1.268522279262499275e+00
1.182533830183753132e+00
-9.804723328958888651e-01
-1.390823654897673567e+00
-9.813214192433412641e-01
1.513141911831032971e-01
-1.014704518234363917e-01
3.085900347426742130e-01
-9.736337419232650170e-01
-1.405205626657181517e+00
-5.232755019174444300e-01
-1.893563562354176000e+00
-1.995808526041285003e+00
-1.383193211550927115e+00
1.047099602329924828e+00
7.364521206984599999e-01
1.046738985489660045e+00
4.662382049598230438e-01
5.516846049939618801e-01
5.225401858056590854e-01
4.689596847755037601e-01
-4.625898343601320128e-01
-4.061123248247713313e-01
1.314502400537596927e+00
1.227700087937239282e+00
1.880069936154796117e+00
-2.606759211008298216e-01
4.535229358387327103e-01
1.408067713673187171e+00
1.355394373074511272e+00
5.769315594933313029e-01
9.283197421547546568e-01
8.976973628667650473e-01
7.172970932729541005e-01
5.148642176015978400e-01
9.457070505387559223e-01
4.559094641522483116e-01
1.207515616407337511e+00
1.345166743662598030e+00
1.491413910428721401e+00
nan
2.027964991188237143e+00
2.920190596528176030e+00
nan
-1.376982561133620164e+00
-2.428284025423515846e+00
nan
nan
-2.958902726190343113e+00
-1.781432158745238414e+00
-2.044205572475960686e+00
-2.389136590996952414e+00
-2.839310080883435727e+00
-9.403735271363338200e-01
-8.534546113411547452e-01
7.228971113263491510e-01
-8.732995271983803320e-01
-9.533817520213521135e-01
1.127799414884118612e+00
-3.504614649851283126e-01
-2.534032934370999968e-01
2.406745202981926290e+00
-2.643538140331670672e+00
-3.086393569968615136e+00
-1.113742608663068623e+00
2.714154620532394979e+00
nan
-2.320693419840180738e-02
1.830888013735049391e+00
nan
-1.242938113757389829e+00
-1.208041493835575020e+00
-8.621773017913647585e-01
3.154826728687853965e-01
1.957562412512543482e+00
nan
-3.773282261460542131e-01
-1.949560892143316737e+00
-2.707549680689738114e+00
-1.996040249322838633e+00
1.172897097464022487e+00
2.493685927168279193e+00
nan
2.395741531448882355e+00
2.360403218360421995e+00
nan
-2.774106347910090697e+00
-1.104179623885655825e+00
1.089758516688850598e+00
-2.858137257448999158e+00
-1.169006658581706271e+00
nan
nan
nan
nan
1.732558445344425380e-01
4.144756646072016437e-01
nan
3.039664491915494260e+00
2.102351145596320414e+00
2.477892449349046622e+00
1.362249260527512718e+00
-3.316283813527451940e-01
-1.093555810888042323e+00
-1.941208044473282657e+00
nan
nan
9.669049911985059254e-01
1.009251059076710533e+00
7.427170305028489850e-01
-5.867405468243047650e-02
3.099747773891761149e-01
-3.740315750740563772e-01
9.778955805691182945e-01
7.938354978166639597e-01
7.248180703101190225e-01
-4.942154315431417366e-01
-8.580421557854434056e-02
-6.490754485387046913e-01
1.453471817678617661e-01
6.379653812514312072e-01
-1.003484411110662222e-01
-2.276261077093070906e+00
-1.844691119226412379e+00
-1.902421384617238420e+00
-2.285232987954229689e+00
-1.805988541998964747e+00
-2.598910767585301151e+00
2.356967884476921071e+00
-8.179345108374262985e-01
-9.630574118911994219e-01
1.826254691075712699e-01
1.146790441576518660e+00
-4.143652946784381896e-01
-6.815040545958788165e-01
-1.312668064234579379e+00
-2.486074044669865479e+00
1.655947688124769890e+00
1.657067829087691457e+00
7.331220711259822664e-01
-4.729071443627370641e-01
-1.609247370092781182e-02
-3.449675704676695709e-01
7.419993456027107470e-02
3.867911500933134405e-01
-5.097566373455659772e-01
1.321474878991541146e+00
1.805205280004648749e+00
-7.287659476866994446e-01
-1.748623044018828621e+00
1.092426273301033035e+00
-1.393051156967243687e+00
-1.488521685845084486e+00
-1.037497800800212033e+00
-9.512044917814832523e-01
1.215124175736706391e+00
1.377134798697951190e+00
1.625500056534719739e+00
4.610519527708727416e-01
2.524049315705876317e-01
2.938723346726446195e-01
-1.741972539866094349e+00
-9.608776890318968533e-01
-9.591726697738689467e-01
1.019344282767167265e-01
3.277297250980009125e-01
6.721841403302604157e-01
9.506434803568684089e-01
2.565272022906128768e-03
-1.769493161438812301e+00
-2.118861654456534183e-01
-1.580150966348914388e-01
-4.284056819381780734e-01
3.009818615880353043e-01
1.784932148218985049e-01
2.410389990219563572e-01
-3.231658882290386892e-01
-2.001718593735266616e-01
-1.397849408337021870e-01
1.429921317967739469e-01
2.140628327769356076e-02
3.050984372368259478e-01
-1.435806106297506712e+00
-1.317208313630875871e+00
-1.096672799411076316e+00
1.226193269738582003e+00
1.569627130192285946e+00
1.994077339010150496e+00
-6.610872753507255339e-01
-1.353123991309432173e+00
-1.461560384010235358e+00
-1.668543864252658437e-02
4.059199208186319296e-01
1.804778059160083714e-02
3.712038804229678135e-01
4.419141029657640551e-01
8.507027211961180058e-01
4.308670825631963908e-01
2.113472279362915707e-01
3.715915063235502025e-01
-4.992508388227951954e-01
-1.131891907325024427e-01
3.558906637873451295e-01
9.482098500258633322e-01
1.063117944436024587e+00
1.515594157487176297e+00
-9.175212887961703423e-01
-1.355125848714377357e+00
-8.349004994524853451e-01
-9.835433320567492643e-01
-9.105172355163215769e-01
-7.189105235483874701e-01
-3.125373789814451353e+00
-2.640789353422903218e+00
-1.499124649934755249e+00
-5.983231566191031803e-01
-1.166401719409597471e+00
5.028898031706661165e-01
5.164366753927325249e-01
3.016270734498900374e-01
5.892444380466432818e-01
2.603404436508785835e+00
3.026991098914044720e+00
nan
1.633757243529654346e-01
4.159802095146489798e-01
5.048217379996753351e-01
1.715796546227879027e+00
1.991285009324388788e+00
2.618192108865558865e+00
-2.206273961173157439e+00
-1.261183807950875924e+00
-3.991034838727132161e-01
1.061503178237498624e+00
1.397557642635204544e+00
1.418536896800092428e+00
-1.508096738161567529e+00
-1.887647432365334721e+00
-2.226570745774304250e+00
-9.693223207899892557e-01
-1.490298355468503644e+00
-2.358531710474723209e+00
1.711868936723766055e-01
2.210149948606239256e-01
7.597295368352381395e-01
5.597434988358265251e-01
5.829979242897258551e-01
9.302961041552961774e-01
5.998984031949179396e-01
-2.766624665691854723e-01
-1.043946329946402685e+00
1.955231994787243188e-01
-1.227157038274575562e-01
3.501037865490181922e-01
-4.276432474897369218e-01
-1.478763042467639011e-01
5.755090803213569473e-02
-3.613464391656919794e-01
3.213041278712984727e-01
1.744760072303574994e-01
5.850611069401212561e-01
4.053380820561391928e-02
1.247120637632968432e+00
9.158386103717948146e-01
-2.181488703322932210e+00
2.336500519014785837e+00
-1.583502972519325258e+00
-1.226181504736339800e+00
-3.871148983874745930e-01
2.345371233543493084e+00
2.555609110000836459e+00
1.994493595298773236e+00
-4.068818201524089240e-01
-3.725660119918217106e-02
1.380259540023511811e-01
-1.370547209706611813e+00
-1.168802061882262988e+00
-1.538196013952860763e+00
-1.498066891888356622e-01
3.520101099337007433e-01
2.208217313517950586e-01
-1.158167143674070587e+00
-9.149622553494682897e-01
-5.125122954743548398e-01
3.506838400638665476e-01
7.457872450852813806e-01
3.799236037257385235e-01
2.296303428820416492e-01
7.070204370188974963e-01
4.172916093701193319e-01
9.366104518419948732e-02
-2.411391804418827611e-01
-5.582540838351750523e-01
-1.078877887982789829e+00
-1.315758453990012455e-01
-2.173887888997878548e-01
-7.872609027998294096e-01
-8.440515405119972669e-01
-5.425009052531435394e-01
2.110905315755324807e+00
2.728261285645834811e+00
3.011280168896130149e+00
1.938667071546000820e+00
2.583699345064295549e+00
2.379164241631684718e+00
-3.252374380197702308e-01
1.353384811228712792e-01
-4.747042219237052052e-03
2.236640227646455870e-01
9.061642164378707065e-01
7.850576817828147647e-01
7.645580534247269355e-01
8.214367597049383463e-01
1.097295107177276741e+00
3.959546036695287263e-01
5.967148811497064997e-01
3.886637396387961907e-01
2.690789774618779440e+00
1.527917589811279342e+00
2.235239852478064115e+00
-6.609214552030451273e-01
-8.378818956004874252e-02
-3.637729788997532410e-01
-7.343490627186448627e-01
-7.219275318721813939e-01
2.866605977141882811e-01
-1.447795355459972733e+00
-1.305713409921247292e+00
-1.319535610464114717e+00
-2.406750491645945011e+00
-2.411566581924672548e+00
-1.878380938445640025e+00
8.444988411495879532e-02
5.801576279263929159e-01
4.034748679239315017e-01
-3.542725331212781548e-01
3.418757030170165301e-01
5.786420831264269538e-01
-3.610552967849707251e-01
-1.865099894214554688e-01
6.932823898038522614e-01
5.089807335001355071e-01
1.196053881051946099e+00
1.767026789406347831e+00
-6.591200958522414055e-01
-6.663800793765659591e-01
-2.543238551369042533e-01
2.740542577080682385e-01
8.795248934261561402e-01
1.583399396229058453e+00
3.108705334585216917e+00
nan
-2.148521829176944120e+00
2.894252756911100732e+00
nan
-2.936849063745679889e+00
1.846985615495762900e+00
1.115665568436380539e+00
6.168072097196835024e-01
-6.925314881307671477e-01
-5.956739512704647410e-01
4.141938727241529783e-01
-6.864186269503496085e-01
-4.751961514685651977e-01
-3.290115559600312878e-01
5.792367707058323489e-01
1.138013100483021844e+00
1.557601703330099063e+00
-9.576873198932220888e-01
-2.373283842804845278e-01
4.158847322014396219e-01
8.980685499380829384e-01
8.348821640072419115e-01
1.762389002526169257e+00
3.821179242113048602e-01
5.163120655302178008e-01
1.681614205600242329e+00
-1.627757417520608874e+00
-2.584133343096958857e+00
-2.519544820040450439e+00
-1.364434957078340505e+00
-1.962521985543599357e-01
1.598697365154633232e-01
1.610560718546230063e+00
1.658035796408666052e+00
1.931435070953344990e+00
-2.002349159686525049e-01
-5.949797169808199726e-01
2.753494345876053018e-01
-1.336068767830015380e+00
-1.815951132246256039e+00
-1.215759597018920779e+00
1.108162227248090659e-01
4.291781419015139321e-02
3.182127349444918707e-01
-1.279580624951682344e+00
-2.745662678982565108e+00
1.673744990053667614e+00
7.301621319089925954e-01
8.094883706851319083e-01
4.113579848053317001e-01
8.890546603534916770e-01
1.147850766633035313e+00
1.523566429581817872e+00
-9.189910126552458536e-02
4.646239782456773604e-01
4.195616748397203999e-01
-7.267713985351411665e-01
-8.312681637822989522e-01
-1.435963915896815379e+00
1.448946710793777015e+00
nan
1.006419923233471181e+00
2.106567785019325179e+00
2.039510859334857429e+00
nan
-7.683611863872776837e-01
-3.407738376032751759e-01
2.925418574572007380e-01
8.044445630930794344e-01
6.663705711503253859e-01
1.031816035937537457e+00
-2.106672536066911405e-01
3.381675439560782870e-01
3.881599894531544415e-01
5.820857402665513547e-01
6.297229571860203379e-01
1.327973182377870209e+00
8.778832021652061002e-02
-2.203391385716835238e-01
4.919425589921715414e-01
3.041081942124549187e+00
2.448619406237992457e+00
nan
-9.954651535235981008e-01
-1.540465993005191159e+00
-1.971755173245989257e+00
1.932979831646322033e-01
2.130606658336375858e-02
-6.968467461251526274e-01
-1.034787041924938311e+00
-1.802725480931160806e+00
-1.752846173954871078e+00
-2.087860007368899318e+00
-2.095389188918956869e+00
-2.150784032175850236e+00
6.196630900942392550e-01
2.468071109808760433e-01
1.091439986270088092e+00
7.312509946506380309e-01
5.991249320675446910e-01
5.988304571581197777e-01
9.735149980275972226e-01
1.345901870230222563e+00
1.021078453286192733e+00
1.023679189514943744e+00
1.454103106051080729e+00
9.001819634929510983e-01
-7.617421383755331732e-01
-3.262378771745968464e-01
-7.464177454303060344e-01
1.075805987575940037e+00
1.388832460115282608e+00
6.576562812704138672e-01
-1.097897180466283817e+00
-1.810723711702593164e-01
2.218706695400562978e-01
-1.158070660015428466e+00
-6.267520067310914378e-01
-6.505030421541775354e-01
5.535567077917384893e-01
1.224511928470214173e+00
8.331917029799797980e-01
9.755168551790758258e-01
1.182523386920443897e+00
3.873226607392541432e-01
-1.177264940359583179e+00
nan
nan
1.004995187282093916e+00
1.306560044823448230e+00
8.657447832184219649e-01
-1.731151418721880830e+00
-1.012544141749609050e+00
-6.853938037170195230e-01
9.336500772862343922e-02
-2.402421189030032878e-01
-7.881791391573633732e-02
4.120136104222429374e-01
1.167630016626246103e+00
6.962803542652995503e-01
6.635803627621101874e-01
-4.739155178176122085e-01
-1.980364419025579803e+00
-1.114964049769573418e+00
-3.451214695795914444e-01
-3.703902542681527521e-01
2.692427502664565431e+00
2.689579277230675025e+00
2.358371348202362050e+00
3.707124903261282967e-01
3.096664746397981283e-01
2.472360381701368404e-01
2.949586370846410510e+00
2.798857142466554926e+00
nan
4.378702281354183157e-01
4.538211448778439738e-01
7.262014592907526378e-01
-2.024566203774460504e+00
-2.070748755089612203e+00
-2.168675058514395904e+00
5.789684680269644446e-01
-3.960400485277082439e-02
2.011652801172880700e-01
1.599983802055771065e+00
9.495490853467059011e-01
1.109660898243751248e+00
1.438667148759882330e-01
1.788201374462738968e-02
-2.887449566717359417e-02
-9.847935965278491466e-01
-7.657365783462930509e-01
-3.694930631485813244e-01
-5.913514126234451496e-01
-6.391668517975386266e-01
-6.620221926397031886e-01
1.758164558256269494e+00
2.127321632631504755e+00
2.700604859412993441e+00
-1.394941477058934565e+00
-1.977339208286833294e+00
-1.839675114520224808e+00
1.675640929396121415e+00
6.980425196511865771e-01
1.445614072778128367e+00
-1.590506043818473714e-02
1.280809951501433730e-01
4.972383136682152482e-01
7.300733784938944204e-01
1.021019321587777640e+00
1.261959072790259206e+00
-2.575728585457540909e+00
1.514570078529041020e+00
7.884216565819790468e-01
-5.817215617303324038e-01
-1.145613233461057590e+00
-7.638533718184166155e-01
-1.727422521984941284e+00
-1.665541406560762328e+00
-1.020494861324703351e+00
-1.233494945079618876e+00
-1.532481998524813704e+00
-1.544947867024421884e+00
-1.985418769236197312e+00
-2.246556324394873627e+00
-2.676754328485109191e+00
-6.068429109458790549e-01
-1.011632709609612490e+00
-5.664713498618469956e-01
2.064393794489378209e+00
2.371375531754992494e+00
1.793141010845356043e+00
