-1.587445080837246669e+00
-6.461969604438078107e-01
-1.116150122046972726e-01
1.381608429704717089e+00
1.943866388210452989e+00
1.329800852268022027e+00
-3.234547778104919225e-01
-2.179488922868706879e+00
1.243838738443043823e+00
-1.519375889312031047e+00
-1.392772030406543848e+00
3.129745460301660565e+00
1.245748070874781455e-01
7.576153856758391925e-01
-3.745416770200016288e-04
-2.344950353469442472e+00
-1.421347564739392499e+00
-1.823870413334682583e+00
-8.046252184978328614e-01
-5.507881730211798832e-01
-1.081534570290181740e+00
-2.354452657660166537e-02
9.301153113709226261e-01
1.695085767763777618e-01
-2.349621662650624998e-02
2.951208958359861079e-01
-4.390953389275686902e-01
-1.975859774248090561e+00
-1.482371506889006874e+00
-1.683544131739368011e+00
-2.309442294096835102e+00
-1.711342129721912464e+00
-1.615912752028008548e+00
1.956017721073394888e+00
nan
1.712116372180400248e+00
-6.520613379302577783e-01
-8.648050270962786001e-01
-1.050015128457789437e+00
-7.644793717183411275e-01
-5.677974190259091891e-01
-8.057492683863061167e-01
1.655419296312521382e-01
9.580104748637081613e-01
-2.018163535670005615e-01
6.358425558991691595e-01
7.560976369577794287e-01
-7.405074593389171511e-02
5.937642976181249921e-01
1.183683921057127719e+00
4.836431865452315293e-01
-1.062892003813566077e+00
-8.822852980084845420e-01
-5.543002724592431818e-01
-2.339358191461773373e-01
1.495217478133685773e-01
-1.125963148739201891e-01
5.809985570835474178e-02
2.133718415355345677e-01
-9.316652125791202721e-02
-2.287606044804178396e+00
-1.986211549162597567e+00
-2.394988566643785344e+00
-2.454228218681742124e+00
-2.190688857267176548e+00
-1.975226537001031790e+00
1.014450261848709900e+00
1.221627623810712215e+00
7.096175654464671467e-01
7.350767023105779785e-01
5.942543022740967018e-01
3.556518848426644119e-01
8.856598611453021519e-01
8.359989696452396757e-01
5.499558522127974136e-01
1.107355759890845448e+00
8.669175525452690323e-01
8.291893001269929897e-01
-6.177562150746238601e-01
-6.300732563037243494e-01
7.395461246083101514e-02
1.186391387717277368e+00
9.636830539581451305e-01
7.944058964734819206e-01
2.370942811660463612e-01
-1.385163015385012963e+00
2.357630104560897166e+00
-1.492075757685979776e+00
-2.113295634245484944e+00
-2.193440316071787244e+00
3.617348179545323283e-01
3.660867911236209693e-02
-2.034706476561032318e-02
6.928052029637394860e-01
2.559373749776758800e-01
-2.554249131875248047e-01
-1.764585206266255923e-02
-4.913261176348062698e-01
-8.570328954787531650e-01
1.043537873623350265e+00
9.425714588379694447e-01
1.230792701992434068e+00
-2.342336777985720264e+00
-4.561542579658750540e-02
8.307835402137691005e-01
2.085300864639149765e+00
1.138373044959564595e+00
1.815492084345888379e+00
9.234385045228012956e-01
6.114044535259894886e-01
6.568665133365736430e-01
3.118029832209672669e+00
2.257963905067807531e+00
1.659546483650595761e+00
9.330567538051059984e-03
-1.875839846682798573e-01
-1.753917047036757104e-01
-2.185937104271247211e+00
-9.865998700087463824e-01
-2.204254598849076263e+00
6.271343203460633120e-02
-4.799336753610301542e-01
-8.889950056967226288e-01
4.082285932147606822e-01
2.092391139730440663e-01
4.442682210347190797e-01
-7.367734786796646951e-01
-7.673533029285941609e-01
-1.463174823341511610e+00
-1.190551986726182676e+00
-1.032540535366556433e+00
1.459118356854830267e+00
-2.232351457389576410e-01
-7.566453276422100416e-01
2.424077196363318976e-01
-1.746603369021241914e+00
1.848438493858847842e+00
-7.595677247322307757e-01
-1.353695820461599864e+00
-9.641790662565545844e-01
6.476464700492385873e-01
2.370157586616098655e+00
4.760278330460980811e-01
-1.346368029546640699e-02
-6.621823974041265437e-01
-9.915613361537127801e-01
-1.232267763269233152e+00
-2.252267125993411057e+00
-1.824302631539433506e+00
nan
-3.662819003428641196e-01
-8.986437490589640475e-01
-2.593321481192369493e+00
-8.319447398146344597e-01
2.419282683553030111e-01
2.513796297535384916e+00
-1.870519252199652760e+00
-1.103986421242155735e-01
-2.929005498508922667e+00
-3.866081516141997021e-01
1.197090636405309105e-01
8.222682992294472193e-01
-2.509571429808604925e+00
-3.002058089584988654e+00
-2.778814180075678486e+00
5.196444892926885828e-01
-1.587851785480937084e+00
2.397188429268006793e+00
-2.588913022202584902e+00
nan
-2.391003365381656920e+00
1.397269259725702817e+00
1.901566300572766544e+00
1.910839124417979207e+00
2.398554722861860888e-01
2.998919345207071707e-01
1.162222945455687828e+00
9.060945646798925779e-01
1.600549744240717942e+00
1.668355310859476859e+00
2.129033202854193618e+00
1.839139749866508744e+00
2.390782485286585768e+00
1.028822818184144339e+00
1.156718322576247182e+00
1.002137153242049550e+00
-6.054255627644318238e-01
-6.581734871997593217e-01
7.616425408821125842e-02
5.199585059484452820e-01
-5.367745711634883676e-01
3.344117149458614158e-01
-1.065774271031666665e+00
1.905899732889764664e+00
2.991810744042987302e+00
7.125031738658318403e-01
1.658266041729159035e+00
2.966752199102964838e+00
5.447135015104191957e-01
1.119350317358358105e+00
2.952684244760805043e+00
1.098377551266217722e+00
2.608795059237591474e+00
nan
1.444057771440151683e+00
1.618511508343408956e+00
2.137182473797718529e+00
1.184575177113563527e+00
1.067035108115824471e+00
1.283810271394021818e+00
2.525165463512452746e+00
nan
-3.042588337671261911e+00
1.179446235868992332e+00
2.256719362444195909e+00
nan
3.836751911378919466e-01
-1.020496394312115918e-01
nan
-4.262266113179280502e-01
-1.158465139053731940e+00
-1.369883359118397648e+00
-1.337241841215238480e+00
-1.494777189961683073e+00
-7.439849655924981597e-01
-1.912939407042593132e+00
nan
nan
-3.086742477795803019e-01
3.033325117222332779e+00
3.028585511853682632e+00
-5.637217275570183261e-02
-6.407069664734117431e-01
-1.009168804945524300e+00
4.207659697506103136e-01
-4.055432333208348616e-01
-1.047730072876480456e+00
-5.515976863316431889e-01
-1.348675409368501610e+00
-2.090349767200192943e+00
-1.178357384213892800e-01
-6.757721815826362999e-01
-1.545551460357235563e+00
-1.173016106042939821e+00
2.830156212746530286e+00
2.481651889619123530e+00
-1.843295548141135720e+00
-2.271396489635491456e+00
-2.527838048922673497e+00
-1.314198083425027086e+00
-2.203603739564149677e+00
1.748192257189283616e+00
-3.621827204053800209e-01
-8.286634988341061714e-01
-2.172580315330865819e+00
-2.187164937820822441e+00
4.786584461420884118e-01
1.049776904196249916e+00
7.258647452587854154e-01
-2.416264355909327755e-01
-1.909266715334586362e+00
3.171404079797017772e-01
-2.896012327283377097e-01
-9.284455387730847775e-01
8.868925880330218448e-01
2.842471227375540366e-01
-5.435027445670534973e-01
2.752714941014353656e-01
-6.630035871123363123e-02
1.391092290085352623e+00
-1.397726566558433747e+00
-2.982854008859175288e+00
-2.939451341014068575e+00
-1.243142504417824812e+00
-1.777713496064912357e+00
-2.430194344741672285e+00
1.839099162668020426e+00
1.349631621843445650e-01
-3.467166730122213103e-01
8.682698793105867452e-01
-2.021967340354380305e-01
-6.216505063578989798e-01
-1.627203589057467870e+00
-2.135158881072847681e+00
-2.937935443109068956e+00
4.876814525515373866e-01
-4.416345848602496460e-01
-1.266013091152556447e+00
-1.524132174083989044e+00
-3.022099485438580313e+00
-8.407376499045624563e-01
5.092932005884001079e-01
-9.677070208059466161e-01
-4.541587471657928532e-01
3.726065041326886984e-03
-8.838331194273667535e-01
1.671493803308946369e+00
-6.011812251800772167e-01
-8.968648186684431423e-01
-2.326560895563449805e-01
-1.823925911912928743e+00
1.713306075853128441e+00
1.094813928487896604e+00
-6.335434329077300752e-01
-2.112643872643796605e+00
-2.119994002948655254e+00
-1.929657233617136258e+00
-2.705256479603388442e+00
2.441124957617764046e+00
-4.654520578302094869e-01
-6.335302847888506506e-01
-5.689922953308168552e-01
-1.456351277878051853e-01
-9.084834422731820069e-01
-1.195431764067221403e+00
-1.369709768195137345e+00
-2.136980178803391972e+00
8.331654236068519737e-01
1.491984196057805079e-02
-7.494025045155834341e-01
-2.198788079196791312e+00
-1.160067137796154668e-01
-1.560382431249007773e+00
2.278609158435839888e+00
1.691326524377101848e+00
3.045322631818385695e-01
-1.158329466499366189e+00
-9.688764897415231836e-01
-1.469694363886190791e+00
-2.654112516846144132e+00
-1.319947333130042422e+00
1.495284174141686684e+00
8.999785475892734254e-01
-8.180006270227000442e-01
-1.728915276818409952e+00
nan
2.090312645940307412e+00
-1.853340289856793000e-01
-2.491693337850007239e+00
-5.239059371635645945e-02
-1.422560434087454695e+00
-1.796025230336830925e+00
4.624268769356647546e-01
7.530416751434043654e-01
8.161079673451610006e-02
-1.857586735030625213e+00
-2.831032509461220759e+00
1.997270615097092694e+00
5.916305389689475724e-01
-2.794678794034100022e-02
-1.971197475700359192e-02
-5.705743844647463980e-01
-1.067114199181768974e+00
-1.777630660167169419e+00
1.251579778154438216e+00
7.504153522639462892e-01
4.977354650257943547e-01
-5.306656975809205257e-01
-9.451043777798071588e-01
-1.101552373298699372e+00
6.010510447066854667e-01
-1.059942492605543407e-01
1.095582970418598201e-01
1.610129931962331895e+00
9.883259400816344353e-01
6.662055069289452014e-01
7.914594460107173823e-01
3.552679619498566588e-01
8.234350271839696589e-02
2.065316878979688298e-01
-4.057947043352738703e-01
-8.822116006430107404e-01
6.408222380374395399e-02
-4.392517729822738026e-01
-1.109350458559054786e+00
-1.821960095405015911e+00
-1.186726073467761822e+00
2.671255456393551775e+00
1.648839645620504335e+00
1.813390950443441341e+00
1.250381527719091501e+00
2.277158823762389872e+00
nan
-1.986661212945584731e+00
2.209102807282268266e+00
8.244662359186607503e-01
9.701214852362998187e-01
1.639247857488956406e+00
1.320898334892777193e+00
8.490156513589153242e-01
1.523632560871059027e+00
1.432117395311409247e+00
7.770534560205142327e-01
2.904050650339571327e+00
1.839254520291437878e+00
4.062518873902449812e-01
1.591231826421360296e+00
1.581817794040139447e+00
8.447240883088773522e-01
1.848383082241324971e+00
nan
-1.533691900277385223e+00
1.252493281706888339e+00
1.696747962453661884e+00
1.005710062045344522e+00
-2.302919728107508668e+00
-2.419955900482653188e+00
2.562500952447979152e+00
nan
-1.247781669632703760e-01
nan
-9.267399264921594160e-01
2.190855003467597761e-01
1.121016365959941474e+00
1.586985812071830537e-01
5.625414337964476097e-01
1.104777208373374009e+00
7.929156867976061562e-02
5.561825916051104102e-01
1.393538135645361997e+00
-2.274068490967195544e+00
-2.565027180093441217e+00
-1.983713130278957903e+00
-6.728572999217199424e-01
-3.444962485403948449e-01
3.512713369118287687e-01
-1.901605249654681140e+00
-1.862061200149435214e+00
-6.479302922601446468e-01
-1.153460095093764348e+00
-1.556679809488764832e+00
-8.310918371448972053e-01
-1.558384828468333705e+00
-8.497101140494369709e-01
-2.159776796166026358e-01
-4.508866367268806741e-01
-8.419710347026487796e-03
7.662221799382189502e-01
-5.690747296972706870e-01
-8.753417402734684494e-01
-9.503733821961803940e-01
-8.943569383614016211e-01
-8.294952795925172317e-01
3.727142028221845926e-01
-3.213154317625037670e-01
-1.122022806874993783e-01
1.917059161682650448e-01
6.383593264458715666e-01
5.758086466179110907e-01
1.464550804449907595e+00
-1.721574260701079773e-01
6.100364837149183650e-01
1.313194680766728517e+00
-1.212613020107104145e+00
-1.985077302686365064e+00
-2.123495489435307970e+00
2.554840808327347723e-01
4.189685496975128487e-01
-1.148530583699194585e+00
nan
-1.683813912009948233e+00
2.093620969327439241e+00
7.940578763936478879e-01
8.050208701044767601e-01
-1.729526834211245756e-01
-8.760233155487515688e-01
3.285944995578384820e-01
-1.510761101719198862e+00
1.438490242446045286e+00
1.116902408605192853e+00
6.478222955001156080e-02
1.429627989003872557e+00
1.896229438023061320e+00
8.747041623164255597e-01
4.658055913502696654e-01
1.509737493997209690e+00
-1.590876317129734652e-01
-1.049081493820958055e+00
-9.826770801319617554e-01
-3.054661198165522951e+00
8.957993370863590599e-01
9.867110218818941902e-01
-4.057599480896922906e-01
5.106053295407284587e-01
1.767670938168639516e+00
6.335875289363697149e-01
nan
nan
nan
-1.109163385774825095e+00
-4.232874563408879354e-01
3.055333817591989742e+00
nan
-2.901948092448555894e+00
-7.069745766231458894e-01
2.829096435802052056e+00
nan
-2.742914927609434894e+00
1.730037446079077945e+00
2.131993292141987517e+00
5.240681121194121772e-01
2.635592270728274400e+00
2.397400336229459583e+00
7.426238425967364165e-01
1.364033357344299979e+00
1.828715814431947528e+00
1.293247705523938862e-01
-3.885295970688318334e-01
2.310480470106588413e+00
2.547737649452196607e+00
nan
nan
nan
-1.906626632375291397e+00
1.578193167418506349e+00
-7.911310931852337802e-01
1.474567290033975908e+00
1.230639314280724150e+00
-4.035376748488470611e-01
-3.012314865850736822e+00
9.664883364754670581e-01
-7.180376318930683510e-01
nan
-1.344675709597631830e+00
nan
1.831384209995794876e+00
1.177837740068973460e+00
3.465432719990153565e-01
1.028050591701247463e+00
7.391910854294279076e-01
2.194711185167230738e-01
nan
-2.886238167351717454e+00
-2.924186497134878326e+00
2.860888465531593816e+00
1.704688239341992428e+00
-5.909672270359589419e-02
1.016117953603670188e+00
1.699454625874075475e+00
9.350806378873350866e-01
3.072221809048255814e+00
2.710239988702831226e+00
nan
3.070102195201054762e+00
nan
5.602142958976088494e-01
-1.671395291896464741e+00
2.874540072170628235e-02
9.505721370018234140e-01
3.629628953240175981e-01
2.702592504655370043e-01
-2.463205483664179241e-01
1.992474856071432932e+00
2.264266273786565975e+00
nan
4.844874186681584760e-01
nan
-2.404732840396151872e+00
nan
-8.325679412780138122e-01
nan
-1.114643410812595548e+00
1.897843495768089639e+00
nan
-3.100328987616319143e+00
-3.107445595332715804e+00
-2.245002933949104218e+00
-5.540448212784778725e-01
nan
-1.229611990506990216e+00
nan
-1.126514458328176982e+00
-5.171554250540957298e-01
1.856597234499429483e+00
1.730787700034589705e+00
1.037416412748184413e+00
2.629235705311260496e+00
3.070697617007594360e+00
1.531176514390635290e+00
7.239384426599659861e-01
9.291654744255097853e-01
5.919110893197387924e-02
nan
-2.955034599707093257e+00
-2.865687476642461817e+00
7.855642516023229049e-01
1.079453941678862883e+00
2.697298003671466660e-02
4.548259989760610189e-01
-4.049037276839340116e-01
-1.563333976160274030e+00
1.848825316671755203e+00
2.102834869320114208e+00
2.099358608320391006e+00
2.303678731406950675e+00
2.088892520117074270e+00
8.917125928423983439e-01
2.671224240928471438e-01
-1.128210149457345324e+00
1.312306766749046005e+00
3.118787980575505436e+00
2.469355341108017576e+00
1.912769795250912175e+00
nan
7.757996436848944022e-01
1.049286249846982599e+00
-1.080166888005103853e+00
8.136700762850264113e-01
1.059083575704041102e+00
2.700046505700603561e+00
-1.183665525819119768e+00
1.137210968993627169e+00
1.250701715278792037e+00
1.422799969832149181e+00
8.400882215524672070e-01
-6.467009776697465462e-01
-1.128808703968693372e+00
2.689087440478388658e+00
-2.105693063282997102e+00
2.790121635046953763e+00
1.971930039721400796e+00
1.048571345225352225e+00
1.238320123599812916e+00
2.004753248032073998e-01
-1.773602794301012864e+00
-1.902406668509755150e+00
3.031023247927609354e+00
2.229623624049970942e+00
1.136648443590718927e+00
-6.352720933216771115e-02
-2.988010641757845143e+00
-2.325840951745010710e+00
-9.085180158279282381e-01
-9.522742674435726862e-01
-7.985327550087433224e-01
-8.009529694113877163e-01
-1.391409391793396289e+00
3.047685237370918898e+00
8.022458053496772656e-01
1.545589530507562870e-02
-1.692364284775815575e+00
-9.562485776481186583e-01
-4.536155035139142200e-01
4.737239744520449491e-01
6.679036854080666608e-01
-1.041496355685800346e-01
nan
nan
-3.041393507206633817e+00
-1.221548348252656346e+00
-7.227913201055771175e-01
2.464717575554248974e+00
nan
-2.047206050863237259e-01
-4.116070255688897284e-01
-4.173162939525925097e-01
-9.181668968306584411e-01
4.881559328290028255e-01
1.121436072287973928e+00
8.783520717455584048e-01
-4.803418260708030019e-01
-5.522039776249743070e-01
-1.203408388809735330e+00
-1.032034548880079505e+00
2.151969605841487443e+00
nan
-1.868435883337483228e+00
nan
-2.801126142256102458e+00
nan
nan
nan
-1.252683723557269424e+00
-6.934417803257009183e-01
-4.551347722588992006e-01
1.628734928555896744e+00
4.900528513152182519e-01
-3.654972339730910846e-01
2.667363118848271597e+00
2.315607277751682069e+00
1.926254860946148284e+00
1.215907437731541307e+00
nan
nan
1.125044595697581862e-01
6.303293778940526337e-01
6.310556752780804857e-01
-6.712423559038844800e-01
3.733290123511960878e-01
-7.387727150098077900e-02
-1.065222958209006698e-01
1.010514068088852468e+00
6.180414207179514285e-01
-1.487968150053622374e-01
2.033113151352075043e-01
-3.053076931715343889e-01
-3.294742627595201867e-01
3.620244062160282716e-01
1.283146919295381494e-01
-2.312804712879725777e+00
-2.514639134283683131e+00
-1.589601734827075452e+00
-2.603545067717164319e+00
-1.327700286011631370e+00
-1.607396023619930059e+00
1.807842201249648895e+00
-1.010184387458136879e+00
1.836182579203024190e+00
-7.752604385059123082e-01
-6.076147796231707865e-01
-2.264545711320118393e-01
1.361035471410126263e+00
1.533441850347555757e+00
5.325590554939774179e-01
6.326733784211233669e-01
1.453905867066297652e+00
6.845781036149061194e-01
-2.737002230702889172e+00
-1.569941859163031195e+00
-8.607337261237018033e-01
2.439597651469678219e-01
6.483629172138485330e-01
2.655970211664637759e-04
-1.002059111872399377e+00
2.000878367313414508e+00
-3.024815410801489080e-01
1.259286801712602433e-01
2.615005614595697914e+00
2.871723293467969285e-01
-1.138862275155836823e+00
-9.957554668109964702e-01
-6.096084540709205690e-01
9.869480891846249548e-01
1.813104358540596373e+00
9.543063087602767780e-01
2.518974371536915058e-01
7.187765565807002766e-01
2.676807498968551968e-01
2.147470643625741360e+00
2.654125230932990576e+00
nan
-4.082078590396100992e-01
2.562506652732849943e-01
1.322840710664068276e-01
-1.743281061442165658e-01
-1.306213463243032447e+00
-2.459500213097062016e+00
-5.554514131890009310e-03
6.975071483194867916e-01
-8.933794152573959479e-02
8.584105237180699177e-01
8.103438710975181536e-01
4.743407831202195446e-01
-2.772000275490893451e-01
9.182204093041601567e-03
-1.166389363280710967e-01
1.140188314098783628e+00
1.717643235041975025e+00
9.740339559083706078e-01
-9.870037244942286847e-01
-1.083010283467225943e+00
-9.450523406889428379e-01
2.163422700156751866e+00
2.362215163984790145e+00
1.768533539755603456e+00
nan
-2.166787119139291562e+00
-8.210710980236490819e-01
-6.016422410840696067e-01
5.093063803928346012e-01
4.498474682196946794e-01
4.159817106864007741e-01
9.615743880439691083e-01
-2.243388011629354750e-02
2.239290023537621188e-01
3.533865452104754112e-01
4.433454721313396796e-01
3.540157188589203585e-01
2.505983617530986862e-01
-2.843239364350318432e-01
8.864626956429768612e-01
4.398039824907540307e-01
7.622018798141771967e-01
2.204957517271415313e-01
-4.096744103428102690e-01
-7.237628163205389598e-01
-1.593098122021792351e+00
-4.388570434393712638e-01
-6.705646671371741085e-01
-1.909710848364284841e+00
-2.006805999101081373e+00
-2.414725103975273512e+00
-3.132953036442132078e+00
-1.327064182337960752e+00
-1.491330837191069181e+00
7.106132575881609625e-01
1.201818215918238231e+00
7.326473529350003844e-01
-3.410652303438315158e-01
2.669223349140808388e+00
2.468399263030822688e+00
1.011719377031016442e+00
-3.249423072188744044e-01
-9.987393264230597367e-01
1.725165668727875357e+00
1.189157242265286740e+00
9.858471906248063021e-01
nan
-1.833539087131573986e+00
nan
2.874826231490074768e+00
2.108209809142826963e+00
1.292445396085951437e+00
-1.425903742175144151e+00
2.752721925592398478e+00
2.870419336924316944e-01
-1.734223433297292338e+00
1.574919472185009717e+00
8.234219729405167776e-01
1.314521345059917579e+00
1.261354276040247413e-01
-1.640825280958710941e-01
1.660343619624807587e+00
3.033007456151053383e-01
-1.795086065342834658e-01
2.453836743286665900e-01
-9.812674393036657783e-01
2.117446176422447479e+00
2.602304462132069673e+00
6.143269623652094502e-01
-5.131122620716155325e-02
1.109872073721890118e+00
-3.450692928052934150e-01
-8.330169323700062911e-01
-4.104180955570764233e-01
-5.309343123760745797e-02
-7.404997167262590274e-01
1.827624883062581418e+00
-1.297434500035961058e-01
-2.057682663310906879e+00
2.969569602541016984e+00
1.112925913945328915e+00
-1.983888701661569165e-01
8.384839068946048357e-02
-3.450286886388043150e-01
-9.074549480628628650e-01
2.487847237632887065e+00
2.518543339924828039e+00
2.348219458975961516e+00
-3.438996585561984176e-01
-1.379869094668850771e-01
-6.314341332673341078e-01
-1.133452218191903782e+00
-1.077054312320104845e+00
-1.446203198233213305e+00
2.055727417016304237e-01
3.509896685316720166e-01
-4.061142281443386182e-02
-8.636260990758271028e-01
-6.252887309145380712e-01
-1.295056418305116530e+00
9.519622574040171870e-01
4.126416445259137866e-01
6.337921077696893057e-01
6.140230281006169299e-01
9.104106937598439586e-01
9.030615602967362321e-01
-4.483816299847260822e-01
1.188524954443919590e+00
9.336782036155151232e-01
-7.486388366695053698e-01
-2.096874245380724311e-01
-6.281892925618168810e-01
-7.591441280211714826e-01
-4.086171016986805959e-01
-7.039196908156637456e-01
2.640116864869210822e+00
2.788702506651774549e+00
1.906397745167338620e+00
nan
1.590206982988475737e-01
nan
-6.578023244518402812e-01
4.503258051725644862e-02
-3.062173442892111019e-01
7.372889170975005513e-01
1.045385605101872173e+00
7.313466773858112724e-01
1.033663733432524268e+00
1.080503156244230212e+00
8.048266206783010190e-01
2.381734015367236168e-01
6.089545141401999651e-01
2.238954416598999408e-01
2.499266033902673989e+00
9.379918424223108175e-01
1.050283130504690909e+00
-7.190641582242691676e-01
-5.343808516537427167e-01
-3.891177942443828641e-01
-1.218350957152480651e+00
-7.813551083275331877e-01
-7.704389273350682465e-01
-5.451559151271481163e-01
-8.711115916908513945e-01
-5.673223588923987926e-01
-2.422234480820963931e+00
-1.438069021569448269e+00
-2.110819869055615250e+00
4.096266033115281147e-01
5.821060730532194860e-01
4.745855629232962336e-01
7.911744740207700133e-01
1.359450440847123076e+00
5.659077767216991184e-01
9.894881946660989414e-01
6.336850261894126923e-01
1.938702708603279312e-01
1.804627637755577219e+00
7.411754093550042555e-01
8.412280912608904870e-01
3.567683885496486518e-01
-1.595698586415239539e-01
-1.038186935410922107e+00
1.607231813051530622e+00
1.437858034260663054e+00
1.382738079453233127e+00
-1.600039713866409530e+00
-1.107610894960957548e+00
-1.367373217322056966e+00
-1.231528858765137624e+00
-1.698155822542472215e+00
-2.145458672222583463e+00
-1.297665638586686043e+00
-2.267879015130581433e+00
-2.353869241060132289e+00
7.735895304252133897e-01
2.571546619278355372e-01
5.130661899779864754e-02
7.567775508116310057e-01
6.090467801070236220e-01
4.003967395436465182e-01
2.460633001298742961e+00
1.969271171457543268e+00
1.485059263862772205e+00
-4.778884089559012338e-01
1.956073590292297659e-01
-2.903437188475197495e-01
1.111471665288446431e+00
1.649070600880941484e+00
6.278898727938471147e-01
1.348240373275523041e+00
1.384040376036947073e+00
8.787651840629777666e-01
-2.073508115113100736e-01
-3.207812797505771307e-01
-1.033983939523316131e+00
-9.715467010860709962e-01
-4.689154581417303014e-01
-1.219398561046605600e+00
1.159445557070427846e+00
1.558691368699969715e+00
2.372286963892982214e+00
-2.761203778384713203e-02
-4.313904441623317432e-01
9.813765444177313668e-02
-8.650026298573796346e-01
-6.123426568139529458e-01
-2.548957940151344026e-01
2.694109624011868931e-01
3.605208098825225527e-01
5.160548352347471557e-01
1.971603971215451168e+00
9.064783627508994357e-01
3.058598034565469526e-01
7.655575928458597801e-01
9.630013967722987900e-01
1.057145127159086151e+00
3.213899885275708357e-01
4.645388929415052992e-01
9.951660502215542436e-01
-1.246534236785246108e-02
-1.484612585514852867e-01
-2.550648181602577225e-02
-6.752995065279590037e-01
-5.940511744687424489e-01
-4.700758428976019587e-01
-4.402671273530156526e-01
-5.204142223890397823e-01
-1.657542593711598400e-01
1.709898630594489433e+00
1.743922060516311490e+00
1.966027658852642190e+00
1.281403219945222993e-01
-3.660356862714366777e-01
-7.975289318873057809e-02
-6.241249401775350591e-02
1.043782232073457550e+00
7.487413238329643228e-01
-3.431066181775515034e-01
-2.206851349091718539e-01
2.541647789160084159e-01
9.600633264678499756e-01
8.871270747065835849e-01
8.286586139781451088e-01
2.139962238230732616e-01
3.921580075609885085e-01
3.057027945479555697e-01
nan
3.050271426054104396e+00
2.961068564751869303e+00
-3.093709544165073932e+00
2.672038124868633346e+00
nan
-5.519093550417153438e-01
-6.238042715272360539e-01
-4.617936485945555170e-01
-8.848041630668581625e-01
-1.044272839152376342e+00
-3.549101618572518824e-01
-2.542259005225553370e+00
-2.617732790654971886e+00
-2.534226381217266511e+00
4.649141621484274012e-01
3.968290085786096988e-01
4.489337326092224245e-01
6.061310579657996911e-01
7.483005297159452951e-01
4.923320960767778587e-01
3.688240350724139027e-01
5.209892706002472451e-01
4.882289422243308863e-01
6.788483882944160719e-01
5.560113839296820792e-01
6.372822758868923465e-01
-8.208961053655352558e-01
-9.782010767958064790e-01
-1.118783709715894137e+00
1.201103277654073764e+00
9.613886723614868401e-01
9.930005677405890907e-01
-2.150578044006267397e+00
-1.603464048153289356e+00
-1.388377645993624565e+00
-5.603069762501426965e-01
-1.003396311828020693e+00
-8.806333278232298944e-01
-1.002981019572249721e+00
2.015417721684338304e-01
2.439238314227023530e-01
4.820046813229295068e-01
7.298658933796380310e-01
4.619352649120624932e-01
-1.938885825269026419e+00
-1.959891649364503108e+00
-1.607435803963768617e+00
9.970820413985999053e-01
6.172631437068476501e-01
1.133303298667435399e+00
-9.012395606858234487e-01
-1.358050641148463855e+00
-1.944103740329866659e+00
1.247891788677651270e+00
4.396404337569772558e-01
1.601022644372962489e-01
4.086593163615752644e-01
2.362351683399577240e-02
3.168176090965255653e-01
-2.058615965902534928e+00
2.893996165433347478e+00
2.213311932035232132e+00
-4.853553678758699697e-01
-2.563590119442872517e+00
-2.324986077225604131e+00
nan
2.506304347691590273e+00
3.103019543428233717e+00
-4.996745363880017443e-01
-7.583256968311156143e-01
-1.602014907522741893e-02
-5.081320579049188879e-01
2.874738475388538994e+00
3.006795807353538130e+00
2.219780622304012851e-01
-3.049592462262551429e-01
7.499118170782348436e-01
-2.611458814606075762e+00
-1.919449193815030208e+00
-2.524072762712051166e+00
-6.951186263697048950e-01
-6.219315526305679853e-01
4.276408062523722187e-01
1.815215843360596715e+00
1.031755087132355975e+00
1.621084290061758360e+00
4.671478969048514784e-02
-3.748557032890444951e-01
3.388637555558027259e-01
-4.405974988292475913e-01
-1.130084708806665006e+00
-6.702518347138783916e-01
-1.958736971629853052e-01
-1.008467828707197977e+00
-5.434787450614146920e-01
5.319755014667766346e-01
6.986755627643237432e-01
1.671910160650132759e+00
1.222881790833403315e-01
-8.780584761896514934e-01
-9.862873688352129520e-01
-2.504065050251013780e+00
-1.619692398862225158e+00
2.292676621974283790e+00
-5.437625027038315295e-01
-1.105221962728984320e+00
-4.688351988266559189e-02
6.870160900739441523e-01
1.618763843141834968e-02
6.412619865135811281e-01
1.176924251066700400e+00
-6.940815429319089347e-01
-1.704757930592779802e+00
-1.703447678915191332e+00
-1.631329493628170590e+00
-8.535928185899841480e-01
-1.188669383198632801e+00
-1.535942257074268236e+00
-2.234728661446122366e+00
-2.288147062311292945e+00
-1.171534934353763990e+00
-8.893907399328728758e-01
5.543753703589153758e-01
-4.832838758634605547e-01
-1.533798183474800458e+00
2.483443708496394287e+00
1.604891260664038199e+00
-4.319130425829622588e-01
1.227376292144827907e+00
1.316734618091178532e+00
2.259659992450497867e+00
