-5.943491700856347038e-01
-3.447939017522960725e-01
1.748700868896690963e-02
1.719117666264355471e+00
2.028593791727748119e+00
1.639263284339302018e+00
2.510911163858623674e+00
3.541109948300174004e-01
2.739819892396632817e+00
-2.322802607051110524e+00
-1.353077865342611208e+00
-7.900677187894182829e-01
5.123508955004161258e-01
2.748821263595959685e-01
5.414120511943050218e-01
-2.261935673724408957e+00
-2.084447273406230927e+00
-1.544577754392120861e+00
-4.846002792130557069e-01
-7.029486081124680652e-02
5.434775624271726002e-02
2.096094899768901954e+00
1.961297564577752617e+00
1.638828491972021517e+00
-8.637457245681146034e-02
1.415940500841426086e-01
3.495719094517713010e-01
-1.707015556548292512e+00
-5.025269832025203165e-01
-1.786527495619454342e-01
-1.519756839350502098e+00
-1.146744636740877565e+00
-2.733892190106730347e-01
2.677968130125437440e+00
3.061467690086083770e+00
2.790738932987956389e+00
-7.249278452007041906e-01
5.745991368088945173e-01
6.970194809735166253e-01
-1.989578389010120629e+00
-6.031089972466019411e-01
3.647295069696498970e-02
-5.471120635321691239e-02
5.152741065535781928e-01
6.420906866873901109e-01
6.936432924308721937e-01
1.058330022848273266e+00
1.064998923187792101e+00
-6.028799616630666769e-01
5.410234885160352114e-01
1.275293595536429514e+00
-1.818805556977995508e+00
-1.546367317152473886e+00
-8.825336058205124345e-01
4.314915560781567017e-01
7.829613969903199688e-01
1.094854679922780072e+00
-4.383351298608531010e-01
-3.813647878479562436e-01
5.698668110327109737e-01
1.828081514783550965e+00
2.749721419529995714e+00
1.631678569580604865e+00
-2.185158552888043726e+00
-1.913525484195628845e+00
-1.935697823734658929e+00
9.340755310468580319e-01
1.255629227820740823e+00
1.484670371558779678e+00
-2.752958767073292456e-01
6.518881438878527668e-01
7.626819379555804801e-01
9.956730668670568107e-01
6.506320763274828778e-01
5.035713416267739717e-02
1.381685421656650981e+00
1.571667664527907071e+00
1.328360869747324813e+00
-3.297064331509544921e-01
2.533282909550420570e-01
-1.154437645236798815e-01
8.674400030748392609e-01
1.044505832325118178e+00
7.095682308837769625e-01
-7.828042071298622062e-01
1.186392148084078890e-01
-2.220749166523194873e-01
-2.329822511969121379e+00
-1.829086554795554820e+00
-1.970341321767825171e+00
-5.561982263968574536e-01
6.529509708042326999e-01
4.628855607680213424e-01
5.917332048190977467e-01
5.516926123971646057e-01
-5.174320228010031997e-02
-8.504605654163372996e-01
3.565673701107514582e-01
-6.587396125464461960e-02
1.633983690178768988e+00
1.421615918730666728e+00
1.175479522479821348e+00
2.614515590566172776e+00
nan
-2.903419973915313701e+00
2.491706453618128592e+00
1.997281277673445210e+00
2.337566180339381461e+00
2.454652464850842541e+00
1.137164959197236591e+00
6.763721626812646548e-01
2.281143879295038701e+00
2.097331878295036311e+00
8.284011796796422189e-01
8.184295516065223097e-01
nan
-2.203150792923902479e+00
7.994172592327251081e-01
nan
2.860595277665587410e+00
3.074155348815556188e+00
nan
2.555114542075815898e-01
1.135358198206589897e+00
nan
-1.934890680354694581e+00
2.698591190969415798e+00
nan
-2.149627009650778575e-02
5.583094091476281662e-01
1.952454440706206995e+00
5.801151637590931109e-01
4.577098272276436397e-01
nan
nan
9.455207372044176495e-01
1.169767432645250516e+00
-8.904706235086470301e-01
1.098190021606240130e+00
nan
-1.941126157320339773e+00
7.130911703690960834e-01
nan
-2.260436439024846145e+00
nan
-3.801989320486098833e-02
-5.091644437768905185e-01
1.051487151321500946e+00
nan
-2.084901017611983320e+00
2.001359587945722218e+00
nan
-1.724230230912102479e+00
1.302700634589283091e+00
nan
1.441059658280600786e+00
-1.060476021410286407e+00
1.146844201390865514e+00
1.676437719988655317e+00
-1.402311687425976006e+00
-1.442436884826725496e+00
-1.571782524849287599e+00
nan
-2.737539011652339482e+00
2.118438872095702585e+00
1.180225724005678600e+00
-7.460441229784979811e-01
-2.999617160394412174e+00
-2.724008627173503783e+00
-1.561811599496657932e+00
-2.267696209623474513e+00
1.594413954479249718e+00
8.297890705221107055e-01
4.834577845825327458e-01
-3.575776138692297046e-01
-9.461453245006863355e-01
-2.157737974567587980e+00
1.213888330644573799e+00
3.851412061736620984e-01
-5.598108766332754449e-01
2.085724724287588039e+00
8.753456705182793840e-01
6.056626777427540631e-01
4.553492179729357048e-01
2.007891574530282774e-01
-6.337095093990674499e-01
1.570960101155258748e-01
-6.410658729652265464e-01
-1.130693516879367255e+00
8.381357635111834625e-01
-7.636694900387741569e-02
-6.606102866478984481e-01
nan
-2.859667412784042462e+00
2.475214354416993778e+00
-2.726046531749690693e-01
-1.932295291330508036e-01
-8.817828242966077035e-01
8.902625612066170646e-01
7.527341665375510971e-01
-1.370395183460466626e-01
1.957166224296079449e+00
1.768989326785280980e+00
1.086998178656516600e+00
2.024177420887649959e+00
1.000034516272650720e+00
3.658584728988061308e-01
6.404935545325556312e-01
3.335941318724540139e-01
-9.197810029455588676e-02
2.699690478339333843e+00
1.330187005621779051e+00
-6.449094444163296913e-01
8.251354653606814971e-01
4.034508040691195951e-01
-8.341045984560375715e-01
1.298358863471078095e+00
3.512273852775047445e-01
1.137029394582107500e-01
-1.393896035703420910e+00
-1.480602009991998758e+00
-2.229595497890494826e+00
-1.143875816506328968e+00
-1.404175138913259069e+00
-2.529010568390929858e+00
7.276646338510377454e-01
nan
-7.495817285669823526e-01
-1.110525944987220459e+00
4.949869947610086029e-02
-4.976683413618321339e-01
8.108707195030366854e-01
7.627206945844129393e-01
2.371310976186675745e-01
1.389144834628355696e+00
1.233656256891916492e+00
7.735556232379043884e-01
-9.783006944330350230e-01
-7.927393621370550925e-01
-1.434903978445208450e+00
6.995155122095284561e-01
5.844488409222976522e-01
-1.088736063387929498e-01
-2.511342813804584573e-01
-6.310206833482965294e-01
-1.294475641402501376e+00
-2.048421822632689349e+00
-1.743358099154015628e+00
-2.283042566965285403e+00
-9.718754270621019486e-01
-5.418847554727705962e-01
-1.066583143086150542e+00
-8.451210761713401354e-02
-1.372067504619254308e-01
-3.310300646192527729e-01
2.683570617134920511e+00
2.391795273733257510e+00
1.670973921867950907e+00
-1.256229765256372755e+00
-1.025066975251536228e+00
-1.633027679029260160e+00
9.758020336528669958e-01
-4.766708708197908706e-02
4.486904466861485474e-02
1.032180136538794812e+00
1.414305666446693976e+00
1.022759397204869636e+00
2.444434705076895753e+00
2.258113812929900099e+00
3.044563107146287528e-01
1.709586956379023803e+00
1.061081565145083339e+00
-2.325037087371624622e+00
-1.241230298007601540e+00
-6.604109107961599889e-01
-8.123849213741540787e-01
1.931986914619141515e-01
1.074008846614193935e+00
1.969725901629421294e+00
-1.130500104904458514e+00
-4.406409818940151268e-01
-5.513191592689850040e-01
-2.021365920178416431e+00
-1.917273836965168066e+00
-1.470053970638747431e+00
-1.274045059087178355e+00
-7.698562516123987898e-01
-3.685220979460819279e-01
-7.883002380968373579e-01
-1.896423117405669156e+00
-3.022553296753759167e+00
-5.848741899384002352e-03
1.277575506031522146e+00
8.559081200665761280e-01
8.967927048197728013e-01
2.435250974431300008e+00
-1.033178021973800931e+00
-2.445995210843746825e+00
-1.124695296799512079e+00
-6.120814205706723854e-01
-2.457692338591481285e+00
-2.895247926847499542e+00
-2.983732963105474756e+00
-2.135628802514755176e+00
-1.207260794983740171e+00
-7.291704551792745903e-01
-3.891063122841815769e-01
-3.198072962341340642e-01
1.175231222888939442e-02
4.858231473905600950e-01
1.561028052803205668e+00
2.048426375617543371e+00
-1.417904030458768894e+00
-7.417203417095326046e-01
-3.730360903237510684e-01
-1.981250266739867927e+00
-2.398263919146338630e+00
2.379831913067285143e+00
-2.589540165454861764e+00
-2.784797732785674551e+00
-1.818337913769213721e+00
1.292846462342240876e+00
5.523640485895917607e-01
-7.220265717293408159e-01
-1.836215340265301421e-01
-1.362761942225975131e+00
-1.099788846678121157e+00
-1.277734757297241286e+00
-1.031202012102548693e+00
-8.685154340411074259e-01
-1.033979174889925634e+00
-9.698640534723432793e-01
-8.471230362290405047e-01
1.778591283618178309e+00
9.777940825591393548e-01
7.899117108247333263e-02
-2.350337826642064698e+00
-2.627203140229893208e+00
nan
-1.683052011708084272e+00
-3.914031391260843762e-01
1.497098493678095110e-02
-1.453217071196333254e+00
-1.578217852864985948e+00
-1.885617804561741773e+00
1.978045093418989708e+00
1.671647242366470998e+00
1.660774357548891800e+00
-7.858789201647615741e-01
-1.315385745988743915e+00
-1.343110868559009852e+00
-2.167657749988837868e+00
-2.033280609822391227e+00
-2.293268774023012657e+00
-1.768902257770621489e-02
-4.958380665788597597e-02
1.969990661763265649e-01
-1.509897113355213039e+00
-1.871771275303979243e+00
-2.334262248099337800e+00
-4.446996077739471254e-01
-9.849876790681104666e-01
-5.916970836504806819e-01
5.443488101967886017e-01
6.193767644979670806e-01
6.890920231958217457e-01
-6.273004088202802642e-01
-6.286308861225418099e-01
-1.591755123117981396e+00
-7.322867103835211111e-01
-6.396214758521900912e-01
-1.308169356763903224e+00
-1.024898082531567667e+00
-1.544461041446417049e+00
-1.758069867810741593e+00
2.946891760633675972e+00
2.103996114350744406e+00
2.429087958508771905e+00
-5.679512232215695455e-01
-3.138289899510962044e-01
-1.189071328163851415e+00
4.022561832183018105e-01
-2.999599123317531202e-01
-5.717712873919027494e-01
2.030648256405407359e-01
4.188770028424086966e-01
1.661573673117042738e+00
4.676763603001705683e-01
-2.648423614940313975e-01
2.532937233022360957e-01
-4.606621314912753284e-01
-4.324750248361337590e-01
-1.274027161864971225e+00
4.498297351251197007e-01
1.148285818537093661e+00
3.247753773614920902e-01
7.955687015190004985e-03
-9.030816165825790165e-01
-1.346536507062439325e+00
-3.956606424713848824e-01
-9.013021875306663766e-01
-1.288357747992427083e+00
2.131704007148863766e+00
-4.452450433225783044e-01
-7.255253575738196403e-01
1.255806329017463696e+00
nan
1.695030741626436743e+00
-1.141188990515317414e+00
nan
-2.004891775880728311e-01
-1.914481010073165734e-01
-2.774963742659597443e-02
3.726164954055151135e-01
-3.344435266517349348e-01
1.845009182072354648e-02
-1.927246715956223433e-01
-5.290947238884124992e-01
7.242173832452447613e-02
4.271815413007735707e-01
-2.255951908543083917e+00
-2.489641773766826383e+00
2.995654692330467661e+00
6.494105295459120519e-01
5.117705698100154521e-01
-4.388445246891858886e-03
-1.899582031081504363e+00
-1.333392464346548012e+00
-1.375866291291284016e+00
-2.112760222639351149e+00
-1.864394964800789811e+00
-1.846152709184430973e+00
-1.046437491351079885e+00
-3.973474754035049017e-01
-8.064613763586088169e-01
-3.882974168525081815e-01
-3.964302620297077695e-02
-1.309187659607520260e-01
-2.992753203974400034e+00
-4.720442337535062372e-01
-1.605061651577988524e+00
-3.692601445119603198e-01
-3.722653783460874166e-01
-2.973107553500056177e-01
2.393381633511942219e+00
2.571093099178956010e+00
2.321035660350935892e+00
1.612713304468047504e-01
-1.583021444278664980e-01
-9.268960762096103423e-01
-7.938894354718124546e-01
-1.451526886742948719e-01
-5.309762379474545213e-01
-1.778842550250800070e+00
-4.767937385087543944e-01
-2.002791704573869680e+00
-7.722525673081963582e-01
-5.080066401646430307e-01
1.899242290866536287e-01
nan
-1.733928438521398885e+00
nan
2.359699103254881969e-01
6.080092594283801333e-01
7.831020665178347606e-01
-9.799604418044118859e-01
-1.882379906014532533e+00
-7.396284618277508827e-01
1.439567963666491757e+00
2.012292630617041667e+00
1.886557291550687410e+00
9.479317593773739503e-01
1.972412490241504557e+00
2.618090954996081798e+00
1.504769282672017816e+00
2.234852075327021126e+00
1.482920027473471514e+00
-2.370084508885557995e+00
-2.686341557087480236e+00
-9.702424400410190053e-01
5.915511769648009732e-01
1.392815881800633093e+00
9.852033137294053944e-01
1.024038026148426539e+00
1.243657876392942008e+00
9.827539825807249940e-01
-3.024267256543109905e+00
7.033390074881173959e-02
1.556651184732683824e+00
-1.786241536095948268e+00
-1.585633979429923013e+00
-7.872334174869042300e-01
2.909566499671246476e+00
nan
nan
-2.847618502809410312e+00
-7.106260151723686747e-01
3.230673755460928831e-01
1.382473991472226160e+00
1.807318129291716424e+00
1.681378679358184414e+00
1.234600600139185822e+00
2.476095524382373902e+00
1.818038814280356519e+00
-4.907792783345712451e-01
-1.684941809910826205e+00
2.650998630270824385e-01
-2.491808861985179924e+00
nan
-2.570409526783757226e+00
5.330869481540796428e-01
8.780637537756961208e-01
9.112209429304387598e-01
1.254583490141313540e+00
nan
-1.137613423359617126e+00
-5.007136295920844304e-01
-1.292238101802647421e-01
-5.692429175171969113e-01
-2.092151045990739089e+00
-2.895790798656145082e+00
-2.394560086791167830e+00
nan
2.097077181343462549e+00
nan
2.978547946668030022e+00
3.933896745440090825e-01
-2.234861653294908823e+00
1.891657109098881406e+00
-1.437585846457518635e-01
-2.249118018270259256e+00
3.140031113601444268e+00
6.841244229710143898e-01
-7.775094315190349548e-01
2.152919132410743508e+00
4.346156015825837216e-01
-2.201952687360956951e+00
-2.782876282493175868e+00
2.737211474167920322e+00
2.055173804094609480e+00
nan
-1.640721786925194881e+00
-2.681268013394866756e+00
-1.139076556652284467e+00
-1.998925298444049536e+00
-1.264896915202702310e-01
9.514906504637599127e-01
-2.123039755535529594e-01
-1.375648736250418613e+00
2.303097694024980768e+00
-8.422995999516835752e-02
-2.462900692889906207e+00
2.037046913780701907e+00
1.411791191860049643e+00
-1.165320248469269959e+00
nan
-2.378257658194795621e+00
nan
-1.845614478346249365e+00
1.589838748268586066e+00
nan
1.617677405374138289e+00
2.166418551910982870e+00
nan
nan
1.060496051376830451e+00
-1.244389692070269504e+00
nan
-2.382923051207104681e+00
nan
2.333831648588255980e-01
-3.446226977605921782e-01
-5.109481448680455173e-01
1.877072985039171193e+00
1.300930289687626917e+00
1.956093866538196835e+00
2.267647147950793141e+00
1.142037761649309147e+00
1.614694744544648231e+00
-6.885703184814508937e-01
-7.959172533066944943e-01
-7.068946616208142686e-01
3.760096197408393515e-01
1.387987759534548005e-02
-6.077909423697960278e-01
3.514535019374465108e-01
-2.134234632409848231e-02
1.948361360502892659e-01
-2.135371572304465726e+00
-1.750685498158246700e+00
-2.430533174019373632e+00
-1.725778239027802030e-01
-7.175177121842097883e-01
-1.697931855593250772e+00
4.663836697776990725e-01
-2.413111532813689841e-01
-5.491325948226939424e-01
1.386578659784809986e+00
-9.245071551008647859e-01
3.231434228390468455e-01
1.788520233007028892e+00
1.175637565063675893e+00
2.374168217140151249e-01
-1.143078313386409972e+00
1.543500833047839471e-01
9.106061534731528795e-01
-4.696377681103669488e-01
-5.346552306993044290e-01
-2.120975359254867687e+00
1.369056519312431774e+00
4.683669373929730817e-01
5.337859285673260956e-01
2.162011878848105972e+00
1.566745556716576004e+00
1.338673928572460703e+00
-1.111479942196086590e+00
-7.285242282915191936e-01
-1.663939706991222955e+00
-2.942058638472486720e+00
-2.361663083026545262e+00
-2.326829285970870576e+00
7.901363446128288892e-01
-7.075479024885926727e-01
-9.678271449572961593e-01
-2.191488575935159222e+00
-1.554074537988834326e+00
-1.778430251521032401e+00
-1.006598312952977192e+00
-1.546726543217624483e+00
-1.120690550280574183e+00
4.400424431021172644e-01
8.590988448358727325e-02
-4.981835378791923397e-01
-2.585403843947351454e-01
-3.232540762258895306e-01
-7.724458577279351701e-01
-8.823174195130278896e-01
-2.318751719157714497e-01
-3.770986388461539107e-01
-7.076542678487056648e-01
-6.802284361191719420e-01
-8.309157964696654020e-01
nan
-1.605384891861417751e+00
-8.783323414956281106e-01
4.086407579789348432e-01
-3.315441214213246113e-01
-3.731420263332814180e-01
-2.666072714662945931e+00
-2.254520532682473100e+00
-2.688137078432477622e+00
3.840776616451484493e-01
1.113749851086049958e+00
1.500031311368486442e+00
-1.085939904499686470e+00
-9.723897166813810777e-01
-1.389740189457859376e+00
1.389071157616500685e+00
1.388514598485536489e+00
5.511979849920769503e-01
-9.186038116396750830e-01
-1.396626486049116211e+00
-1.288312745339668108e+00
2.421209666034538799e+00
nan
-2.423358066992030491e+00
-2.593151022168153297e+00
-2.323981059645900515e+00
-1.585749510790789074e+00
2.343265129059965979e-01
7.196753615161766149e-02
1.655288934056553529e-02
1.797432631728610453e+00
1.956571087641733264e+00
1.951901565208423506e+00
-2.358615323444090528e+00
-3.059910959628600047e+00
9.373759122860132464e-01
-1.853466877633749288e+00
-1.808993419831715022e+00
-2.603164117566858504e+00
nan
nan
2.481089175468076391e-01
4.436591752870366889e-02
7.734797639637629452e-01
3.370678775713540354e-01
1.237545014148278000e-02
1.393900165017294412e-01
5.380756076042558789e-01
9.446914907071803924e-01
1.283398275674110245e+00
1.496528932361369968e+00
-4.566872257683782799e-01
-2.230302928286844732e-01
6.028972779737973298e-02
4.890137827646987567e-01
4.165323204823190295e-01
6.449891101613016708e-01
-6.390132608510201706e-01
-4.309991684556075953e-01
-9.291355317979288486e-02
-2.071087124259523904e+00
-2.612249956700650966e+00
-2.072586631179011540e+00
-2.597594063685209065e-01
2.382604647312680513e-01
-1.126042582178228280e-01
-3.390094092733599851e-01
-2.631795902887681393e-01
4.147962847195354463e-01
8.825554052894517554e-01
2.700960074087678464e+00
-3.919819996739004608e-02
1.188329316973900873e+00
1.506484820591969864e+00
1.180332431867895160e+00
1.006278045796273446e+00
1.505856786901700772e+00
1.503511189486709476e+00
-2.865685945804061774e-01
-7.376590569049543689e-01
-6.054629457262081793e-01
1.814871445071098321e+00
4.023118425379017538e-01
2.548324049973160754e-01
-2.534693757231832212e+00
-3.250409105315967828e-01
1.436496298543350925e+00
-1.924620198635342616e+00
-8.008405296401224227e-01
-1.362874267991756705e+00
1.754594504987221804e+00
2.215919387571432253e+00
1.742045881006674790e+00
-6.041068617014273556e-01
9.255456299028415046e-01
3.182542125134655286e-01
-1.564950125343457676e+00
-5.652886377201338242e-01
-6.442466979171923569e-01
5.389627977072359855e-01
1.107047372235150817e+00
9.518617206063355596e-01
-1.391612821555997304e+00
-1.832778416404327260e+00
2.999879642148203018e+00
-8.249331758617977073e-01
-3.539160422547800167e-01
-2.313930387256215582e-01
8.325444010485791857e-01
1.401712937313946306e+00
5.477220287527546638e-01
2.200063645233964138e+00
1.054371044293548110e+00
6.760764177028715238e-01
6.909696309480484189e-02
1.213420580897741630e+00
2.795516352824480855e-01
-1.219338344544315333e+00
-5.937071623542400367e-01
-9.086488885482126854e-01
2.222624548382747811e+00
2.390826775199167642e+00
2.516450695241174706e+00
-4.043438322893329051e-01
-6.452844306203102676e-01
-9.537103070566579355e-01
5.592048066956230024e-01
1.041300092686809897e+00
8.876452729973598466e-01
2.189071576663517149e-01
8.439405000235304932e-01
1.421692614913139252e-01
3.060106022744726317e-01
1.122591206062682367e+00
1.089008580420548711e+00
4.001417207734059289e-02
6.938404436775402750e-01
3.873771731294084475e-01
1.107236683002697397e+00
2.003958010683756896e+00
3.084467932494376896e+00
-5.856040225248788644e-01
5.074714408045983838e-01
3.792519863747996212e-01
-6.561853496717273693e-01
1.047055737203606007e-01
3.533455960708247190e-01
1.207770386389282358e+00
2.608008682143452717e+00
1.056076063408773358e+00
-1.675435747357573613e+00
-6.337835632729040825e-01
-1.468776452034847635e+00
5.468373738822820407e-01
6.301342744322209199e-01
1.176815543651104079e+00
-4.309804657444917808e-01
-7.619204924461029371e-01
-1.889247314069111727e+00
7.179862695197289923e-01
3.052934936736404481e-01
-5.972075219424159975e-01
1.272498164258923481e+00
9.150772803968365565e-01
5.564555072448320594e-01
-1.297164555867322377e+00
-1.507618162727657030e+00
-2.532981864755514678e+00
1.382864620342789230e+00
8.745875782844905189e-01
2.463813105105638890e-01
-9.433303648620756654e-01
-1.433288527063528273e+00
-2.274999574445729866e+00
-1.815041151835174338e+00
-2.047505493091975382e+00
-2.522689090277623336e+00
8.448490794787599789e-01
6.356761670908244177e-01
-1.704586172164797020e-01
7.851858761961447719e-01
4.866105196361805163e-01
-2.460668980935301065e-01
-1.599629862785425516e-01
-8.711244714403911793e-01
-1.699057772720015125e+00
1.323243287938851154e+00
8.682702981635488371e-01
-1.530481277994621969e-01
3.872637181629801084e-01
2.870005981416090535e-02
-7.572165550762743891e-01
-5.438171886598479610e-01
-7.241276404918646215e-01
-1.602166127901982096e+00
1.953161097210720953e+00
-7.474078623903457341e-02
-2.617677408502792069e-01
1.306072761905259227e-01
6.442469799404437758e-01
-1.360791839423841187e+00
-5.134225408300627791e-01
-4.153239604372509497e-01
-2.054245709681103982e+00
2.643360346324595156e+00
2.224398335593875231e+00
2.787956983715225157e+00
2.764073423822566156e-03
-1.753184633250155500e-01
3.443931870427352493e-03
-1.613280845978241951e+00
-1.546605910437562681e+00
-1.497179810871441363e+00
3.977972750876523911e-01
2.248839394403554515e-01
6.053219488973660134e-02
-7.916985675155081559e-01
-9.720999978879025782e-01
-9.082726023994522890e-01
-2.018607274760135795e-01
6.122358067608528742e-01
4.627249828683530630e-01
9.276864432098603785e-01
6.294342682248212917e-01
1.527430528057585946e+00
-6.801369433477897353e-01
-8.112750582777317199e-01
-4.076964125621529433e-02
-7.857607943415030327e-01
-9.176059962085187927e-01
-1.015854776656577307e+00
-4.012899772743940829e-01
-3.708301881648217169e-01
-4.753689677579817641e-01
2.795858349568463019e+00
2.408895314843635838e+00
nan
-1.690186427940975511e+00
2.161063551580046038e+00
2.509361230818355715e+00
-6.472100313350370726e-02
-5.475492108145858516e-01
-6.055603546640622170e-01
3.533781644759184104e-01
2.700057460894274008e-01
6.628793253367453175e-01
8.523223986372800987e-01
5.365335892526439387e-01
8.713865161184779495e-01
2.562042221316493951e-01
6.444548203207434156e-02
-9.455778044080451750e-01
-7.480216776470007822e-01
-3.167226666837565929e-01
1.042023275459602161e+00
-4.821350433693782911e-01
-4.019903217072675616e-01
-1.077910919827562708e-03
-1.074272961214242095e-01
-5.318000588203908308e-01
-3.846180975514319478e-01
-2.560429084469393324e-01
-6.316574178483831403e-01
-1.028980680940076553e+00
-2.438003292539034916e+00
-2.278120249166517564e+00
-2.839225041530085480e+00
-1.428255590306903855e-01
2.144932846002944871e-02
5.521569826159327121e-01
-6.817649333038353632e-01
-7.512375647638394049e-01
-9.213221948843060005e-01
5.114508017299668197e-01
3.360233633579610135e-01
5.347583951707202132e-02
1.585629993835950380e+00
1.633810159940268569e+00
1.927034968426938555e+00
-1.130374242805202822e+00
-3.720397841020806062e-01
1.183876084044732657e-01
1.387847687281518638e+00
1.022150189618892036e+00
8.768728902956750559e-01
-1.007086394180284561e+00
-1.005232339726470858e+00
-9.966862396586586570e-01
-2.068994774036580608e+00
-2.246944700333896705e+00
2.926999211612353768e+00
-1.322359313730165686e+00
-2.207827172080742528e+00
1.826818733877078493e+00
4.076319989550700740e-01
3.497055260220083284e-01
-2.217823625705994672e-01
-1.235207561140369448e+00
-1.397080514540979257e+00
-4.976237396008005298e-01
1.543020322799723232e+00
1.617212127394239474e+00
1.725570727878355193e+00
3.948297734163537243e-01
2.203305817792555743e-01
1.636508956443178953e-01
4.513528071565504618e-01
1.949437381731389252e-02
-8.085452846114860037e-01
1.534952505181016669e+00
1.503313728478992140e+00
1.383830671527062961e+00
-1.921551783612873265e+00
-8.319398964940125651e-01
-6.352977005368027896e-01
-1.790952285228652574e+00
-1.183393615229649587e+00
-1.161179835368241431e+00
1.997137697909680654e+00
2.278998086849134630e+00
7.984175517630234253e-01
1.485832811825233968e-01
1.539676805516294600e+00
8.298853459517903097e-01
-2.254441161835578633e+00
-1.900063814737013468e+00
-1.882724457883088842e+00
3.545364685106764391e-01
1.008611501103659158e+00
1.789118802446587608e-01
1.809479516915297737e-01
5.922251534305171816e-01
1.319746241658026342e-01
6.901158134652112253e-01
1.328908693107148764e+00
2.869336782559543941e-01
1.425710761164800111e+00
2.511956723498732558e+00
2.282362040963178629e+00
4.443034200046853677e-01
9.266740375104181027e-01
3.450102688788052596e-01
3.526942366512062499e-01
5.717931235780340238e-01
-1.581438944776900613e-01
-4.498909737547358567e-01
2.671130369248442271e-01
-5.957181173205086111e-01
nan
-3.053803604996553567e+00
-2.347601618970572179e+00
-1.548407375072398118e-01
6.991583594551480374e-01
-8.363926412314715009e-02
1.962553974724161598e+00
2.395937963407261506e+00
1.900682818166859356e+00
2.419073816136751987e-02
8.363209213264073405e-01
1.266528648994285078e-01
1.084479113664914784e+00
1.875507364282852585e+00
5.953643378658957097e-01
-1.613722880900363421e-01
6.561171157960909994e-01
1.034525171179906167e+00
2.591676275247432493e+00
2.412978611945781005e+00
1.505781832849985236e+00
-2.075032865894466561e+00
-1.146381495362332137e+00
-1.177574820589855298e+00
-3.114304755384380563e-01
8.883639811676395937e-01
4.190521375653308844e-01
-1.948714352894986845e+00
-7.674259559297866851e-01
-1.596440249600408423e+00
-2.039025599958643298e+00
-2.100490304818871223e+00
-1.634386707267680539e+00
-3.769151657445490855e-02
1.123416063807646914e+00
1.637999456375029084e+00
1.176967745639414531e+00
1.380978122859096047e+00
1.376520561040101676e+00
5.197304698448550475e-01
2.852163104999112520e-01
5.640019509951210708e-01
1.102506498524605583e+00
6.639206358729166091e-01
6.723770177230989908e-01
-2.596201093256680359e-01
-2.476702907902872397e-01
8.506136781796236335e-03
9.457335848547030466e-01
5.291681536110011130e-01
7.134739738772792883e-01
8.512930161175087385e-01
6.816233373884181823e-01
6.894124319982593008e-01
-1.763407571763266457e+00
-1.907563381537032532e+00
-2.028167927253015534e+00
4.055460918628535083e-01
-1.209252380481937728e-01
-1.287584802493548786e-01
8.596144621407688646e-01
4.010100252325705661e-01
-2.463709304218275165e+00
1.816704972968530285e-02
2.280259909517501349e-01
1.929910379530679343e-01
9.104459408104448315e-01
7.827367637904560915e-01
9.039644478158370688e-01
-7.428527959787367685e-01
-5.494404876077267907e-01
-7.014467187316988372e-01
-8.186093620368368740e-01
-1.198788089762453879e+00
-1.137812389593248152e+00
7.801289463442770966e-01
6.438235579234050654e-01
1.221906512551166557e+00
-1.146992487228994051e+00
1.359978245886955150e+00
-3.806392498967934301e-01
-5.221966891589060467e-01
-3.731026261284080547e-01
2.154682539913910233e-03
2.373122443354906963e+00
2.587992570086846911e+00
3.021112717736326836e+00
-6.783523570680705106e-02
5.128854605277743950e-01
9.598612279804443759e-01
1.522639194953380404e+00
2.824761277456595110e+00
nan
-5.955928955953551096e-01
1.294918155784614555e-01
6.499265924538391026e-01
-1.206125397362116436e+00
-2.387248597158421859e+00
-2.186049335404871119e+00
-2.151719436238552774e-01
-5.640616160994271766e-02
6.376799358944462703e-01
-5.594446391740914848e-02
-4.476660314515035211e-02
6.246258064983929437e-01
-3.829406816066325270e-01
4.356373143479226329e-01
5.654111996568329523e-01
-7.630685505334198204e-01
8.810806890417479664e-01
6.553097390407094380e-01
-7.789368690864706402e-01
2.105132908831652827e-02
-5.745596996406776569e-01
1.749108150812640261e+00
1.821247150113957325e+00
2.262313419402882886e+00
-1.305689674579906034e+00
-1.056235824989931071e+00
-7.305363571442211601e-01
1.209459720353240009e+00
1.657330352415312902e+00
1.561472660791578981e+00
-7.181432060297208153e-01
1.098134265794321607e-01
7.972453570929252109e-01
3.853957571067510024e-01
1.101269307277252807e+00
1.265937942025815666e+00
3.633308401264501164e-01
-7.528955437907098869e-01
-1.903793043015383990e+00
-4.655899165807380058e-01
-2.084578217467639050e+00
-2.110819869262550608e+00
-2.532406982280967611e+00
-1.828968499503782930e+00
-1.235296020312789400e+00
-2.191384678960583088e+00
-1.803344724187371462e+00
-1.999747622276850212e+00
-1.709012922092755016e+00
-2.918690721009619349e+00
nan
-2.835370443101061344e+00
-2.277175222565622992e+00
nan
1.502249034685584128e+00
1.951585079137386991e+00
1.863736312671335327e+00
