-1.943423963860316794e+00
-2.015742379472926338e+00
-1.681970092937151495e+00
1.670571854686869528e+00
2.353729679720615309e+00
1.500994459196316910e+00
-4.810716295702812673e-01
-2.408988101347386834e+00
-3.080376863302561663e+00
-1.553318409893509333e+00
-1.423651523722875734e+00
-1.555645597840550343e+00
5.639281499308301804e-01
3.141660562747765617e-01
9.011673350809790151e-02
-1.688249037196634994e+00
-1.932310516845779480e+00
-2.003029896441665514e+00
-3.562861627909077455e-01
1.174948863056166637e-01
-5.424477888482983623e-01
4.906414482055763138e-01
7.983317362236586057e-01
-1.645060748530862149e-01
-1.630450217747489994e-01
1.960474098506459484e-01
8.101024501857523319e-02
-1.305824819233216916e+00
-1.511093139950084208e+00
-2.230736975230378061e+00
-1.519791072534955489e+00
-1.080986670266758765e+00
-1.759173379654880742e+00
2.275513246353851216e+00
2.572092169081616753e+00
1.853097071634928206e+00
-2.821298749338656542e-01
-9.160553564266908921e-01
-7.457064126152137540e-01
-9.502128097290287734e-01
-5.981253695155590577e-01
-7.917771711902963361e-01
3.092077355668854111e-02
4.352316321531510823e-01
8.208687430534977736e-02
8.887181984036001126e-01
6.851407370475861569e-01
6.545395987638542579e-01
1.000266647184707480e+00
1.089207963237866394e+00
6.337247675576356265e-01
2.212632970371188890e-01
-9.023835462061384760e-01
-1.100859475554774924e+00
5.346521177377265843e-01
7.018077860815123969e-01
1.372641214454342062e-01
-1.016977623339549552e+00
-6.810258186578788120e-01
-4.003327325330015007e-01
-2.246136211233657587e+00
-1.760325901472333143e+00
-1.943815289702104154e+00
-2.754650273680241401e+00
-2.670539985677959027e+00
-2.706831385569667958e+00
9.652416901212372835e-01
4.986147263433560184e-01
8.191292903213858168e-01
1.378523901955190034e+00
1.111383808430734810e+00
1.210348057751622797e+00
6.804644349419932681e-01
4.596297498113601776e-01
1.031358450188549547e+00
1.164469079942938912e+00
3.754249225961694414e-01
1.008330547680261091e+00
1.039294912366424128e-01
-2.149750719737242299e-01
-1.320216565663123731e-01
1.526530513269422684e+00
1.318634932973751006e+00
1.364792013783711511e+00
-1.628553828911491808e+00
7.257228013146970191e-01
2.751804457329567910e+00
-8.957431637478769915e-01
-1.322343431251551849e+00
-1.194759363883503234e+00
-3.076419332137896312e-01
-4.627585265526321656e-01
6.266879246673839887e-02
9.233564725443752508e-01
2.398179530390782688e-01
1.132314869825756354e+00
-2.627703122500033128e+00
-1.555730419302042478e+00
-3.700464327296231204e-01
1.756600194321317865e+00
1.376993756777481259e+00
1.101802898486772264e+00
-4.770540249675918609e-01
1.808163052570924911e+00
nan
-2.823544967150318996e+00
2.710776647112700388e-02
1.605433596293243781e+00
1.407047099557970249e+00
1.605259854545150411e+00
2.824656368432701292e+00
2.225793710060149699e+00
5.754778140990604030e-01
-2.709629004617653436e+00
2.120909707740554317e+00
3.499262631604347362e-01
-1.803203079269466214e+00
3.210134110675570973e-01
-7.019703851954428586e-01
-2.331244849153715215e+00
9.497717728746968291e-01
-4.223757599398085816e-01
-1.216709314574242251e+00
-1.014600344781686481e-01
-2.035508722252008518e-01
-1.349852461391084946e+00
1.744765826594775859e+00
-1.316858722753595501e-01
-1.601155663843632615e+00
1.680851319583481107e+00
-2.868700102396313234e-01
-1.981968387959219369e+00
1.690706617561678726e+00
-5.945467148589558271e-01
-2.178363500780543749e+00
-9.976641348274020160e-01
-1.792669017883006255e-01
2.502877095207987068e-01
1.679740183560614497e+00
-6.694322579642593141e-01
-1.885340916582060489e+00
-1.089308746942216466e+00
2.466429765952428355e+00
2.702849057665881460e+00
nan
-2.809202914411862650e+00
-4.398316178978665114e-01
3.090324595817404152e-01
-6.842658160259897926e-01
-2.357801703115971925e+00
2.735658087391700910e+00
5.104203078151092754e-02
-7.367121236693825459e-01
1.110983194631835147e+00
-5.227714339243765274e-01
-1.631076983656672308e+00
2.656429219518835261e+00
-5.356909844742001603e-01
2.527998431150089154e-01
-1.460065782829715220e+00
-1.522600317469624098e+00
-7.256567643855640348e-01
-1.942506500187317187e+00
2.216607708717818426e+00
nan
2.955565333055582222e+00
9.744093701748042236e-01
2.484908645915059999e+00
-1.133783800073204340e+00
1.476469983772517480e+00
-1.962826075138064841e+00
-3.090478232349277210e+00
1.720356405902894181e+00
2.457789008391656260e+00
2.440482695604564434e-01
-7.715243386548644722e-01
-4.723308041099034682e-01
4.664091454006644710e-01
-1.864586030293660102e-01
1.432895090364959323e+00
8.619964951841412315e-01
1.102632918924674854e+00
2.096212874211667909e+00
1.069522053911766690e-01
-4.937764312054859772e-01
6.592146561162235407e-01
1.379105730469674107e-01
-1.144105335927690925e+00
5.715183128793710488e-01
nan
1.542518195079809473e+00
9.668940791646560839e-01
-2.662845332417740352e-01
1.152718606819274960e+00
nan
-6.012851016838265394e-01
-8.083166468812401639e-01
5.143672452799012973e-01
-1.511696483705122773e-01
-1.853260064609871582e+00
5.488520059634445225e-01
-2.827147392917904067e+00
-3.135233871686665896e+00
1.562098752618930497e+00
-2.405589002009937083e+00
1.579258167717312311e+00
2.608460004457928250e+00
3.604561641279975248e-01
1.720963082581592474e-01
1.703748900479046036e+00
1.057278035467921207e+00
1.964326145396086964e-01
1.376029492480236094e+00
nan
nan
7.975533538297825409e-01
-3.614870550118087777e-01
-1.379565641390177122e+00
-1.121260906756282871e+00
-9.432679272831387962e-01
1.309570025609865240e+00
-4.845349257804443255e-03
-8.416003529157558560e-01
-2.137759334622848506e+00
-2.312241193161828967e+00
2.025188809104878196e+00
nan
nan
1.230360520304182081e+00
2.818861179270819584e-01
-5.275437139571899081e-01
1.489911473553937604e-01
-2.622841559089987840e-01
-2.900503511583347738e-01
-2.795734836578178673e-02
2.613284810162683769e-01
-1.028479955221222042e-01
-1.171868413019994115e+00
-9.654306949083748535e-01
-5.951298027651938938e-01
5.400468037621375395e-01
-2.702272820509366014e-02
-7.599161852083602398e-01
-1.392569925456591085e+00
-1.409952953733392356e+00
-1.203018122155265157e+00
-1.331284303015963122e+00
-1.687250770703145664e+00
-2.210770672362084799e+00
-3.253836460213119786e-01
-4.691165900560525515e-01
-9.480847460329435705e-01
-5.873100164986011507e-02
-4.012470815056348172e-01
-8.785662471294011233e-01
1.118570520483752162e+00
-4.766948636573777875e-01
-2.267245395646899642e+00
nan
8.705211781230204338e-01
9.943268918516769972e-01
2.073982820110455982e-01
3.978211404366205350e-01
6.105499858960490300e-01
6.487489704433375692e-01
5.596863614986844482e-01
6.796336937919154053e-01
1.463465698361421374e+00
1.092845110817177279e+00
7.844670127754413969e-01
-2.206344603000429672e+00
-1.401453564324186329e+00
-2.780694008610393730e-01
-3.132798976656677503e+00
-2.024422985511317385e+00
-1.531630948500692702e+00
-1.449330466754223279e+00
-8.747375011741458373e-01
2.640020154678933473e+00
-4.456399249904219317e-02
5.466772341877814689e-01
6.410307304669675688e-01
2.698783864864418014e+00
2.227434999838732388e+00
-2.579785882820533338e-01
5.205657836054067289e-02
5.795443318435715696e-01
1.123444356567484093e+00
-2.461092770620695536e+00
1.700758954534144607e+00
-7.374613900586370896e-01
-2.520272869832810514e+00
-5.071982188851866802e-01
-6.173394760842558782e-01
-2.455343846980042599e+00
-2.320366425380433473e+00
1.149821771857712172e+00
-2.306403237274871287e+00
-7.222997638956583089e-01
-6.010524686467082489e-01
4.544329437839556007e-01
-4.773666176500608316e-01
-2.425741604327372070e+00
nan
-1.763091181267924856e+00
-1.045030431559362150e+00
-5.741413390787708515e-01
-9.542186558857626011e-01
-1.477243229314457285e+00
-2.669358410372478119e+00
2.324850006612829922e+00
-2.356624571241652255e-01
-4.695012613875939600e-01
7.177466383267248062e-01
5.409640264190893610e-01
-3.112750208285368192e+00
4.871187042915243737e-01
-1.171851371554576415e+00
2.822989608024604635e+00
5.714147842361345653e-01
-2.885010269011263340e-01
2.609796320110854495e+00
1.828424251366937980e+00
8.589165584516429419e-01
1.304355791932959363e+00
4.720458957776516584e-01
1.057375209425302387e+00
-2.639019551179512479e+00
-2.032936331333561775e+00
-2.641701462154749880e+00
6.282533500249996017e-01
9.220669377654697740e-01
-2.386351509549604621e-01
1.869199647291210020e+00
1.061874219519329365e+00
-2.830161986057309065e-01
2.560423208511628523e+00
2.712032787733224204e+00
2.899607420727803309e+00
-2.917963138176054905e+00
1.127992212671665051e+00
1.902614589812001711e-02
-3.336272745972843623e-01
1.996369108572277895e-01
3.647631169955363184e-01
2.900917604425075957e+00
nan
-2.768873873310221168e+00
-1.395811708023542153e-02
-2.792102446517477077e-01
7.226167239666612119e-01
-1.547958995500010593e+00
-1.639188691677245124e+00
-1.110425259265755749e+00
1.144021853544994194e+00
5.856492653144913518e-01
9.441870171934594325e-01
-1.121752484363689462e+00
-4.063014295849813884e-01
-3.393254732077441993e-01
4.841868013481098743e-01
1.454547298863020366e-01
5.401729314842995677e-01
7.418519035290618291e-01
9.284985765030970839e-01
1.337712937613568798e+00
5.251802743443603205e-01
5.584154401378205179e-01
3.330474147342559199e-01
1.001727358910597943e-01
-3.541897781901814923e-02
-7.423244475835266698e-02
-6.308585006503353299e-01
2.012355419909321874e-01
2.093247742420705215e-01
-2.830518016372320478e+00
-2.442843463130864201e+00
-2.410078215716381589e+00
1.019100238842625572e+00
1.426415118960247419e+00
1.250730269103918602e+00
4.168159127763808591e-01
1.135007477752887795e+00
2.185684050674666423e+00
2.156526378211013117e+00
1.423446232168134706e+00
2.416235224679049942e+00
1.803457246213717724e+00
1.880940240848222977e+00
1.968195976013769943e+00
3.308894824439221338e-01
8.057465326962551799e-01
1.039396925587256604e+00
1.701944159419749525e+00
1.150993789754590324e+00
2.192592419233770684e+00
8.061968117650448740e-01
1.073003423034718296e+00
1.422874308529761045e+00
-5.021279046046567274e-02
-1.478370111725153535e-01
1.738084426399386651e+00
5.932362905388850471e-01
1.106346303503991990e+00
1.596839645777538230e+00
-2.785642153236617791e+00
-2.514439306006544861e+00
-2.781434547483411457e+00
9.597225064310981324e-01
nan
-3.064690566887673384e-02
nan
-2.710664779206291453e+00
-1.770873660762662949e+00
6.249554402815982179e-01
-1.856160039263912154e-01
9.835091481596824892e-02
2.001814673862168270e+00
4.957613165021852453e-01
9.426869570172025092e-02
-1.104900604524623464e+00
-1.858894062478081866e+00
-2.712217685626745478e+00
nan
nan
-1.669933266962320140e-01
-1.378555826153239128e+00
-1.853752036636580725e+00
-2.188712337087061144e+00
nan
-5.118795146992614065e-01
nan
-1.682930021540878229e-01
-7.471566419997972552e-01
-8.858564102907622306e-01
8.324996474850161476e-01
-3.688448379415221190e-01
-7.063565255668855514e-01
-1.936291627682269256e+00
-2.770170972866323744e+00
2.341334051954332196e+00
1.325254894610500500e+00
5.591927225098487497e-01
-6.650793301368951305e-02
1.600626741171630840e+00
1.521379615516020856e+00
9.297497886677508205e-01
1.384457538832509549e+00
1.771101518739254033e+00
8.457895323106385810e-01
1.123321122960725837e+00
6.905166536365037189e-02
-3.106167849753593835e-01
3.449780137462123975e-01
-6.893775413934504215e-01
-9.669120101466690542e-01
-1.783863348824880068e+00
1.718501559497430442e+00
1.510781052107095235e-01
2.633647250273417839e+00
nan
nan
-2.836761860513020927e+00
-5.395151339346000441e-01
6.331288669787014101e-01
1.706355481591653955e+00
nan
-1.740140734698637948e+00
-1.719646903186521136e+00
2.260102128041724612e+00
2.175091182339044416e+00
nan
-1.912082803261818009e+00
4.375412263087907760e-02
nan
-9.530753309443400489e-01
-2.819062810781147732e-02
nan
-2.644998140521846786e+00
-2.244382020337710504e+00
2.071243064591471672e+00
2.073890134102364335e+00
1.708322575375301966e+00
nan
1.267651861266071656e+00
nan
nan
nan
nan
1.995565002497690088e+00
nan
-2.541930435370037600e+00
8.549772841218787889e-01
nan
-7.070950662743422654e-01
nan
-8.587917700019098710e-01
4.626526062410305506e-01
-2.340536726900286801e+00
-4.925632051304074110e-02
1.417891876131751161e+00
-2.488752683079689110e+00
-2.265973400586274167e-01
2.157087550384683361e+00
nan
-2.832858723674629431e+00
-8.579627201931274705e-01
nan
3.117525148000716229e+00
nan
nan
nan
nan
nan
1.457481449508586380e-01
nan
-3.131466678225939049e+00
-1.239223189342509412e+00
6.604134425188954438e-01
-2.594733370284751484e+00
-1.624129348055379340e+00
-1.948787488830280967e+00
nan
3.039020935151457437e+00
nan
nan
nan
-2.154953264673075353e+00
-2.222853534579284585e+00
2.666618612469186189e+00
1.177582000609357138e+00
2.719080912334414180e+00
-2.051103764485633363e-01
2.973758406491640471e+00
-3.140913210169633096e+00
-1.911612541180552238e+00
-6.352372980505744948e-01
nan
nan
nan
nan
-2.309606473437489260e+00
2.823721153172165543e+00
1.171731461251137141e+00
nan
-7.317660784776931493e-01
2.857813559100935485e+00
3.973533880469291013e-01
-1.332480320570722743e+00
9.720167420589174156e-01
-6.245023153764823753e-01
9.566397427656001540e-01
nan
2.297155354380933545e+00
1.508555765184088848e+00
-3.140661995963009989e+00
-1.836652231844321470e+00
-1.792200994763424982e+00
2.641330338382005039e+00
nan
-5.810379885136489619e-01
2.258418186505129377e+00
2.260101365669746620e+00
nan
1.021003371288521144e+00
nan
-1.711498663229701345e+00
2.739177990488306236e+00
nan
-2.138059157230421725e+00
2.357938458641958057e+00
2.175118040453172696e+00
2.921717601399182129e+00
1.202105221431449600e+00
8.151395919321875461e-01
4.757879879004476287e-01
-2.638446511017131790e+00
7.226473538402755636e-01
6.686990079482244553e-01
-1.418365425552603698e+00
1.404601079219052195e-01
-3.004093384448376369e-01
2.085748649495177354e+00
2.101181345118982691e+00
1.837469740636858972e+00
8.761557278574452212e-01
6.528785200634783514e-01
-7.939380920016603227e-02
-1.536247352283631074e+00
nan
1.331379243863626272e+00
-1.830859256024091053e-01
3.044910931519626551e-01
-1.577410162188810361e-01
1.568562890558402145e+00
1.351880037196264261e+00
8.596212565029208719e-01
1.843139227873043851e+00
-4.428119251058815209e-01
4.809169305206428824e-01
-1.820055785023726891e+00
-2.442928003791633884e+00
1.625560699968748857e+00
1.704406581900482109e+00
2.311801012861081972e+00
1.216239730698631227e+00
nan
-2.666622191848650125e+00
-1.937850224034062929e+00
1.754649278553259251e+00
-2.484092758653340116e+00
3.027070255935322862e+00
1.182259357211436601e+00
1.224674664111267575e+00
5.299035598916166379e-01
1.025198332641164889e+00
-8.259291781576836300e-01
1.216060529825444547e-01
nan
nan
nan
-9.214968181136571346e-01
-2.241613777043814704e+00
1.182511994376144848e+00
3.680657292555884474e-01
2.960534358983249348e+00
nan
1.877502733704159432e-01
-8.022088280165773355e-01
2.665064066553686217e+00
nan
2.301630378258055387e+00
nan
nan
nan
nan
-1.368447473669024639e+00
8.829505422194046105e-01
-2.779803930738533602e-01
-5.896856756074591033e-01
-1.627783292630943235e+00
1.436159108397648154e+00
1.430698763349051994e+00
2.676566501934160236e+00
nan
-2.532542842826684293e+00
2.261726082775656899e+00
nan
8.548616345019688367e-01
1.802778372809553886e+00
nan
2.230674144820301130e+00
nan
-2.574464151960860647e+00
2.204436292582963475e+00
3.260778838832538717e-01
-1.376175835962175187e+00
2.167800992214818478e+00
-3.259660362645111498e-01
-2.131072354223721987e+00
9.279926711292958430e-01
-6.122567278414070557e-02
-9.823201971624602180e-01
9.928197058253465102e-01
2.020995931245986199e+00
nan
2.104648715047046537e+00
1.995729652016119182e+00
nan
nan
nan
nan
-1.477934682852753090e+00
-1.660247803740974026e+00
nan
nan
1.779975918324133488e+00
1.709667788316841630e+00
1.368097616677039774e-01
-2.574423331996675390e+00
-8.742983997576816435e-01
nan
-1.270045630401231307e+00
nan
-1.596827934497491386e+00
1.578598226530865567e+00
1.148114865966614495e+00
-7.315083144265925874e-01
2.457312595690606116e-01
-1.942679329815693023e-01
-3.871980696987011861e-01
1.950454570006154853e-02
1.613561542561954276e-01
-1.480124494689860848e+00
1.971932259863495851e-01
4.738814281883017010e-01
-6.503811364394707084e-01
9.044040407175639729e-01
1.591187844986610145e-01
1.673454413969990284e+00
2.392888789178981845e+00
nan
-1.969732184479984438e+00
-8.966620555252604596e-01
-1.517338695682405980e+00
4.917452714153336402e-02
7.295863705516496545e-01
-2.072952268406778487e+00
-1.083613564912238481e+00
4.509188448599434906e-01
-2.925944606326020825e-01
7.893307250920433837e-01
-2.194179696642763133e+00
2.100959757606910117e+00
-2.450038491886923353e-01
8.544753610549631340e-01
8.871668602443518736e-01
2.788546733925024945e+00
nan
-2.844059904200154421e+00
4.483084214726220651e-01
1.057195670161151568e+00
1.193176284589299030e+00
2.441281036463184506e+00
9.515514285304611519e-01
-7.401469818164594372e-01
-2.668770644888740051e+00
1.522434069247787569e+00
2.453011903348185641e+00
-1.254035919554240541e+00
-1.506655630365491438e+00
-1.301019439314326620e+00
1.789415430254724271e+00
1.112466591678462180e+00
5.543596102830288253e-01
8.022169345685492559e-02
-1.056850801683628660e-02
-1.518852289619272433e-01
-2.330564200172136946e+00
-2.768781725278964156e+00
2.286225363091228147e+00
-1.132911926982322903e-01
-3.790026357121050182e-01
-7.797514609124966967e-01
2.118819110185281573e+00
1.197103369643641280e+00
6.362970747330605192e-01
1.740342287302181212e-01
-1.944346119204243273e-01
-4.900604464808755445e-01
5.423679878069354032e-02
5.098128342117753675e-01
2.444877786876009651e-01
-3.845625027099530691e-01
-3.131699258819811149e-01
-2.244021878559641081e-01
-1.480952348618647774e+00
4.699881082243591024e-01
7.597685019158717523e-01
-8.724269378687914411e-01
-8.920322890619871714e-01
-6.474456935967238813e-01
1.323100401837963958e+00
1.131566204946087950e+00
1.542842797820254575e+00
-1.830884880676939552e+00
-3.031853962343022513e+00
-2.587567425015860678e+00
nan
nan
-1.041097222202317152e+00
-6.020191741839955313e-01
-3.528099357684260085e-01
-8.371956113129694899e-01
4.011861701722043705e-01
-1.253509043955589597e-01
-3.725762739684972402e-01
-2.178658546418124509e+00
1.658043168319375482e+00
1.192023168903655339e+00
1.946423857562400883e+00
1.252850597090609419e+00
1.165645753126009154e+00
nan
nan
nan
-1.908172279064423549e+00
-2.025485360036174853e+00
-2.419882425376606694e+00
1.464761255400711448e+00
-5.534851769895920981e-01
-1.573586068466578780e+00
-2.465512942627322346e+00
-2.345413119217696796e+00
nan
1.247736356955142512e+00
1.031191641209263210e+00
3.366412581171855933e-01
-2.100275026508142240e+00
1.480088179330199871e+00
9.244770134366753211e-03
-1.346809030462780887e+00
-1.101165251721153204e+00
4.408295346388761971e-01
8.069627900786722208e-01
4.136171603683540532e-01
1.122455451808724192e+00
1.438638670223411076e-01
3.675962471913818419e-01
3.083218558238491447e+00
1.219524676373899830e-01
9.126597235667510688e-01
1.417631294292031718e+00
1.033508504491897462e+00
-9.383300680682777895e-01
-1.790574231087150414e+00
-1.669060104263943245e+00
-2.858194222916345506e+00
-2.629082969013040394e+00
-5.868882428150792308e-01
-4.795165522049043005e-01
7.802608197556883951e-01
-5.161297789804808467e-01
-1.223747171629891994e-01
6.878561270433856123e-01
-2.451904121590487762e+00
1.682280142659172917e+00
5.902178189947293596e-01
2.612363886037516458e-01
5.742542275832502874e-01
1.336279995479229932e+00
-8.735507405759279642e-01
-7.996392905658615824e-01
-3.765354023602069944e-01
-2.639581527954365736e+00
-2.169729715701864681e+00
-1.878917639042370524e+00
-5.595338864897221320e-01
2.378268237290415144e-02
1.072129017827243125e+00
-1.125287585384937561e+00
-4.773184353607433650e-01
1.503462568651103837e+00
-7.257024654655324092e-01
6.972111701188010713e-02
-1.908302733406470608e-01
2.599678925351290637e+00
2.359375008593016965e+00
2.900822663577538485e+00
8.132084960038543642e-02
8.254347196302624923e-02
4.128051804900279009e-02
-1.514512802997531438e+00
-1.442217699636809680e+00
-1.477880686632434992e+00
2.303932142006219763e-01
4.908700547940316739e-01
3.752374414170009942e-01
-2.981827921287565353e-01
-5.797180733700066924e-01
-5.849737613824785853e-01
9.035311618177424009e-01
7.678852562690501316e-01
3.685907525158378384e-01
1.511810354884625340e+00
1.089909539863970878e+00
6.354004059005999849e-01
-7.358651927046260255e-01
-8.011725849570305868e-02
1.665209066271269300e-01
-1.699497277134196516e-01
-4.523842390366135113e-01
-4.056178014224585127e-01
-3.616712905610333095e-01
-5.324585372811956319e-01
-6.923151895393955257e-01
2.989116918311983007e+00
2.648950884197434519e+00
2.846864100901935757e+00
nan
1.585846824790312581e+00
nan
-2.248741300091503525e-01
5.135113137856039955e-02
-1.272941964789158220e-01
9.907136589921856640e-01
9.531028637550180704e-01
6.037370397970049929e-01
1.475270211457319292e+00
1.079651655232853891e+00
1.140862868150914089e+00
1.125112872513777340e+00
1.466311076326547003e+00
1.212092359228534200e+00
1.457799458135328408e+00
4.857411140016552054e-01
2.052977159004181651e+00
nan
nan
-1.283137900282652621e+00
-1.815968982563997969e-01
-4.453711961772417460e-01
-6.878666170762115506e-01
-1.807975825233825162e-01
-2.862693231940252048e-01
-1.711518838389674002e-01
-1.556762343295317708e+00
-1.869385293113329460e+00
-2.269988200392185629e+00
1.275098740839119671e+00
9.148974797923461466e-01
2.107449468964150974e-01
4.231389430772880544e-02
-1.917853545523140468e-01
-5.396773741774429922e-02
-5.058678353963674823e-02
-4.409053916534810824e-01
1.920765454599924205e-01
6.471586644861635484e-01
6.284266674352063653e-01
1.501430207294095709e+00
1.232292839485904068e+00
-7.438269846688694287e-01
nan
1.013737110695797305e+00
7.951068145071662485e-01
1.128957907523222559e+00
-1.632845246098395764e+00
-2.361893029228169905e+00
-3.000460344742819974e+00
-2.671854551259317478e+00
-2.175911314311226974e+00
-1.402597660209313091e+00
3.059387829280545645e+00
1.537400789720305916e+00
-4.561005798285266977e-02
-1.967345661607219798e+00
-2.289878497836325799e+00
-1.021815991346888275e+00
1.623654461206408328e+00
7.102581781801386995e-02
2.244927467956796541e-01
6.508302472670828287e-01
3.053097339919972342e+00
2.942477704888480261e+00
-1.377138906716878441e+00
-1.263168991764826998e+00
-1.305977089721005679e+00
-2.561948652328346121e+00
-9.787115908779160378e-01
2.983108626645551986e-01
7.581757010766900784e-01
7.297913088429428541e-01
8.583236892183960798e-01
nan
7.552544336937305758e-03
-7.574138008916198039e-01
-1.558873655127849700e+00
-2.096257070435628034e+00
-1.392352629842911194e+00
1.970989801665881558e+00
2.054496211107154302e+00
1.286211135524370164e+00
6.688796640366896362e-01
4.904567651070048662e-01
5.459338473395889402e-01
-1.042041165361480282e+00
-5.827350858207869244e-01
-1.064274799218571488e+00
8.959923531872684421e-01
7.501487028172291183e-01
4.171869369382901205e-01
5.710241619404858859e-01
-7.249847207540915939e-01
-1.756053928394768926e+00
9.148333653274054456e-01
9.493138933454847717e-01
1.577043434240659181e-01
3.914457735477041567e-01
7.027321587051762464e-01
2.173675458943176153e-01
1.631162684756839454e-01
-4.065323785812862134e-01
-3.760894177200708732e-01
-2.802755293471337339e-01
1.297010700536116445e-03
-7.934527075554971276e-01
-9.364922503631318840e-01
1.435451235479197507e+00
-5.581494115125034128e-01
2.592468408005045077e+00
2.676288834303181652e+00
2.471589868818170110e+00
-3.241986370024663167e-01
-1.076644345096742228e+00
-1.108830301233799887e+00
9.296706613367682337e-01
1.053017958987119584e+00
8.434124803174345431e-01
1.211165142136754191e-01
4.594187642278590999e-03
-3.408148577183074401e-01
1.228653958592821560e+00
1.057728212022154501e+00
1.127248826032910323e+00
7.256382104356680074e-01
7.731896894607328541e-01
3.949964125848683949e-01
2.826685728542628340e+00
nan
2.912120624712347450e+00
-2.202983103678901600e-01
-1.723911585697458948e+00
-2.224253057841253600e+00
5.199964227839104502e-01
7.312684391853556676e-01
4.697673144946881152e-01
-1.613905108894397422e+00
-1.363223976758332734e+00
-1.015253278820356986e+00
-2.087678037410898302e+00
-2.483047330453902468e+00
-2.726226444480138067e+00
1.295853565379013084e+00
9.475868004488781082e-01
1.069888413820151207e+00
-2.288707687201778640e-01
6.208158301759905129e-01
7.594422012169608216e-01
1.447674187346472685e-01
1.304471112792944254e-01
8.563591844271734033e-02
1.886879084814774288e-01
2.231448847210724118e-01
4.790066789927229784e-01
-8.422503566824994792e-01
-2.620739563298113417e-01
-9.744480372915700350e-01
-1.014756266187166744e-02
6.100973882502058743e-01
7.163664768628104085e-01
-1.222127012528390511e+00
-1.948972496917191766e+00
-1.840469578110710991e+00
-1.267764128797556955e+00
-7.598116049167944475e-01
-8.504298517602211227e-01
-7.174809927605263482e-01
-3.014307348076727955e-01
-1.008361856864419259e+00
-1.785144298642693528e-02
5.721222837278743256e-01
2.365856676059614472e-01
-1.201527507237870163e+00
-1.533046706386398395e+00
-1.718261607047230966e+00
1.313831232028999096e+00
1.329530935448721252e+00
7.589249970266447320e-01
-1.267764128797556955e+00
-7.849329532431830181e-01
-8.725957473423289201e-01
1.816760625520140060e+00
1.427252980424341011e+00
1.256032148607858723e+00
1.420220142188865609e+00
2.120769669910989030e+00
3.982489327279110647e-01
-1.758228549731550849e-01
-5.562030767694268185e-01
-1.219344240275757052e+00
-1.867377579009259048e+00
-8.616772007951207790e-01
2.311390030283368979e+00
1.445835182924589013e+00
nan
2.247429755268043117e+00
-2.736442079452894305e-02
1.462271816883506936e-01
-1.974724161843344206e-01
-2.032382968882962437e+00
nan
-2.687791341851168525e+00
2.468350959848590875e-01
4.309507412310509267e-02
-2.474176238854326471e-01
-1.838194946042168709e+00
-1.453957847157320238e+00
-1.402801319852672757e+00
nan
-1.574809476217018611e+00
-9.994714613089383803e-01
-1.697012968142199485e+00
1.445225189724239634e-01
1.159675372666177040e+00
3.231202572764599878e-01
1.015650131574185266e+00
-1.588318160030115500e-01
-4.108836718577992819e-01
1.429075751269213157e-01
-3.362017569463908728e-01
-1.600630728544389259e+00
-2.660769474145374680e-01
-7.278964645470731298e-01
2.204158114619421127e-01
2.985702154742337910e-01
4.580295029523191452e-01
-9.991837809948815874e-01
9.535645133836823106e-02
1.011741391065235085e-01
nan
2.812050835004617610e+00
nan
-2.366252522831091554e-01
1.488290357196864200e-01
-4.673616386952517132e-01
3.686736360398530366e-01
8.656846541539833240e-01
2.670256340936649764e-02
9.924717474320532418e-02
-9.331833245778340391e-01
2.576519418494680025e+00
-1.577100398168344242e+00
2.093445764103307738e-02
1.451695535002097692e-01
5.800629460199147047e-02
2.420920413485783129e-02
-8.325797672407815320e-01
-2.323204444311072425e+00
-1.819922061596087381e+00
-7.247562963380551615e-01
2.896425573016108146e+00
nan
1.676646277830678322e+00
3.095470389728860461e+00
nan
-2.102530033982531243e+00
4.242336842943155162e-01
1.043732210251933523e+00
5.418224214884350687e-01
