1.029300000000000000e+04
2.683800000000000000e+04
4.558900000000000000e+04
6.323700000000000000e+04
8.088500000000000000e+04
9.963600000000000000e+04
1.183870000000000000e+05
1.360350000000000000e+05
1.547860000000000000e+05
1.735370000000000000e+05
1.911850000000000000e+05
2.088330000000000000e+05
2.275840000000000000e+05
2.463350000000000000e+05
2.639830000000000000e+05
2.816310000000000000e+05
2.992790000000000000e+05
3.180300000000000000e+05
3.367810000000000000e+05
3.544290000000000000e+05
