4.712000000000000000e+03
2.236000000000000000e+04
4.000800000000000000e+04
5.765600000000000000e+04
7.640700000000000000e+04
9.295200000000000000e+04
1.117030000000000000e+05
1.293510000000000000e+05
1.481020000000000000e+05
1.646470000000000000e+05
1.822950000000000000e+05
2.010460000000000000e+05
2.175910000000000000e+05
2.363420000000000000e+05
2.528870000000000000e+05
2.716380000000000000e+05
2.881830000000000000e+05
3.069340000000000000e+05
3.245820000000000000e+05
3.422300000000000000e+05
