2.359000000000000000e+03
1.008000000000000000e+04
2.552200000000000000e+04
3.544900000000000000e+04
5.089100000000000000e+04
6.743600000000000000e+04
7.736300000000000000e+04
8.839300000000000000e+04
9.832000000000000000e+04
1.104530000000000000e+05
1.214830000000000000e+05
1.314100000000000000e+05
1.424400000000000000e+05
1.534700000000000000e+05
1.633970000000000000e+05
1.744270000000000000e+05
1.854570000000000000e+05
1.953840000000000000e+05
2.064140000000000000e+05
2.174440000000000000e+05
