5.082000000000000000e+03
1.831800000000000000e+04
3.045100000000000000e+04
4.368700000000000000e+04
5.692300000000000000e+04
7.015900000000000000e+04
8.339500000000000000e+04
9.773400000000000000e+04
1.109700000000000000e+05
1.242060000000000000e+05
1.374420000000000000e+05
1.506780000000000000e+05
1.650170000000000000e+05
1.771500000000000000e+05
1.903860000000000000e+05
2.036220000000000000e+05
2.179610000000000000e+05
2.311970000000000000e+05
2.444330000000000000e+05
2.576690000000000000e+05
