2.794800000000000000e+04
5.221400000000000000e+04
7.537700000000000000e+04
9.412800000000000000e+04
1.228060000000000000e+05
1.459690000000000000e+05
1.625140000000000000e+05
1.945010000000000000e+05
2.187670000000000000e+05
2.397240000000000000e+05
2.529600000000000000e+05
2.904620000000000000e+05
3.125220000000000000e+05
3.345820000000000000e+05
3.599510000000000000e+05
3.809080000000000000e+05
4.073800000000000000e+05
4.426760000000000000e+05
4.647360000000000000e+05
4.790750000000000000e+05
