1.418100000000000000e+04
3.513800000000000000e+04
4.727100000000000000e+04
6.933100000000000000e+04
8.587600000000000000e+04
1.046270000000000000e+05
1.244810000000000000e+05
1.443350000000000000e+05
1.641890000000000000e+05
1.818370000000000000e+05
1.917640000000000000e+05
2.105150000000000000e+05
2.248540000000000000e+05
2.402960000000000000e+05
2.590470000000000000e+05
2.711800000000000000e+05
2.998580000000000000e+05
3.197120000000000000e+05
3.384630000000000000e+05
3.505960000000000000e+05
