3.013000000000000000e+03
2.507300000000000000e+04
3.720600000000000000e+04
8.242900000000000000e+04
9.345900000000000000e+04
1.044890000000000000e+05
1.287550000000000000e+05
1.397850000000000000e+05
1.530210000000000000e+05
1.761840000000000000e+05
1.993470000000000000e+05
2.225100000000000000e+05
2.346430000000000000e+05
2.688360000000000000e+05
2.831750000000000000e+05
3.019260000000000000e+05
3.162650000000000000e+05
3.372220000000000000e+05
3.504580000000000000e+05
3.670030000000000000e+05
