1.017300000000000000e+04
2.120300000000000000e+04
3.223300000000000000e+04
4.326300000000000000e+04
5.319000000000000000e+04
6.422000000000000000e+04
7.525000000000000000e+04
8.628000000000000000e+04
9.731000000000000000e+04
1.072370000000000000e+05
1.182670000000000000e+05
1.292970000000000000e+05
1.403270000000000000e+05
1.502540000000000000e+05
1.612840000000000000e+05
1.723140000000000000e+05
1.833440000000000000e+05
1.943740000000000000e+05
2.043010000000000000e+05
2.153310000000000000e+05
