7.908000000000000000e+03
2.445300000000000000e+04
4.210100000000000000e+04
5.864600000000000000e+04
7.629400000000000000e+04
9.283900000000000000e+04
1.104870000000000000e+05
1.270320000000000000e+05
1.446800000000000000e+05
1.612250000000000000e+05
1.788730000000000000e+05
1.954180000000000000e+05
2.130660000000000000e+05
2.296110000000000000e+05
2.472590000000000000e+05
2.638040000000000000e+05
2.803490000000000000e+05
2.979970000000000000e+05
3.145420000000000000e+05
3.321900000000000000e+05
