1.069300000000000000e+04
2.503200000000000000e+04
3.826800000000000000e+04
5.260700000000000000e+04
6.584300000000000000e+04
8.018200000000000000e+04
9.452100000000000000e+04
1.077570000000000000e+05
1.220960000000000000e+05
1.364350000000000000e+05
1.496710000000000000e+05
1.640100000000000000e+05
1.772460000000000000e+05
1.915850000000000000e+05
2.059240000000000000e+05
2.191600000000000000e+05
2.334990000000000000e+05
2.478380000000000000e+05
2.610740000000000000e+05
2.754130000000000000e+05
