8.793000000000000000e+03
2.533800000000000000e+04
4.078000000000000000e+04
5.622200000000000000e+04
7.276700000000000000e+04
8.820900000000000000e+04
1.036510000000000000e+05
1.190930000000000000e+05
1.356380000000000000e+05
1.510800000000000000e+05
1.665220000000000000e+05
1.830670000000000000e+05
1.985090000000000000e+05
2.139510000000000000e+05
2.293930000000000000e+05
2.459380000000000000e+05
2.613800000000000000e+05
2.768220000000000000e+05
2.922640000000000000e+05
3.088090000000000000e+05
