1.788400000000000000e+04
3.553200000000000000e+04
5.207700000000000000e+04
6.972500000000000000e+04
8.516700000000000000e+04
1.039180000000000000e+05
1.237720000000000000e+05
1.392140000000000000e+05
1.579650000000000000e+05
1.756130000000000000e+05
1.921580000000000000e+05
2.076000000000000000e+05
2.252480000000000000e+05
2.428960000000000000e+05
2.605440000000000000e+05
2.770890000000000000e+05
2.958400000000000000e+05
3.145910000000000000e+05
3.300330000000000000e+05
3.498870000000000000e+05
