8.548000000000000000e+03
2.288700000000000000e+04
3.612300000000000000e+04
5.156500000000000000e+04
6.590400000000000000e+04
8.024300000000000000e+04
9.237600000000000000e+04
1.089210000000000000e+05
1.210540000000000000e+05
1.364960000000000000e+05
1.519380000000000000e+05
1.673800000000000000e+05
1.806160000000000000e+05
1.949550000000000000e+05
2.092940000000000000e+05
2.236330000000000000e+05
2.368690000000000000e+05
2.512080000000000000e+05
2.666500000000000000e+05
2.809890000000000000e+05
