1.368200000000000000e+04
2.912400000000000000e+04
4.125700000000000000e+04
5.228700000000000000e+04
6.993500000000000000e+04
8.206800000000000000e+04
9.530400000000000000e+04
1.074370000000000000e+05
1.228790000000000000e+05
1.317030000000000000e+05
1.449390000000000000e+05
1.570720000000000000e+05
1.692050000000000000e+05
1.824410000000000000e+05
1.967800000000000000e+05
2.089130000000000000e+05
2.199430000000000000e+05
2.320760000000000000e+05
2.453120000000000000e+05
2.574450000000000000e+05
