2.263000000000000000e+03
1.219000000000000000e+04
2.211700000000000000e+04
3.204400000000000000e+04
4.086800000000000000e+04
5.079500000000000000e+04
6.072200000000000000e+04
7.064900000000000000e+04
7.947300000000000000e+04
8.940000000000000000e+04
9.712100000000000000e+04
1.081510000000000000e+05
1.169750000000000000e+05
1.269020000000000000e+05
1.357260000000000000e+05
1.456530000000000000e+05
1.555800000000000000e+05
1.644040000000000000e+05
1.754340000000000000e+05
1.842580000000000000e+05
