1.596000000000000085e+00
1.772999999999999909e+00
1.552999999999999936e+00
4.068999999999999950e+00
2.112999999999999989e+00
2.903999999999999915e+00
2.460999999999999854e+00
3.162999999999999812e+00
1.260000000000000009e+00
1.532999999999999918e+00
2.056000000000000050e+00
3.620000000000000107e+00
2.258999999999999897e+00
2.064000000000000057e+00
2.342000000000000082e+00
2.470000000000000195e+00
2.436999999999999833e+00
2.088000000000000078e+00
2.909999999999999809e-01
9.080000000000000293e-01
1.860000000000000098e+00
1.893000000000000016e+00
2.202999999999999847e+00
2.052999999999999936e+00
2.128000000000000114e+00
2.670999999999999819e+00
2.809000000000000163e+00
2.569999999999999840e+00
1.120999999999999996e+00
7.409999999999999920e-01
1.165999999999999925e+00
3.068000000000000060e+00
3.178999999999999826e+00
2.785000000000000142e+00
7.520000000000000018e-01
2.467999999999999972e+00
2.194999999999999840e+00
2.290000000000000036e+00
2.669999999999999929e+00
7.089999999999999636e-01
