2.491999999999999993e+00
2.083000000000000185e+00
1.516999999999999904e+00
6.139999999999999902e-01
5.949999999999999734e-01
2.091000000000000192e+00
4.089999999999999747e-01
1.637999999999999901e+00
1.516999999999999904e+00
4.660000000000000253e-01
2.599000000000000199e+00
2.373000000000000220e+00
1.554000000000000048e+00
2.369000000000000217e+00
1.451000000000000068e+00
1.338000000000000078e+00
1.570000000000000007e-01
5.939999999999999725e-01
1.310999999999999943e+00
1.334000000000000075e+00
1.225000000000000089e+00
1.054999999999999938e+00
7.439999999999999947e-01
1.485000000000000098e+00
1.147999999999999909e+00
1.149999999999999911e+00
1.897999999999999909e+00
1.546999999999999931e+00
2.407999999999999918e+00
1.903999999999999915e+00
2.261000000000000121e+00
8.299999999999999600e-01
1.477000000000000091e+00
1.028000000000000025e+00
1.677999999999999936e+00
1.709999999999999964e+00
1.606999999999999984e+00
2.419000000000000039e+00
2.298999999999999932e+00
1.590000000000000080e+00
