2.431999999999999940e+00
1.655999999999999917e+00
1.872999999999999998e+00
1.332999999999999963e+00
1.641000000000000014e+00
1.943999999999999950e+00
2.983000000000000096e+00
2.709999999999999964e+00
1.693000000000000060e+00
1.153999999999999915e+00
6.600000000000000311e-02
1.877000000000000002e+00
2.923999999999999932e+00
1.963000000000000078e+00
1.092000000000000082e+00
1.657999999999999918e+00
2.434000000000000163e+00
2.072000000000000064e+00
2.204000000000000181e+00
1.586999999999999966e+00
1.040999999999999925e+00
1.633999999999999897e+00
9.409999999999999476e-01
1.729000000000000092e+00
2.232000000000000206e+00
1.685000000000000053e+00
1.864999999999999991e+00
3.495000000000000107e+00
2.633000000000000007e+00
3.043000000000000149e+00
7.740000000000000213e-01
2.306000000000000050e+00
1.745000000000000107e+00
1.717000000000000082e+00
4.289999999999999925e-01
1.358999999999999986e+00
1.578999999999999959e+00
1.661000000000000032e+00
1.949999999999999956e+00
3.126999999999999780e+00
