1.788999999999999924e+00
1.923999999999999932e+00
1.237999999999999989e+00
1.792000000000000037e+00
1.602000000000000091e+00
1.665999999999999925e+00
1.959999999999999964e+00
1.254000000000000004e+00
1.231000000000000094e+00
2.533999999999999808e+00
1.508999999999999897e+00
2.169000000000000039e+00
1.588000000000000078e+00
1.917999999999999927e+00
1.471999999999999975e+00
2.540000000000000036e+00
8.870000000000000107e-01
1.368000000000000105e+00
1.387999999999999901e+00
2.290000000000000036e+00
1.491999999999999993e+00
2.205000000000000071e+00
6.949999999999999512e-01
1.995000000000000107e+00
1.032000000000000028e+00
1.814000000000000057e+00
9.869999999999999885e-01
2.677999999999999936e+00
1.713000000000000078e+00
3.750000000000000000e-01
1.302999999999999936e+00
2.318000000000000060e+00
1.429999999999999938e+00
2.757000000000000117e+00
1.808999999999999941e+00
1.491999999999999993e+00
1.667999999999999927e+00
2.367999999999999883e+00
1.487999999999999989e+00
1.699999999999999956e+00
