9.909999999999999920e-01
1.179999999999999938e+00
1.163000000000000034e+00
1.316999999999999948e+00
2.052999999999999936e+00
2.166999999999999815e+00
1.433000000000000052e+00
-1.970000000000000084e-01
1.223999999999999977e+00
4.060000000000000275e-01
1.278999999999999915e+00
1.504000000000000004e+00
7.409999999999999920e-01
7.690000000000000169e-01
1.090000000000000080e+00
1.893999999999999906e+00
1.096999999999999975e+00
6.540000000000000258e-01
6.730000000000000426e-01
9.849999999999999867e-01
1.068999999999999950e+00
1.292000000000000037e+00
1.245999999999999996e+00
8.060000000000000497e-01
1.082999999999999963e+00
1.084000000000000075e+00
1.760999999999999899e+00
7.980000000000000426e-01
1.127000000000000002e+00
9.719999999999999751e-01
9.320000000000000506e-01
1.566000000000000059e+00
1.225000000000000089e+00
1.407000000000000028e+00
1.500999999999999890e+00
1.332999999999999963e+00
1.151999999999999913e+00
1.506000000000000005e+00
6.219999999999999973e-01
1.616000000000000103e+00
