2.734999999999999876e+00
1.929999999999999938e+00
1.731999999999999984e+00
1.846999999999999975e+00
1.417000000000000037e+00
1.012000000000000011e+00
1.155000000000000027e+00
9.250000000000000444e-01
1.155000000000000027e+00
1.588000000000000078e+00
8.159999999999999476e-01
2.314999999999999947e+00
1.108000000000000096e+00
1.340000000000000080e+00
2.184000000000000163e+00
1.014999999999999902e+00
1.159999999999999920e+00
8.790000000000000036e-01
1.078999999999999959e+00
1.358000000000000096e+00
9.859999999999999876e-01
1.173999999999999932e+00
1.471000000000000085e+00
1.145999999999999908e+00
1.278999999999999915e+00
1.485000000000000098e+00
1.689000000000000057e+00
8.940000000000000169e-01
1.840999999999999970e+00
1.780000000000000027e+00
1.431000000000000050e+00
1.145999999999999908e+00
1.612999999999999989e+00
1.960000000000000075e-01
5.590000000000000524e-01
1.070999999999999952e+00
1.270999999999999908e+00
5.570000000000000506e-01
1.004000000000000004e+00
1.326000000000000068e+00
