9.080000000000000293e-01
2.601999999999999869e+00
2.173999999999999932e+00
2.600999999999999979e+00
2.004000000000000004e+00
8.549999999999999822e-01
1.703000000000000069e+00
1.719999999999999973e+00
2.193999999999999950e+00
2.080000000000000071e+00
9.679999999999999716e-01
2.023000000000000131e+00
2.388999999999999790e+00
-7.499999999999999722e-02
2.204000000000000181e+00
2.100000000000000089e+00
2.326999999999999957e+00
1.838000000000000078e+00
3.140000000000000124e+00
2.423000000000000043e+00
1.449999999999999956e+00
2.527000000000000135e+00
2.184000000000000163e+00
7.279999999999999805e-01
1.798000000000000043e+00
1.485999999999999988e+00
2.322999999999999954e+00
2.758000000000000007e+00
1.745000000000000107e+00
1.663000000000000034e+00
2.246999999999999886e+00
2.400999999999999801e+00
1.600999999999999979e+00
2.427000000000000046e+00
2.318000000000000060e+00
1.276999999999999913e+00
1.995000000000000107e+00
2.007000000000000117e+00
2.048999999999999932e+00
3.149999999999999911e+00
