1.074000000000000066e+00
2.291999999999999815e+00
2.858000000000000096e+00
1.675999999999999934e+00
1.582999999999999963e+00
1.903999999999999915e+00
1.203000000000000069e+00
1.649999999999999911e+00
2.245000000000000107e+00
1.570000000000000062e+00
1.298999999999999932e+00
1.655999999999999917e+00
1.675000000000000044e+00
1.965999999999999970e+00
1.705999999999999961e+00
1.403000000000000025e+00
1.691999999999999948e+00
2.435999999999999943e+00
2.845000000000000195e+00
1.423999999999999932e+00
2.095000000000000195e+00
1.727999999999999980e+00
1.385000000000000009e+00
1.836000000000000076e+00
2.407999999999999918e+00
2.326999999999999957e+00
2.190999999999999837e+00
2.443999999999999950e+00
2.000000000000000000e+00
1.703999999999999959e+00
1.614999999999999991e+00
1.558999999999999941e+00
3.197000000000000064e+00
1.324999999999999956e+00
1.822000000000000064e+00
1.324000000000000066e+00
1.846000000000000085e+00
1.612000000000000099e+00
1.816999999999999948e+00
6.510000000000000231e-01
