6.560000000000000275e-01
1.848999999999999977e+00
1.185000000000000053e+00
1.250999999999999890e+00
1.048999999999999932e+00
1.949000000000000066e+00
1.409000000000000030e+00
1.606000000000000094e+00
1.907000000000000028e+00
1.161999999999999922e+00
9.200000000000000400e-01
1.149000000000000021e+00
1.344000000000000083e+00
1.895999999999999908e+00
1.086000000000000076e+00
5.969999999999999751e-01
1.985000000000000098e+00
9.489999999999999547e-01
1.304000000000000048e+00
7.790000000000000258e-01
8.709999999999999964e-01
1.399999999999999911e+00
1.231999999999999984e+00
1.423999999999999932e+00
1.709000000000000075e+00
2.209000000000000075e+00
1.151999999999999913e+00
1.407000000000000028e+00
2.181000000000000050e+00
1.395000000000000018e+00
1.239999999999999991e+00
2.028000000000000025e+00
1.324999999999999956e+00
1.485000000000000098e+00
1.915000000000000036e+00
1.512000000000000011e+00
2.322000000000000064e+00
1.060000000000000053e+00
1.195999999999999952e+00
9.979999999999999982e-01
