3.920000000000000151e-01
-1.079999999999999988e-01
1.987999999999999989e+00
1.665999999999999925e+00
2.249000000000000110e+00
1.606000000000000094e+00
1.629000000000000004e+00
2.855999999999999872e+00
2.386000000000000121e+00
2.112000000000000099e+00
2.073999999999999844e+00
2.674999999999999822e+00
2.665999999999999925e+00
2.553999999999999826e+00
1.979000000000000092e+00
1.415000000000000036e+00
2.060999999999999943e+00
2.333000000000000185e+00
1.405999999999999917e+00
1.221999999999999975e+00
1.516999999999999904e+00
1.665999999999999925e+00
1.917999999999999927e+00
2.021999999999999797e+00
1.877999999999999892e+00
1.675000000000000044e+00
2.543000000000000149e+00
2.378000000000000114e+00
2.214999999999999858e+00
1.915999999999999925e+00
1.493999999999999995e+00
2.036000000000000032e+00
1.862999999999999989e+00
1.542999999999999927e+00
1.788999999999999924e+00
2.087000000000000188e+00
6.470000000000000195e-01
8.129999999999999449e-01
2.040000000000000036e+00
7.740000000000000213e-01
