1.403999999999999915e+00
8.910000000000000142e-01
1.161000000000000032e+00
1.858000000000000096e+00
1.387999999999999901e+00
8.619999999999999885e-01
1.046999999999999931e+00
1.584000000000000075e+00
6.550000000000000266e-01
1.572000000000000064e+00
1.532999999999999918e+00
1.875999999999999890e+00
1.415999999999999925e+00
2.015000000000000124e+00
8.199999999999999512e-01
1.328999999999999959e+00
6.350000000000000089e-01
1.810000000000000053e+00
2.079999999999999905e-01
1.122999999999999998e+00
1.721999999999999975e+00
2.414000000000000146e+00
1.481000000000000094e+00
1.477999999999999980e+00
1.425000000000000044e+00
2.710000000000000187e-01
1.518000000000000016e+00
1.409999999999999920e+00
9.929999999999999938e-01
2.083000000000000185e+00
5.110000000000000098e-01
1.685000000000000053e+00
1.193999999999999950e+00
1.604000000000000092e+00
8.209999999999999520e-01
1.604999999999999982e+00
1.504000000000000004e+00
1.066000000000000059e+00
5.050000000000000044e-01
1.215000000000000080e+00
