2.918000000000000149e+00
3.148000000000000131e+00
3.059999999999999942e-01
1.691999999999999948e+00
2.491000000000000103e+00
2.084000000000000075e+00
1.252999999999999892e+00
1.899000000000000021e+00
1.520999999999999908e+00
2.309000000000000163e+00
1.802000000000000046e+00
1.086999999999999966e+00
6.440000000000000169e-01
7.790000000000000258e-01
2.329000000000000181e+00
2.464999999999999858e+00
1.862000000000000099e+00
1.953000000000000069e+00
2.073999999999999844e+00
1.262999999999999901e+00
2.096000000000000085e+00
1.036000000000000032e+00
2.237000000000000099e+00
1.695000000000000062e+00
2.142999999999999794e+00
2.645000000000000018e+00
2.245000000000000107e+00
1.927999999999999936e+00
2.188000000000000167e+00
1.727999999999999980e+00
8.189999999999999503e-01
6.069999999999999840e-01
1.383999999999999897e+00
1.927999999999999936e+00
1.977999999999999980e+00
2.032999999999999918e+00
2.523000000000000131e+00
1.766000000000000014e+00
1.457999999999999963e+00
1.169000000000000039e+00
