1.594000000000000083e+00
1.895000000000000018e+00
1.725000000000000089e+00
1.356999999999999984e+00
1.776000000000000023e+00
1.689999999999999947e+00
2.623000000000000220e+00
1.415999999999999925e+00
1.870999999999999996e+00
1.925999999999999934e+00
1.584999999999999964e+00
1.889999999999999902e+00
2.637000000000000011e+00
1.770000000000000018e+00
1.473000000000000087e+00
1.397000000000000020e+00
1.312999999999999945e+00
2.395000000000000018e+00
1.518000000000000016e+00
2.384999999999999787e+00
1.852999999999999980e+00
1.004999999999999893e+00
1.945999999999999952e+00
2.620999999999999996e+00
8.940000000000000169e-01
1.151999999999999913e+00
1.463999999999999968e+00
1.137999999999999901e+00
1.518000000000000016e+00
1.983999999999999986e+00
2.904999999999999805e+00
1.860000000000000098e+00
1.519999999999999962e-01
6.700000000000000400e-01
1.080000000000000071e+00
1.199999999999999956e+00
1.790999999999999925e+00
2.576999999999999957e+00
1.889000000000000012e+00
2.133999999999999897e+00
