1.784000000000000030e+00
1.836000000000000076e+00
1.102000000000000091e+00
1.199999999999999956e+00
1.683999999999999941e+00
9.150000000000000355e-01
1.860000000000000098e+00
8.790000000000000036e-01
1.481999999999999984e+00
6.780000000000000471e-01
1.487000000000000099e+00
1.336999999999999966e+00
1.554000000000000048e+00
1.499000000000000110e+00
1.524000000000000021e+00
1.243000000000000105e+00
1.002000000000000002e+00
1.173999999999999932e+00
1.395000000000000018e+00
8.309999999999999609e-01
1.084999999999999964e+00
1.254999999999999893e+00
4.570000000000000173e-01
1.016999999999999904e+00
9.160000000000000364e-01
1.366000000000000103e+00
1.181999999999999940e+00
1.137000000000000011e+00
5.010000000000000009e-01
1.175000000000000044e+00
7.750000000000000222e-01
6.440000000000000169e-01
1.044000000000000039e+00
1.185000000000000053e+00
7.289999999999999813e-01
1.439999999999999947e+00
1.312000000000000055e+00
1.056999999999999940e+00
2.244000000000000217e+00
5.080000000000000071e-01
