1.479999999999999982e+00
1.901000000000000023e+00
1.697999999999999954e+00
1.034999999999999920e+00
-1.310000000000000053e-01
2.362999999999999989e+00
1.457000000000000073e+00
2.089999999999999858e+00
1.826999999999999957e+00
6.079999999999999849e-01
1.381000000000000005e+00
1.868999999999999995e+00
1.788000000000000034e+00
1.489000000000000101e+00
7.690000000000000169e-01
5.809999999999999609e-01
1.326999999999999957e+00
1.776000000000000023e+00
2.164000000000000146e+00
1.883999999999999897e+00
1.336000000000000076e+00
1.715000000000000080e+00
2.229999999999999982e+00
1.872000000000000108e+00
1.881999999999999895e+00
1.431000000000000050e+00
9.709999999999999742e-01
2.255999999999999783e+00
1.298000000000000043e+00
1.447999999999999954e+00
1.528999999999999915e+00
1.233000000000000096e+00
1.076999999999999957e+00
6.989999999999999547e-01
1.977999999999999980e+00
1.274000000000000021e+00
1.372000000000000108e+00
1.816999999999999948e+00
1.703000000000000069e+00
1.407999999999999918e+00
