1.608000000000000096e+00
7.670000000000000151e-01
1.161999999999999922e+00
1.647000000000000020e+00
1.433999999999999941e+00
1.332999999999999963e+00
1.026000000000000023e+00
1.191999999999999948e+00
1.060000000000000053e+00
1.070000000000000062e+00
2.071000000000000174e+00
2.455000000000000071e+00
1.772000000000000020e+00
1.237000000000000099e+00
2.232000000000000206e+00
1.733000000000000096e+00
1.125000000000000000e+00
2.444999999999999840e+00
1.284999999999999920e+00
1.804000000000000048e+00
1.947999999999999954e+00
9.589999999999999636e-01
4.939999999999999947e-01
3.150000000000000022e-01
9.599999999999999645e-01
2.043000000000000149e+00
2.305000000000000160e+00
6.380000000000000115e-01
9.919999999999999929e-01
1.487000000000000099e+00
1.217000000000000082e+00
1.231999999999999984e+00
3.262000000000000011e+00
9.110000000000000320e-01
1.838000000000000078e+00
2.129999999999999893e+00
2.391000000000000014e+00
2.673999999999999932e+00
2.085999999999999854e+00
1.854999999999999982e+00
