6.500000000000000222e-01
9.679999999999999716e-01
1.810999999999999943e+00
1.421000000000000041e+00
1.250000000000000000e+00
1.870999999999999996e+00
1.375000000000000000e+00
3.790000000000000036e-01
1.348999999999999977e+00
8.569999999999999840e-01
1.360000000000000098e+00
1.816999999999999948e+00
9.679999999999999716e-01
1.137000000000000011e+00
1.425000000000000044e+00
9.449999999999999512e-01
4.349999999999999978e-01
1.651999999999999913e+00
1.282000000000000028e+00
1.110999999999999988e+00
1.508000000000000007e+00
1.919000000000000039e+00
1.104000000000000092e+00
1.606000000000000094e+00
1.233000000000000096e+00
4.650000000000000244e-01
1.304000000000000048e+00
3.390000000000000235e-01
1.272999999999999909e+00
8.770000000000000018e-01
1.308000000000000052e+00
1.193999999999999950e+00
5.889999999999999680e-01
1.449999999999999956e+00
2.387000000000000011e+00
7.019999999999999574e-01
1.258000000000000007e+00
1.725999999999999979e+00
7.349999999999999867e-01
8.439999999999999725e-01
