1.000000000000000000e+00
2.025999999999999801e+00
1.066000000000000059e+00
1.909999999999999920e+00
1.467999999999999972e+00
1.215000000000000080e+00
8.239999999999999547e-01
1.034000000000000030e+00
2.027000000000000135e+00
3.220000000000000084e-01
1.737999999999999989e+00
1.661000000000000032e+00
7.550000000000000044e-01
-3.439999999999999725e-01
7.700000000000000178e-01
7.079999999999999627e-01
1.874000000000000110e+00
2.261000000000000121e+00
1.594999999999999973e+00
9.499999999999999556e-01
2.931000000000000050e+00
1.116999999999999993e+00
1.137000000000000011e+00
1.875999999999999890e+00
2.605999999999999872e+00
1.683000000000000052e+00
7.499999999999999722e-02
1.344999999999999973e+00
5.420000000000000373e-01
6.740000000000000435e-01
2.263999999999999790e+00
1.820999999999999952e+00
1.506999999999999895e+00
1.125999999999999890e+00
1.385000000000000009e+00
8.070000000000000506e-01
1.280999999999999917e+00
1.975000000000000089e+00
1.677000000000000046e+00
1.050999999999999934e+00
