2.153999999999999915e+00
2.145000000000000018e+00
1.372000000000000108e+00
2.146999999999999797e+00
1.703999999999999959e+00
1.483000000000000096e+00
3.980999999999999872e+00
2.035000000000000142e+00
1.141000000000000014e+00
1.679000000000000048e+00
2.729999999999999982e+00
2.075000000000000178e+00
1.463000000000000078e+00
2.369000000000000217e+00
2.575000000000000178e+00
3.136000000000000121e+00
2.258000000000000007e+00
1.334000000000000075e+00
3.192000000000000171e+00
2.157999999999999918e+00
9.829999999999999849e-01
2.653999999999999915e+00
1.393000000000000016e+00
2.496999999999999886e+00
3.387999999999999901e+00
1.110000000000000098e+00
1.838999999999999968e+00
1.983999999999999986e+00
2.548999999999999932e+00
1.907999999999999918e+00
2.298000000000000043e+00
1.844999999999999973e+00
1.270999999999999908e+00
1.790000000000000036e+00
6.420000000000000151e-01
2.504000000000000004e+00
2.452999999999999847e+00
4.339999999999999969e-01
2.028000000000000025e+00
2.043000000000000149e+00
