2.733999999999999986e+00
1.550999999999999934e+00
9.529999999999999583e-01
1.072999999999999954e+00
2.214999999999999858e+00
1.957999999999999963e+00
5.370000000000000329e-01
1.725999999999999979e+00
2.100000000000000089e+00
1.298999999999999932e+00
9.070000000000000284e-01
7.429999999999999938e-01
6.019999999999999796e-01
3.568999999999999950e+00
8.960000000000000187e-01
1.399999999999999911e+00
5.759999999999999565e-01
1.413999999999999924e+00
2.060999999999999943e+00
6.209999999999999964e-01
1.754000000000000004e+00
1.965000000000000080e+00
1.062000000000000055e+00
1.542000000000000037e+00
2.196000000000000174e+00
6.790000000000000480e-01
2.653999999999999915e+00
8.070000000000000506e-01
2.415000000000000036e+00
1.782000000000000028e+00
2.521999999999999797e+00
1.741000000000000103e+00
2.891000000000000014e+00
3.619999999999999885e-01
-2.369999999999999885e-01
1.483999999999999986e+00
1.500999999999999890e+00
1.911999999999999922e+00
1.887000000000000011e+00
-2.879999999999999782e-01
