2.241000000000000103e+00
1.159000000000000030e+00
1.227000000000000091e+00
-2.599999999999999881e-02
1.050999999999999934e+00
7.499999999999999722e-02
1.838999999999999968e+00
1.346999999999999975e+00
1.060999999999999943e+00
1.054000000000000048e+00
7.459999999999999964e-01
1.102999999999999980e+00
1.588999999999999968e+00
7.099999999999999645e-01
1.375000000000000000e+00
1.298999999999999932e+00
2.589999999999999858e+00
1.770000000000000018e+00
9.779999999999999805e-01
1.360999999999999988e+00
1.552000000000000046e+00
1.124000000000000110e+00
1.318000000000000060e+00
9.110000000000000320e-01
1.387000000000000011e+00
2.307999999999999829e+00
8.619999999999999885e-01
9.699999999999999734e-01
8.189999999999999503e-01
1.358999999999999986e+00
2.236000000000000210e+00
1.366999999999999993e+00
2.302000000000000046e+00
1.520000000000000018e+00
1.729999999999999982e+00
1.860999999999999988e+00
1.151999999999999913e+00
1.350999999999999979e+00
1.822999999999999954e+00
1.340999999999999970e+00
