2.013999999999999790e+00
4.249999999999999889e-01
1.457000000000000073e+00
1.060999999999999943e+00
1.663000000000000034e+00
5.919999999999999707e-01
2.218999999999999861e+00
1.006000000000000005e+00
7.720000000000000195e-01
1.643000000000000016e+00
1.050999999999999934e+00
1.141999999999999904e+00
1.804000000000000048e+00
2.929999999999999827e-01
1.703999999999999959e+00
1.532000000000000028e+00
1.193999999999999950e+00
1.147999999999999909e+00
1.745000000000000107e+00
1.058000000000000052e+00
7.159999999999999698e-01
9.619999999999999662e-01
1.657000000000000028e+00
1.690000000000000113e-01
8.830000000000000071e-01
5.859999999999999654e-01
1.258000000000000007e+00
1.635999999999999899e+00
1.471000000000000085e+00
2.180000000000000160e+00
1.036000000000000032e+00
6.780000000000000471e-01
1.776999999999999913e+00
1.332999999999999963e+00
1.453999999999999959e+00
8.659999999999999920e-01
1.427999999999999936e+00
8.199999999999999512e-01
1.163999999999999924e+00
1.471000000000000085e+00
