2.442000000000000171e+00
7.670000000000000151e-01
1.745999999999999996e+00
5.919999999999999707e-01
1.290000000000000036e-01
1.044000000000000039e+00
1.733000000000000096e+00
1.449999999999999956e+00
2.080000000000000071e+00
1.786999999999999922e+00
1.475000000000000089e+00
1.875999999999999890e+00
2.254999999999999893e+00
1.868000000000000105e+00
2.349000000000000199e+00
2.024000000000000021e+00
2.024000000000000021e+00
9.090000000000000302e-01
2.116999999999999993e+00
1.844000000000000083e+00
2.067000000000000171e+00
2.560000000000000053e+00
5.330000000000000293e-01
7.610000000000000098e-01
1.475000000000000089e+00
1.762999999999999901e+00
7.039999999999999591e-01
6.770000000000000462e-01
1.518000000000000016e+00
1.883000000000000007e+00
1.969999999999999973e+00
-4.900000000000000189e-02
2.726999999999999869e+00
1.588000000000000078e+00
1.508000000000000007e+00
6.700000000000000400e-01
2.205000000000000071e+00
7.269999999999999796e-01
1.260999999999999899e+00
1.971999999999999975e+00
