2.095000000000000195e+00
2.459999999999999964e+00
1.221999999999999975e+00
1.766000000000000014e+00
2.827999999999999847e+00
-1.100000000000000006e-01
2.104000000000000092e+00
2.448999999999999844e+00
1.153000000000000025e+00
8.219999999999999529e-01
1.893999999999999906e+00
8.860000000000000098e-01
2.946000000000000174e+00
5.939999999999999725e-01
1.068000000000000060e+00
2.551000000000000156e+00
2.091000000000000192e+00
1.650000000000000078e-01
2.374000000000000110e+00
2.172000000000000153e+00
3.162999999999999812e+00
1.999000000000000110e+00
2.665999999999999925e+00
1.211000000000000076e+00
1.685999999999999943e+00
2.805000000000000160e+00
1.667999999999999927e+00
1.572000000000000064e+00
2.988999999999999879e+00
1.965000000000000080e+00
3.024999999999999911e+00
3.204000000000000181e+00
2.069999999999999840e+00
2.182999999999999829e+00
2.978000000000000203e+00
2.693000000000000060e+00
8.050000000000000488e-01
-2.260000000000000064e-01
9.689999999999999725e-01
3.124000000000000110e+00
