1.084999999999999964e+00
1.112000000000000099e+00
9.739999999999999769e-01
1.161000000000000032e+00
1.671999999999999931e+00
8.519999999999999796e-01
1.518000000000000016e+00
1.582999999999999963e+00
1.280999999999999917e+00
5.709999999999999520e-01
1.028000000000000025e+00
1.532000000000000028e+00
1.181000000000000050e+00
1.366999999999999993e+00
1.475999999999999979e+00
5.889999999999999680e-01
1.004999999999999893e+00
1.625000000000000000e+00
1.814999999999999947e+00
2.237000000000000099e+00
2.544000000000000039e+00
1.062999999999999945e+00
1.042999999999999927e+00
1.495999999999999996e+00
1.441000000000000059e+00
1.495000000000000107e+00
1.310000000000000053e+00
1.116999999999999993e+00
2.044000000000000039e+00
1.054999999999999938e+00
1.362999999999999989e+00
1.820999999999999952e+00
4.390000000000000013e-01
8.930000000000000160e-01
7.990000000000000435e-01
1.544000000000000039e+00
1.189999999999999947e+00
1.427000000000000046e+00
1.493999999999999995e+00
2.549999999999999822e+00
