1.485000000000000098e+00
1.235000000000000098e+00
2.145000000000000018e+00
2.016000000000000014e+00
1.395000000000000018e+00
6.450000000000000178e-01
1.530000000000000027e+00
1.479000000000000092e+00
1.965999999999999970e+00
9.499999999999999556e-01
6.430000000000000160e-01
1.582999999999999963e+00
1.338999999999999968e+00
8.850000000000000089e-01
9.539999999999999591e-01
2.000000000000000111e-01
1.256999999999999895e+00
1.066999999999999948e+00
2.165000000000000036e+00
1.941000000000000059e+00
1.808999999999999941e+00
1.663000000000000034e+00
1.663000000000000034e+00
6.850000000000000533e-01
5.260000000000000231e-01
6.650000000000000355e-01
9.280000000000000471e-01
1.165000000000000036e+00
9.020000000000000240e-01
1.522999999999999909e+00
7.850000000000000311e-01
1.709999999999999964e+00
6.390000000000000124e-01
1.598999999999999977e+00
1.340000000000000080e+00
1.854000000000000092e+00
9.839999999999999858e-01
1.395999999999999908e+00
1.082999999999999963e+00
4.739999999999999769e-01
