1.625000000000000000e+00
1.046000000000000041e+00
2.156000000000000139e+00
2.091000000000000192e+00
9.330000000000000515e-01
1.183000000000000052e+00
2.166999999999999815e+00
5.080000000000000071e-01
2.689000000000000057e+00
9.370000000000000551e-01
2.853000000000000203e+00
1.483000000000000096e+00
2.170999999999999819e+00
2.112000000000000099e+00
2.084000000000000075e+00
9.330000000000000515e-01
1.161000000000000032e+00
9.959999999999999964e-01
1.405999999999999917e+00
1.586999999999999966e+00
9.429999999999999494e-01
1.024999999999999911e+00
1.973000000000000087e+00
1.421000000000000041e+00
7.109999999999999654e-01
-6.390000000000000124e-01
2.177999999999999936e+00
9.110000000000000320e-01
1.197999999999999954e+00
1.161000000000000032e+00
1.856000000000000094e+00
1.588000000000000078e+00
1.407999999999999918e+00
1.167999999999999927e+00
1.979999999999999982e+00
3.699999999999999817e-02
1.564000000000000057e+00
2.431999999999999940e+00
1.568000000000000060e+00
2.552000000000000046e+00
