1.568999999999999950e+00
1.612000000000000099e+00
2.248000000000000220e+00
1.840999999999999970e+00
2.107000000000000206e+00
2.017999999999999794e+00
1.455999999999999961e+00
1.727000000000000091e+00
1.221000000000000085e+00
1.866000000000000103e+00
8.960000000000000187e-01
1.189999999999999947e+00
2.321000000000000174e+00
2.645000000000000018e+00
9.100000000000000311e-01
1.217999999999999972e+00
1.985000000000000098e+00
9.659999999999999698e-01
7.970000000000000417e-01
7.890000000000000346e-01
8.259999999999999565e-01
2.987000000000000099e+00
2.019000000000000128e+00
9.240000000000000435e-01
2.214999999999999858e+00
2.471000000000000085e+00
2.217999999999999972e+00
6.740000000000000435e-01
1.032999999999999918e+00
1.576999999999999957e+00
7.890000000000000346e-01
6.710000000000000409e-01
1.705000000000000071e+00
1.090000000000000080e+00
2.011000000000000121e+00
2.331999999999999851e+00
1.758999999999999897e+00
2.615000000000000213e+00
1.405999999999999917e+00
2.004000000000000004e+00
