1.762000000000000011e+00
1.695000000000000062e+00
5.360000000000000320e-01
1.697000000000000064e+00
1.141000000000000014e+00
1.352999999999999980e+00
9.230000000000000426e-01
5.639999999999999458e-01
1.544999999999999929e+00
9.909999999999999920e-01
9.070000000000000284e-01
9.859999999999999876e-01
8.579999999999999849e-01
6.810000000000000497e-01
1.106999999999999984e+00
7.560000000000000053e-01
1.750999999999999890e+00
1.032000000000000028e+00
1.627000000000000002e+00
4.169999999999999818e-01
1.778999999999999915e+00
2.556000000000000050e+00
5.210000000000000187e-01
1.183000000000000052e+00
1.481000000000000094e+00
1.780000000000000027e+00
1.223999999999999977e+00
1.711000000000000076e+00
1.336000000000000076e+00
5.709999999999999520e-01
1.370999999999999996e+00
1.691000000000000059e+00
1.149000000000000021e+00
7.840000000000000302e-01
1.401999999999999913e+00
1.735000000000000098e+00
9.260000000000000453e-01
1.189999999999999947e+00
1.314000000000000057e+00
1.588999999999999968e+00
