7.560000000000000053e-01
1.737000000000000099e+00
1.520999999999999908e+00
1.477999999999999980e+00
1.532000000000000028e+00
1.471000000000000085e+00
6.019999999999999796e-01
1.522999999999999909e+00
1.133999999999999897e+00
1.407999999999999918e+00
1.512000000000000011e+00
1.268999999999999906e+00
1.062999999999999945e+00
1.189999999999999947e+00
6.620000000000000329e-01
1.479000000000000092e+00
1.562000000000000055e+00
1.280999999999999917e+00
2.004999999999999893e+00
1.348999999999999977e+00
4.490000000000000102e-01
7.940000000000000391e-01
1.693000000000000060e+00
1.920000000000000040e-01
1.276999999999999913e+00
1.316000000000000059e+00
9.739999999999999769e-01
1.292000000000000037e+00
7.680000000000000160e-01
1.500999999999999890e+00
4.499999999999999833e-02
2.008999999999999897e+00
9.639999999999999680e-01
1.231000000000000094e+00
1.380000000000000115e-01
1.008000000000000007e+00
8.679999999999999938e-01
1.147000000000000020e+00
2.515000000000000124e+00
1.207999999999999963e+00
