1.268999999999999906e+00
1.546000000000000041e+00
1.449000000000000066e+00
2.278999999999999915e+00
1.473999999999999977e+00
1.060999999999999943e+00
1.929000000000000048e+00
2.560000000000000053e+00
2.166999999999999815e+00
2.120999999999999996e+00
3.484999999999999876e+00
2.033999999999999808e+00
1.602999999999999980e+00
3.153000000000000025e+00
1.205999999999999961e+00
1.034000000000000030e+00
2.988999999999999879e+00
1.879000000000000004e+00
2.814000000000000057e+00
2.281000000000000139e+00
2.439000000000000057e+00
2.100999999999999979e+00
2.408999999999999808e+00
1.919000000000000039e+00
2.472999999999999865e+00
2.742999999999999883e+00
9.599999999999999645e-01
9.090000000000000302e-01
2.879000000000000004e+00
1.693999999999999950e+00
1.387999999999999901e+00
1.042999999999999927e+00
3.196000000000000174e+00
1.953999999999999959e+00
2.943999999999999950e+00
2.682999999999999829e+00
2.085999999999999854e+00
5.969999999999999751e-01
1.397000000000000020e+00
2.682999999999999829e+00
