2.228000000000000203e+00
1.546000000000000041e+00
2.226999999999999869e+00
9.449999999999999512e-01
2.645999999999999908e+00
1.818000000000000060e+00
1.524000000000000021e+00
2.190999999999999837e+00
9.629999999999999671e-01
2.245999999999999996e+00
9.320000000000000506e-01
2.040999999999999925e+00
8.629999999999999893e-01
1.139000000000000012e+00
1.177999999999999936e+00
2.174999999999999822e+00
2.258000000000000007e+00
1.431999999999999940e+00
8.950000000000000178e-01
1.338000000000000078e+00
2.488999999999999879e+00
2.198999999999999844e+00
7.159999999999999698e-01
1.764999999999999902e+00
3.960000000000000187e-01
1.997000000000000108e+00
1.375000000000000000e+00
1.542999999999999927e+00
8.359999999999999654e-01
3.129000000000000004e+00
2.169999999999999929e+00
2.595000000000000195e+00
3.253000000000000114e+00
1.687999999999999945e+00
1.971999999999999975e+00
2.011000000000000121e+00
2.330999999999999961e+00
2.075000000000000178e+00
2.705999999999999961e+00
2.866000000000000103e+00
