1.961000000000000076e+00
1.834000000000000075e+00
1.683999999999999941e+00
1.423999999999999932e+00
6.400000000000000133e-01
7.640000000000000124e-01
1.768000000000000016e+00
2.412999999999999812e+00
4.050000000000000266e-01
8.950000000000000178e-01
7.870000000000000329e-01
1.985000000000000098e+00
1.717000000000000082e+00
2.214999999999999858e+00
1.651000000000000023e+00
1.600000000000000033e-01
1.340999999999999970e+00
1.661999999999999922e+00
1.276000000000000023e+00
8.139999999999999458e-01
1.187000000000000055e+00
1.530000000000000027e+00
1.745000000000000107e+00
1.620000000000000107e+00
1.667000000000000037e+00
1.197000000000000064e+00
8.189999999999999503e-01
1.846999999999999975e+00
2.053999999999999826e+00
2.025999999999999801e+00
1.346000000000000085e+00
1.764000000000000012e+00
8.709999999999999964e-01
1.522999999999999909e+00
7.409999999999999920e-01
2.137000000000000011e+00
1.258000000000000007e+00
1.185999999999999943e+00
1.062000000000000055e+00
1.062999999999999945e+00
