1.760000000000000009e+00
1.147000000000000020e+00
1.977999999999999980e+00
1.794000000000000039e+00
3.280000000000000138e-01
1.564999999999999947e+00
1.890000000000000013e-01
1.596000000000000085e+00
1.731000000000000094e+00
1.352999999999999980e+00
2.076999999999999957e+00
2.469999999999999973e-01
3.059999999999999942e-01
1.159000000000000030e+00
5.899999999999999689e-01
4.939999999999999947e-01
5.739999999999999547e-01
1.457999999999999963e+00
1.917000000000000037e+00
7.620000000000000107e-01
1.933999999999999941e+00
7.029999999999999583e-01
1.977000000000000091e+00
1.631999999999999895e+00
1.125000000000000000e+00
1.211999999999999966e+00
1.068000000000000060e+00
1.649000000000000021e+00
2.551000000000000156e+00
1.526999999999999913e+00
1.653000000000000025e+00
8.279999999999999583e-01
2.096999999999999975e+00
9.899999999999999911e-01
1.929999999999999938e+00
8.040000000000000480e-01
1.655000000000000027e+00
2.142999999999999794e+00
1.461000000000000076e+00
1.050000000000000044e+00
