5.160000000000000142e+00
3.069999999999999840e+00
5.709999999999999964e+00
3.729999999999999982e+00
3.200000000000000067e-01
5.099999999999999645e+00
3.049999999999999822e+00
1.639999999999999902e+00
8.900000000000000133e-01
4.400000000000000022e-01
1.010000000000000009e+00
5.240000000000000213e+00
4.809999999999999609e+00
8.499999999999999778e-01
4.839999999999999858e+00
2.240000000000000213e+00
5.799999999999999600e-01
1.870000000000000107e+00
2.560000000000000053e+00
5.000000000000000000e-01
5.299999999999999822e+00
1.139999999999999902e+00
3.089999999999999858e+00
6.200000000000000178e+00
3.629999999999999893e+00
3.180000000000000160e+00
3.279999999999999805e+00
4.070000000000000284e+00
3.439999999999999947e+00
1.700000000000000122e-01
8.399999999999999689e-01
5.910000000000000142e+00
5.959999999999999964e+00
2.990000000000000213e+00
6.230000000000000426e+00
2.859999999999999876e+00
3.759999999999999787e+00
6.250000000000000000e+00
8.199999999999999512e-01
4.199999999999999845e-01
