4.169999999999999929e+00
1.070000000000000062e+00
1.929999999999999938e+00
3.319999999999999840e+00
4.040000000000000036e+00
5.790000000000000036e+00
1.879999999999999893e+00
2.000000000000000042e-02
5.400000000000000355e+00
3.040000000000000036e+00
1.889999999999999902e+00
3.660000000000000142e+00
3.160000000000000142e+00
4.230000000000000426e+00
2.509999999999999787e+00
1.580000000000000071e+00
2.890000000000000124e+00
3.640000000000000124e+00
5.879999999999999893e+00
4.580000000000000071e+00
1.100000000000000089e+00
2.830000000000000071e+00
1.290000000000000036e+00
4.099999999999999756e-01
1.709999999999999964e+00
9.399999999999999467e-01
5.040000000000000036e+00
4.940000000000000391e+00
3.049999999999999822e+00
4.030000000000000249e+00
2.750000000000000000e+00
2.600000000000000089e-01
0.000000000000000000e+00
2.509999999999999787e+00
1.700000000000000122e-01
2.140000000000000124e+00
1.409999999999999920e+00
1.169999999999999929e+00
2.379999999999999893e+00
5.900000000000000355e+00
