1.919999999999999929e+00
4.190000000000000391e+00
1.500000000000000000e+00
8.100000000000000533e-01
3.529999999999999805e+00
2.419999999999999929e+00
4.400000000000000355e+00
3.970000000000000195e+00
6.199999999999999956e-01
5.059999999999999609e+00
1.149999999999999911e+00
4.530000000000000249e+00
3.390000000000000124e+00
4.480000000000000426e+00
4.459999999999999964e+00
3.400000000000000244e-01
1.699999999999999956e+00
4.030000000000000249e+00
6.099999999999999645e+00
2.109999999999999876e+00
3.800000000000000044e-01
4.899999999999999911e-01
1.159999999999999920e+00
6.099999999999999645e+00
5.200000000000000178e-01
1.290000000000000036e+00
3.900000000000000133e-01
6.040000000000000036e+00
1.879999999999999893e+00
2.600000000000000089e+00
4.019999999999999574e+00
2.189999999999999947e+00
7.700000000000000178e-01
2.319999999999999840e+00
7.399999999999999911e-01
8.299999999999999600e-01
1.060000000000000053e+00
1.700000000000000122e-01
9.599999999999999645e-01
3.060000000000000053e+00
