3.339999999999999858e+00
1.780000000000000027e+00
5.280000000000000249e+00
4.150000000000000355e+00
8.499999999999999778e-01
2.540000000000000036e+00
2.229999999999999982e+00
2.209999999999999964e+00
4.690000000000000391e+00
3.330000000000000071e+00
4.049999999999999822e+00
4.440000000000000391e+00
5.299999999999999822e+00
5.699999999999999512e-01
5.400000000000000355e-01
4.419999999999999929e+00
1.939999999999999947e+00
6.700000000000000400e-01
1.879999999999999893e+00
5.870000000000000107e+00
3.129999999999999893e+00
1.350000000000000089e+00
2.600000000000000089e+00
2.899999999999999800e-01
5.019999999999999574e+00
2.759999999999999787e+00
4.919999999999999929e+00
4.379999999999999893e+00
7.199999999999999734e-01
2.229999999999999982e+00
2.839999999999999858e+00
4.650000000000000355e+00
5.169999999999999929e+00
4.360000000000000320e+00
3.430000000000000160e+00
6.300000000000000044e-01
9.200000000000000400e-01
3.299999999999999822e+00
1.659999999999999920e+00
2.020000000000000018e+00
