6.000000000000000000e+00
5.440000000000000391e+00
2.029999999999999805e+00
1.600000000000000089e+00
3.600000000000000089e+00
1.600000000000000033e-01
5.110000000000000320e+00
4.070000000000000284e+00
3.540000000000000036e+00
2.919999999999999929e+00
3.299999999999999822e+00
1.979999999999999982e+00
3.879999999999999893e+00
3.149999999999999911e+00
2.580000000000000071e+00
8.999999999999999667e-02
2.959999999999999964e+00
1.700000000000000122e-01
1.000000000000000000e+00
2.979999999999999982e+00
1.520000000000000018e+00
6.179999999999999716e+00
5.480000000000000426e+00
1.909999999999999920e+00
1.000000000000000021e-02
2.220000000000000195e+00
1.439999999999999947e+00
2.899999999999999800e-01
1.679999999999999938e+00
2.020000000000000018e+00
1.510000000000000009e+00
4.750000000000000000e+00
5.730000000000000426e+00
5.559999999999999609e+00
6.269999999999999574e+00
5.790000000000000036e+00
3.640000000000000124e+00
5.490000000000000213e+00
3.680000000000000160e+00
6.999999999999999556e-01
