4.160000000000000142e+00
8.699999999999999956e-01
4.790000000000000036e+00
4.400000000000000355e+00
3.990000000000000213e+00
1.639999999999999902e+00
5.559999999999999609e+00
3.720000000000000195e+00
6.400000000000000133e-01
3.669999999999999929e+00
2.890000000000000124e+00
4.580000000000000071e+00
4.959999999999999964e+00
5.150000000000000355e+00
4.549999999999999822e+00
3.240000000000000213e+00
2.279999999999999805e+00
4.000000000000000222e-01
2.089999999999999858e+00
4.790000000000000036e+00
4.250000000000000000e+00
3.490000000000000213e+00
2.200000000000000011e-01
4.600000000000000200e-01
4.580000000000000071e+00
3.850000000000000089e+00
3.879999999999999893e+00
1.389999999999999902e+00
2.979999999999999982e+00
2.560000000000000053e+00
6.139999999999999680e+00
4.679999999999999716e+00
1.179999999999999938e+00
7.500000000000000000e-01
6.800000000000000488e-01
4.799999999999999822e-01
6.009999999999999787e+00
3.740000000000000213e+00
4.219999999999999751e+00
2.109999999999999876e+00
