2.990000000000000213e+00
4.889999999999999680e+00
3.049999999999999822e+00
5.940000000000000391e+00
2.700000000000000178e+00
2.770000000000000018e+00
1.370000000000000107e+00
4.389999999999999680e+00
3.629999999999999893e+00
3.149999999999999911e+00
5.980000000000000426e+00
4.450000000000000178e+00
2.029999999999999805e+00
4.440000000000000391e+00
2.129999999999999893e+00
2.099999999999999922e-01
4.589999999999999858e+00
5.349999999999999645e+00
5.419999999999999929e+00
1.600000000000000033e-01
2.999999999999999889e-02
4.879999999999999893e+00
3.859999999999999876e+00
2.979999999999999982e+00
2.649999999999999911e+00
4.200000000000000178e+00
2.990000000000000213e+00
4.599999999999999645e+00
7.099999999999999645e-01
2.049999999999999822e+00
3.779999999999999805e+00
2.600000000000000089e-01
2.709999999999999964e+00
1.100000000000000006e-01
3.540000000000000036e+00
5.360000000000000320e+00
4.240000000000000213e+00
4.160000000000000142e+00
1.250000000000000000e+00
3.200000000000000067e-01
