5.650000000000000355e+00
3.799999999999999822e+00
4.899999999999999911e-01
5.339999999999999858e+00
5.999999999999999778e-02
8.100000000000000533e-01
9.799999999999999822e-01
2.779999999999999805e+00
5.709999999999999964e+00
6.899999999999999467e-01
3.689999999999999947e+00
2.189999999999999947e+00
6.009999999999999787e+00
2.750000000000000000e+00
2.399999999999999911e+00
4.980000000000000426e+00
6.300000000000000044e-01
5.400000000000000355e-01
2.370000000000000107e+00
3.140000000000000124e+00
3.000000000000000000e+00
1.110000000000000098e+00
1.510000000000000009e+00
1.879999999999999893e+00
1.570000000000000062e+00
5.049999999999999822e+00
4.559999999999999609e+00
2.479999999999999982e+00
1.729999999999999982e+00
4.410000000000000142e+00
3.660000000000000142e+00
5.099999999999999645e+00
6.040000000000000036e+00
5.599999999999999645e+00
3.850000000000000089e+00
5.940000000000000391e+00
1.799999999999999933e-01
1.989999999999999991e+00
2.410000000000000142e+00
5.179999999999999716e+00
