1.580000000000000071e+00
3.379999999999999893e+00
4.799999999999999822e+00
5.040000000000000036e+00
5.610000000000000320e+00
5.990000000000000213e+00
2.370000000000000107e+00
2.020000000000000018e+00
2.870000000000000107e+00
1.360000000000000098e+00
2.620000000000000107e+00
4.549999999999999822e+00
1.989999999999999991e+00
3.919999999999999929e+00
3.750000000000000000e+00
5.580000000000000071e+00
5.719999999999999751e+00
2.959999999999999964e+00
3.430000000000000160e+00
4.580000000000000071e+00
2.379999999999999893e+00
6.030000000000000249e+00
1.879999999999999893e+00
4.400000000000000355e+00
4.009999999999999787e+00
1.469999999999999973e+00
2.209999999999999964e+00
5.290000000000000036e+00
1.030000000000000027e+00
1.300000000000000044e-01
5.700000000000000178e+00
4.219999999999999751e+00
1.959999999999999964e+00
1.260000000000000009e+00
6.129999999999999893e+00
2.430000000000000160e+00
4.660000000000000142e+00
6.600000000000000311e-01
1.870000000000000107e+00
2.160000000000000142e+00
