3.470000000000000195e+00
4.080000000000000071e+00
5.080000000000000071e+00
2.709999999999999964e+00
8.800000000000000044e-01
6.190000000000000391e+00
3.800000000000000044e-01
5.330000000000000071e+00
4.980000000000000426e+00
1.000000000000000000e+00
3.839999999999999858e+00
3.529999999999999805e+00
3.009999999999999787e+00
3.569999999999999840e+00
3.479999999999999982e+00
2.700000000000000178e-01
1.370000000000000107e+00
8.800000000000000044e-01
4.990000000000000213e+00
4.150000000000000355e+00
6.219999999999999751e+00
3.319999999999999840e+00
3.779999999999999805e+00
5.339999999999999858e+00
6.219999999999999751e+00
6.120000000000000107e+00
4.429999999999999716e+00
2.500000000000000000e-01
3.129999999999999893e+00
4.799999999999999822e-01
5.860000000000000320e+00
1.429999999999999938e+00
2.160000000000000142e+00
6.040000000000000036e+00
2.879999999999999893e+00
5.759999999999999787e+00
2.859999999999999876e+00
1.860000000000000098e+00
2.259999999999999787e+00
7.000000000000000666e-02
