4.980000000000000426e+00
5.240000000000000213e+00
1.250000000000000000e+00
2.620000000000000107e+00
5.799999999999999600e-01
5.830000000000000071e+00
2.870000000000000107e+00
5.599999999999999645e+00
5.959999999999999964e+00
6.120000000000000107e+00
4.240000000000000213e+00
6.230000000000000426e+00
4.089999999999999858e+00
2.319999999999999840e+00
8.199999999999999512e-01
4.879999999999999893e+00
5.080000000000000071e+00
6.080000000000000071e+00
4.009999999999999787e+00
3.470000000000000195e+00
1.600000000000000089e+00
2.600000000000000089e-01
5.809999999999999609e+00
2.629999999999999893e+00
1.199999999999999956e-01
1.600000000000000033e-01
1.800000000000000044e+00
5.100000000000000089e-01
4.959999999999999964e+00
2.109999999999999876e+00
3.930000000000000160e+00
1.030000000000000027e+00
1.550000000000000044e+00
1.189999999999999947e+00
8.699999999999999956e-01
4.940000000000000391e+00
2.800000000000000266e-01
3.750000000000000000e+00
1.810000000000000053e+00
5.070000000000000284e+00
