5.639999999999999680e+00
2.830000000000000071e+00
8.299999999999999600e-01
4.599999999999999645e+00
3.620000000000000107e+00
1.610000000000000098e+00
9.000000000000000222e-01
3.339999999999999858e+00
2.089999999999999858e+00
1.469999999999999973e+00
2.069999999999999840e+00
1.100000000000000006e-01
3.200000000000000067e-01
1.479999999999999982e+00
3.540000000000000036e+00
4.769999999999999574e+00
2.399999999999999911e-01
2.029999999999999805e+00
8.299999999999999600e-01
3.990000000000000213e+00
4.509999999999999787e+00
1.900000000000000022e-01
2.919999999999999929e+00
5.450000000000000178e+00
4.320000000000000284e+00
4.570000000000000284e+00
1.290000000000000036e+00
6.259999999999999787e+00
4.940000000000000391e+00
2.620000000000000107e+00
5.849999999999999645e+00
6.080000000000000071e+00
6.219999999999999751e+00
2.750000000000000000e+00
7.000000000000000666e-02
1.899999999999999911e+00
1.500000000000000000e+00
5.000000000000000000e-01
4.230000000000000426e+00
1.129999999999999893e+00
