4.540000000000000036e+00
4.650000000000000355e+00
5.690000000000000391e+00
3.609999999999999876e+00
5.089999999999999858e+00
4.559999999999999609e+00
2.669999999999999929e+00
3.600000000000000089e+00
3.229999999999999982e+00
5.519999999999999574e+00
1.400000000000000133e-01
2.589999999999999858e+00
3.270000000000000018e+00
8.999999999999999667e-02
1.000000000000000056e-01
2.810000000000000053e+00
3.370000000000000107e+00
1.429999999999999938e+00
5.679999999999999716e+00
1.550000000000000044e+00
3.939999999999999947e+00
3.040000000000000036e+00
1.760000000000000009e+00
5.799999999999999822e+00
1.600000000000000033e-01
4.209999999999999964e+00
2.109999999999999876e+00
1.320000000000000062e+00
4.679999999999999716e+00
1.149999999999999911e+00
2.459999999999999964e+00
1.429999999999999938e+00
2.290000000000000036e+00
1.899999999999999911e+00
4.000000000000000083e-02
8.000000000000000444e-01
3.770000000000000018e+00
4.700000000000000178e+00
5.559999999999999609e+00
2.759999999999999787e+00
