4.820000000000000284e+00
1.739999999999999991e+00
2.310000000000000053e+00
4.580000000000000071e+00
2.399999999999999911e-01
4.330000000000000071e+00
5.620000000000000107e+00
2.720000000000000195e+00
1.800000000000000044e+00
4.799999999999999822e-01
7.399999999999999911e-01
2.930000000000000160e+00
2.430000000000000160e+00
6.269999999999999574e+00
1.219999999999999973e+00
3.600000000000000089e+00
4.519999999999999574e+00
5.690000000000000391e+00
4.389999999999999680e+00
2.450000000000000178e+00
4.179999999999999716e+00
3.220000000000000195e+00
2.990000000000000213e+00
8.199999999999999512e-01
1.110000000000000098e+00
1.700000000000000122e-01
1.840000000000000080e+00
1.909999999999999920e+00
6.009999999999999787e+00
2.419999999999999929e+00
1.639999999999999902e+00
3.100000000000000089e+00
3.609999999999999876e+00
5.469999999999999751e+00
5.299999999999999822e+00
1.179999999999999938e+00
5.269999999999999574e+00
2.779999999999999805e+00
3.100000000000000089e+00
1.310000000000000053e+00
