2.330000000000000071e+00
8.499999999999999778e-01
6.899999999999999467e-01
1.760000000000000009e+00
4.200000000000000178e+00
5.969999999999999751e+00
2.979999999999999982e+00
4.889999999999999680e+00
4.009999999999999787e+00
6.110000000000000320e+00
6.070000000000000284e+00
2.160000000000000142e+00
3.400000000000000244e-01
6.600000000000000311e-01
5.120000000000000107e+00
4.209999999999999964e+00
2.270000000000000018e+00
2.319999999999999840e+00
3.470000000000000195e+00
5.160000000000000142e+00
3.890000000000000124e+00
2.500000000000000000e-01
3.879999999999999893e+00
6.040000000000000036e+00
5.589999999999999858e+00
1.370000000000000107e+00
4.490000000000000213e+00
2.999999999999999889e-02
2.109999999999999876e+00
2.240000000000000213e+00
3.200000000000000178e+00
2.060000000000000053e+00
2.209999999999999964e+00
4.899999999999999911e-01
3.800000000000000044e-01
2.209999999999999964e+00
1.229999999999999982e+00
3.270000000000000018e+00
3.689999999999999947e+00
5.179999999999999716e+00
