1.068000000000000060e+00
1.018000000000000016e+00
1.252000000000000002e+00
1.562000000000000055e+00
2.323999999999999844e+00
1.792999999999999927e+00
7.590000000000000080e-01
8.439999999999999725e-01
-8.300000000000000433e-02
1.201999999999999957e+00
8.729999999999999982e-01
2.969999999999999862e-01
1.254000000000000004e+00
1.298999999999999932e+00
9.619999999999999662e-01
1.330999999999999961e+00
8.579999999999999849e-01
1.735999999999999988e+00
1.312999999999999945e+00
1.399000000000000021e+00
1.616000000000000103e+00
1.169999999999999929e+00
1.530999999999999917e+00
5.060000000000000053e-01
1.685000000000000053e+00
1.195999999999999952e+00
2.829999999999999738e-01
4.179999999999999827e-01
9.569999999999999618e-01
1.022999999999999909e+00
1.562000000000000055e+00
9.539999999999999591e-01
1.576999999999999957e+00
1.449000000000000066e+00
1.580000000000000071e+00
7.459999999999999964e-01
1.116999999999999993e+00
1.477000000000000091e+00
9.619999999999999662e-01
3.940000000000000169e-01
