2.399999999999999911e+00
1.048999999999999932e+00
2.241999999999999993e+00
1.026000000000000023e+00
2.499000000000000110e+00
1.653000000000000025e+00
2.112000000000000099e+00
2.342000000000000082e+00
1.881999999999999895e+00
2.693999999999999950e+00
2.108000000000000096e+00
1.858999999999999986e+00
5.320000000000000284e-01
1.758000000000000007e+00
3.750000000000000000e-01
2.282999999999999918e+00
1.594000000000000083e+00
1.377999999999999892e+00
6.999999999999999556e-01
2.345000000000000195e+00
2.730999999999999872e+00
2.564000000000000057e+00
1.451999999999999957e+00
3.221000000000000085e+00
1.872000000000000108e+00
1.661000000000000032e+00
1.616000000000000103e+00
2.134999999999999787e+00
4.299000000000000377e+00
2.226999999999999869e+00
2.626999999999999780e+00
3.148000000000000131e+00
1.312000000000000055e+00
3.212000000000000188e+00
1.933999999999999941e+00
3.048999999999999932e+00
1.290000000000000036e+00
1.110999999999999988e+00
2.932999999999999829e+00
1.181999999999999940e+00
