1.866000000000000103e+00
1.475999999999999979e+00
2.357000000000000206e+00
1.780000000000000027e+00
3.020999999999999908e+00
2.908999999999999808e+00
1.808999999999999941e+00
2.911999999999999922e+00
3.254999999999999893e+00
2.442000000000000171e+00
2.677000000000000046e+00
1.308000000000000052e+00
1.223999999999999977e+00
1.659000000000000030e+00
1.905999999999999917e+00
2.369000000000000217e+00
1.850999999999999979e+00
1.100999999999999979e+00
1.504000000000000004e+00
3.741999999999999993e+00
2.629999999999999893e+00
1.155999999999999917e+00
2.524999999999999911e+00
2.745999999999999996e+00
2.763999999999999790e+00
8.699999999999999956e-01
2.984999999999999876e+00
2.099000000000000199e+00
6.700000000000000400e-01
3.202999999999999847e+00
1.489999999999999991e+00
1.792999999999999927e+00
1.683000000000000052e+00
2.537999999999999812e+00
9.989999999999999991e-01
2.754999999999999893e+00
4.510000000000000120e-01
1.423999999999999932e+00
1.885999999999999899e+00
2.451999999999999957e+00
