9.679999999999999716e-01
1.750999999999999890e+00
7.279999999999999805e-01
6.300000000000000044e-01
7.479999999999999982e-01
9.709999999999999742e-01
3.489999999999999769e-01
1.812999999999999945e+00
1.836999999999999966e+00
-1.160000000000000059e-01
4.859999999999999876e-01
1.336999999999999966e+00
1.953000000000000069e+00
1.822000000000000064e+00
1.481000000000000094e+00
1.435999999999999943e+00
1.727999999999999980e+00
9.819999999999999840e-01
1.375999999999999890e+00
2.265000000000000124e+00
4.560000000000000164e-01
1.276999999999999913e+00
1.546000000000000041e+00
1.106999999999999984e+00
1.145000000000000018e+00
9.689999999999999725e-01
1.094000000000000083e+00
1.348999999999999977e+00
1.229000000000000092e+00
2.052000000000000046e+00
1.445999999999999952e+00
5.839999999999999636e-01
1.016000000000000014e+00
1.445999999999999952e+00
1.141999999999999904e+00
1.320999999999999952e+00
-1.260000000000000009e-01
1.842999999999999972e+00
1.084000000000000075e+00
1.564999999999999947e+00
