2.290999999999999925e+00
6.099999999999999867e-01
2.111000000000000210e+00
1.078000000000000069e+00
1.338000000000000078e+00
2.278000000000000025e+00
9.699999999999999734e-01
1.677000000000000046e+00
1.967999999999999972e+00
1.820999999999999952e+00
1.340999999999999970e+00
1.770000000000000018e+00
3.091000000000000192e+00
2.052999999999999936e+00
1.756999999999999895e+00
9.819999999999999840e-01
1.328000000000000069e+00
1.963999999999999968e+00
1.520999999999999908e+00
2.525999999999999801e+00
9.439999999999999503e-01
1.425999999999999934e+00
1.820999999999999952e+00
4.359999999999999987e-01
1.570000000000000062e+00
8.139999999999999458e-01
1.002000000000000002e+00
1.752999999999999892e+00
8.599999999999999312e-02
2.741999999999999993e+00
7.580000000000000071e-01
1.770999999999999908e+00
2.157999999999999918e+00
6.580000000000000293e-01
1.542000000000000037e+00
1.520000000000000018e+00
4.440000000000000058e-01
1.451999999999999957e+00
2.923000000000000043e+00
1.951000000000000068e+00
