2.124000000000000110e+00
4.800000000000000100e-02
4.849999999999999867e-01
2.007000000000000117e+00
6.640000000000000346e-01
6.959999999999999520e-01
8.589999999999999858e-01
8.830000000000000071e-01
1.161999999999999922e+00
2.138999999999999790e+00
1.247000000000000108e+00
2.016999999999999904e+00
1.010999999999999899e+00
1.701999999999999957e+00
1.407999999999999918e+00
1.241999999999999993e+00
2.088000000000000078e+00
1.673999999999999932e+00
1.522000000000000020e+00
5.500000000000000028e-02
1.413999999999999924e+00
1.379999999999999893e+00
8.830000000000000071e-01
1.364999999999999991e+00
2.402000000000000135e+00
7.560000000000000053e-01
1.616000000000000103e+00
1.415000000000000036e+00
1.264999999999999902e+00
1.830000000000000071e+00
2.596000000000000085e+00
5.240000000000000213e-01
2.254999999999999893e+00
2.310999999999999943e+00
1.810000000000000053e+00
7.029999999999999583e-01
1.842000000000000082e+00
8.479999999999999760e-01
9.789999999999999813e-01
6.600000000000000311e-01
