1.118000000000000105e+00
1.725000000000000089e+00
1.381000000000000005e+00
2.137999999999999901e+00
2.448999999999999844e+00
6.390000000000000124e-01
1.072999999999999954e+00
7.389999999999999902e-01
1.622000000000000108e+00
1.274000000000000021e+00
6.320000000000000062e-01
1.760000000000000009e+00
2.383999999999999897e+00
2.023000000000000131e+00
7.920000000000000373e-01
9.539999999999999591e-01
2.254999999999999893e+00
1.929000000000000048e+00
1.627999999999999892e+00
1.991000000000000103e+00
6.850000000000000533e-01
1.237999999999999989e+00
2.669000000000000039e+00
1.504000000000000004e+00
9.200000000000000400e-01
1.395000000000000018e+00
1.580999999999999961e+00
7.309999999999999831e-01
1.844999999999999973e+00
1.314999999999999947e+00
1.195000000000000062e+00
2.079000000000000181e+00
4.500000000000000111e-01
8.090000000000000524e-01
6.670000000000000373e-01
1.625999999999999890e+00
8.940000000000000169e-01
1.084000000000000075e+00
1.066999999999999948e+00
6.680000000000000382e-01
