7.760000000000000231e-01
2.181000000000000050e+00
1.977999999999999980e+00
1.588000000000000078e+00
1.798000000000000043e+00
2.253000000000000114e+00
2.104999999999999982e+00
1.207999999999999963e+00
1.465999999999999970e+00
1.800999999999999934e+00
1.358999999999999986e+00
1.475000000000000089e+00
1.425999999999999934e+00
1.762000000000000011e+00
1.481999999999999984e+00
1.840000000000000080e+00
1.663999999999999924e+00
2.307999999999999829e+00
2.254000000000000004e+00
2.080999999999999961e+00
1.497000000000000108e+00
1.056999999999999940e+00
1.239999999999999991e-01
8.329999999999999627e-01
2.458000000000000185e+00
2.610000000000000098e-01
1.288000000000000034e+00
1.300999999999999934e+00
1.655000000000000027e+00
1.808999999999999941e+00
1.530999999999999917e+00
2.194999999999999840e+00
2.427000000000000046e+00
1.493000000000000105e+00
1.393000000000000016e+00
2.684000000000000163e+00
2.108000000000000096e+00
1.252000000000000002e+00
1.368000000000000105e+00
1.743999999999999995e+00
