7.950000000000000400e-01
8.719999999999999973e-01
2.595000000000000195e+00
2.419999999999999929e+00
1.280999999999999917e+00
1.421999999999999931e+00
1.401999999999999913e+00
2.407999999999999918e+00
1.300999999999999934e+00
2.169000000000000039e+00
2.777000000000000135e+00
-2.939999999999999836e-01
2.202999999999999847e+00
3.790000000000000036e-01
1.254000000000000004e+00
2.217999999999999972e+00
2.740000000000000213e+00
1.423000000000000043e+00
8.549999999999999822e-01
2.544000000000000039e+00
2.236000000000000210e+00
2.302999999999999936e+00
2.600000000000000089e+00
1.949000000000000066e+00
3.251999999999999780e+00
1.227999999999999980e+00
2.241000000000000103e+00
9.170000000000000373e-01
1.850999999999999979e+00
2.084999999999999964e+00
2.468999999999999861e+00
1.391000000000000014e+00
1.195000000000000062e+00
2.511000000000000121e+00
1.707000000000000073e+00
7.540000000000000036e-01
1.504999999999999893e+00
1.556000000000000050e+00
1.729999999999999982e+00
1.516000000000000014e+00
