1.588000000000000078e+00
1.439000000000000057e+00
-4.599999999999999922e-02
9.290000000000000480e-01
9.429999999999999494e-01
8.080000000000000515e-01
7.530000000000000027e-01
1.118999999999999995e+00
5.120000000000000107e-01
1.667999999999999927e+00
1.711000000000000076e+00
1.423000000000000043e+00
1.810000000000000053e+00
1.683000000000000052e+00
1.306000000000000050e+00
1.052999999999999936e+00
4.269999999999999907e-01
1.334999999999999964e+00
1.364999999999999991e+00
7.870000000000000329e-01
1.320000000000000062e+00
1.147000000000000020e+00
1.475999999999999979e+00
8.669999999999999929e-01
1.600999999999999979e+00
3.539999999999999813e-01
7.970000000000000417e-01
1.290999999999999925e+00
1.127000000000000002e+00
6.310000000000000053e-01
1.425000000000000044e+00
1.163999999999999924e+00
1.316000000000000059e+00
7.780000000000000249e-01
1.754999999999999893e+00
1.318000000000000060e+00
1.391000000000000014e+00
1.604999999999999982e+00
1.300000000000000044e+00
7.239999999999999769e-01
