1.709000000000000075e+00
1.348000000000000087e+00
1.683000000000000052e+00
2.161999999999999922e+00
3.119999999999999996e-01
3.290000000000000147e-01
1.116000000000000103e+00
7.900000000000000078e-02
4.929999999999999938e-01
1.413000000000000034e+00
1.368000000000000105e+00
1.965000000000000080e+00
1.518000000000000016e+00
4.769999999999999796e-01
1.241999999999999993e+00
9.100000000000000311e-01
1.764999999999999902e+00
1.348999999999999977e+00
9.499999999999999556e-01
9.449999999999999512e-01
9.969999999999999973e-01
8.539999999999999813e-01
1.461000000000000076e+00
8.629999999999999893e-01
1.514999999999999902e+00
6.670000000000000373e-01
1.506999999999999895e+00
1.387000000000000011e+00
8.189999999999999503e-01
1.187000000000000055e+00
1.558000000000000052e+00
9.559999999999999609e-01
1.270000000000000018e+00
9.689999999999999725e-01
1.354999999999999982e+00
1.987999999999999989e+00
2.399999999999999911e-01
1.233999999999999986e+00
1.469999999999999973e+00
3.940000000000000169e-01
