1.782999999999999918e+00
1.054000000000000048e+00
2.500000000000000000e+00
9.040000000000000258e-01
2.077999999999999847e+00
1.308000000000000052e+00
2.030000000000000138e-01
1.002999999999999892e+00
1.179999999999999938e+00
1.203000000000000069e+00
4.839999999999999858e-01
9.689999999999999725e-01
1.161000000000000032e+00
1.776999999999999913e+00
1.163000000000000034e+00
1.852999999999999980e+00
1.262000000000000011e+00
1.681000000000000050e+00
1.137999999999999901e+00
2.029999999999999805e+00
1.766999999999999904e+00
1.016999999999999904e+00
1.491999999999999993e+00
1.100999999999999979e+00
1.034000000000000030e+00
1.241999999999999993e+00
1.310999999999999943e+00
1.151999999999999913e+00
1.324999999999999956e+00
2.358000000000000096e+00
1.254999999999999893e+00
2.294999999999999929e+00
1.677000000000000046e+00
9.969999999999999973e-01
1.540999999999999925e+00
1.739000000000000101e+00
2.536999999999999922e+00
1.798000000000000043e+00
1.735999999999999988e+00
2.221999999999999975e+00
