1.701000000000000068e+00
3.051000000000000156e+00
4.033999999999999808e+00
1.108000000000000096e+00
2.024000000000000021e+00
1.846000000000000085e+00
9.060000000000000275e-01
2.357000000000000206e+00
2.742999999999999883e+00
1.997000000000000108e+00
2.205000000000000071e+00
1.951000000000000068e+00
2.314000000000000057e+00
2.563000000000000167e+00
1.076000000000000068e+00
1.999000000000000110e+00
1.566000000000000059e+00
1.026999999999999913e+00
2.435000000000000053e+00
1.750000000000000000e+00
2.162999999999999812e+00
1.651999999999999913e+00
2.853000000000000203e+00
2.681000000000000050e+00
1.625999999999999890e+00
1.949999999999999956e+00
3.306999999999999940e+00
1.562999999999999945e+00
1.685999999999999943e+00
1.677999999999999936e+00
-2.999999999999999889e-01
2.028000000000000025e+00
1.660000000000000087e-01
1.316999999999999948e+00
8.389999999999999680e-01
1.661000000000000032e+00
2.169000000000000039e+00
1.600000000000000089e+00
1.699000000000000066e+00
9.340000000000000524e-01
