5.140000000000000124e-01
1.721000000000000085e+00
1.451000000000000068e+00
4.610000000000000209e-01
-9.299999999999999933e-02
1.506999999999999895e+00
1.030999999999999917e+00
9.060000000000000275e-01
1.544000000000000039e+00
4.470000000000000084e-01
1.542999999999999927e+00
2.051000000000000156e+00
2.233999999999999986e+00
2.803999999999999826e+00
1.332000000000000073e+00
2.196000000000000174e+00
1.864000000000000101e+00
1.618000000000000105e+00
1.770999999999999908e+00
1.671000000000000041e+00
2.427999999999999936e+00
3.955000000000000071e+00
2.194999999999999840e+00
1.854000000000000092e+00
3.220000000000000084e-01
8.950000000000000178e-01
8.559999999999999831e-01
1.475000000000000089e+00
2.641999999999999904e+00
1.995000000000000107e+00
1.868999999999999995e+00
5.510000000000000453e-01
8.739999999999999991e-01
1.483999999999999986e+00
3.069999999999999840e+00
1.907999999999999918e+00
7.099999999999999645e-01
2.831999999999999851e+00
1.471999999999999975e+00
1.326999999999999957e+00
