2.270000000000000000e+03
9.991000000000000000e+03
2.433000000000000000e+04
3.646300000000000000e+04
4.528700000000000000e+04
5.521400000000000000e+04
7.506800000000000000e+04
8.389200000000000000e+04
9.271600000000000000e+04
1.048490000000000000e+05
1.158790000000000000e+05
1.236000000000000000e+05
1.324240000000000000e+05
1.423510000000000000e+05
1.500720000000000000e+05
1.599990000000000000e+05
1.710290000000000000e+05
1.798530000000000000e+05
1.897800000000000000e+05
1.997070000000000000e+05
