8.743000000000000000e+03
2.418500000000000000e+04
4.073000000000000000e+04
5.617200000000000000e+04
7.161400000000000000e+04
8.705600000000000000e+04
1.013950000000000000e+05
1.179400000000000000e+05
1.333820000000000000e+05
1.488240000000000000e+05
1.642660000000000000e+05
1.797080000000000000e+05
1.951500000000000000e+05
2.105920000000000000e+05
2.260340000000000000e+05
2.414760000000000000e+05
2.569180000000000000e+05
2.723600000000000000e+05
2.866990000000000000e+05
3.021410000000000000e+05
