2.566000000000000000e+03
1.469900000000000000e+04
2.793500000000000000e+04
3.896500000000000000e+04
4.999500000000000000e+04
6.102500000000000000e+04
7.315800000000000000e+04
8.418800000000000000e+04
9.521800000000000000e+04
1.073510000000000000e+05
1.183810000000000000e+05
1.294110000000000000e+05
1.415440000000000000e+05
1.525740000000000000e+05
1.636040000000000000e+05
1.757370000000000000e+05
1.878700000000000000e+05
2.011060000000000000e+05
2.121360000000000000e+05
2.231660000000000000e+05
