4.457000000000000000e+03
1.548700000000000000e+04
2.320800000000000000e+04
3.644400000000000000e+04
4.857700000000000000e+04
6.071000000000000000e+04
7.063700000000000000e+04
7.835800000000000000e+04
9.049100000000000000e+04
1.026240000000000000e+05
1.357140000000000000e+05
1.478470000000000000e+05
1.566710000000000000e+05
1.677010000000000000e+05
1.820400000000000000e+05
1.897610000000000000e+05
2.029970000000000000e+05
2.129240000000000000e+05
2.239540000000000000e+05
2.548380000000000000e+05
