1.530600000000000000e+04
3.736600000000000000e+04
6.273500000000000000e+04
7.928000000000000000e+04
9.472200000000000000e+04
1.421510000000000000e+05
1.631080000000000000e+05
1.884770000000000000e+05
2.083310000000000000e+05
2.436270000000000000e+05
2.568630000000000000e+05
2.712020000000000000e+05
3.175280000000000000e+05
3.495150000000000000e+05
3.660600000000000000e+05
3.980470000000000000e+05
4.201070000000000000e+05
4.443730000000000000e+05
4.697420000000000000e+05
4.995230000000000000e+05
