1.388700000000000000e+04
3.153500000000000000e+04
4.146200000000000000e+04
5.690400000000000000e+04
6.903700000000000000e+04
8.227300000000000000e+04
9.440600000000000000e+04
1.054360000000000000e+05
1.175690000000000000e+05
1.308050000000000000e+05
1.561740000000000000e+05
1.694100000000000000e+05
1.848520000000000000e+05
1.991910000000000000e+05
2.135300000000000000e+05
2.245600000000000000e+05
2.366930000000000000e+05
2.510320000000000000e+05
2.675770000000000000e+05
2.786070000000000000e+05
