7.375000000000000000e+03
2.061100000000000000e+04
3.936200000000000000e+04
6.031900000000000000e+04
7.796700000000000000e+04
9.230600000000000000e+04
1.088510000000000000e+05
1.264990000000000000e+05
1.430440000000000000e+05
1.562800000000000000e+05
1.750310000000000000e+05
1.882670000000000000e+05
2.125330000000000000e+05
2.290780000000000000e+05
2.467260000000000000e+05
2.632710000000000000e+05
2.776100000000000000e+05
3.029790000000000000e+05
3.129060000000000000e+05
3.228330000000000000e+05
