3.148000000000000000e+03
3.403200000000000000e+04
5.498900000000000000e+04
7.374000000000000000e+04
9.910900000000000000e+04
1.266840000000000000e+05
1.377140000000000000e+05
1.498470000000000000e+05
1.719070000000000000e+05
1.983790000000000000e+05
2.138210000000000000e+05
2.413960000000000000e+05
2.612500000000000000e+05
2.976490000000000000e+05
3.097820000000000000e+05
3.285330000000000000e+05
3.527990000000000000e+05
3.770650000000000000e+05
4.035370000000000000e+05
4.222880000000000000e+05
