1.300300000000000000e+04
2.734200000000000000e+04
4.168100000000000000e+04
5.712300000000000000e+04
7.146200000000000000e+04
8.580100000000000000e+04
1.001400000000000000e+05
1.144790000000000000e+05
1.299210000000000000e+05
1.442600000000000000e+05
1.585990000000000000e+05
1.729380000000000000e+05
1.872770000000000000e+05
2.016160000000000000e+05
2.170580000000000000e+05
2.313970000000000000e+05
2.457360000000000000e+05
2.600750000000000000e+05
2.744140000000000000e+05
2.898560000000000000e+05
