1.667300000000000000e+04
3.321800000000000000e+04
4.976300000000000000e+04
6.630800000000000000e+04
8.285300000000000000e+04
9.939800000000000000e+04
1.170460000000000000e+05
1.335910000000000000e+05
1.501360000000000000e+05
1.666810000000000000e+05
1.832260000000000000e+05
1.997710000000000000e+05
2.174190000000000000e+05
2.339640000000000000e+05
2.505090000000000000e+05
2.670540000000000000e+05
2.835990000000000000e+05
3.001440000000000000e+05
3.177920000000000000e+05
3.343370000000000000e+05
