7.896000000000000000e+03
1.782300000000000000e+04
2.775000000000000000e+04
3.878000000000000000e+04
4.870700000000000000e+04
5.973700000000000000e+04
6.966400000000000000e+04
7.959100000000000000e+04
9.062100000000000000e+04
1.005480000000000000e+05
1.115780000000000000e+05
1.215050000000000000e+05
1.325350000000000000e+05
1.424620000000000000e+05
1.523890000000000000e+05
1.634190000000000000e+05
1.733460000000000000e+05
1.843760000000000000e+05
1.943030000000000000e+05
2.042300000000000000e+05
