5.423000000000000000e+03
2.086500000000000000e+04
3.630700000000000000e+04
5.174900000000000000e+04
6.719100000000000000e+04
8.263300000000000000e+04
9.807500000000000000e+04
1.135170000000000000e+05
1.289590000000000000e+05
1.444010000000000000e+05
1.587400000000000000e+05
1.741820000000000000e+05
1.896240000000000000e+05
2.050660000000000000e+05
2.205080000000000000e+05
2.359500000000000000e+05
2.513920000000000000e+05
2.668340000000000000e+05
2.822760000000000000e+05
2.977180000000000000e+05
