7.249000000000000000e+03
2.710300000000000000e+04
4.695700000000000000e+04
6.681100000000000000e+04
8.666500000000000000e+04
1.065190000000000000e+05
1.252700000000000000e+05
1.451240000000000000e+05
1.649780000000000000e+05
1.848320000000000000e+05
2.046860000000000000e+05
2.245400000000000000e+05
2.443940000000000000e+05
2.642480000000000000e+05
2.841020000000000000e+05
3.039560000000000000e+05
3.238100000000000000e+05
3.425610000000000000e+05
3.624150000000000000e+05
3.822690000000000000e+05
