1.496100000000000000e+04
2.930000000000000000e+04
4.143300000000000000e+04
5.577200000000000000e+04
6.680200000000000000e+04
8.003800000000000000e+04
9.437700000000000000e+04
1.065100000000000000e+05
1.186430000000000000e+05
1.318790000000000000e+05
1.451150000000000000e+05
1.594540000000000000e+05
1.726900000000000000e+05
1.848230000000000000e+05
1.969560000000000000e+05
2.090890000000000000e+05
2.245310000000000000e+05
2.366640000000000000e+05
2.499000000000000000e+05
2.620330000000000000e+05
