1.393200000000000000e+04
2.827100000000000000e+04
4.150700000000000000e+04
5.584600000000000000e+04
6.908200000000000000e+04
8.231800000000000000e+04
9.334800000000000000e+04
1.087900000000000000e+05
1.220260000000000000e+05
1.352620000000000000e+05
1.473950000000000000e+05
1.617340000000000000e+05
1.760730000000000000e+05
1.893090000000000000e+05
2.025450000000000000e+05
2.157810000000000000e+05
2.290170000000000000e+05
2.433560000000000000e+05
2.565920000000000000e+05
2.698280000000000000e+05
