1.402300000000000000e+04
3.056800000000000000e+04
4.380400000000000000e+04
5.593700000000000000e+04
7.358500000000000000e+04
8.682100000000000000e+04
1.000570000000000000e+05
1.177050000000000000e+05
1.320440000000000000e+05
1.463830000000000000e+05
1.607220000000000000e+05
1.739580000000000000e+05
1.882970000000000000e+05
2.037390000000000000e+05
2.158720000000000000e+05
2.291080000000000000e+05
2.434470000000000000e+05
2.599920000000000000e+05
2.721250000000000000e+05
2.853610000000000000e+05
