1.120200000000000000e+04
2.112900000000000000e+04
3.105600000000000000e+04
4.098300000000000000e+04
4.980700000000000000e+04
6.414600000000000000e+04
7.297000000000000000e+04
8.289700000000000000e+04
9.723600000000000000e+04
1.060600000000000000e+05
1.170900000000000000e+05
1.270170000000000000e+05
1.369440000000000000e+05
1.479740000000000000e+05
1.567980000000000000e+05
1.667250000000000000e+05
1.777550000000000000e+05
1.865790000000000000e+05
2.075360000000000000e+05
2.196690000000000000e+05
