9.970000000000000000e+03
3.313300000000000000e+04
5.519300000000000000e+04
7.725300000000000000e+04
1.004160000000000000e+05
1.257850000000000000e+05
1.445360000000000000e+05
1.699050000000000000e+05
1.919650000000000000e+05
2.140250000000000000e+05
2.371880000000000000e+05
2.592480000000000000e+05
2.791020000000000000e+05
3.055740000000000000e+05
3.265310000000000000e+05
3.519000000000000000e+05
3.728570000000000000e+05
3.938140000000000000e+05
4.180800000000000000e+05
4.401400000000000000e+05
