8.689999999999999947e-01
1.209999999999999964e+00
1.336000000000000076e+00
1.627000000000000002e+00
1.189999999999999947e-01
1.679000000000000048e+00
7.960000000000000409e-01
1.673000000000000043e+00
1.816000000000000059e+00
1.584000000000000075e+00
1.731999999999999984e+00
1.352999999999999980e+00
1.862999999999999989e+00
1.110999999999999988e+00
1.002999999999999892e+00
1.780999999999999917e+00
8.659999999999999920e-01
1.697000000000000064e+00
1.645000000000000018e+00
-2.770000000000000240e-01
7.970000000000000417e-01
2.278000000000000025e+00
1.622000000000000108e+00
1.090999999999999970e+00
2.059000000000000163e+00
1.274999999999999911e+00
1.695000000000000062e+00
1.782999999999999918e+00
7.500000000000000000e-01
1.068999999999999950e+00
1.993999999999999995e+00
1.953000000000000069e+00
1.627999999999999892e+00
9.160000000000000364e-01
1.588000000000000078e+00
2.839999999999999747e-01
9.719999999999999751e-01
1.794000000000000039e+00
1.788000000000000034e+00
1.683000000000000052e+00
