2.443000000000000060e+00
6.600000000000000311e-01
1.308999999999999941e+00
1.637000000000000011e+00
2.318999999999999950e+00
1.745000000000000107e+00
2.000999999999999890e+00
1.887000000000000011e+00
1.826999999999999957e+00
2.436999999999999833e+00
2.471999999999999975e+00
2.455999999999999961e+00
3.137000000000000011e+00
1.518999999999999906e+00
2.496999999999999886e+00
9.649999999999999689e-01
1.959000000000000075e+00
3.031000000000000139e+00
2.306000000000000050e+00
3.181000000000000050e+00
1.048000000000000043e+00
1.239999999999999991e+00
3.338999999999999968e+00
1.040999999999999925e+00
2.061999999999999833e+00
1.145000000000000018e+00
2.012999999999999901e+00
3.116999999999999993e+00
3.541999999999999815e+00
4.179999999999999827e-01
2.225999999999999979e+00
4.560000000000000164e-01
1.237000000000000099e+00
1.280999999999999917e+00
2.374000000000000110e+00
1.856999999999999984e+00
2.826999999999999957e+00
1.332999999999999963e+00
2.134999999999999787e+00
1.842000000000000082e+00
