2.016999999999999904e+00
1.304999999999999938e+00
1.375999999999999890e+00
1.356000000000000094e+00
1.284999999999999920e+00
1.518999999999999906e+00
6.179999999999999938e-01
1.453000000000000069e+00
1.889999999999999902e+00
2.158999999999999808e+00
1.495999999999999996e+00
1.836000000000000076e+00
1.427999999999999936e+00
6.189999999999999947e-01
1.268999999999999906e+00
1.080999999999999961e+00
1.350000000000000089e+00
2.462000000000000188e+00
1.685000000000000053e+00
1.381000000000000005e+00
1.911000000000000032e+00
1.419999999999999929e+00
1.840000000000000080e+00
1.407999999999999918e+00
9.010000000000000231e-01
1.860999999999999988e+00
1.421999999999999931e+00
1.262000000000000011e+00
1.385000000000000009e+00
1.725999999999999979e+00
1.500000000000000000e+00
4.799999999999999822e-01
1.608000000000000096e+00
2.311999999999999833e+00
2.721999999999999975e+00
1.064000000000000057e+00
2.244000000000000217e+00
1.340000000000000080e+00
6.189999999999999947e-01
2.210999999999999854e+00
