9.080000000000000293e-01
8.910000000000000142e-01
9.619999999999999662e-01
1.703000000000000069e+00
1.427000000000000046e+00
1.171000000000000041e+00
1.326000000000000068e+00
8.639999999999999902e-01
1.215000000000000080e+00
5.879999999999999671e-01
1.594999999999999973e+00
1.429000000000000048e+00
1.401000000000000023e+00
1.620999999999999996e+00
1.239000000000000101e+00
1.022999999999999909e+00
8.649999999999999911e-01
9.270000000000000462e-01
1.260999999999999899e+00
1.332999999999999963e+00
1.336000000000000076e+00
9.699999999999999734e-01
1.258000000000000007e+00
7.459999999999999964e-01
4.859999999999999876e-01
1.227000000000000091e+00
1.147000000000000020e+00
5.999999999999999778e-01
1.602999999999999980e+00
1.179000000000000048e+00
6.580000000000000293e-01
2.540000000000000036e-01
8.890000000000000124e-01
4.610000000000000209e-01
8.830000000000000071e-01
9.729999999999999760e-01
3.459999999999999742e-01
1.155999999999999917e+00
1.826000000000000068e+00
1.520999999999999908e+00
