9.699999999999999734e-01
2.012999999999999901e+00
1.792000000000000037e+00
2.057999999999999829e+00
1.163999999999999924e+00
1.449999999999999956e+00
1.679999999999999938e+00
1.685999999999999943e+00
1.848000000000000087e+00
2.432999999999999829e+00
1.548999999999999932e+00
1.004999999999999893e+00
4.630000000000000226e-01
2.362999999999999989e+00
1.391999999999999904e+00
1.985000000000000098e+00
1.552000000000000046e+00
2.321000000000000174e+00
2.431999999999999940e+00
2.484999999999999876e+00
1.366000000000000103e+00
1.102000000000000091e+00
2.370000000000000107e+00
1.590999999999999970e+00
1.439000000000000057e+00
2.165000000000000036e+00
1.792999999999999927e+00
2.008999999999999897e+00
2.190000000000000002e-01
1.592999999999999972e+00
1.667000000000000037e+00
1.058000000000000052e+00
3.278999999999999915e+00
1.439999999999999947e+00
1.485000000000000098e+00
2.524000000000000021e+00
7.770000000000000240e-01
3.350999999999999979e+00
1.006000000000000005e+00
9.569999999999999618e-01
