1.403000000000000025e+00
1.802000000000000046e+00
4.430000000000000049e-01
1.915999999999999925e+00
1.826999999999999957e+00
8.459999999999999742e-01
1.195000000000000062e+00
1.568999999999999950e+00
2.117999999999999883e+00
1.875000000000000000e+00
1.366999999999999993e+00
2.040999999999999925e+00
8.800000000000000044e-01
1.368999999999999995e+00
3.930000000000000160e-01
1.016000000000000014e+00
1.346999999999999975e+00
1.332000000000000073e+00
1.298000000000000043e+00
1.677000000000000046e+00
6.820000000000000506e-01
1.667999999999999927e+00
1.554000000000000048e+00
1.578999999999999959e+00
1.135000000000000009e+00
1.747000000000000108e+00
1.546000000000000041e+00
8.639999999999999902e-01
1.036000000000000032e+00
2.112000000000000099e+00
8.159999999999999476e-01
1.354999999999999982e+00
1.316000000000000059e+00
1.717999999999999972e+00
1.778999999999999915e+00
1.614000000000000101e+00
1.842999999999999972e+00
1.183000000000000052e+00
1.159000000000000030e+00
1.874000000000000110e+00
