6.019999999999999796e-01
1.667999999999999927e+00
1.854000000000000092e+00
2.811999999999999833e+00
1.419999999999999929e+00
2.608000000000000096e+00
2.440999999999999837e+00
2.303999999999999826e+00
3.124000000000000110e+00
8.399999999999999689e-01
3.287999999999999812e+00
2.208000000000000185e+00
2.552999999999999936e+00
2.358999999999999986e+00
2.008999999999999897e+00
2.229000000000000092e+00
1.423999999999999932e+00
2.099000000000000199e+00
2.617999999999999883e+00
1.508999999999999897e+00
3.757000000000000117e+00
2.186999999999999833e+00
1.282999999999999918e+00
1.116999999999999993e+00
1.385999999999999899e+00
8.870000000000000107e-01
2.266000000000000014e+00
1.629999999999999893e+00
2.286000000000000032e+00
2.342000000000000082e+00
7.660000000000000142e-01
2.713999999999999968e+00
1.919000000000000039e+00
1.973000000000000087e+00
3.145000000000000018e+00
9.800000000000000377e-02
1.762999999999999901e+00
1.802999999999999936e+00
2.302000000000000046e+00
2.818999999999999950e+00
