1.260999999999999899e+00
1.897999999999999909e+00
2.007000000000000117e+00
1.500999999999999890e+00
2.853000000000000203e+00
1.683999999999999941e+00
2.209000000000000075e+00
2.548999999999999932e+00
1.685000000000000053e+00
9.909999999999999920e-01
2.524000000000000021e+00
1.516000000000000014e+00
7.560000000000000053e-01
2.126999999999999780e+00
1.669999999999999929e+00
2.001999999999999780e+00
1.969000000000000083e+00
2.286000000000000032e+00
3.200000000000000067e-01
2.696000000000000174e+00
1.675999999999999934e+00
1.308999999999999941e+00
1.314000000000000057e+00
6.889999999999999458e-01
2.480999999999999872e+00
3.355999999999999872e+00
1.350999999999999979e+00
1.294000000000000039e+00
1.927000000000000046e+00
2.168000000000000149e+00
6.510000000000000231e-01
2.383000000000000007e+00
1.183999999999999941e+00
1.356000000000000094e+00
2.971999999999999975e+00
2.157000000000000028e+00
1.199999999999999956e+00
2.775999999999999801e+00
2.443000000000000060e+00
1.816999999999999948e+00
