5.320000000000000284e-01
1.883999999999999897e+00
9.160000000000000364e-01
1.364999999999999991e+00
1.663000000000000034e+00
8.800000000000000044e-01
1.518000000000000016e+00
1.375999999999999890e+00
8.830000000000000071e-01
2.212000000000000188e+00
5.180000000000000160e-01
2.134999999999999787e+00
1.231999999999999984e+00
1.582000000000000073e+00
1.018999999999999906e+00
1.802999999999999936e+00
1.606999999999999984e+00
8.129999999999999449e-01
1.334000000000000075e+00
2.055000000000000160e+00
1.463000000000000078e+00
1.774000000000000021e+00
5.420000000000000373e-01
1.814000000000000057e+00
5.380000000000000338e-01
1.919999999999999929e+00
2.153000000000000025e+00
1.965999999999999970e+00
1.163000000000000034e+00
6.490000000000000213e-01
1.010000000000000009e+00
6.870000000000000551e-01
7.880000000000000338e-01
1.883000000000000007e+00
3.830000000000000071e-01
1.637000000000000011e+00
1.808000000000000052e+00
2.209999999999999964e+00
1.338999999999999968e+00
1.830999999999999961e+00
