2.185000000000000053e+00
1.625000000000000000e+00
-4.159999999999999809e-01
1.191000000000000059e+00
1.967999999999999972e+00
2.513999999999999790e+00
3.543000000000000149e+00
1.620000000000000107e+00
2.116999999999999993e+00
1.804999999999999938e+00
2.204000000000000181e+00
2.462000000000000188e+00
3.589999999999999858e+00
3.572000000000000064e+00
1.927999999999999936e+00
1.743000000000000105e+00
1.935000000000000053e+00
3.123000000000000220e+00
2.559000000000000163e+00
1.514000000000000012e+00
1.473000000000000087e+00
1.425999999999999934e+00
1.975000000000000089e+00
2.436999999999999833e+00
1.993000000000000105e+00
7.229999999999999760e-01
1.153000000000000025e+00
1.715999999999999970e+00
4.630000000000000226e-01
2.520999999999999908e+00
1.342999999999999972e+00
3.024999999999999911e+00
2.769000000000000128e+00
3.770000000000000018e-01
2.412999999999999812e+00
2.407000000000000028e+00
4.869999999999999885e-01
3.435999999999999943e+00
2.104000000000000092e+00
2.392999999999999794e+00
