5.170000000000000151e-01
6.959999999999999520e-01
1.377999999999999892e+00
1.558000000000000052e+00
1.167000000000000037e+00
1.072000000000000064e+00
1.546999999999999931e+00
1.536999999999999922e+00
1.183000000000000052e+00
3.509999999999999787e-01
1.752999999999999892e+00
7.309999999999999831e-01
2.137000000000000011e+00
1.124000000000000110e+00
9.100000000000000311e-01
1.399000000000000021e+00
1.439999999999999947e+00
4.349999999999999978e-01
2.539000000000000146e+00
1.693999999999999950e+00
1.542000000000000037e+00
1.530000000000000027e+00
9.969999999999999973e-01
1.540000000000000036e+00
1.606000000000000094e+00
1.868999999999999995e+00
1.457000000000000073e+00
5.480000000000000426e-01
9.839999999999999858e-01
1.866999999999999993e+00
1.326000000000000068e+00
1.564999999999999947e+00
1.614000000000000101e+00
1.084999999999999964e+00
1.612000000000000099e+00
1.528000000000000025e+00
8.010000000000000453e-01
6.260000000000000009e-01
7.439999999999999947e-01
8.930000000000000160e-01
