2.771999999999999797e+00
2.641999999999999904e+00
8.000000000000000444e-01
1.072000000000000064e+00
2.505999999999999783e+00
2.323999999999999844e+00
2.835999999999999854e+00
2.412999999999999812e+00
1.705000000000000071e+00
1.171000000000000041e+00
1.445999999999999952e+00
2.354000000000000092e+00
2.100000000000000089e+00
1.274999999999999911e+00
2.080999999999999961e+00
2.162999999999999812e+00
1.657999999999999918e+00
1.683999999999999941e+00
1.993000000000000105e+00
3.830000000000000071e+00
3.145999999999999908e+00
2.154999999999999805e+00
7.239999999999999769e-01
2.391999999999999904e+00
1.620999999999999996e+00
1.294000000000000039e+00
2.790999999999999925e+00
1.383000000000000007e+00
2.136000000000000121e+00
6.430000000000000160e-01
2.254000000000000004e+00
2.043000000000000149e+00
2.732000000000000206e+00
2.450000000000000178e+00
1.794999999999999929e+00
3.184000000000000163e+00
2.504999999999999893e+00
1.233000000000000096e+00
1.522999999999999909e+00
9.230000000000000426e-01
