1.673999999999999932e+00
1.949999999999999956e+00
1.826999999999999957e+00
2.301000000000000156e+00
1.534999999999999920e+00
2.156000000000000139e+00
1.260999999999999899e+00
1.153000000000000025e+00
6.079999999999999849e-01
2.008999999999999897e+00
2.145000000000000018e+00
1.443999999999999950e+00
1.889999999999999902e+00
1.397999999999999909e+00
2.108000000000000096e+00
1.826000000000000068e+00
1.207999999999999963e+00
1.725000000000000089e+00
1.685999999999999943e+00
1.778000000000000025e+00
1.764000000000000012e+00
1.590999999999999970e+00
1.883999999999999897e+00
2.056999999999999940e+00
1.473999999999999977e+00
1.941999999999999948e+00
1.925000000000000044e+00
1.566000000000000059e+00
9.320000000000000506e-01
9.789999999999999813e-01
1.955000000000000071e+00
1.473000000000000087e+00
2.637999999999999901e+00
2.258999999999999897e+00
1.173000000000000043e+00
1.308999999999999941e+00
1.463000000000000078e+00
3.016999999999999904e+00
1.671999999999999931e+00
1.316000000000000059e+00
