2.021999999999999797e+00
1.834999999999999964e+00
7.159999999999999698e-01
6.199999999999999956e-01
1.798000000000000043e+00
1.792999999999999927e+00
6.600000000000000311e-01
1.558000000000000052e+00
1.008000000000000007e+00
6.029999999999999805e-01
1.953000000000000069e+00
1.558999999999999941e+00
1.495999999999999996e+00
1.276999999999999913e+00
2.358999999999999986e+00
7.469999999999999973e-01
1.901999999999999913e+00
1.685000000000000053e+00
9.689999999999999725e-01
1.187999999999999945e+00
2.237000000000000099e+00
1.848999999999999977e+00
1.475000000000000089e+00
2.490000000000000213e+00
4.989999999999999991e-01
1.733000000000000096e+00
2.321000000000000174e+00
1.012000000000000011e+00
1.768999999999999906e+00
2.150999999999999801e+00
1.110000000000000098e+00
1.671000000000000041e+00
2.012000000000000011e+00
1.098000000000000087e+00
1.594000000000000083e+00
2.814999999999999947e+00
1.512999999999999901e+00
1.659999999999999920e+00
7.570000000000000062e-01
1.907999999999999918e+00
