1.502000000000000002e+00
6.820000000000000506e-01
1.346999999999999975e+00
2.512999999999999901e+00
2.693999999999999950e+00
6.079999999999999849e-01
2.015000000000000124e+00
1.340999999999999970e+00
1.423999999999999932e+00
1.677999999999999936e+00
1.737000000000000099e+00
1.856000000000000094e+00
1.969999999999999973e+00
1.576000000000000068e+00
1.993000000000000105e+00
1.711999999999999966e+00
1.250999999999999890e+00
2.124000000000000110e+00
1.366000000000000103e+00
1.530999999999999917e+00
1.530000000000000027e+00
9.340000000000000524e-01
1.213000000000000078e+00
2.438000000000000167e+00
1.358000000000000096e+00
2.216000000000000192e+00
2.032000000000000028e+00
9.849999999999999867e-01
1.560000000000000053e+00
3.449999999999999734e-01
1.381000000000000005e+00
1.239999999999999991e+00
1.699000000000000066e+00
8.379999999999999671e-01
1.395000000000000018e+00
2.177000000000000046e+00
1.814000000000000057e+00
2.170999999999999819e+00
1.542000000000000037e+00
1.036000000000000032e+00
