1.419000000000000039e+00
7.780000000000000249e-01
1.485999999999999988e+00
1.596000000000000085e+00
8.559999999999999831e-01
2.330000000000000127e-01
2.004999999999999893e+00
1.294000000000000039e+00
6.300000000000000044e-01
1.691999999999999948e+00
1.897999999999999909e+00
1.397000000000000020e+00
1.054000000000000048e+00
7.289999999999999813e-01
1.802000000000000046e+00
2.001999999999999780e+00
1.127999999999999892e+00
1.002000000000000002e+00
1.012999999999999901e+00
1.641999999999999904e+00
3.890000000000000124e-01
1.911000000000000032e+00
1.796000000000000041e+00
1.050999999999999934e+00
1.294000000000000039e+00
1.907999999999999918e+00
1.760999999999999899e+00
1.098999999999999977e+00
1.114999999999999991e+00
7.079999999999999627e-01
9.789999999999999813e-01
7.750000000000000222e-01
1.348999999999999977e+00
1.370999999999999996e+00
9.379999999999999449e-01
1.078000000000000069e+00
1.064999999999999947e+00
1.842000000000000082e+00
1.278000000000000025e+00
1.610000000000000098e+00
