5.570000000000000284e+00
4.750000000000000000e+00
4.899999999999999911e-01
4.879999999999999893e+00
5.700000000000000178e+00
1.290000000000000036e+00
2.229999999999999982e+00
2.459999999999999964e+00
1.189999999999999947e+00
3.279999999999999805e+00
2.930000000000000160e+00
5.500000000000000000e+00
5.839999999999999858e+00
1.149999999999999911e+00
5.269999999999999574e+00
2.479999999999999982e+00
1.719999999999999973e+00
4.400000000000000355e+00
2.740000000000000213e+00
4.209999999999999964e+00
5.549999999999999822e+00
1.700000000000000122e-01
3.509999999999999787e+00
4.269999999999999574e+00
3.109999999999999876e+00
1.790000000000000036e+00
3.089999999999999858e+00
4.599999999999999645e+00
2.500000000000000000e+00
3.459999999999999964e+00
3.759999999999999787e+00
5.969999999999999751e+00
1.870000000000000107e+00
2.060000000000000053e+00
2.580000000000000071e+00
5.240000000000000213e+00
4.379999999999999893e+00
1.750000000000000000e+00
5.830000000000000071e+00
7.099999999999999645e-01
