5.620000000000000107e+00
5.969999999999999751e+00
3.830000000000000071e+00
4.080000000000000071e+00
1.489999999999999991e+00
1.199999999999999956e+00
1.159999999999999920e+00
3.770000000000000018e+00
4.759999999999999787e+00
2.660000000000000142e+00
4.410000000000000142e+00
4.860000000000000320e+00
4.429999999999999716e+00
4.679999999999999716e+00
3.470000000000000195e+00
4.160000000000000142e+00
2.330000000000000071e+00
6.059999999999999609e+00
6.600000000000000311e-01
1.770000000000000018e+00
4.589999999999999858e+00
5.900000000000000355e+00
5.339999999999999858e+00
1.459999999999999964e+00
2.680000000000000160e+00
3.350000000000000089e+00
5.990000000000000213e+00
2.290000000000000036e+00
1.800000000000000044e+00
2.939999999999999947e+00
5.209999999999999964e+00
4.070000000000000284e+00
2.560000000000000053e+00
3.709999999999999964e+00
3.669999999999999929e+00
4.610000000000000320e+00
2.129999999999999893e+00
4.679999999999999716e+00
4.049999999999999822e+00
2.000000000000000111e-01
