5.290000000000000036e+00
1.649999999999999911e+00
5.459999999999999964e+00
1.379999999999999893e+00
4.540000000000000036e+00
2.319999999999999840e+00
3.089999999999999858e+00
2.919999999999999929e+00
3.549999999999999822e+00
1.719999999999999973e+00
1.270000000000000018e+00
2.069999999999999840e+00
3.419999999999999929e+00
5.509999999999999787e+00
2.310000000000000053e+00
4.570000000000000284e+00
3.490000000000000213e+00
6.200000000000000178e+00
4.759999999999999787e+00
4.030000000000000249e+00
2.410000000000000142e+00
4.000000000000000000e+00
1.900000000000000022e-01
1.889999999999999902e+00
5.049999999999999822e+00
2.229999999999999982e+00
5.549999999999999822e+00
4.080000000000000071e+00
1.040000000000000036e+00
5.379999999999999893e+00
2.149999999999999911e+00
4.200000000000000178e+00
1.120000000000000107e+00
3.569999999999999840e+00
4.040000000000000036e+00
3.649999999999999911e+00
5.389999999999999680e+00
2.470000000000000195e+00
5.530000000000000249e+00
3.419999999999999929e+00
