1.209999999999999964e+00
4.870000000000000107e+00
5.759999999999999787e+00
1.799999999999999933e-01
2.899999999999999911e+00
2.959999999999999964e+00
2.439999999999999947e+00
1.090000000000000080e+00
5.750000000000000000e+00
2.359999999999999876e+00
1.850000000000000089e+00
3.870000000000000107e+00
2.970000000000000195e+00
3.310000000000000053e+00
2.609999999999999876e+00
3.439999999999999947e+00
3.430000000000000160e+00
3.399999999999999911e+00
5.699999999999999512e-01
2.799999999999999822e+00
4.230000000000000426e+00
2.740000000000000213e+00
4.980000000000000426e+00
5.860000000000000320e+00
3.910000000000000142e+00
2.200000000000000178e+00
3.979999999999999982e+00
6.899999999999999467e-01
2.689999999999999947e+00
3.900000000000000133e-01
4.259999999999999787e+00
4.190000000000000391e+00
1.729999999999999982e+00
1.499999999999999944e-01
5.480000000000000426e+00
5.600000000000000533e-01
1.120000000000000107e+00
5.669999999999999929e+00
5.830000000000000071e+00
3.569999999999999840e+00
