4.389999999999999680e+00
1.879999999999999893e+00
3.279999999999999805e+00
4.620000000000000107e+00
3.669999999999999929e+00
2.740000000000000213e+00
4.839999999999999858e+00
5.339999999999999858e+00
4.700000000000000178e+00
2.859999999999999876e+00
2.680000000000000160e+00
3.479999999999999982e+00
5.280000000000000249e+00
2.689999999999999947e+00
5.799999999999999600e-01
1.570000000000000062e+00
3.899999999999999911e+00
3.569999999999999840e+00
3.390000000000000124e+00
4.360000000000000320e+00
6.600000000000000311e-01
4.699999999999999734e-01
2.879999999999999893e+00
4.790000000000000036e+00
2.879999999999999893e+00
4.169999999999999929e+00
2.049999999999999822e+00
8.199999999999999512e-01
2.750000000000000000e+00
5.459999999999999964e+00
3.220000000000000195e+00
2.160000000000000142e+00
5.100000000000000089e-01
2.250000000000000000e+00
5.820000000000000284e+00
3.379999999999999893e+00
3.140000000000000124e+00
4.809999999999999609e+00
2.009999999999999787e+00
5.679999999999999716e+00
