6.269999999999999574e+00
3.979999999999999982e+00
1.020000000000000018e+00
3.169999999999999929e+00
4.370000000000000107e+00
4.309999999999999609e+00
6.089999999999999858e+00
8.399999999999999689e-01
3.970000000000000195e+00
2.560000000000000053e+00
4.230000000000000426e+00
5.709999999999999964e+00
1.129999999999999893e+00
3.479999999999999982e+00
2.950000000000000178e+00
3.529999999999999805e+00
4.169999999999999929e+00
2.220000000000000195e+00
2.850000000000000089e+00
3.490000000000000213e+00
3.740000000000000213e+00
5.929999999999999716e+00
2.999999999999999889e-01
1.899999999999999911e+00
3.259999999999999787e+00
2.600000000000000089e+00
1.530000000000000027e+00
6.259999999999999787e+00
4.370000000000000107e+00
3.240000000000000213e+00
1.820000000000000062e+00
3.549999999999999822e+00
3.720000000000000195e+00
5.530000000000000249e+00
9.399999999999999467e-01
4.950000000000000178e+00
2.080000000000000071e+00
4.280000000000000249e+00
2.000000000000000042e-02
2.779999999999999805e+00
