1.709999999999999964e+00
1.590000000000000080e+00
1.879999999999999893e+00
3.890000000000000124e+00
3.240000000000000213e+00
2.500000000000000000e-01
3.379999999999999893e+00
2.560000000000000053e+00
2.609999999999999876e+00
1.810000000000000053e+00
1.870000000000000107e+00
4.820000000000000284e+00
3.520000000000000018e+00
1.669999999999999929e+00
2.549999999999999822e+00
3.109999999999999876e+00
5.950000000000000178e+00
2.979999999999999982e+00
4.570000000000000284e+00
4.099999999999999645e+00
2.770000000000000018e+00
2.149999999999999911e+00
4.240000000000000213e+00
2.629999999999999893e+00
5.490000000000000213e+00
6.070000000000000284e+00
1.239999999999999991e+00
2.129999999999999893e+00
2.990000000000000213e+00
4.849999999999999645e+00
4.780000000000000249e+00
5.950000000000000178e+00
2.930000000000000160e+00
3.810000000000000053e+00
2.620000000000000107e+00
2.990000000000000213e+00
4.509999999999999787e+00
5.000000000000000278e-02
2.200000000000000011e-01
2.029999999999999805e+00
