3.330000000000000071e+00
3.359999999999999876e+00
5.929999999999999716e+00
5.999999999999999778e-02
4.699999999999999734e-01
7.500000000000000000e-01
5.700000000000000178e+00
6.059999999999999609e+00
5.540000000000000036e+00
1.540000000000000036e+00
4.669999999999999929e+00
5.999999999999999778e-02
1.389999999999999902e+00
4.240000000000000213e+00
2.979999999999999982e+00
1.379999999999999893e+00
4.799999999999999822e-01
6.089999999999999858e+00
2.609999999999999876e+00
3.720000000000000195e+00
2.189999999999999947e+00
5.209999999999999964e+00
5.480000000000000426e+00
1.949999999999999956e+00
4.620000000000000107e+00
8.199999999999999512e-01
2.999999999999999889e-02
7.099999999999999645e-01
4.240000000000000213e+00
7.700000000000000178e-01
2.919999999999999929e+00
2.000000000000000042e-02
7.600000000000000089e-01
2.200000000000000011e-01
1.969999999999999973e+00
3.020000000000000018e+00
3.569999999999999840e+00
2.549999999999999822e+00
1.850000000000000089e+00
5.599999999999999645e+00
