4.469999999999999751e+00
2.410000000000000142e+00
4.059999999999999609e+00
9.300000000000000488e-01
6.009999999999999787e+00
5.360000000000000320e+00
1.840000000000000080e+00
9.899999999999999911e-01
4.059999999999999609e+00
1.810000000000000053e+00
2.370000000000000107e+00
3.160000000000000142e+00
5.120000000000000107e+00
5.110000000000000320e+00
1.590000000000000080e+00
3.720000000000000195e+00
4.700000000000000178e+00
4.440000000000000391e+00
4.089999999999999858e+00
4.820000000000000284e+00
3.900000000000000133e-01
2.800000000000000266e-01
3.549999999999999822e+00
1.659999999999999920e+00
3.399999999999999911e+00
1.280000000000000027e+00
5.179999999999999716e+00
3.950000000000000178e+00
4.410000000000000142e+00
4.330000000000000071e+00
5.419999999999999929e+00
4.629999999999999893e+00
1.659999999999999920e+00
4.190000000000000391e+00
5.339999999999999858e+00
3.209999999999999964e+00
3.549999999999999822e+00
1.429999999999999938e+00
5.120000000000000107e+00
1.949999999999999956e+00
