4.199999999999999845e-01
4.240000000000000213e+00
1.429999999999999938e+00
1.360000000000000098e+00
3.759999999999999787e+00
3.169999999999999929e+00
3.020000000000000018e+00
2.149999999999999911e+00
6.190000000000000391e+00
6.070000000000000284e+00
5.049999999999999822e+00
2.359999999999999876e+00
6.899999999999999467e-01
6.040000000000000036e+00
1.909999999999999920e+00
5.379999999999999893e+00
5.650000000000000355e+00
2.000000000000000111e-01
5.300000000000000266e-01
1.409999999999999920e+00
5.379999999999999893e+00
6.209999999999999964e+00
3.740000000000000213e+00
2.950000000000000178e+00
3.240000000000000213e+00
2.169999999999999929e+00
3.040000000000000036e+00
3.790000000000000036e+00
2.700000000000000178e-01
2.910000000000000142e+00
4.320000000000000284e+00
3.779999999999999805e+00
3.569999999999999840e+00
1.689999999999999947e+00
3.819999999999999840e+00
4.610000000000000320e+00
3.600000000000000089e+00
3.939999999999999947e+00
1.899999999999999911e+00
4.490000000000000213e+00
