5.139999999999999680e+00
1.820000000000000062e+00
3.740000000000000213e+00
1.489999999999999991e+00
9.300000000000000488e-01
2.399999999999999911e+00
2.979999999999999982e+00
4.959999999999999964e+00
3.310000000000000053e+00
3.750000000000000000e+00
5.600000000000000533e-01
1.330000000000000071e+00
4.980000000000000426e+00
3.959999999999999964e+00
3.479999999999999982e+00
5.200000000000000178e-01
1.469999999999999973e+00
6.099999999999999645e+00
4.730000000000000426e+00
7.900000000000000355e-01
5.370000000000000107e+00
4.419999999999999929e+00
2.500000000000000000e-01
3.759999999999999787e+00
1.360000000000000098e+00
1.520000000000000018e+00
4.940000000000000391e+00
2.250000000000000000e+00
4.790000000000000036e+00
5.040000000000000036e+00
1.199999999999999956e-01
7.399999999999999911e-01
6.300000000000000044e-01
5.540000000000000036e+00
5.730000000000000426e+00
2.600000000000000089e-01
4.799999999999999822e+00
2.330000000000000071e+00
3.640000000000000124e+00
6.059999999999999609e+00
