4.639999999999999680e+00
1.400000000000000133e-01
1.030000000000000027e+00
1.929999999999999938e+00
3.270000000000000018e+00
3.959999999999999964e+00
1.250000000000000000e+00
9.399999999999999467e-01
4.500000000000000111e-01
2.939999999999999947e+00
1.360000000000000098e+00
3.930000000000000160e+00
5.230000000000000426e+00
3.379999999999999893e+00
3.000000000000000000e+00
4.860000000000000320e+00
5.339999999999999858e+00
6.000000000000000000e+00
5.780000000000000249e+00
3.830000000000000071e+00
2.410000000000000142e+00
2.819999999999999840e+00
4.540000000000000036e+00
1.419999999999999929e+00
5.929999999999999716e+00
5.540000000000000036e+00
6.899999999999999467e-01
4.699999999999999734e-01
5.719999999999999751e+00
2.600000000000000089e+00
5.230000000000000426e+00
3.770000000000000018e+00
5.440000000000000391e+00
4.049999999999999822e+00
8.900000000000000133e-01
3.959999999999999964e+00
2.990000000000000213e+00
2.299999999999999822e+00
3.620000000000000107e+00
5.400000000000000355e+00
