4.780000000000000249e+00
2.390000000000000124e+00
4.389999999999999680e+00
2.399999999999999911e-01
5.150000000000000355e+00
4.160000000000000142e+00
1.330000000000000071e+00
1.520000000000000018e+00
5.429999999999999716e+00
1.370000000000000107e+00
2.459999999999999964e+00
4.580000000000000071e+00
5.209999999999999964e+00
4.910000000000000142e+00
6.080000000000000071e+00
2.669999999999999929e+00
3.910000000000000142e+00
1.000000000000000021e-02
5.599999999999999645e+00
6.169999999999999929e+00
4.660000000000000142e+00
5.509999999999999787e+00
3.029999999999999805e+00
4.530000000000000249e+00
1.000000000000000000e+00
1.830000000000000071e+00
1.530000000000000027e+00
1.100000000000000006e-01
1.300000000000000044e-01
4.610000000000000320e+00
1.560000000000000053e+00
3.729999999999999982e+00
3.180000000000000160e+00
4.429999999999999716e+00
3.410000000000000142e+00
1.979999999999999982e+00
5.990000000000000213e+00
5.519999999999999574e+00
3.220000000000000195e+00
5.429999999999999716e+00
