3.029999999999999805e+00
4.500000000000000000e+00
5.620000000000000107e+00
2.220000000000000195e+00
1.389999999999999902e+00
4.290000000000000036e+00
3.939999999999999947e+00
2.740000000000000213e+00
6.400000000000000133e-01
2.140000000000000124e+00
1.489999999999999991e+00
3.699999999999999956e-01
6.500000000000000222e-01
1.919999999999999929e+00
6.259999999999999787e+00
5.389999999999999680e+00
4.099999999999999756e-01
2.339999999999999858e+00
1.169999999999999929e+00
5.400000000000000355e+00
5.999999999999999778e-02
1.159999999999999920e+00
1.189999999999999947e+00
4.969999999999999751e+00
4.000000000000000000e+00
3.430000000000000160e+00
1.729999999999999982e+00
5.339999999999999858e+00
3.060000000000000053e+00
2.109999999999999876e+00
4.000000000000000083e-02
2.939999999999999947e+00
4.419999999999999929e+00
4.429999999999999716e+00
3.680000000000000160e+00
1.110000000000000098e+00
5.889999999999999680e+00
2.490000000000000213e+00
5.599999999999999645e+00
3.759999999999999787e+00
