3.779999999999999805e+00
5.150000000000000355e+00
4.500000000000000000e+00
2.060000000000000053e+00
2.200000000000000011e-01
4.809999999999999609e+00
3.699999999999999956e-01
2.750000000000000000e+00
3.069999999999999840e+00
3.189999999999999947e+00
4.450000000000000178e+00
6.160000000000000142e+00
3.140000000000000124e+00
1.399999999999999911e+00
2.680000000000000160e+00
1.560000000000000053e+00
7.000000000000000666e-02
2.819999999999999840e+00
9.799999999999999822e-01
2.300000000000000100e-01
5.120000000000000107e+00
3.750000000000000000e+00
1.469999999999999973e+00
5.750000000000000000e+00
4.070000000000000284e+00
4.900000000000000355e+00
3.430000000000000160e+00
5.530000000000000249e+00
8.199999999999999512e-01
5.509999999999999787e+00
4.500000000000000111e-01
3.970000000000000195e+00
5.900000000000000355e+00
5.360000000000000320e+00
3.959999999999999964e+00
1.429999999999999938e+00
3.959999999999999964e+00
3.919999999999999929e+00
5.169999999999999929e+00
5.629999999999999893e+00
