2.999999999999999889e-01
5.160000000000000142e+00
3.180000000000000160e+00
6.250000000000000000e+00
5.999999999999999778e-01
4.719999999999999751e+00
5.900000000000000355e+00
3.569999999999999840e+00
4.889999999999999680e+00
5.049999999999999822e+00
4.330000000000000071e+00
2.180000000000000160e+00
3.680000000000000160e+00
5.440000000000000391e+00
1.649999999999999911e+00
2.910000000000000142e+00
2.589999999999999858e+00
1.969999999999999973e+00
7.099999999999999645e-01
2.330000000000000071e+00
1.189999999999999947e+00
1.750000000000000000e+00
6.230000000000000426e+00
1.929999999999999938e+00
4.000000000000000083e-02
6.150000000000000355e+00
7.700000000000000178e-01
3.209999999999999964e+00
2.000000000000000111e-01
1.070000000000000062e+00
4.349999999999999645e+00
5.240000000000000213e+00
7.299999999999999822e-01
0.000000000000000000e+00
2.500000000000000000e+00
1.909999999999999920e+00
5.190000000000000391e+00
2.040000000000000036e+00
2.580000000000000071e+00
3.299999999999999822e+00
