6.049999999999999822e+00
5.200000000000000178e+00
2.330000000000000071e+00
5.990000000000000213e+00
5.540000000000000036e+00
5.070000000000000284e+00
3.339999999999999858e+00
2.089999999999999858e+00
5.320000000000000284e+00
3.220000000000000195e+00
3.200000000000000067e-01
6.110000000000000320e+00
1.399999999999999911e+00
4.049999999999999822e+00
1.909999999999999920e+00
5.269999999999999574e+00
2.509999999999999787e+00
2.919999999999999929e+00
3.560000000000000053e+00
4.509999999999999787e+00
2.899999999999999911e+00
3.990000000000000213e+00
4.040000000000000036e+00
4.599999999999999645e+00
1.989999999999999991e+00
2.560000000000000053e+00
3.479999999999999982e+00
1.760000000000000009e+00
6.059999999999999609e+00
4.259999999999999787e+00
2.850000000000000089e+00
1.199999999999999956e-01
1.459999999999999964e+00
5.070000000000000284e+00
5.040000000000000036e+00
3.879999999999999893e+00
3.540000000000000036e+00
3.140000000000000124e+00
7.399999999999999911e-01
4.530000000000000249e+00
