2.410000000000000142e+00
2.910000000000000142e+00
1.280000000000000027e+00
3.399999999999999911e+00
5.679999999999999716e+00
8.100000000000000533e-01
5.000000000000000000e+00
5.820000000000000284e+00
5.540000000000000036e+00
2.500000000000000000e-01
5.089999999999999858e+00
2.319999999999999840e+00
9.499999999999999556e-01
5.379999999999999893e+00
1.159999999999999920e+00
1.209999999999999964e+00
3.499999999999999778e-01
2.939999999999999947e+00
2.520000000000000018e+00
3.040000000000000036e+00
3.759999999999999787e+00
3.180000000000000160e+00
3.390000000000000124e+00
5.070000000000000284e+00
1.290000000000000036e+00
5.660000000000000142e+00
1.199999999999999956e+00
1.310000000000000053e+00
1.479999999999999982e+00
2.910000000000000142e+00
1.540000000000000036e+00
5.870000000000000107e+00
4.469999999999999751e+00
2.700000000000000178e-01
2.200000000000000011e-01
4.879999999999999893e+00
3.140000000000000124e+00
2.479999999999999982e+00
4.589999999999999858e+00
2.720000000000000195e+00
