6.240000000000000213e+00
2.669999999999999929e+00
2.180000000000000160e+00
4.440000000000000391e+00
4.070000000000000284e+00
1.760000000000000009e+00
2.589999999999999858e+00
5.870000000000000107e+00
3.200000000000000178e+00
5.269999999999999574e+00
1.889999999999999902e+00
4.940000000000000391e+00
3.560000000000000053e+00
4.500000000000000000e+00
2.899999999999999911e+00
2.660000000000000142e+00
5.999999999999999778e-02
6.800000000000000488e-01
1.969999999999999973e+00
5.599999999999999645e+00
6.160000000000000142e+00
2.720000000000000195e+00
4.669999999999999929e+00
2.640000000000000124e+00
2.930000000000000160e+00
5.980000000000000426e+00
2.999999999999999889e-02
1.479999999999999982e+00
2.660000000000000142e+00
1.499999999999999944e-01
4.549999999999999822e+00
5.469999999999999751e+00
5.999999999999999778e-02
4.969999999999999751e+00
4.639999999999999680e+00
2.800000000000000266e-01
1.280000000000000027e+00
3.209999999999999964e+00
1.939999999999999947e+00
5.700000000000000178e+00
