3.899999999999999911e+00
5.419999999999999929e+00
3.709999999999999964e+00
9.300000000000000488e-01
3.599999999999999867e-01
5.820000000000000284e+00
6.000000000000000000e+00
1.320000000000000062e+00
2.709999999999999964e+00
4.660000000000000142e+00
2.089999999999999858e+00
1.290000000000000036e+00
4.080000000000000071e+00
4.709999999999999964e+00
4.950000000000000178e+00
3.200000000000000067e-01
6.500000000000000222e-01
1.439999999999999947e+00
4.450000000000000178e+00
3.580000000000000071e+00
2.669999999999999929e+00
5.740000000000000213e+00
5.379999999999999893e+00
2.109999999999999876e+00
7.199999999999999734e-01
4.860000000000000320e+00
5.339999999999999858e+00
5.669999999999999929e+00
5.280000000000000249e+00
3.370000000000000107e+00
3.649999999999999911e+00
4.600000000000000200e-01
2.419999999999999929e+00
4.500000000000000111e-01
6.800000000000000488e-01
4.870000000000000107e+00
1.800000000000000044e+00
5.730000000000000426e+00
5.190000000000000391e+00
5.209999999999999964e+00
