6.089999999999999858e+00
3.120000000000000107e+00
1.729999999999999982e+00
1.179999999999999938e+00
1.300000000000000044e+00
4.199999999999999845e-01
5.650000000000000355e+00
5.540000000000000036e+00
5.200000000000000178e-01
5.860000000000000320e+00
2.669999999999999929e+00
3.919999999999999929e+00
1.699999999999999956e+00
2.490000000000000213e+00
3.209999999999999964e+00
5.580000000000000071e+00
6.500000000000000222e-01
1.320000000000000062e+00
3.089999999999999858e+00
1.000000000000000000e+00
5.230000000000000426e+00
4.019999999999999574e+00
6.089999999999999858e+00
7.099999999999999645e-01
2.399999999999999911e+00
4.919999999999999929e+00
2.189999999999999947e+00
6.600000000000000311e-01
4.700000000000000178e+00
1.820000000000000062e+00
1.649999999999999911e+00
3.959999999999999964e+00
3.060000000000000053e+00
4.370000000000000107e+00
3.049999999999999822e+00
1.700000000000000122e-01
6.040000000000000036e+00
3.620000000000000107e+00
3.799999999999999822e+00
4.599999999999999645e+00
