5.940000000000000391e+00
5.650000000000000355e+00
1.919999999999999929e+00
2.009999999999999787e+00
4.309999999999999609e+00
5.500000000000000444e-01
4.650000000000000355e+00
2.569999999999999840e+00
7.500000000000000000e-01
3.839999999999999858e+00
1.189999999999999947e+00
4.799999999999999822e+00
5.049999999999999822e+00
5.599999999999999645e+00
5.469999999999999751e+00
1.489999999999999991e+00
3.589999999999999858e+00
5.999999999999999778e-01
1.979999999999999982e+00
1.110000000000000098e+00
3.919999999999999929e+00
3.720000000000000195e+00
4.929999999999999716e+00
1.889999999999999902e+00
2.060000000000000053e+00
1.070000000000000062e+00
9.799999999999999822e-01
4.000000000000000222e-01
3.819999999999999840e+00
4.099999999999999756e-01
1.399999999999999911e+00
1.919999999999999929e+00
3.379999999999999893e+00
1.900000000000000022e-01
6.179999999999999716e+00
6.250000000000000000e+00
3.509999999999999787e+00
3.459999999999999964e+00
3.660000000000000142e+00
1.340000000000000080e+00
