5.599999999999999645e+00
2.069999999999999840e+00
2.800000000000000266e-01
2.160000000000000142e+00
5.769999999999999574e+00
4.959999999999999964e+00
4.879999999999999893e+00
5.580000000000000071e+00
6.120000000000000107e+00
3.529999999999999805e+00
2.399999999999999911e-01
5.370000000000000107e+00
3.129999999999999893e+00
5.269999999999999574e+00
4.730000000000000426e+00
3.180000000000000160e+00
4.500000000000000111e-01
1.929999999999999938e+00
5.129999999999999893e+00
3.169999999999999929e+00
4.370000000000000107e+00
5.230000000000000426e+00
3.220000000000000195e+00
5.230000000000000426e+00
3.109999999999999876e+00
4.889999999999999680e+00
3.370000000000000107e+00
1.320000000000000062e+00
1.899999999999999911e+00
4.349999999999999645e+00
3.209999999999999964e+00
1.489999999999999991e+00
5.580000000000000071e+00
2.520000000000000018e+00
4.099999999999999756e-01
0.000000000000000000e+00
5.719999999999999751e+00
6.019999999999999574e+00
5.999999999999999778e-02
3.220000000000000195e+00
