9.200000000000000400e-01
4.570000000000000284e+00
2.330000000000000071e+00
8.900000000000000133e-01
2.750000000000000000e+00
3.300000000000000155e-01
7.099999999999999645e-01
5.600000000000000533e-01
4.349999999999999645e+00
4.589999999999999858e+00
1.510000000000000009e+00
3.100000000000000089e+00
2.560000000000000053e+00
5.870000000000000107e+00
2.399999999999999911e+00
5.190000000000000391e+00
9.899999999999999911e-01
5.679999999999999716e+00
6.209999999999999964e+00
5.120000000000000107e+00
4.570000000000000284e+00
5.940000000000000391e+00
2.669999999999999929e+00
1.479999999999999982e+00
3.740000000000000213e+00
2.669999999999999929e+00
3.479999999999999982e+00
1.580000000000000071e+00
2.939999999999999947e+00
4.709999999999999964e+00
6.259999999999999787e+00
3.750000000000000000e+00
4.199999999999999845e-01
5.740000000000000213e+00
4.639999999999999680e+00
3.939999999999999947e+00
1.850000000000000089e+00
3.160000000000000142e+00
2.589999999999999858e+00
2.529999999999999805e+00
