1.120000000000000107e+00
5.790000000000000036e+00
4.690000000000000391e+00
3.319999999999999840e+00
5.820000000000000284e+00
1.719999999999999973e+00
4.809999999999999609e+00
6.040000000000000036e+00
3.080000000000000071e+00
5.100000000000000089e-01
4.799999999999999822e+00
1.689999999999999947e+00
3.549999999999999822e+00
2.520000000000000018e+00
5.990000000000000213e+00
4.900000000000000355e+00
1.389999999999999902e+00
4.009999999999999787e+00
5.450000000000000178e+00
3.310000000000000053e+00
2.300000000000000100e-01
5.740000000000000213e+00
1.479999999999999982e+00
5.799999999999999822e+00
4.940000000000000391e+00
2.589999999999999858e+00
5.809999999999999609e+00
3.979999999999999982e+00
4.199999999999999845e-01
4.599999999999999645e+00
4.500000000000000000e+00
1.649999999999999911e+00
6.400000000000000133e-01
1.520000000000000018e+00
4.129999999999999893e+00
2.770000000000000018e+00
5.009999999999999787e+00
3.560000000000000053e+00
1.270000000000000018e+00
1.919999999999999929e+00
