3.669999999999999929e+00
3.459999999999999964e+00
5.120000000000000107e+00
4.769999999999999574e+00
5.530000000000000249e+00
5.500000000000000000e+00
1.639999999999999902e+00
4.540000000000000036e+00
2.200000000000000178e+00
4.620000000000000107e+00
3.819999999999999840e+00
2.740000000000000213e+00
6.700000000000000400e-01
3.839999999999999858e+00
5.410000000000000142e+00
1.639999999999999902e+00
5.360000000000000320e+00
5.980000000000000426e+00
1.739999999999999991e+00
1.050000000000000044e+00
1.600000000000000089e+00
6.400000000000000133e-01
7.500000000000000000e-01
2.060000000000000053e+00
3.640000000000000124e+00
2.999999999999999889e-01
3.300000000000000155e-01
2.899999999999999911e+00
5.679999999999999716e+00
3.819999999999999840e+00
5.339999999999999858e+00
1.310000000000000053e+00
6.200000000000000178e+00
1.429999999999999938e+00
5.690000000000000391e+00
8.800000000000000044e-01
5.049999999999999822e+00
3.709999999999999964e+00
5.709999999999999964e+00
3.200000000000000178e+00
