3.419999999999999929e+00
4.849999999999999645e+00
2.149999999999999911e+00
1.290000000000000036e+00
1.250000000000000000e+00
2.220000000000000195e+00
3.609999999999999876e+00
4.299999999999999933e-01
1.750000000000000000e+00
5.589999999999999858e+00
9.200000000000000400e-01
2.540000000000000036e+00
1.489999999999999991e+00
5.870000000000000107e+00
3.950000000000000178e+00
2.500000000000000000e+00
5.830000000000000071e+00
5.639999999999999680e+00
3.750000000000000000e+00
5.179999999999999716e+00
6.700000000000000400e-01
1.939999999999999947e+00
2.600000000000000089e-01
5.349999999999999645e+00
4.150000000000000355e+00
5.139999999999999680e+00
6.999999999999999556e-01
4.190000000000000391e+00
2.859999999999999876e+00
3.609999999999999876e+00
6.250000000000000000e+00
8.299999999999999600e-01
5.570000000000000284e+00
1.540000000000000036e+00
2.049999999999999822e+00
4.809999999999999609e+00
1.179999999999999938e+00
1.219999999999999973e+00
8.399999999999999689e-01
4.400000000000000022e-01
