3.879999999999999893e+00
7.700000000000000178e-01
4.250000000000000000e+00
2.990000000000000213e+00
6.199999999999999956e-01
1.540000000000000036e+00
6.700000000000000400e-01
1.040000000000000036e+00
5.299999999999999822e+00
2.970000000000000195e+00
2.129999999999999893e+00
4.860000000000000320e+00
2.250000000000000000e+00
4.419999999999999929e+00
5.000000000000000000e-01
1.530000000000000027e+00
6.099999999999999645e+00
4.089999999999999858e+00
1.499999999999999944e-01
3.400000000000000244e-01
5.730000000000000426e+00
1.399999999999999911e+00
3.589999999999999858e+00
5.740000000000000213e+00
1.110000000000000098e+00
1.560000000000000053e+00
3.990000000000000213e+00
4.769999999999999574e+00
1.449999999999999956e+00
1.800000000000000044e+00
4.889999999999999680e+00
4.299999999999999933e-01
5.339999999999999858e+00
2.740000000000000213e+00
5.599999999999999645e+00
2.910000000000000142e+00
4.879999999999999893e+00
3.100000000000000089e+00
6.099999999999999645e+00
2.899999999999999911e+00
