1.850000000000000089e+00
4.240000000000000213e+00
2.540000000000000036e+00
4.669999999999999929e+00
7.399999999999999911e-01
1.280000000000000027e+00
1.000000000000000021e-02
3.470000000000000195e+00
3.589999999999999858e+00
1.729999999999999982e+00
5.519999999999999574e+00
1.290000000000000036e+00
5.600000000000000533e-01
2.990000000000000213e+00
1.399999999999999911e+00
1.100000000000000006e-01
6.269999999999999574e+00
4.320000000000000284e+00
1.520000000000000018e+00
6.070000000000000284e+00
4.009999999999999787e+00
4.360000000000000320e+00
3.100000000000000089e+00
5.959999999999999964e+00
3.910000000000000142e+00
6.000000000000000000e+00
1.260000000000000009e+00
3.040000000000000036e+00
4.469999999999999751e+00
5.940000000000000391e+00
4.870000000000000107e+00
1.739999999999999991e+00
3.629999999999999893e+00
4.379999999999999893e+00
2.540000000000000036e+00
2.299999999999999822e+00
5.400000000000000355e-01
2.640000000000000124e+00
3.720000000000000195e+00
2.020000000000000018e+00
