2.850000000000000089e+00
2.919999999999999929e+00
5.000000000000000278e-02
1.520000000000000018e+00
3.240000000000000213e+00
3.699999999999999956e-01
1.389999999999999902e+00
5.610000000000000320e+00
6.160000000000000142e+00
4.600000000000000200e-01
5.320000000000000284e+00
2.830000000000000071e+00
6.209999999999999964e+00
3.310000000000000053e+00
3.100000000000000089e+00
1.060000000000000053e+00
5.900000000000000355e+00
2.720000000000000195e+00
5.309999999999999609e+00
3.140000000000000124e+00
2.169999999999999929e+00
4.000000000000000222e-01
5.100000000000000089e-01
1.639999999999999902e+00
4.679999999999999716e+00
4.360000000000000320e+00
8.399999999999999689e-01
2.259999999999999787e+00
4.910000000000000142e+00
1.400000000000000133e-01
1.510000000000000009e+00
4.830000000000000071e+00
2.379999999999999893e+00
2.589999999999999858e+00
3.279999999999999805e+00
5.980000000000000426e+00
5.580000000000000071e+00
2.879999999999999893e+00
1.780000000000000027e+00
6.009999999999999787e+00
