2.660000000000000142e+00
4.059999999999999609e+00
2.859999999999999876e+00
6.199999999999999956e-01
5.839999999999999858e+00
6.269999999999999574e+00
1.110000000000000098e+00
2.520000000000000018e+00
1.600000000000000033e-01
6.129999999999999893e+00
5.160000000000000142e+00
4.860000000000000320e+00
5.959999999999999964e+00
4.889999999999999680e+00
5.580000000000000071e+00
5.660000000000000142e+00
4.250000000000000000e+00
3.890000000000000124e+00
1.300000000000000044e+00
3.279999999999999805e+00
5.719999999999999751e+00
1.489999999999999991e+00
1.350000000000000089e+00
2.680000000000000160e+00
3.149999999999999911e+00
5.940000000000000391e+00
4.480000000000000426e+00
1.389999999999999902e+00
6.999999999999999556e-01
4.750000000000000000e+00
5.730000000000000426e+00
1.500000000000000000e+00
3.200000000000000067e-01
6.800000000000000488e-01
5.799999999999999822e+00
5.570000000000000284e+00
3.200000000000000067e-01
6.999999999999999556e-01
3.620000000000000107e+00
1.320000000000000062e+00
