2.339999999999999858e+00
5.400000000000000355e+00
6.169999999999999929e+00
5.490000000000000213e+00
4.509999999999999787e+00
3.419999999999999929e+00
1.449999999999999956e+00
2.490000000000000213e+00
1.280000000000000027e+00
1.159999999999999920e+00
3.020000000000000018e+00
6.049999999999999822e+00
2.060000000000000053e+00
5.480000000000000426e+00
3.740000000000000213e+00
7.600000000000000089e-01
6.400000000000000133e-01
5.169999999999999929e+00
4.959999999999999964e+00
3.419999999999999929e+00
1.179999999999999938e+00
2.319999999999999840e+00
2.629999999999999893e+00
3.399999999999999911e+00
5.910000000000000142e+00
4.820000000000000284e+00
3.859999999999999876e+00
1.590000000000000080e+00
2.500000000000000000e+00
3.899999999999999911e+00
3.930000000000000160e+00
2.060000000000000053e+00
2.279999999999999805e+00
1.540000000000000036e+00
2.020000000000000018e+00
4.049999999999999822e+00
2.939999999999999947e+00
8.499999999999999778e-01
3.410000000000000142e+00
4.330000000000000071e+00
