6.346000000000000000e+03
2.178800000000000000e+04
3.723000000000000000e+04
5.046600000000000000e+04
6.480500000000000000e+04
7.914400000000000000e+04
9.458600000000000000e+04
1.078220000000000000e+05
1.221610000000000000e+05
1.376030000000000000e+05
1.519420000000000000e+05
1.651780000000000000e+05
1.795170000000000000e+05
1.927530000000000000e+05
2.070920000000000000e+05
2.214310000000000000e+05
2.357700000000000000e+05
2.501090000000000000e+05
2.633450000000000000e+05
2.776840000000000000e+05
