6.719000000000000000e+03
1.444000000000000000e+04
2.547000000000000000e+04
3.539700000000000000e+04
4.422100000000000000e+04
5.525100000000000000e+04
6.407500000000000000e+04
7.400200000000000000e+04
8.392900000000000000e+04
9.385600000000000000e+04
1.037830000000000000e+05
1.137100000000000000e+05
1.247400000000000000e+05
1.335640000000000000e+05
1.445940000000000000e+05
1.545210000000000000e+05
1.644480000000000000e+05
1.743750000000000000e+05
1.843020000000000000e+05
1.931260000000000000e+05
