9.323000000000000000e+03
2.807400000000000000e+04
4.792800000000000000e+04
6.667900000000000000e+04
8.432700000000000000e+04
1.041810000000000000e+05
1.229320000000000000e+05
1.416830000000000000e+05
1.604340000000000000e+05
1.791850000000000000e+05
1.990390000000000000e+05
2.177900000000000000e+05
2.365410000000000000e+05
2.552920000000000000e+05
2.751460000000000000e+05
2.938970000000000000e+05
3.137510000000000000e+05
3.325020000000000000e+05
3.512530000000000000e+05
3.700040000000000000e+05
