5.999000000000000000e+03
1.923500000000000000e+04
3.026500000000000000e+04
4.239800000000000000e+04
5.453100000000000000e+04
6.776700000000000000e+04
7.879700000000000000e+04
9.093000000000000000e+04
1.041660000000000000e+05
1.151960000000000000e+05
1.284320000000000000e+05
1.394620000000000000e+05
1.515950000000000000e+05
1.648310000000000000e+05
1.769640000000000000e+05
1.890970000000000000e+05
2.023330000000000000e+05
2.133630000000000000e+05
2.254960000000000000e+05
2.376290000000000000e+05
