1.059000000000000000e+04
2.492900000000000000e+04
3.816500000000000000e+04
5.140100000000000000e+04
6.463700000000000000e+04
7.787300000000000000e+04
9.110900000000000000e+04
1.043450000000000000e+05
1.175810000000000000e+05
1.319200000000000000e+05
1.451560000000000000e+05
1.572890000000000000e+05
1.716280000000000000e+05
1.837610000000000000e+05
1.969970000000000000e+05
2.113360000000000000e+05
2.245720000000000000e+05
2.367050000000000000e+05
2.510440000000000000e+05
2.642800000000000000e+05
