4.092000000000000000e+03
2.725500000000000000e+04
4.710900000000000000e+04
7.358100000000000000e+04
9.343500000000000000e+04
1.177010000000000000e+05
1.474820000000000000e+05
1.662330000000000000e+05
1.982200000000000000e+05
2.158680000000000000e+05
2.599880000000000000e+05
2.754300000000000000e+05
2.952840000000000000e+05
3.140350000000000000e+05
3.405070000000000000e+05
3.537430000000000000e+05
3.747000000000000000e+05
4.077900000000000000e+05
4.243350000000000000e+05
4.452920000000000000e+05
