5.614000000000000000e+03
2.877700000000000000e+04
5.083700000000000000e+04
7.289700000000000000e+04
9.826600000000000000e+04
1.115020000000000000e+05
1.258410000000000000e+05
1.445920000000000000e+05
1.622400000000000000e+05
2.085660000000000000e+05
2.295230000000000000e+05
2.482740000000000000e+05
2.670250000000000000e+05
2.990120000000000000e+05
3.210720000000000000e+05
3.376170000000000000e+05
3.596770000000000000e+05
3.839430000000000000e+05
4.026940000000000000e+05
4.247540000000000000e+05
