9.143000000000000000e+03
3.120300000000000000e+04
4.333600000000000000e+04
6.208700000000000000e+04
9.186800000000000000e+04
1.051040000000000000e+05
1.216490000000000000e+05
1.404000000000000000e+05
1.536360000000000000e+05
1.712840000000000000e+05
1.867260000000000000e+05
2.010650000000000000e+05
2.109920000000000000e+05
2.308460000000000000e+05
2.396700000000000000e+05
2.495970000000000000e+05
2.705540000000000000e+05
2.804810000000000000e+05
2.926140000000000000e+05
3.047470000000000000e+05
