3.616000000000000000e+03
1.685200000000000000e+04
2.567600000000000000e+04
4.332400000000000000e+04
5.325100000000000000e+04
7.420800000000000000e+04
8.192900000000000000e+04
9.185600000000000000e+04
1.028860000000000000e+05
1.172250000000000000e+05
1.260490000000000000e+05
1.448000000000000000e+05
1.536240000000000000e+05
1.723750000000000000e+05
1.800960000000000000e+05
1.933320000000000000e+05
2.021560000000000000e+05
2.131860000000000000e+05
2.275250000000000000e+05
2.451730000000000000e+05
