2.127900000000000000e+04
3.341200000000000000e+04
4.885400000000000000e+04
6.539900000000000000e+04
7.642900000000000000e+04
9.407700000000000000e+04
1.062100000000000000e+05
1.238580000000000000e+05
1.404030000000000000e+05
1.503300000000000000e+05
1.602570000000000000e+05
1.701840000000000000e+05
1.812140000000000000e+05
1.933470000000000000e+05
2.032740000000000000e+05
2.143040000000000000e+05
2.242310000000000000e+05
2.341580000000000000e+05
2.551150000000000000e+05
2.661450000000000000e+05
