8.325000000000000000e+03
2.045800000000000000e+04
3.369400000000000000e+04
4.693000000000000000e+04
6.016600000000000000e+04
7.340200000000000000e+04
8.553500000000000000e+04
9.877100000000000000e+04
1.120070000000000000e+05
1.252430000000000000e+05
1.373760000000000000e+05
1.506120000000000000e+05
1.638480000000000000e+05
1.770840000000000000e+05
1.892170000000000000e+05
2.024530000000000000e+05
2.156890000000000000e+05
2.289250000000000000e+05
2.410580000000000000e+05
2.542940000000000000e+05
