1.121700000000000000e+04
2.776200000000000000e+04
4.541000000000000000e+04
6.195500000000000000e+04
7.960300000000000000e+04
9.614800000000000000e+04
1.137960000000000000e+05
1.303410000000000000e+05
1.479890000000000000e+05
1.645340000000000000e+05
1.810790000000000000e+05
1.987270000000000000e+05
2.152720000000000000e+05
2.329200000000000000e+05
2.494650000000000000e+05
2.671130000000000000e+05
2.836580000000000000e+05
3.013060000000000000e+05
3.178510000000000000e+05
3.354990000000000000e+05
