1.036700000000000000e+04
2.911800000000000000e+04
4.786900000000000000e+04
6.551700000000000000e+04
8.426800000000000000e+04
1.030190000000000000e+05
1.217700000000000000e+05
1.405210000000000000e+05
1.592720000000000000e+05
1.780230000000000000e+05
1.956710000000000000e+05
2.144220000000000000e+05
2.331730000000000000e+05
2.519240000000000000e+05
2.706750000000000000e+05
2.894260000000000000e+05
3.070740000000000000e+05
3.258250000000000000e+05
3.445760000000000000e+05
3.633270000000000000e+05
