7.978000000000000000e+03
2.562600000000000000e+04
4.217100000000000000e+04
5.981900000000000000e+04
7.746700000000000000e+04
9.621800000000000000e+04
1.127630000000000000e+05
1.293080000000000000e+05
1.458530000000000000e+05
1.646040000000000000e+05
1.822520000000000000e+05
1.999000000000000000e+05
2.175480000000000000e+05
2.362990000000000000e+05
2.528440000000000000e+05
2.726980000000000000e+05
2.870370000000000000e+05
3.046850000000000000e+05
3.223330000000000000e+05
3.410840000000000000e+05
