8.931000000000000000e+03
2.657900000000000000e+04
4.974200000000000000e+04
6.408100000000000000e+04
8.062600000000000000e+04
9.606800000000000000e+04
1.170250000000000000e+05
1.335700000000000000e+05
1.523210000000000000e+05
1.677630000000000000e+05
1.843080000000000000e+05
2.008530000000000000e+05
2.162950000000000000e+05
2.372520000000000000e+05
2.526940000000000000e+05
2.714450000000000000e+05
2.879900000000000000e+05
3.045350000000000000e+05
3.199770000000000000e+05
3.387280000000000000e+05
