2.233000000000000000e+04
3.887500000000000000e+04
5.652300000000000000e+04
7.858300000000000000e+04
9.292200000000000000e+04
1.127760000000000000e+05
1.293210000000000000e+05
1.480720000000000000e+05
1.701320000000000000e+05
1.844710000000000000e+05
2.043250000000000000e+05
2.197670000000000000e+05
2.352090000000000000e+05
2.528570000000000000e+05
2.682990000000000000e+05
2.903590000000000000e+05
3.080070000000000000e+05
3.245520000000000000e+05
3.422000000000000000e+05
3.587450000000000000e+05
