4.573000000000000000e+03
1.339700000000000000e+04
2.222100000000000000e+04
3.876600000000000000e+04
4.869300000000000000e+04
6.303200000000000000e+04
7.185600000000000000e+04
8.178300000000000000e+04
9.171000000000000000e+04
1.038430000000000000e+05
1.148730000000000000e+05
1.248000000000000000e+05
1.325210000000000000e+05
1.446540000000000000e+05
1.556840000000000000e+05
1.656110000000000000e+05
1.755380000000000000e+05
1.865680000000000000e+05
1.975980000000000000e+05
2.075250000000000000e+05
