2.777000000000000000e+03
1.821900000000000000e+04
2.924900000000000000e+04
4.027900000000000000e+04
5.903000000000000000e+04
7.226600000000000000e+04
8.439900000000000000e+04
9.763500000000000000e+04
1.086650000000000000e+05
1.196950000000000000e+05
1.340340000000000000e+05
1.483730000000000000e+05
1.616090000000000000e+05
1.726390000000000000e+05
1.858750000000000000e+05
1.980080000000000000e+05
2.090380000000000000e+05
2.233770000000000000e+05
2.366130000000000000e+05
2.476430000000000000e+05
