6.049999999999999822e+00
4.379999999999999893e+00
2.319999999999999840e+00
4.919999999999999929e+00
4.349999999999999645e+00
6.230000000000000426e+00
3.970000000000000195e+00
4.679999999999999716e+00
9.699999999999999734e-01
3.660000000000000142e+00
4.799999999999999822e+00
3.129999999999999893e+00
1.189999999999999947e+00
5.790000000000000036e+00
3.689999999999999947e+00
5.360000000000000320e+00
3.599999999999999867e-01
5.889999999999999680e+00
4.849999999999999645e+00
3.729999999999999982e+00
3.910000000000000142e+00
6.179999999999999716e+00
3.160000000000000142e+00
3.290000000000000036e+00
4.240000000000000213e+00
2.540000000000000036e+00
2.669999999999999929e+00
1.219999999999999973e+00
3.359999999999999876e+00
3.819999999999999840e+00
3.979999999999999982e+00
2.669999999999999929e+00
3.290000000000000036e+00
5.679999999999999716e+00
2.649999999999999911e+00
1.649999999999999911e+00
4.110000000000000320e+00
4.809999999999999609e+00
6.009999999999999787e+00
1.270000000000000018e+00
