1.209999999999999964e+00
2.370000000000000107e+00
2.629999999999999893e+00
1.020000000000000018e+00
5.999999999999999778e-02
4.490000000000000213e+00
6.089999999999999858e+00
3.339999999999999858e+00
2.100000000000000089e+00
4.139999999999999680e+00
2.200000000000000178e+00
1.209999999999999964e+00
1.699999999999999956e+00
8.000000000000000444e-01
3.240000000000000213e+00
4.349999999999999645e+00
4.790000000000000036e+00
2.620000000000000107e+00
5.610000000000000320e+00
2.859999999999999876e+00
9.899999999999999911e-01
4.169999999999999929e+00
4.320000000000000284e+00
3.290000000000000036e+00
5.599999999999999645e+00
2.779999999999999805e+00
2.819999999999999840e+00
1.000000000000000000e+00
5.040000000000000036e+00
5.730000000000000426e+00
5.400000000000000355e+00
1.270000000000000018e+00
2.779999999999999805e+00
2.600000000000000089e+00
4.780000000000000249e+00
5.730000000000000426e+00
1.500000000000000000e+00
4.269999999999999574e+00
7.900000000000000355e-01
4.080000000000000071e+00
