2.910000000000000142e+00
3.910000000000000142e+00
6.209999999999999964e+00
9.399999999999999467e-01
1.159999999999999920e+00
3.359999999999999876e+00
4.480000000000000426e+00
3.549999999999999822e+00
2.549999999999999822e+00
4.059999999999999609e+00
3.599999999999999867e-01
5.490000000000000213e+00
4.200000000000000178e+00
1.620000000000000107e+00
4.709999999999999964e+00
1.729999999999999982e+00
1.179999999999999938e+00
2.169999999999999929e+00
5.790000000000000036e+00
5.639999999999999680e+00
4.589999999999999858e+00
1.870000000000000107e+00
2.580000000000000071e+00
3.060000000000000053e+00
4.600000000000000200e-01
5.089999999999999858e+00
4.309999999999999609e+00
8.800000000000000044e-01
1.459999999999999964e+00
2.549999999999999822e+00
6.030000000000000249e+00
1.449999999999999956e+00
2.300000000000000100e-01
2.600000000000000089e+00
1.729999999999999982e+00
1.500000000000000000e+00
5.660000000000000142e+00
5.320000000000000284e+00
4.400000000000000022e-01
5.899999999999999689e-01
