5.599999999999999645e+00
6.500000000000000222e-01
1.570000000000000062e+00
8.000000000000000444e-01
2.290000000000000036e+00
2.370000000000000107e+00
1.219999999999999973e+00
6.019999999999999574e+00
2.259999999999999787e+00
1.020000000000000018e+00
2.149999999999999911e+00
2.680000000000000160e+00
4.580000000000000071e+00
3.299999999999999822e+00
4.940000000000000391e+00
4.199999999999999845e-01
4.530000000000000249e+00
2.459999999999999964e+00
5.860000000000000320e+00
4.179999999999999716e+00
7.199999999999999734e-01
4.959999999999999964e+00
6.000000000000000000e+00
1.679999999999999938e+00
1.020000000000000018e+00
1.790000000000000036e+00
4.080000000000000071e+00
3.290000000000000036e+00
3.699999999999999956e-01
5.360000000000000320e+00
6.269999999999999574e+00
1.080000000000000071e+00
5.740000000000000213e+00
1.620000000000000107e+00
4.820000000000000284e+00
2.120000000000000107e+00
4.879999999999999893e+00
2.029999999999999805e+00
7.299999999999999822e-01
7.399999999999999911e-01
