5.230000000000000426e+00
2.200000000000000011e-01
3.910000000000000142e+00
4.750000000000000000e+00
4.169999999999999929e+00
4.469999999999999751e+00
1.659999999999999920e+00
4.669999999999999929e+00
2.399999999999999911e+00
5.750000000000000000e+00
3.390000000000000124e+00
4.110000000000000320e+00
4.199999999999999845e-01
4.190000000000000391e+00
5.589999999999999858e+00
8.599999999999999867e-01
3.220000000000000195e+00
1.969999999999999973e+00
9.000000000000000222e-01
4.969999999999999751e+00
4.190000000000000391e+00
2.250000000000000000e+00
2.069999999999999840e+00
4.030000000000000249e+00
2.099999999999999922e-01
2.620000000000000107e+00
2.140000000000000124e+00
6.500000000000000222e-01
2.390000000000000124e+00
1.260000000000000009e+00
2.060000000000000053e+00
3.529999999999999805e+00
1.889999999999999902e+00
1.110000000000000098e+00
2.850000000000000089e+00
5.999999999999999778e-01
5.370000000000000107e+00
2.220000000000000195e+00
3.209999999999999964e+00
3.680000000000000160e+00
