2.569999999999999840e+00
1.310000000000000053e+00
5.860000000000000320e+00
2.600000000000000089e+00
2.129999999999999893e+00
5.469999999999999751e+00
6.190000000000000391e+00
4.849999999999999645e+00
4.000000000000000083e-02
2.540000000000000036e+00
5.309999999999999609e+00
3.790000000000000036e+00
5.389999999999999680e+00
2.200000000000000011e-01
1.520000000000000018e+00
4.599999999999999645e+00
6.089999999999999858e+00
5.100000000000000089e-01
5.540000000000000036e+00
1.260000000000000009e+00
4.809999999999999609e+00
3.120000000000000107e+00
2.979999999999999982e+00
2.310000000000000053e+00
2.649999999999999911e+00
3.790000000000000036e+00
3.600000000000000089e+00
3.450000000000000178e+00
3.459999999999999964e+00
3.799999999999999822e+00
3.709999999999999964e+00
1.310000000000000053e+00
5.120000000000000107e+00
4.400000000000000355e+00
2.000000000000000000e+00
4.669999999999999929e+00
3.299999999999999822e+00
5.910000000000000142e+00
3.229999999999999982e+00
8.399999999999999689e-01
