2.600000000000000089e-01
2.839999999999999858e+00
6.250000000000000000e+00
3.419999999999999929e+00
3.399999999999999911e+00
4.559999999999999609e+00
4.490000000000000213e+00
4.990000000000000213e+00
2.700000000000000178e-01
2.250000000000000000e+00
2.020000000000000018e+00
5.280000000000000249e+00
5.549999999999999822e+00
4.750000000000000000e+00
1.330000000000000071e+00
3.770000000000000018e+00
5.120000000000000107e+00
4.759999999999999787e+00
5.570000000000000284e+00
5.830000000000000071e+00
5.870000000000000107e+00
3.709999999999999964e+00
2.100000000000000089e+00
6.259999999999999787e+00
3.830000000000000071e+00
4.500000000000000000e+00
4.150000000000000355e+00
2.129999999999999893e+00
3.900000000000000133e-01
4.259999999999999787e+00
3.779999999999999805e+00
2.560000000000000053e+00
1.000000000000000000e+00
4.969999999999999751e+00
2.990000000000000213e+00
5.000000000000000278e-02
4.110000000000000320e+00
4.959999999999999964e+00
3.879999999999999893e+00
2.810000000000000053e+00
