6.150000000000000355e+00
1.840000000000000080e+00
3.330000000000000071e+00
6.250000000000000000e+00
5.200000000000000178e-01
1.860000000000000098e+00
6.500000000000000222e-01
7.700000000000000178e-01
5.190000000000000391e+00
1.580000000000000071e+00
8.800000000000000044e-01
3.750000000000000000e+00
2.000000000000000042e-02
4.339999999999999858e+00
5.899999999999999689e-01
5.129999999999999893e+00
4.290000000000000036e+00
6.030000000000000249e+00
5.049999999999999822e+00
2.560000000000000053e+00
1.780000000000000027e+00
4.740000000000000213e+00
3.549999999999999822e+00
2.370000000000000107e+00
2.569999999999999840e+00
6.179999999999999716e+00
1.939999999999999947e+00
3.129999999999999893e+00
2.819999999999999840e+00
2.689999999999999947e+00
5.290000000000000036e+00
3.390000000000000124e+00
2.120000000000000107e+00
4.330000000000000071e+00
2.720000000000000195e+00
4.459999999999999964e+00
1.909999999999999920e+00
2.729999999999999982e+00
4.419999999999999929e+00
4.379999999999999893e+00
