4.679999999999999716e+00
3.970000000000000195e+00
5.200000000000000178e+00
6.139999999999999680e+00
2.490000000000000213e+00
3.379999999999999893e+00
2.779999999999999805e+00
4.870000000000000107e+00
5.879999999999999893e+00
1.000000000000000000e+00
5.679999999999999716e+00
8.900000000000000133e-01
2.560000000000000053e+00
5.700000000000000178e+00
2.060000000000000053e+00
6.269999999999999574e+00
5.400000000000000355e-01
2.399999999999999911e+00
6.169999999999999929e+00
1.520000000000000018e+00
1.120000000000000107e+00
5.300000000000000266e-01
3.600000000000000089e+00
6.230000000000000426e+00
9.499999999999999556e-01
9.499999999999999556e-01
4.580000000000000071e+00
6.219999999999999751e+00
1.739999999999999991e+00
5.709999999999999964e+00
2.879999999999999893e+00
4.490000000000000213e+00
3.600000000000000089e+00
5.809999999999999609e+00
6.009999999999999787e+00
3.740000000000000213e+00
1.689999999999999947e+00
3.069999999999999840e+00
3.149999999999999911e+00
4.440000000000000391e+00
