4.299999999999999822e+00
4.269999999999999574e+00
1.850000000000000089e+00
2.370000000000000107e+00
4.919999999999999929e+00
1.100000000000000089e+00
3.149999999999999911e+00
3.529999999999999805e+00
4.490000000000000213e+00
2.640000000000000124e+00
2.000000000000000000e+00
6.800000000000000488e-01
3.169999999999999929e+00
5.059999999999999609e+00
3.200000000000000178e+00
4.190000000000000391e+00
3.229999999999999982e+00
1.370000000000000107e+00
2.799999999999999822e+00
1.090000000000000080e+00
5.339999999999999858e+00
9.200000000000000400e-01
1.530000000000000027e+00
6.219999999999999751e+00
3.109999999999999876e+00
2.640000000000000124e+00
7.000000000000000666e-02
5.480000000000000426e+00
5.540000000000000036e+00
1.199999999999999956e+00
5.100000000000000089e-01
3.669999999999999929e+00
5.669999999999999929e+00
5.160000000000000142e+00
5.860000000000000320e+00
1.010000000000000009e+00
3.700000000000000178e+00
2.299999999999999822e+00
3.709999999999999964e+00
2.000000000000000042e-02
