2.850000000000000089e+00
2.979999999999999982e+00
2.790000000000000036e+00
6.999999999999999556e-01
4.410000000000000142e+00
2.529999999999999805e+00
1.090000000000000080e+00
3.470000000000000195e+00
3.569999999999999840e+00
2.069999999999999840e+00
2.450000000000000178e+00
1.709999999999999964e+00
5.160000000000000142e+00
1.770000000000000018e+00
4.889999999999999680e+00
3.290000000000000036e+00
1.669999999999999929e+00
5.669999999999999929e+00
3.729999999999999982e+00
5.040000000000000036e+00
3.589999999999999858e+00
5.549999999999999822e+00
1.560000000000000053e+00
3.220000000000000195e+00
4.230000000000000426e+00
4.889999999999999680e+00
3.330000000000000071e+00
1.449999999999999956e+00
1.860000000000000098e+00
5.160000000000000142e+00
2.200000000000000011e-01
2.000000000000000042e-02
2.229999999999999982e+00
3.779999999999999805e+00
2.950000000000000178e+00
2.689999999999999947e+00
5.129999999999999893e+00
4.349999999999999645e+00
3.279999999999999805e+00
4.000000000000000000e+00
