8.499999999999999778e-01
6.110000000000000320e+00
2.620000000000000107e+00
2.290000000000000036e+00
4.509999999999999787e+00
4.899999999999999911e-01
8.199999999999999512e-01
1.219999999999999973e+00
2.300000000000000100e-01
8.199999999999999512e-01
4.780000000000000249e+00
1.360000000000000098e+00
2.250000000000000000e+00
8.599999999999999867e-01
5.500000000000000444e-01
2.330000000000000071e+00
3.939999999999999947e+00
2.000000000000000111e-01
2.609999999999999876e+00
1.810000000000000053e+00
3.339999999999999858e+00
2.069999999999999840e+00
2.200000000000000011e-01
4.530000000000000249e+00
5.040000000000000036e+00
6.139999999999999680e+00
3.370000000000000107e+00
6.899999999999999467e-01
4.799999999999999822e+00
9.200000000000000400e-01
2.720000000000000195e+00
2.600000000000000089e-01
4.879999999999999893e+00
3.680000000000000160e+00
4.500000000000000000e+00
5.200000000000000178e-01
2.750000000000000000e+00
4.419999999999999929e+00
2.979999999999999982e+00
1.149999999999999911e+00
