2.189999999999999947e+00
3.759999999999999787e+00
2.680000000000000160e+00
1.770000000000000018e+00
1.530000000000000027e+00
4.980000000000000426e+00
2.700000000000000178e-01
4.099999999999999756e-01
4.899999999999999911e-01
6.009999999999999787e+00
1.229999999999999982e+00
5.320000000000000284e+00
5.030000000000000249e+00
5.480000000000000426e+00
3.859999999999999876e+00
4.519999999999999574e+00
2.569999999999999840e+00
2.339999999999999858e+00
3.259999999999999787e+00
1.939999999999999947e+00
6.899999999999999467e-01
3.189999999999999947e+00
1.600000000000000033e-01
6.500000000000000222e-01
5.599999999999999645e+00
1.110000000000000098e+00
1.219999999999999973e+00
1.459999999999999964e+00
2.330000000000000071e+00
4.940000000000000391e+00
4.459999999999999964e+00
2.240000000000000213e+00
4.919999999999999929e+00
2.490000000000000213e+00
1.199999999999999956e+00
1.070000000000000062e+00
1.919999999999999929e+00
3.529999999999999805e+00
2.759999999999999787e+00
3.109999999999999876e+00
