5.349999999999999645e+00
5.200000000000000178e+00
1.300000000000000044e+00
5.259999999999999787e+00
3.399999999999999911e+00
2.939999999999999947e+00
4.580000000000000071e+00
6.129999999999999893e+00
5.049999999999999822e+00
7.000000000000000666e-02
4.790000000000000036e+00
8.900000000000000133e-01
3.499999999999999778e-01
2.740000000000000213e+00
1.739999999999999991e+00
6.240000000000000213e+00
4.230000000000000426e+00
1.969999999999999973e+00
5.309999999999999609e+00
4.830000000000000071e+00
4.000000000000000083e-02
4.559999999999999609e+00
5.219999999999999751e+00
5.400000000000000355e-01
1.370000000000000107e+00
1.870000000000000107e+00
4.139999999999999680e+00
1.700000000000000122e-01
2.700000000000000178e+00
4.299999999999999822e+00
6.800000000000000488e-01
1.300000000000000044e-01
4.500000000000000111e-01
4.889999999999999680e+00
3.580000000000000071e+00
2.959999999999999964e+00
2.450000000000000178e+00
2.209999999999999964e+00
4.650000000000000355e+00
5.999999999999999778e-01
