1.799999999999999933e-01
6.200000000000000178e+00
4.740000000000000213e+00
2.750000000000000000e+00
4.320000000000000284e+00
1.449999999999999956e+00
3.160000000000000142e+00
2.999999999999999889e-02
4.740000000000000213e+00
5.200000000000000178e-01
5.330000000000000071e+00
4.110000000000000320e+00
4.849999999999999645e+00
4.870000000000000107e+00
2.279999999999999805e+00
5.599999999999999645e+00
1.639999999999999902e+00
5.129999999999999893e+00
1.100000000000000006e-01
4.030000000000000249e+00
4.820000000000000284e+00
5.580000000000000071e+00
3.250000000000000000e+00
2.109999999999999876e+00
4.089999999999999858e+00
5.110000000000000320e+00
3.120000000000000107e+00
4.780000000000000249e+00
6.169999999999999929e+00
2.660000000000000142e+00
4.929999999999999716e+00
6.230000000000000426e+00
8.999999999999999667e-02
1.700000000000000122e-01
3.089999999999999858e+00
6.400000000000000133e-01
3.660000000000000142e+00
3.699999999999999956e-01
3.990000000000000213e+00
5.519999999999999574e+00
