2.299999999999999822e+00
4.400000000000000355e+00
2.620000000000000107e+00
3.229999999999999982e+00
5.259999999999999787e+00
5.089999999999999858e+00
2.350000000000000089e+00
5.480000000000000426e+00
5.540000000000000036e+00
3.669999999999999929e+00
5.469999999999999751e+00
1.080000000000000071e+00
2.520000000000000018e+00
4.250000000000000000e+00
4.099999999999999756e-01
3.600000000000000089e+00
4.179999999999999716e+00
5.309999999999999609e+00
5.450000000000000178e+00
3.799999999999999822e+00
1.790000000000000036e+00
1.409999999999999920e+00
1.250000000000000000e+00
2.609999999999999876e+00
2.870000000000000107e+00
3.599999999999999867e-01
4.040000000000000036e+00
2.660000000000000142e+00
4.440000000000000391e+00
8.399999999999999689e-01
5.500000000000000000e+00
3.700000000000000178e+00
1.800000000000000044e+00
2.220000000000000195e+00
8.999999999999999667e-02
4.699999999999999734e-01
3.319999999999999840e+00
5.580000000000000071e+00
4.719999999999999751e+00
4.199999999999999845e-01
