4.889999999999999680e+00
4.349999999999999645e+00
3.499999999999999778e-01
3.509999999999999787e+00
2.689999999999999947e+00
3.120000000000000107e+00
1.399999999999999911e+00
5.519999999999999574e+00
1.709999999999999964e+00
6.280000000000000249e+00
4.600000000000000200e-01
3.180000000000000160e+00
6.129999999999999893e+00
1.379999999999999893e+00
2.000000000000000000e+00
4.980000000000000426e+00
4.110000000000000320e+00
4.230000000000000426e+00
2.149999999999999911e+00
4.320000000000000284e+00
1.429999999999999938e+00
2.049999999999999822e+00
4.480000000000000426e+00
6.179999999999999716e+00
4.899999999999999911e-01
3.270000000000000018e+00
5.940000000000000391e+00
2.979999999999999982e+00
1.629999999999999893e+00
2.240000000000000213e+00
2.330000000000000071e+00
4.480000000000000426e+00
2.339999999999999858e+00
1.250000000000000000e+00
2.169999999999999929e+00
2.430000000000000160e+00
1.360000000000000098e+00
2.359999999999999876e+00
2.609999999999999876e+00
1.110000000000000098e+00
