5.530000000000000249e+00
6.190000000000000391e+00
6.179999999999999716e+00
1.919999999999999929e+00
8.000000000000000167e-02
3.299999999999999822e+00
5.309999999999999609e+00
4.019999999999999574e+00
5.209999999999999964e+00
3.400000000000000244e-01
5.000000000000000000e-01
4.959999999999999964e+00
3.080000000000000071e+00
4.419999999999999929e+00
5.300000000000000266e-01
3.729999999999999982e+00
1.260000000000000009e+00
8.100000000000000533e-01
4.330000000000000071e+00
2.310000000000000053e+00
2.620000000000000107e+00
3.099999999999999978e-01
4.540000000000000036e+00
6.089999999999999858e+00
3.169999999999999929e+00
2.520000000000000018e+00
8.800000000000000044e-01
6.300000000000000044e-01
2.879999999999999893e+00
4.570000000000000284e+00
2.790000000000000036e+00
5.370000000000000107e+00
4.500000000000000000e+00
1.419999999999999929e+00
2.879999999999999893e+00
2.060000000000000053e+00
4.759999999999999787e+00
4.139999999999999680e+00
1.760000000000000009e+00
4.059999999999999609e+00
