4.570000000000000284e+00
2.509999999999999787e+00
3.270000000000000018e+00
5.339999999999999858e+00
2.089999999999999858e+00
2.899999999999999800e-01
1.790000000000000036e+00
2.779999999999999805e+00
2.750000000000000000e+00
1.469999999999999973e+00
5.969999999999999751e+00
5.400000000000000355e-01
1.550000000000000044e+00
8.999999999999999667e-02
1.800000000000000044e+00
2.509999999999999787e+00
5.610000000000000320e+00
1.500000000000000000e+00
1.629999999999999893e+00
6.150000000000000355e+00
1.070000000000000062e+00
1.120000000000000107e+00
1.419999999999999929e+00
5.740000000000000213e+00
3.220000000000000195e+00
1.000000000000000056e-01
6.269999999999999574e+00
1.030000000000000027e+00
2.259999999999999787e+00
2.350000000000000089e+00
5.639999999999999680e+00
5.179999999999999716e+00
6.199999999999999956e-01
5.379999999999999893e+00
5.150000000000000355e+00
3.759999999999999787e+00
2.140000000000000124e+00
2.200000000000000011e-01
2.899999999999999800e-01
2.569999999999999840e+00
