4.629999999999999893e+00
2.370000000000000107e+00
2.479999999999999982e+00
1.629999999999999893e+00
2.450000000000000178e+00
2.020000000000000018e+00
2.060000000000000053e+00
6.059999999999999609e+00
2.220000000000000195e+00
5.740000000000000213e+00
5.950000000000000178e+00
2.839999999999999858e+00
9.100000000000000311e-01
6.800000000000000488e-01
1.850000000000000089e+00
2.800000000000000266e-01
4.530000000000000249e+00
5.690000000000000391e+00
3.490000000000000213e+00
7.000000000000000666e-02
1.090000000000000080e+00
2.069999999999999840e+00
3.379999999999999893e+00
4.230000000000000426e+00
4.610000000000000320e+00
5.950000000000000178e+00
8.399999999999999689e-01
3.720000000000000195e+00
2.200000000000000178e+00
4.190000000000000391e+00
6.899999999999999467e-01
5.179999999999999716e+00
5.780000000000000249e+00
2.200000000000000178e+00
2.209999999999999964e+00
1.520000000000000018e+00
6.080000000000000071e+00
5.190000000000000391e+00
5.830000000000000071e+00
4.790000000000000036e+00
