2.890000000000000124e+00
3.080000000000000071e+00
5.929999999999999716e+00
4.490000000000000213e+00
5.169999999999999929e+00
3.359999999999999876e+00
2.799999999999999822e+00
4.919999999999999929e+00
2.589999999999999858e+00
4.200000000000000178e+00
3.279999999999999805e+00
3.950000000000000178e+00
4.339999999999999858e+00
4.599999999999999645e+00
2.180000000000000160e+00
3.250000000000000000e+00
5.190000000000000391e+00
5.799999999999999600e-01
2.520000000000000018e+00
4.110000000000000320e+00
1.050000000000000044e+00
5.809999999999999609e+00
8.800000000000000044e-01
4.190000000000000391e+00
3.290000000000000036e+00
1.000000000000000056e-01
2.410000000000000142e+00
4.429999999999999716e+00
4.199999999999999845e-01
6.059999999999999609e+00
9.100000000000000311e-01
2.899999999999999800e-01
4.099999999999999645e+00
1.719999999999999973e+00
3.160000000000000142e+00
2.339999999999999858e+00
9.100000000000000311e-01
2.560000000000000053e+00
2.220000000000000195e+00
4.480000000000000426e+00
