5.900000000000000355e+00
5.780000000000000249e+00
5.480000000000000426e+00
3.180000000000000160e+00
1.469999999999999973e+00
4.019999999999999574e+00
5.410000000000000142e+00
3.580000000000000071e+00
5.269999999999999574e+00
4.000000000000000222e-01
5.500000000000000000e+00
4.780000000000000249e+00
5.040000000000000036e+00
5.049999999999999822e+00
5.940000000000000391e+00
1.389999999999999902e+00
2.799999999999999822e+00
2.000000000000000111e-01
2.770000000000000018e+00
3.240000000000000213e+00
4.000000000000000083e-02
1.580000000000000071e+00
5.299999999999999822e+00
4.919999999999999929e+00
3.029999999999999805e+00
3.490000000000000213e+00
2.899999999999999800e-01
4.080000000000000071e+00
2.419999999999999929e+00
1.000000000000000021e-02
5.190000000000000391e+00
6.129999999999999893e+00
1.399999999999999911e+00
5.600000000000000533e-01
2.799999999999999822e+00
4.129999999999999893e+00
4.910000000000000142e+00
5.389999999999999680e+00
5.400000000000000355e-01
5.820000000000000284e+00
