2.609999999999999876e+00
2.799999999999999822e+00
1.879999999999999893e+00
1.510000000000000009e+00
1.909999999999999920e+00
1.110000000000000098e+00
5.440000000000000391e+00
4.349999999999999645e+00
1.389999999999999902e+00
6.129999999999999893e+00
9.399999999999999467e-01
4.769999999999999574e+00
2.779999999999999805e+00
6.269999999999999574e+00
4.730000000000000426e+00
4.030000000000000249e+00
4.400000000000000355e+00
5.320000000000000284e+00
2.000000000000000042e-02
4.230000000000000426e+00
7.900000000000000355e-01
2.680000000000000160e+00
6.030000000000000249e+00
4.820000000000000284e+00
3.290000000000000036e+00
5.769999999999999574e+00
8.000000000000000167e-02
3.950000000000000178e+00
3.620000000000000107e+00
6.500000000000000222e-01
1.189999999999999947e+00
3.569999999999999840e+00
3.029999999999999805e+00
8.800000000000000044e-01
4.599999999999999645e+00
1.229999999999999982e+00
1.020000000000000018e+00
2.859999999999999876e+00
8.399999999999999689e-01
4.059999999999999609e+00
