2.660000000000000142e+00
6.160000000000000142e+00
3.740000000000000213e+00
6.040000000000000036e+00
5.580000000000000071e+00
2.620000000000000107e+00
8.000000000000000167e-02
6.600000000000000311e-01
2.899999999999999911e+00
2.540000000000000036e+00
3.479999999999999982e+00
5.070000000000000284e+00
4.900000000000000355e+00
8.299999999999999600e-01
2.109999999999999876e+00
1.850000000000000089e+00
1.159999999999999920e+00
1.330000000000000071e+00
2.649999999999999911e+00
3.669999999999999929e+00
7.700000000000000178e-01
4.500000000000000111e-01
5.969999999999999751e+00
1.070000000000000062e+00
2.549999999999999822e+00
2.470000000000000195e+00
2.089999999999999858e+00
1.050000000000000044e+00
1.739999999999999991e+00
6.169999999999999929e+00
3.620000000000000107e+00
5.349999999999999645e+00
3.270000000000000018e+00
1.850000000000000089e+00
2.600000000000000089e+00
1.870000000000000107e+00
4.290000000000000036e+00
3.649999999999999911e+00
2.450000000000000178e+00
1.409999999999999920e+00
