5.429999999999999716e+00
3.990000000000000213e+00
3.830000000000000071e+00
1.320000000000000062e+00
4.059999999999999609e+00
4.919999999999999929e+00
6.169999999999999929e+00
3.680000000000000160e+00
3.310000000000000053e+00
6.099999999999999645e+00
6.250000000000000000e+00
1.439999999999999947e+00
2.500000000000000000e-01
3.350000000000000089e+00
4.400000000000000022e-01
6.150000000000000355e+00
5.980000000000000426e+00
3.180000000000000160e+00
4.049999999999999822e+00
5.379999999999999893e+00
1.699999999999999956e+00
2.100000000000000089e+00
2.160000000000000142e+00
2.509999999999999787e+00
1.919999999999999929e+00
3.599999999999999867e-01
4.820000000000000284e+00
1.439999999999999947e+00
6.120000000000000107e+00
4.600000000000000200e-01
7.900000000000000355e-01
3.839999999999999858e+00
5.139999999999999680e+00
5.309999999999999609e+00
4.849999999999999645e+00
7.500000000000000000e-01
2.009999999999999787e+00
1.129999999999999893e+00
4.900000000000000355e+00
3.950000000000000178e+00
