1.679999999999999938e+00
1.949999999999999956e+00
5.190000000000000391e+00
1.379999999999999893e+00
1.530000000000000027e+00
4.110000000000000320e+00
5.940000000000000391e+00
4.980000000000000426e+00
6.400000000000000133e-01
1.909999999999999920e+00
1.780000000000000027e+00
1.429999999999999938e+00
3.959999999999999964e+00
3.770000000000000018e+00
3.759999999999999787e+00
3.220000000000000195e+00
3.729999999999999982e+00
6.120000000000000107e+00
5.000000000000000000e-01
6.030000000000000249e+00
5.559999999999999609e+00
1.310000000000000053e+00
2.600000000000000089e-01
2.000000000000000000e+00
2.390000000000000124e+00
5.839999999999999858e+00
2.149999999999999911e+00
3.950000000000000178e+00
4.570000000000000284e+00
5.709999999999999964e+00
5.709999999999999964e+00
4.490000000000000213e+00
6.190000000000000391e+00
3.990000000000000213e+00
5.500000000000000000e+00
3.600000000000000089e+00
6.259999999999999787e+00
4.610000000000000320e+00
2.470000000000000195e+00
5.070000000000000284e+00
