1.189999999999999947e+00
1.250000000000000000e+00
3.689999999999999947e+00
5.080000000000000071e+00
3.259999999999999787e+00
4.719999999999999751e+00
2.000000000000000111e-01
5.870000000000000107e+00
3.729999999999999982e+00
2.160000000000000142e+00
4.179999999999999716e+00
1.620000000000000107e+00
1.659999999999999920e+00
2.720000000000000195e+00
3.250000000000000000e+00
2.839999999999999858e+00
1.989999999999999991e+00
1.459999999999999964e+00
3.200000000000000178e+00
1.229999999999999982e+00
4.799999999999999822e+00
1.649999999999999911e+00
4.629999999999999893e+00
4.190000000000000391e+00
2.609999999999999876e+00
1.139999999999999902e+00
2.669999999999999929e+00
5.879999999999999893e+00
3.640000000000000124e+00
5.669999999999999929e+00
2.140000000000000124e+00
5.500000000000000000e+00
2.240000000000000213e+00
5.379999999999999893e+00
3.950000000000000178e+00
2.899999999999999800e-01
1.120000000000000107e+00
4.179999999999999716e+00
5.899999999999999689e-01
2.370000000000000107e+00
