2.629999999999999893e+00
6.899999999999999467e-01
4.910000000000000142e+00
2.700000000000000178e+00
5.100000000000000089e-01
4.120000000000000107e+00
5.870000000000000107e+00
2.759999999999999787e+00
9.300000000000000488e-01
2.640000000000000124e+00
4.160000000000000142e+00
6.059999999999999609e+00
1.959999999999999964e+00
6.059999999999999609e+00
2.270000000000000018e+00
6.200000000000000178e+00
4.799999999999999822e+00
5.120000000000000107e+00
2.700000000000000178e-01
6.059999999999999609e+00
2.450000000000000178e+00
5.639999999999999680e+00
6.219999999999999751e+00
4.379999999999999893e+00
8.499999999999999778e-01
5.769999999999999574e+00
6.300000000000000044e-01
4.589999999999999858e+00
6.200000000000000178e+00
4.150000000000000355e+00
5.049999999999999822e+00
4.099999999999999645e+00
3.149999999999999911e+00
2.540000000000000036e+00
3.319999999999999840e+00
7.800000000000000266e-01
2.990000000000000213e+00
5.400000000000000355e+00
3.399999999999999911e+00
8.199999999999999512e-01
