5.950000000000000178e+00
1.129999999999999893e+00
2.689999999999999947e+00
3.870000000000000107e+00
2.870000000000000107e+00
3.680000000000000160e+00
1.120000000000000107e+00
2.089999999999999858e+00
5.839999999999999858e+00
5.360000000000000320e+00
6.019999999999999574e+00
3.000000000000000000e+00
4.240000000000000213e+00
5.600000000000000533e-01
1.800000000000000044e+00
5.040000000000000036e+00
5.250000000000000000e+00
4.620000000000000107e+00
5.049999999999999822e+00
2.250000000000000000e+00
5.080000000000000071e+00
1.500000000000000000e+00
4.000000000000000222e-01
1.310000000000000053e+00
2.020000000000000018e+00
4.059999999999999609e+00
1.469999999999999973e+00
2.200000000000000178e+00
1.499999999999999944e-01
2.220000000000000195e+00
3.400000000000000244e-01
3.200000000000000178e+00
4.589999999999999858e+00
2.660000000000000142e+00
6.269999999999999574e+00
7.000000000000000666e-02
2.589999999999999858e+00
4.910000000000000142e+00
2.620000000000000107e+00
8.299999999999999600e-01
