6.200000000000000178e+00
7.700000000000000178e-01
8.800000000000000044e-01
2.850000000000000089e+00
3.400000000000000244e-01
4.450000000000000178e+00
6.049999999999999822e+00
4.139999999999999680e+00
8.699999999999999956e-01
5.530000000000000249e+00
4.820000000000000284e+00
1.250000000000000000e+00
1.969999999999999973e+00
3.729999999999999982e+00
4.150000000000000355e+00
1.399999999999999911e+00
2.099999999999999922e-01
4.740000000000000213e+00
4.549999999999999822e+00
5.059999999999999609e+00
5.450000000000000178e+00
4.200000000000000178e+00
5.899999999999999689e-01
6.219999999999999751e+00
3.900000000000000133e-01
1.469999999999999973e+00
1.949999999999999956e+00
4.759999999999999787e+00
5.320000000000000284e+00
4.679999999999999716e+00
2.839999999999999858e+00
8.299999999999999600e-01
5.000000000000000000e-01
1.570000000000000062e+00
6.169999999999999929e+00
2.500000000000000000e-01
4.089999999999999858e+00
1.499999999999999944e-01
3.819999999999999840e+00
7.500000000000000000e-01
