1.929999999999999938e+00
2.419999999999999929e+00
4.799999999999999822e+00
6.400000000000000133e-01
1.379999999999999893e+00
3.979999999999999982e+00
4.559999999999999609e+00
2.330000000000000071e+00
2.609999999999999876e+00
2.919999999999999929e+00
5.719999999999999751e+00
6.070000000000000284e+00
3.870000000000000107e+00
4.959999999999999964e+00
1.600000000000000089e+00
2.089999999999999858e+00
1.560000000000000053e+00
1.939999999999999947e+00
3.020000000000000018e+00
1.030000000000000027e+00
3.400000000000000244e-01
5.600000000000000533e-01
3.800000000000000044e-01
1.010000000000000009e+00
3.319999999999999840e+00
4.400000000000000022e-01
4.589999999999999858e+00
1.780000000000000027e+00
3.609999999999999876e+00
3.529999999999999805e+00
6.070000000000000284e+00
4.190000000000000391e+00
5.299999999999999822e+00
1.499999999999999944e-01
5.419999999999999929e+00
2.560000000000000053e+00
3.279999999999999805e+00
1.870000000000000107e+00
4.700000000000000178e+00
2.189999999999999947e+00
