1.582999999999999963e+00
1.260000000000000009e+00
1.455999999999999961e+00
1.294000000000000039e+00
2.029999999999999805e+00
9.409999999999999476e-01
1.205000000000000071e+00
1.669999999999999929e+00
1.032000000000000028e+00
1.441000000000000059e+00
1.977000000000000091e+00
1.473000000000000087e+00
2.104999999999999982e+00
1.534000000000000030e+00
9.350000000000000533e-01
1.536999999999999922e+00
1.086999999999999966e+00
5.570000000000000506e-01
9.959999999999999964e-01
2.629000000000000004e+00
9.689999999999999725e-01
1.715000000000000080e+00
8.259999999999999565e-01
1.477999999999999980e+00
1.495999999999999996e+00
1.625000000000000000e+00
6.999999999999999556e-01
1.437999999999999945e+00
1.826999999999999957e+00
8.509999999999999787e-01
5.390000000000000346e-01
1.643999999999999906e+00
6.069999999999999840e-01
1.272000000000000020e+00
1.350000000000000089e+00
1.846999999999999975e+00
1.235000000000000098e+00
1.741999999999999993e+00
2.198999999999999844e+00
7.820000000000000284e-01
