1.288000000000000034e+00
2.302999999999999936e+00
1.179999999999999938e+00
9.120000000000000329e-01
1.608999999999999986e+00
1.195999999999999952e+00
2.463000000000000078e+00
1.116999999999999993e+00
1.026999999999999913e+00
2.449999999999999956e-01
1.175999999999999934e+00
1.635000000000000009e+00
2.326000000000000068e+00
2.882000000000000117e+00
9.360000000000000542e-01
1.298000000000000043e+00
1.167000000000000037e+00
1.179999999999999938e+00
1.645000000000000018e+00
1.604000000000000092e+00
9.899999999999999911e-01
1.935000000000000053e+00
1.870999999999999996e+00
3.677000000000000046e+00
1.965999999999999970e+00
1.572000000000000064e+00
-1.400000000000000133e-01
2.778999999999999915e+00
1.530000000000000027e+00
2.704000000000000181e+00
1.568999999999999950e+00
2.313000000000000167e+00
1.310999999999999943e+00
1.245000000000000107e+00
9.739999999999999769e-01
1.405000000000000027e+00
6.330000000000000071e-01
2.065999999999999837e+00
1.076999999999999957e+00
1.229000000000000092e+00
