6.300000000000000044e-01
1.727999999999999980e+00
3.512999999999999901e+00
1.100999999999999979e+00
2.580000000000000071e-01
3.108000000000000096e+00
1.925000000000000044e+00
1.397000000000000020e+00
1.723000000000000087e+00
4.869999999999999885e-01
1.707000000000000073e+00
1.627000000000000002e+00
1.360999999999999988e+00
2.491000000000000103e+00
2.637999999999999901e+00
2.100000000000000089e+00
3.379000000000000004e+00
1.522999999999999909e+00
2.436999999999999833e+00
3.033999999999999808e+00
2.625999999999999890e+00
1.397999999999999909e+00
1.195999999999999952e+00
1.358000000000000096e+00
2.008000000000000007e+00
1.977000000000000091e+00
4.059999999999999609e+00
1.824999999999999956e+00
2.281000000000000139e+00
1.260000000000000009e+00
5.769999999999999574e-01
1.510000000000000009e+00
2.807999999999999829e+00
2.031000000000000139e+00
1.794999999999999929e+00
1.780999999999999917e+00
2.802999999999999936e+00
1.445000000000000062e+00
1.939000000000000057e+00
3.940999999999999837e+00
