1.272000000000000020e+00
1.554000000000000048e+00
1.441000000000000059e+00
9.100000000000000311e-01
1.780000000000000027e+00
9.060000000000000275e-01
1.177999999999999936e+00
1.008000000000000007e+00
5.769999999999999574e-01
1.026999999999999913e+00
2.004999999999999893e+00
1.231000000000000094e+00
7.930000000000000382e-01
8.800000000000000044e-01
1.354000000000000092e+00
-2.039999999999999869e-01
1.181000000000000050e+00
9.599999999999999645e-01
1.000999999999999890e+00
9.589999999999999636e-01
1.203000000000000069e+00
1.516999999999999904e+00
7.199999999999999734e-01
1.568000000000000060e+00
1.312999999999999945e+00
-2.630000000000000115e-01
1.690000000000000113e-01
1.125000000000000000e+00
1.679000000000000048e+00
8.890000000000000124e-01
1.231999999999999984e+00
1.252000000000000002e+00
1.120999999999999996e+00
7.990000000000000435e-01
1.495000000000000107e+00
9.190000000000000391e-01
1.151999999999999913e+00
9.859999999999999876e-01
1.669000000000000039e+00
1.326000000000000068e+00
