1.179999999999999938e+00
1.764000000000000012e+00
4.510000000000000120e-01
2.111000000000000210e+00
5.939999999999999725e-01
1.977999999999999980e+00
1.600000000000000089e+00
5.669999999999999485e-01
1.457000000000000073e+00
1.038000000000000034e+00
6.690000000000000391e-01
3.820000000000000062e-01
1.284999999999999920e+00
1.758000000000000007e+00
3.061999999999999833e+00
2.160000000000000142e+00
3.760000000000000009e-01
6.420000000000000151e-01
2.121999999999999886e+00
2.744000000000000217e+00
5.699999999999999512e-01
1.461999999999999966e+00
3.331999999999999851e+00
1.054000000000000048e+00
1.673999999999999932e+00
6.089999999999999858e-01
2.161999999999999922e+00
9.210000000000000409e-01
2.137000000000000011e+00
3.015000000000000124e+00
1.411999999999999922e+00
2.650999999999999801e+00
2.121999999999999886e+00
3.061999999999999833e+00
2.056000000000000050e+00
1.921000000000000041e+00
2.161000000000000032e+00
1.854999999999999982e+00
1.314000000000000057e+00
1.191999999999999948e+00
