2.403000000000000025e+00
2.388999999999999790e+00
1.943999999999999950e+00
1.596000000000000085e+00
1.693999999999999950e+00
2.036000000000000032e+00
1.901000000000000023e+00
1.810999999999999943e+00
1.820999999999999952e+00
1.006000000000000005e+00
1.977000000000000091e+00
2.036999999999999922e+00
2.972999999999999865e+00
8.699999999999999956e-01
1.903999999999999915e+00
1.290000000000000036e+00
2.424999999999999822e+00
1.193000000000000060e+00
1.316999999999999948e+00
1.770999999999999908e+00
1.806000000000000050e+00
2.015000000000000124e+00
1.300000000000000044e+00
3.629999999999999893e-01
1.203999999999999959e+00
2.049999999999999822e+00
1.792000000000000037e+00
1.824999999999999956e+00
2.467000000000000082e+00
1.711999999999999966e+00
4.380000000000000004e-01
1.276999999999999913e+00
1.475999999999999979e+00
1.383000000000000007e+00
2.152000000000000135e+00
1.733000000000000096e+00
1.758000000000000007e+00
1.247999999999999998e+00
1.461999999999999966e+00
1.149000000000000021e+00
