1.872999999999999998e+00
1.118999999999999995e+00
1.993999999999999995e+00
1.883999999999999897e+00
1.032000000000000028e+00
1.808999999999999941e+00
6.580000000000000293e-01
2.637000000000000011e+00
2.226999999999999869e+00
1.181999999999999940e+00
1.969999999999999973e+00
1.250000000000000000e+00
4.010000000000000231e-01
8.070000000000000506e-01
1.181999999999999940e+00
1.703999999999999959e+00
1.991000000000000103e+00
9.929999999999999938e-01
1.147000000000000020e+00
1.197000000000000064e+00
1.792999999999999927e+00
3.020999999999999908e+00
2.339999999999999858e+00
1.997000000000000108e+00
1.566999999999999948e+00
2.593999999999999861e+00
2.091000000000000192e+00
2.697999999999999954e+00
7.489999999999999991e-01
1.794000000000000039e+00
2.513999999999999790e+00
9.599999999999999645e-01
1.985000000000000098e+00
1.961999999999999966e+00
2.125000000000000000e+00
3.088999999999999968e+00
6.840000000000000524e-01
1.362999999999999989e+00
1.687999999999999945e+00
1.038000000000000034e+00
