1.294999999999999929e+00
8.379999999999999671e-01
6.899999999999999467e-01
1.510000000000000009e+00
1.336999999999999966e+00
2.449999999999999956e-01
1.213999999999999968e+00
8.960000000000000187e-01
9.280000000000000471e-01
6.640000000000000346e-01
6.820000000000000506e-01
1.250999999999999890e+00
6.630000000000000338e-01
1.147000000000000020e+00
1.004000000000000004e+00
1.294999999999999929e+00
1.758999999999999897e+00
1.020000000000000018e+00
-4.499999999999999833e-02
1.836999999999999966e+00
1.338999999999999968e+00
1.195000000000000062e+00
1.524000000000000021e+00
7.039999999999999591e-01
7.890000000000000346e-01
1.618000000000000105e+00
8.409999999999999698e-01
1.360999999999999988e+00
9.599999999999999645e-01
1.058999999999999941e+00
4.359999999999999987e-01
1.012999999999999901e+00
1.229000000000000092e+00
1.106999999999999984e+00
1.153999999999999915e+00
1.030000000000000027e+00
2.016999999999999904e+00
2.000000000000000000e+00
1.497000000000000108e+00
8.379999999999999671e-01
