2.267999999999999794e+00
7.630000000000000115e-01
1.409999999999999920e+00
1.524000000000000021e+00
1.312000000000000055e+00
6.780000000000000471e-01
1.064999999999999947e+00
5.130000000000000115e-01
2.547000000000000153e+00
1.256999999999999895e+00
9.759999999999999787e-01
1.602999999999999980e+00
2.132000000000000117e+00
1.671999999999999931e+00
1.969000000000000083e+00
1.379999999999999893e+00
1.727000000000000091e+00
1.094999999999999973e+00
1.245000000000000107e+00
1.425000000000000044e+00
1.022000000000000020e+00
1.377000000000000002e+00
1.695000000000000062e+00
2.482000000000000206e+00
2.075000000000000178e+00
1.895999999999999908e+00
2.095000000000000195e+00
2.004999999999999893e+00
1.272999999999999909e+00
1.782999999999999918e+00
1.584999999999999964e+00
1.177999999999999936e+00
1.772999999999999909e+00
1.316000000000000059e+00
2.129999999999999893e+00
1.439999999999999947e+00
1.026000000000000023e+00
1.086999999999999966e+00
2.240000000000000047e-01
1.205000000000000071e+00
