1.800000000000000044e+00
1.411999999999999922e+00
1.754999999999999893e+00
1.927999999999999936e+00
8.090000000000000524e-01
2.309000000000000163e+00
2.093999999999999861e+00
2.386000000000000121e+00
1.699000000000000066e+00
1.026000000000000023e+00
1.209999999999999964e+00
1.600999999999999979e+00
1.911000000000000032e+00
1.530999999999999917e+00
2.166999999999999815e+00
2.029999999999999805e+00
1.754999999999999893e+00
9.849999999999999867e-01
1.310000000000000053e+00
7.259999999999999787e-01
1.709000000000000075e+00
2.041999999999999815e+00
2.148000000000000131e+00
1.332999999999999963e+00
1.846999999999999975e+00
2.374000000000000110e+00
9.040000000000000258e-01
1.572000000000000064e+00
1.967999999999999972e+00
7.389999999999999902e-01
1.227000000000000091e+00
2.371999999999999886e+00
2.234999999999999876e+00
1.953999999999999959e+00
2.874000000000000110e+00
2.186999999999999833e+00
2.017999999999999794e+00
1.314000000000000057e+00
1.874000000000000110e+00
2.060999999999999943e+00
