8.589999999999999858e-01
1.707999999999999963e+00
5.360000000000000320e-01
1.387000000000000011e+00
3.529999999999999805e-01
1.237999999999999989e+00
1.086999999999999966e+00
1.443000000000000060e+00
2.608999999999999986e+00
1.687999999999999945e+00
6.189999999999999947e-01
1.897000000000000020e+00
1.165000000000000036e+00
1.913999999999999924e+00
1.564999999999999947e+00
2.169000000000000039e+00
1.014999999999999902e+00
1.417999999999999927e+00
7.399999999999999911e-01
1.868000000000000105e+00
1.046999999999999931e+00
1.225999999999999979e+00
1.362000000000000099e+00
1.318000000000000060e+00
1.582999999999999963e+00
1.231000000000000094e+00
1.457000000000000073e+00
2.197000000000000064e+00
9.729999999999999760e-01
9.699999999999999734e-01
1.590999999999999970e+00
1.374000000000000110e+00
1.562000000000000055e+00
1.677000000000000046e+00
1.828000000000000069e+00
1.594000000000000083e+00
1.286000000000000032e+00
9.989999999999999991e-01
1.485000000000000098e+00
1.770000000000000018e+00
