2.572999999999999954e+00
1.604999999999999982e+00
2.274000000000000021e+00
2.011000000000000121e+00
2.145000000000000018e+00
1.622999999999999998e+00
2.085999999999999854e+00
2.270999999999999908e+00
1.689000000000000057e+00
2.334999999999999964e+00
3.940000000000000169e-01
2.141999999999999904e+00
1.895999999999999908e+00
3.471000000000000085e+00
2.064999999999999947e+00
1.741999999999999993e+00
2.097999999999999865e+00
1.064999999999999947e+00
1.909000000000000030e+00
2.455999999999999961e+00
2.838999999999999968e+00
2.829999999999999738e-01
1.854000000000000092e+00
1.538000000000000034e+00
2.209000000000000075e+00
2.726999999999999869e+00
2.056000000000000050e+00
1.798999999999999932e+00
2.176000000000000156e+00
1.473999999999999977e+00
1.401000000000000023e+00
1.576999999999999957e+00
1.870999999999999996e+00
1.870999999999999996e+00
2.505999999999999783e+00
2.217000000000000082e+00
3.383999999999999897e+00
1.250999999999999890e+00
1.643000000000000016e+00
3.527000000000000135e+00
