1.475999999999999979e+00
9.160000000000000364e-01
7.700000000000000178e-01
1.006000000000000005e+00
7.880000000000000338e-01
1.282999999999999918e+00
1.056000000000000050e+00
7.960000000000000409e-01
7.379999999999999893e-01
1.580000000000000071e+00
7.840000000000000302e-01
1.584999999999999964e+00
1.653000000000000025e+00
1.929000000000000048e+00
1.820999999999999952e+00
1.145000000000000018e+00
1.681999999999999940e+00
1.620999999999999996e+00
1.040000000000000036e+00
1.459000000000000075e+00
1.256000000000000005e+00
1.344000000000000083e+00
1.079999999999999988e-01
1.036000000000000032e+00
8.649999999999999911e-01
5.580000000000000515e-01
1.020999999999999908e+00
9.170000000000000373e-01
1.247000000000000108e+00
1.850999999999999979e+00
1.241000000000000103e+00
1.379999999999999893e+00
2.232000000000000206e+00
1.110000000000000098e+00
9.809999999999999831e-01
1.693999999999999950e+00
1.661999999999999922e+00
1.504000000000000004e+00
1.687999999999999945e+00
2.334000000000000075e+00
