1.393999999999999906e+00
1.024999999999999911e+00
1.066000000000000059e+00
9.569999999999999618e-01
4.839999999999999858e-01
1.028000000000000025e+00
1.149000000000000021e+00
2.108000000000000096e+00
4.779999999999999805e-01
1.397999999999999909e+00
1.181999999999999940e+00
1.560000000000000053e+00
1.524000000000000021e+00
1.098000000000000087e+00
1.050000000000000044e+00
1.447999999999999954e+00
8.850000000000000089e-01
2.170999999999999819e+00
1.731000000000000094e+00
1.713999999999999968e+00
1.473999999999999977e+00
1.147000000000000020e+00
1.231000000000000094e+00
1.540000000000000036e+00
1.056999999999999940e+00
1.467999999999999972e+00
1.752999999999999892e+00
4.510000000000000120e-01
1.068000000000000060e+00
1.675999999999999934e+00
1.645000000000000018e+00
1.655999999999999917e+00
1.098999999999999977e+00
1.118000000000000105e+00
1.560999999999999943e+00
2.092999999999999972e+00
1.221000000000000085e+00
1.211000000000000076e+00
1.489000000000000101e+00
7.870000000000000329e-01
