1.485999999999999988e+00
1.901999999999999913e+00
2.044999999999999929e+00
1.518999999999999906e+00
1.098999999999999977e+00
6.560000000000000275e-01
2.092000000000000082e+00
1.318000000000000060e+00
1.665000000000000036e+00
1.237999999999999989e+00
2.001999999999999780e+00
1.090000000000000080e+00
1.459000000000000075e+00
2.571000000000000174e+00
1.264999999999999902e+00
1.778999999999999915e+00
2.004000000000000004e+00
1.677000000000000046e+00
1.403999999999999915e+00
2.434000000000000163e+00
9.789999999999999813e-01
5.689999999999999503e-01
8.669999999999999929e-01
1.997000000000000108e+00
2.979999999999999871e-01
3.029999999999999805e+00
1.372000000000000108e+00
1.796000000000000041e+00
1.423999999999999932e+00
1.342000000000000082e+00
1.370999999999999996e+00
2.177000000000000046e+00
4.689999999999999725e-01
2.460999999999999854e+00
2.154999999999999805e+00
1.612000000000000099e+00
1.058999999999999941e+00
8.910000000000000142e-01
1.368000000000000105e+00
1.754000000000000004e+00
