3.365000000000000000e+03
1.880700000000000000e+04
3.535200000000000000e+04
5.189700000000000000e+04
6.844200000000000000e+04
8.388400000000000000e+04
1.004290000000000000e+05
1.169740000000000000e+05
1.335190000000000000e+05
1.500640000000000000e+05
1.666090000000000000e+05
1.831540000000000000e+05
1.996990000000000000e+05
2.151410000000000000e+05
2.316860000000000000e+05
2.482310000000000000e+05
2.647760000000000000e+05
2.813210000000000000e+05
2.956600000000000000e+05
3.122050000000000000e+05
