1.257000000000000000e+04
2.580600000000000000e+04
3.793900000000000000e+04
5.117500000000000000e+04
6.330800000000000000e+04
7.654400000000000000e+04
8.867700000000000000e+04
1.008100000000000000e+05
1.129430000000000000e+05
1.250760000000000000e+05
1.361060000000000000e+05
1.482390000000000000e+05
1.603720000000000000e+05
1.725050000000000000e+05
1.846380000000000000e+05
1.956680000000000000e+05
2.078010000000000000e+05
2.199340000000000000e+05
2.309640000000000000e+05
2.430970000000000000e+05
