4.377000000000000000e+03
1.981900000000000000e+04
3.526100000000000000e+04
5.070300000000000000e+04
6.724800000000000000e+04
8.269000000000000000e+04
9.923500000000000000e+04
1.146770000000000000e+05
1.301190000000000000e+05
1.466640000000000000e+05
1.621060000000000000e+05
1.775480000000000000e+05
1.929900000000000000e+05
2.073290000000000000e+05
2.238740000000000000e+05
2.393160000000000000e+05
2.547580000000000000e+05
2.713030000000000000e+05
2.867450000000000000e+05
3.021870000000000000e+05
