1.052600000000000000e+04
3.148300000000000000e+04
5.023400000000000000e+04
7.008800000000000000e+04
8.883900000000000000e+04
1.075900000000000000e+05
1.285470000000000000e+05
1.484010000000000000e+05
1.671520000000000000e+05
1.870060000000000000e+05
2.057570000000000000e+05
2.245080000000000000e+05
2.443620000000000000e+05
2.642160000000000000e+05
2.840700000000000000e+05
3.039240000000000000e+05
3.226750000000000000e+05
3.425290000000000000e+05
3.612800000000000000e+05
3.811340000000000000e+05
