1.509500000000000000e+04
2.502200000000000000e+04
3.936100000000000000e+04
4.928800000000000000e+04
6.252400000000000000e+04
7.576000000000000000e+04
8.899600000000000000e+04
1.011290000000000000e+05
1.154680000000000000e+05
1.276010000000000000e+05
1.408370000000000000e+05
1.540730000000000000e+05
1.673090000000000000e+05
1.827510000000000000e+05
1.970900000000000000e+05
2.114290000000000000e+05
2.235620000000000000e+05
2.379010000000000000e+05
2.533430000000000000e+05
2.687850000000000000e+05
