1.225400000000000000e+04
2.769600000000000000e+04
3.541700000000000000e+04
4.975600000000000000e+04
5.968300000000000000e+04
8.505200000000000000e+04
9.497900000000000000e+04
1.049060000000000000e+05
1.269660000000000000e+05
1.390990000000000000e+05
1.468200000000000000e+05
1.644680000000000000e+05
1.810130000000000000e+05
2.008670000000000000e+05
2.141030000000000000e+05
2.229270000000000000e+05
2.394720000000000000e+05
2.692530000000000000e+05
2.802830000000000000e+05
2.946220000000000000e+05
