1.049500000000000000e+04
3.034900000000000000e+04
4.358500000000000000e+04
6.674800000000000000e+04
8.880800000000000000e+04
1.075590000000000000e+05
1.285160000000000000e+05
1.527820000000000000e+05
1.748420000000000000e+05
1.902840000000000000e+05
2.277860000000000000e+05
2.531550000000000000e+05
2.785240000000000000e+05
3.027900000000000000e+05
3.204380000000000000e+05
3.391890000000000000e+05
3.524250000000000000e+05
3.711760000000000000e+05
3.877210000000000000e+05
4.186050000000000000e+05
