1.137700000000000000e+04
2.130400000000000000e+04
3.012800000000000000e+04
5.218800000000000000e+04
7.093900000000000000e+04
1.018230000000000000e+05
1.117500000000000000e+05
1.205740000000000000e+05
1.360160000000000000e+05
1.448400000000000000e+05
1.536640000000000000e+05
1.657970000000000000e+05
1.790330000000000000e+05
1.966810000000000000e+05
2.088140000000000000e+05
2.319770000000000000e+05
2.595520000000000000e+05
2.772000000000000000e+05
2.893330000000000000e+05
3.113930000000000000e+05
