1.159300000000000000e+04
2.813800000000000000e+04
4.358000000000000000e+04
5.902200000000000000e+04
7.005200000000000000e+04
8.108200000000000000e+04
9.321500000000000000e+04
1.064510000000000000e+05
1.207900000000000000e+05
1.329230000000000000e+05
1.428500000000000000e+05
1.593950000000000000e+05
1.704250000000000000e+05
1.880730000000000000e+05
2.068240000000000000e+05
2.255750000000000000e+05
2.366050000000000000e+05
2.476350000000000000e+05
2.707980000000000000e+05
2.829310000000000000e+05
