7.278000000000000000e+03
2.382300000000000000e+04
3.816200000000000000e+04
5.029500000000000000e+04
7.787000000000000000e+04
9.993000000000000000e+04
1.120630000000000000e+05
1.275050000000000000e+05
1.451530000000000000e+05
1.628010000000000000e+05
1.804490000000000000e+05
1.936850000000000000e+05
2.135390000000000000e+05
2.333930000000000000e+05
2.444230000000000000e+05
2.554530000000000000e+05
2.753070000000000000e+05
2.863370000000000000e+05
2.973670000000000000e+05
3.161180000000000000e+05
