2.777000000000000000e+03
1.601300000000000000e+04
2.924900000000000000e+04
4.138200000000000000e+04
5.461800000000000000e+04
6.675100000000000000e+04
7.998700000000000000e+04
9.212000000000000000e+04
1.053560000000000000e+05
1.185920000000000000e+05
1.307250000000000000e+05
1.439610000000000000e+05
1.560940000000000000e+05
1.693300000000000000e+05
1.814630000000000000e+05
1.946990000000000000e+05
2.068320000000000000e+05
2.200680000000000000e+05
2.333040000000000000e+05
2.454370000000000000e+05
