3.023000000000000000e+03
1.736200000000000000e+04
3.170100000000000000e+04
4.604000000000000000e+04
6.037900000000000000e+04
7.471800000000000000e+04
8.905700000000000000e+04
1.033960000000000000e+05
1.177350000000000000e+05
1.320740000000000000e+05
1.453100000000000000e+05
1.596490000000000000e+05
1.739880000000000000e+05
1.883270000000000000e+05
2.026660000000000000e+05
2.170050000000000000e+05
2.313440000000000000e+05
2.456830000000000000e+05
2.600220000000000000e+05
2.743610000000000000e+05
