1.431500000000000000e+04
2.975700000000000000e+04
4.630200000000000000e+04
6.174400000000000000e+04
7.718600000000000000e+04
9.373100000000000000e+04
1.091730000000000000e+05
1.246150000000000000e+05
1.411600000000000000e+05
1.566020000000000000e+05
1.720440000000000000e+05
1.885890000000000000e+05
2.040310000000000000e+05
2.194730000000000000e+05
2.360180000000000000e+05
2.514600000000000000e+05
2.669020000000000000e+05
2.834470000000000000e+05
2.988890000000000000e+05
3.143310000000000000e+05
