2.022700000000000000e+04
3.787500000000000000e+04
5.662600000000000000e+04
7.427400000000000000e+04
9.302500000000000000e+04
1.106730000000000000e+05
1.294240000000000000e+05
1.470720000000000000e+05
1.658230000000000000e+05
1.834710000000000000e+05
2.022220000000000000e+05
2.198700000000000000e+05
2.386210000000000000e+05
2.562690000000000000e+05
2.750200000000000000e+05
2.926680000000000000e+05
3.114190000000000000e+05
3.290670000000000000e+05
3.478180000000000000e+05
3.654660000000000000e+05
