1.020700000000000000e+04
2.123700000000000000e+04
3.226700000000000000e+04
4.329700000000000000e+04
5.432700000000000000e+04
6.535700000000000000e+04
7.638700000000000000e+04
8.741700000000000000e+04
9.844700000000000000e+04
1.094770000000000000e+05
1.205070000000000000e+05
1.315370000000000000e+05
1.425670000000000000e+05
1.535970000000000000e+05
1.646270000000000000e+05
1.756570000000000000e+05
1.866870000000000000e+05
1.977170000000000000e+05
2.087470000000000000e+05
2.197770000000000000e+05
