1.070700000000000000e+04
2.614900000000000000e+04
3.828200000000000000e+04
5.262100000000000000e+04
6.585700000000000000e+04
8.019600000000000000e+04
9.343200000000000000e+04
1.077710000000000000e+05
1.221100000000000000e+05
1.364490000000000000e+05
1.496850000000000000e+05
1.640240000000000000e+05
1.783630000000000000e+05
1.915990000000000000e+05
2.059380000000000000e+05
2.213800000000000000e+05
2.335130000000000000e+05
2.478520000000000000e+05
2.632940000000000000e+05
2.754270000000000000e+05
