2.023800000000000000e+04
3.898900000000000000e+04
5.553400000000000000e+04
7.649100000000000000e+04
9.634500000000000000e+04
1.161990000000000000e+05
1.327440000000000000e+05
1.481860000000000000e+05
1.713490000000000000e+05
1.889970000000000000e+05
2.066450000000000000e+05
2.242930000000000000e+05
2.430440000000000000e+05
2.662070000000000000e+05
2.838550000000000000e+05
3.004000000000000000e+05
3.169450000000000000e+05
3.356960000000000000e+05
3.555500000000000000e+05
3.765070000000000000e+05
