2.310000000000000000e+03
1.554600000000000000e+04
2.657600000000000000e+04
4.312100000000000000e+04
5.415100000000000000e+04
6.959300000000000000e+04
8.062300000000000000e+04
8.944700000000000000e+04
9.937400000000000000e+04
1.093010000000000000e+05
1.192280000000000000e+05
1.357730000000000000e+05
1.479060000000000000e+05
1.567300000000000000e+05
1.732750000000000000e+05
1.820990000000000000e+05
1.909230000000000000e+05
2.063650000000000000e+05
2.173950000000000000e+05
2.273220000000000000e+05
