1.522400000000000000e+04
3.176900000000000000e+04
4.610800000000000000e+04
6.155000000000000000e+04
7.588900000000000000e+04
9.243400000000000000e+04
1.067730000000000000e+05
1.211120000000000000e+05
1.354510000000000000e+05
1.497900000000000000e+05
1.663350000000000000e+05
1.795710000000000000e+05
1.939100000000000000e+05
2.071460000000000000e+05
2.225880000000000000e+05
2.369270000000000000e+05
2.512660000000000000e+05
2.667080000000000000e+05
2.821500000000000000e+05
2.953860000000000000e+05
