6.500000000000000222e-01
3.479999999999999982e+00
3.020000000000000018e+00
4.070000000000000284e+00
5.969999999999999751e+00
4.700000000000000178e+00
2.629999999999999893e+00
4.500000000000000111e-01
1.000000000000000056e-01
4.919999999999999929e+00
3.250000000000000000e+00
2.500000000000000000e+00
2.950000000000000178e+00
2.509999999999999787e+00
1.969999999999999973e+00
5.419999999999999929e+00
2.000000000000000000e+00
5.259999999999999787e+00
3.859999999999999876e+00
4.190000000000000391e+00
5.110000000000000320e+00
3.979999999999999982e+00
1.700000000000000122e-01
3.669999999999999929e+00
6.059999999999999609e+00
4.030000000000000249e+00
7.600000000000000089e-01
3.100000000000000089e+00
9.100000000000000311e-01
1.260000000000000009e+00
1.060000000000000053e+00
1.080000000000000071e+00
2.700000000000000178e+00
1.159999999999999920e+00
5.280000000000000249e+00
4.740000000000000213e+00
1.639999999999999902e+00
1.270000000000000018e+00
3.439999999999999947e+00
3.300000000000000155e-01
