2.169999999999999929e+00
5.669999999999999929e+00
1.370000000000000107e+00
1.850000000000000089e+00
4.370000000000000107e+00
5.259999999999999787e+00
5.480000000000000426e+00
5.400000000000000355e+00
2.990000000000000213e+00
1.900000000000000022e-01
5.089999999999999858e+00
3.430000000000000160e+00
2.910000000000000142e+00
2.099999999999999922e-01
5.799999999999999822e+00
5.230000000000000426e+00
6.030000000000000249e+00
2.999999999999999889e-02
2.500000000000000000e+00
5.080000000000000071e+00
2.490000000000000213e+00
4.000000000000000222e-01
2.779999999999999805e+00
1.889999999999999902e+00
4.719999999999999751e+00
6.179999999999999716e+00
3.359999999999999876e+00
2.470000000000000195e+00
3.740000000000000213e+00
3.330000000000000071e+00
5.469999999999999751e+00
5.700000000000000178e+00
4.419999999999999929e+00
4.360000000000000320e+00
2.870000000000000107e+00
1.629999999999999893e+00
1.219999999999999973e+00
3.259999999999999787e+00
2.569999999999999840e+00
4.480000000000000426e+00
