5.620000000000000107e+00
5.290000000000000036e+00
1.100000000000000006e-01
4.839999999999999858e+00
2.700000000000000178e-01
3.699999999999999956e-01
3.600000000000000089e+00
4.250000000000000000e+00
1.659999999999999920e+00
2.300000000000000100e-01
4.860000000000000320e+00
2.299999999999999822e+00
2.399999999999999911e+00
2.500000000000000000e-01
8.000000000000000444e-01
1.620000000000000107e+00
4.969999999999999751e+00
3.599999999999999867e-01
5.879999999999999893e+00
6.269999999999999574e+00
1.719999999999999973e+00
5.580000000000000071e+00
2.970000000000000195e+00
2.810000000000000053e+00
3.350000000000000089e+00
3.049999999999999822e+00
4.500000000000000000e+00
2.790000000000000036e+00
4.320000000000000284e+00
5.740000000000000213e+00
2.779999999999999805e+00
2.089999999999999858e+00
1.310000000000000053e+00
2.629999999999999893e+00
2.100000000000000089e+00
2.800000000000000266e-01
2.979999999999999982e+00
3.740000000000000213e+00
3.819999999999999840e+00
2.490000000000000213e+00
