3.209999999999999964e+00
4.450000000000000178e+00
5.570000000000000284e+00
2.049999999999999822e+00
4.269999999999999574e+00
2.470000000000000195e+00
6.049999999999999822e+00
1.000000000000000056e-01
5.750000000000000000e+00
2.399999999999999911e+00
4.990000000000000213e+00
3.599999999999999867e-01
1.000000000000000056e-01
4.480000000000000426e+00
2.000000000000000000e+00
2.750000000000000000e+00
2.729999999999999982e+00
4.320000000000000284e+00
4.740000000000000213e+00
1.699999999999999956e+00
1.479999999999999982e+00
5.139999999999999680e+00
2.800000000000000266e-01
1.419999999999999929e+00
3.870000000000000107e+00
3.180000000000000160e+00
1.989999999999999991e+00
4.769999999999999574e+00
4.070000000000000284e+00
1.330000000000000071e+00
3.629999999999999893e+00
9.200000000000000400e-01
2.810000000000000053e+00
4.699999999999999734e-01
4.129999999999999893e+00
1.499999999999999944e-01
6.160000000000000142e+00
2.569999999999999840e+00
4.799999999999999822e-01
2.540000000000000036e+00
