3.089999999999999858e+00
5.429999999999999716e+00
4.009999999999999787e+00
1.600000000000000033e-01
4.440000000000000391e+00
4.940000000000000391e+00
1.260000000000000009e+00
6.089999999999999858e+00
1.239999999999999991e+00
2.680000000000000160e+00
1.419999999999999929e+00
1.649999999999999911e+00
9.300000000000000488e-01
4.059999999999999609e+00
5.480000000000000426e+00
5.259999999999999787e+00
4.330000000000000071e+00
3.810000000000000053e+00
1.639999999999999902e+00
4.679999999999999716e+00
2.450000000000000178e+00
6.999999999999999556e-01
2.029999999999999805e+00
1.429999999999999938e+00
1.129999999999999893e+00
4.690000000000000391e+00
5.650000000000000355e+00
3.779999999999999805e+00
5.059999999999999609e+00
4.250000000000000000e+00
5.219999999999999751e+00
6.199999999999999956e-01
6.500000000000000222e-01
2.839999999999999858e+00
6.169999999999999929e+00
1.000000000000000021e-02
2.439999999999999947e+00
5.959999999999999964e+00
6.040000000000000036e+00
3.689999999999999947e+00
