4.910000000000000142e+00
1.010000000000000009e+00
4.080000000000000071e+00
5.379999999999999893e+00
4.830000000000000071e+00
5.049999999999999822e+00
3.279999999999999805e+00
3.379999999999999893e+00
5.899999999999999689e-01
2.850000000000000089e+00
2.930000000000000160e+00
3.040000000000000036e+00
2.500000000000000000e-01
6.400000000000000133e-01
8.399999999999999689e-01
9.499999999999999556e-01
1.169999999999999929e+00
3.689999999999999947e+00
1.699999999999999956e+00
4.129999999999999893e+00
2.600000000000000089e-01
6.160000000000000142e+00
3.620000000000000107e+00
3.919999999999999929e+00
5.480000000000000426e+00
4.110000000000000320e+00
4.759999999999999787e+00
2.939999999999999947e+00
1.429999999999999938e+00
4.389999999999999680e+00
4.660000000000000142e+00
5.910000000000000142e+00
2.990000000000000213e+00
1.179999999999999938e+00
5.139999999999999680e+00
8.399999999999999689e-01
1.520000000000000018e+00
3.509999999999999787e+00
2.549999999999999822e+00
1.030000000000000027e+00
