1.300000000000000044e-01
1.939999999999999947e+00
1.080000000000000071e+00
5.110000000000000320e+00
4.410000000000000142e+00
2.049999999999999822e+00
3.900000000000000133e-01
6.199999999999999956e-01
5.179999999999999716e+00
1.629999999999999893e+00
4.490000000000000213e+00
1.530000000000000027e+00
5.280000000000000249e+00
5.040000000000000036e+00
7.000000000000000666e-02
4.900000000000000355e+00
1.580000000000000071e+00
2.540000000000000036e+00
4.469999999999999751e+00
1.419999999999999929e+00
4.570000000000000284e+00
4.839999999999999858e+00
1.500000000000000000e+00
1.989999999999999991e+00
5.969999999999999751e+00
2.279999999999999805e+00
6.300000000000000044e-01
4.259999999999999787e+00
1.340000000000000080e+00
5.459999999999999964e+00
3.000000000000000000e+00
6.049999999999999822e+00
5.259999999999999787e+00
1.199999999999999956e+00
5.990000000000000213e+00
1.100000000000000089e+00
2.399999999999999911e-01
4.830000000000000071e+00
5.610000000000000320e+00
5.500000000000000000e+00
