1.340000000000000080e+00
2.979999999999999982e+00
4.360000000000000320e+00
4.209999999999999964e+00
5.570000000000000284e+00
4.219999999999999751e+00
5.980000000000000426e+00
6.099999999999999645e+00
5.110000000000000320e+00
1.239999999999999991e+00
3.470000000000000195e+00
2.680000000000000160e+00
2.169999999999999929e+00
5.009999999999999787e+00
4.620000000000000107e+00
4.860000000000000320e+00
1.179999999999999938e+00
1.459999999999999964e+00
6.110000000000000320e+00
2.910000000000000142e+00
1.560000000000000053e+00
1.340000000000000080e+00
4.679999999999999716e+00
4.799999999999999822e-01
1.459999999999999964e+00
4.519999999999999574e+00
5.389999999999999680e+00
5.349999999999999645e+00
7.500000000000000000e-01
3.600000000000000089e+00
2.819999999999999840e+00
2.790000000000000036e+00
2.580000000000000071e+00
1.790000000000000036e+00
5.049999999999999822e+00
9.599999999999999645e-01
4.450000000000000178e+00
2.339999999999999858e+00
5.540000000000000036e+00
4.000000000000000083e-02
