1.459999999999999964e+00
1.580000000000000071e+00
4.019999999999999574e+00
4.099999999999999756e-01
9.599999999999999645e-01
1.419999999999999929e+00
7.500000000000000000e-01
4.110000000000000320e+00
4.299999999999999822e+00
5.860000000000000320e+00
3.020000000000000018e+00
1.020000000000000018e+00
1.629999999999999893e+00
5.190000000000000391e+00
3.600000000000000089e+00
6.259999999999999787e+00
1.100000000000000006e-01
1.040000000000000036e+00
4.889999999999999680e+00
3.540000000000000036e+00
3.439999999999999947e+00
4.410000000000000142e+00
3.220000000000000195e+00
5.049999999999999822e+00
6.169999999999999929e+00
4.889999999999999680e+00
4.799999999999999822e+00
1.100000000000000006e-01
1.260000000000000009e+00
5.999999999999999778e-02
4.889999999999999680e+00
3.859999999999999876e+00
1.310000000000000053e+00
3.500000000000000000e+00
4.280000000000000249e+00
4.910000000000000142e+00
3.370000000000000107e+00
1.770000000000000018e+00
1.830000000000000071e+00
6.110000000000000320e+00
