6.070000000000000284e+00
7.800000000000000266e-01
4.339999999999999858e+00
4.910000000000000142e+00
4.209999999999999964e+00
2.299999999999999822e+00
1.189999999999999947e+00
6.059999999999999609e+00
5.849999999999999645e+00
1.520000000000000018e+00
4.799999999999999822e+00
4.730000000000000426e+00
3.509999999999999787e+00
5.070000000000000284e+00
3.220000000000000195e+00
2.319999999999999840e+00
2.459999999999999964e+00
1.729999999999999982e+00
4.969999999999999751e+00
1.959999999999999964e+00
5.790000000000000036e+00
3.160000000000000142e+00
4.750000000000000000e+00
4.509999999999999787e+00
3.020000000000000018e+00
4.990000000000000213e+00
3.299999999999999822e+00
1.209999999999999964e+00
4.360000000000000320e+00
2.000000000000000111e-01
5.100000000000000089e-01
2.430000000000000160e+00
7.600000000000000089e-01
5.000000000000000000e+00
2.259999999999999787e+00
1.469999999999999973e+00
2.790000000000000036e+00
3.049999999999999822e+00
4.839999999999999858e+00
3.900000000000000133e-01
