1.090000000000000080e+00
1.499999999999999944e-01
4.879999999999999893e+00
3.049999999999999822e+00
1.310000000000000053e+00
2.890000000000000124e+00
3.330000000000000071e+00
5.009999999999999787e+00
3.379999999999999893e+00
4.929999999999999716e+00
2.490000000000000213e+00
4.990000000000000213e+00
5.450000000000000178e+00
5.620000000000000107e+00
3.240000000000000213e+00
2.600000000000000089e+00
3.430000000000000160e+00
1.550000000000000044e+00
1.550000000000000044e+00
2.890000000000000124e+00
3.060000000000000053e+00
7.600000000000000089e-01
7.500000000000000000e-01
4.269999999999999574e+00
2.600000000000000089e-01
2.910000000000000142e+00
1.370000000000000107e+00
3.220000000000000195e+00
5.500000000000000000e+00
5.629999999999999893e+00
3.970000000000000195e+00
6.179999999999999716e+00
5.030000000000000249e+00
4.080000000000000071e+00
5.709999999999999964e+00
3.049999999999999822e+00
6.899999999999999467e-01
1.459999999999999964e+00
5.330000000000000071e+00
4.549999999999999822e+00
