3.439999999999999947e+00
9.000000000000000222e-01
2.049999999999999822e+00
1.489999999999999991e+00
2.270000000000000018e+00
2.520000000000000018e+00
5.910000000000000142e+00
1.090000000000000080e+00
6.059999999999999609e+00
3.160000000000000142e+00
6.099999999999999867e-01
1.800000000000000044e+00
3.890000000000000124e+00
4.400000000000000022e-01
1.429999999999999938e+00
4.169999999999999929e+00
5.400000000000000355e+00
4.250000000000000000e+00
1.459999999999999964e+00
4.969999999999999751e+00
3.919999999999999929e+00
4.950000000000000178e+00
1.879999999999999893e+00
2.189999999999999947e+00
8.900000000000000133e-01
2.169999999999999929e+00
4.129999999999999893e+00
1.639999999999999902e+00
5.250000000000000000e+00
4.070000000000000284e+00
5.230000000000000426e+00
3.089999999999999858e+00
6.110000000000000320e+00
7.600000000000000089e-01
9.100000000000000311e-01
2.859999999999999876e+00
2.669999999999999929e+00
4.450000000000000178e+00
2.350000000000000089e+00
5.290000000000000036e+00
