1.719999999999999973e+00
1.570000000000000062e+00
6.800000000000000488e-01
2.259999999999999787e+00
1.489999999999999991e+00
3.120000000000000107e+00
6.209999999999999964e+00
1.989999999999999991e+00
3.499999999999999778e-01
2.959999999999999964e+00
1.439999999999999947e+00
6.009999999999999787e+00
9.200000000000000400e-01
1.899999999999999911e+00
1.709999999999999964e+00
2.899999999999999911e+00
2.470000000000000195e+00
3.310000000000000053e+00
5.769999999999999574e+00
4.919999999999999929e+00
2.770000000000000018e+00
1.409999999999999920e+00
4.200000000000000178e+00
5.799999999999999822e+00
5.519999999999999574e+00
8.800000000000000044e-01
1.600000000000000089e+00
2.109999999999999876e+00
3.020000000000000018e+00
5.730000000000000426e+00
1.840000000000000080e+00
5.040000000000000036e+00
4.650000000000000355e+00
1.229999999999999982e+00
3.189999999999999947e+00
4.709999999999999964e+00
3.020000000000000018e+00
4.500000000000000111e-01
2.930000000000000160e+00
3.810000000000000053e+00
